1519421540317,0.023936402,-3.5090764,10.374036,3,walking
1519421540321,0.05266008,-3.6814184,10.211268,3,walking
1519421540325,0.11968201,-3.7963133,10.115523,3,walking
1519421540328,0.12925656,-3.911208,9.8953085,3,walking
1519421540332,0.27287498,-3.911208,9.818711,3,walking
1519421540335,0.4356425,-3.8537605,9.7899885,3,walking
1519421540339,0.56968635,-3.7963133,9.6942425,3,walking
1519421540343,0.7420284,-3.6143966,9.713391,3,walking
1519421540346,0.77075213,-3.384607,9.608071,3,walking
1519421540350,0.6271337,-3.1452432,9.512326,3,walking
1519421540354,0.4356425,-2.9633265,9.3878565,3,walking
1519421540357,0.28244954,-2.800559,9.2825365,3,walking
1519421540361,0.19627848,-2.733537,9.196365,3,walking
1519421540365,0.20585304,-2.752686,9.119769,3,walking
1519421540373,0.2920241,-2.7622607,9.167642,3,walking
1519421540377,0.44521707,-2.800559,9.177217,3,walking
1519421540381,0.5505372,-2.8580062,9.20594,3,walking
1519421540385,0.665432,-2.8484318,9.20594,3,walking
1519421540389,0.64628285,-2.7718353,9.0814705,3,walking
1519421540393,0.665432,-2.8101335,9.004874,3,walking
1519421540397,0.7324539,-2.88673,8.870831,3,walking
1519421540401,0.7324539,-2.9920502,8.794233,3,walking
1519421540405,0.71330476,-3.0686467,8.698488,3,walking
1519421540409,0.6750065,-3.1548176,8.641041,3,walking
1519421540413,0.61755913,-3.1643922,8.5740185,3,walking
1519421540417,0.5505372,-3.212265,8.44955,3,walking
1519421540421,0.5505372,-3.2218397,8.372953,3,walking
1519421540425,0.5313881,-3.212265,8.248484,3,walking
1519421540429,0.5888355,-3.2505634,8.23891,3,walking
1519421540433,0.6558574,-3.2026904,8.1623125,3,walking
1519421540437,0.71330476,-3.173967,8.21976,3,walking
1519421540441,0.70373017,-3.212265,8.277207,3,walking
1519421540445,0.6845811,-3.231414,8.382527,3,walking
1519421540449,0.7420284,-3.2409887,8.497422,3,walking
1519421540453,0.7228793,-3.2697124,8.5740185,3,walking
1519421540457,0.6750065,-3.2601378,8.564445,3,walking
1519421540461,0.64628285,-3.2218397,8.66019,3,walking
1519421540465,0.54096264,-3.1835413,8.641041,3,walking
1519421540469,0.512239,-3.1452432,8.794233,3,walking
1519421540473,0.5505372,-3.1165195,8.784659,3,walking
1519421540477,0.4356425,-2.905879,8.803808,3,walking
1519421540481,0.359046,-2.752686,8.755936,3,walking
1519421540485,0.30159867,-2.6377914,8.650616,3,walking
1519421540489,0.32074776,-2.5899186,8.545295,3,walking
1519421540493,0.30159867,-2.5899186,8.44955,3,walking
1519421540501,0.3398969,-2.6377914,8.392102,3,walking
1519421540505,0.28244954,-2.714388,8.353804,3,walking
1519421540509,0.18670394,-2.7814097,8.191036,3,walking
1519421540512,0.05266008,-2.905879,8.104865,3,walking
1519421540516,-0.05266008,-2.972901,8.047418,3,walking
1519421540520,-0.110107444,-3.1069448,8.152739,3,walking
1519421540524,-0.18670394,-3.212265,8.2676325,3,walking
1519421540527,-0.10053288,-3.3175852,8.411251,3,walking
1519421540531,-0.13883112,-3.2984362,8.55487,3,walking
1519421540535,-0.16755481,-3.2505634,8.688913,3,walking
1519421540539,-0.22500217,-3.2026904,8.7750845,3,walking
1519421540542,-0.26330042,-3.1643922,8.899554,3,walking
1519421540546,-0.26330042,-3.193116,9.043172,3,walking
1519421540550,-0.23457673,-3.2505634,9.138918,3,walking
1519421540553,-0.22500217,-3.3175852,9.225089,3,walking
1519421540557,-0.18670394,-3.2888615,9.244238,3,walking
1519421540561,-0.17712937,-3.3080106,9.177217,3,walking
1519421540565,-0.27287498,-3.231414,9.033598,3,walking
1519421540568,-0.359046,-3.173967,8.928278,3,walking
1519421540572,-0.359046,-3.1356685,8.813383,3,walking
1519421540576,-0.359046,-3.231414,8.851681,3,walking
1519421540580,-0.25372586,-3.4229054,8.755936,3,walking
1519421540583,-0.20585304,-3.5569491,8.459125,3,walking
1519421540587,-0.28244954,-3.604822,8.564445,3,walking
1519421540591,-0.3111732,-3.6814184,8.650616,3,walking
1519421540595,-0.27287498,-3.7292912,8.794233,3,walking
1519421540598,-0.28244954,-3.7388659,8.918703,3,walking
1519421540602,-0.30159867,-3.5378,9.110194,3,walking
1519421540606,-0.39734426,-3.3080106,9.301685,3,walking
1519421540609,-0.3111732,-3.1835413,9.493176,3,walking
1519421540613,-0.2154276,-3.078221,9.531475,3,walking
1519421540617,-0.110107444,-3.059072,9.569773,3,walking
1519421540621,-0.00478728,-2.9633265,9.579348,3,walking
1519421540624,0.043085523,-2.9633265,9.64637,3,walking
1519421540628,0.13883112,-2.9824755,9.675094,3,walking
1519421540636,0.20585304,-2.8963046,9.636795,3,walking
1519421540640,0.3398969,-2.8388572,9.732541,3,walking
1519421540643,0.32074776,-2.8484318,9.617646,3,walking
1519421540647,0.39734426,-2.8101335,9.569773,3,walking
1519421540651,0.34947145,-2.7909844,9.445304,3,walking
1519421540655,0.39734426,-2.9154537,9.41658,3,walking
1519421540659,0.42606795,-3.039923,9.368708,3,walking
1519421540663,0.512239,-3.1452432,9.3878565,3,walking
1519421540667,0.5313881,-3.193116,9.349558,3,walking
1519421540671,0.5218136,-3.3080106,9.234664,3,walking
1519421540674,0.44521707,-3.3750327,9.158067,3,walking
1519421540678,0.4164934,-3.4420545,9.062322,3,walking
1519421540682,0.45479164,-3.5856729,8.9761505,3,walking
1519421540686,0.4835153,-3.777164,8.832532,3,walking
1519421540690,0.56011176,-4.0548263,8.870831,3,walking
1519421540694,0.5218136,-4.284616,8.784659,3,walking
1519421540698,0.5313881,-4.4186597,8.727212,3,walking
1519421540702,0.47394073,-4.4186597,8.593168,3,walking
1519421540705,0.47394073,-4.351638,8.535721,3,walking
1519421540709,0.50266445,-4.198445,8.44955,3,walking
1519421540713,0.5888355,-4.0356774,8.401677,3,walking
1519421540717,0.69415563,-3.8633351,8.363379,3,walking
1519421540721,0.69415563,-3.7388659,8.4686985,3,walking
1519421540725,0.6750065,-3.6335456,8.55487,3,walking
1519421540729,0.8186249,-3.5760984,8.621892,3,walking
1519421540733,0.83777404,-3.5856729,8.631466,3,walking
1519421540736,0.90479594,-3.5665238,8.641041,3,walking
1519421540740,0.9718179,-3.5473747,8.612317,3,walking
1519421540744,0.9622433,-3.365458,8.612317,3,walking
1519421540748,0.98139244,-3.2601378,8.66019,3,walking
1519421540752,0.99096704,-3.1548176,8.736787,3,walking
1519421540756,0.98139244,-3.1643922,8.746361,3,walking
1519421540760,1.0292653,-3.039923,8.7750845,3,walking
1519421540764,1.0388398,-3.1165195,8.851681,3,walking
1519421540767,1.0867126,-3.1643922,8.813383,3,walking
1519421540775,1.1058618,-3.2218397,8.746361,3,walking
1519421540779,1.0579889,-3.3271596,8.6697645,3,walking
1519421540783,0.98139244,-3.4420545,8.612317,3,walking
1519421540786,0.8856468,-3.499502,8.564445,3,walking
1519421540790,0.8186249,-3.6239712,8.602742,3,walking
1519421540794,0.71330476,-3.7101421,8.545295,3,walking
1519421540798,0.6558574,-3.6622694,8.497422,3,walking
1519421540802,0.6079846,-3.6526947,8.506997,3,walking
1519421540805,0.5792609,-3.690993,8.545295,3,walking
1519421540809,0.54096264,-3.777164,8.55487,3,walking
1519421540813,0.5505372,-3.7963133,8.602742,3,walking
1519421540817,0.5888355,-3.844186,8.535721,3,walking
1519421540820,0.59841,-3.9399316,8.55487,3,walking
1519421540824,0.56011176,-4.1026993,8.545295,3,walking
1519421540828,0.50266445,-4.1888704,8.583593,3,walking
1519421540832,0.56011176,-4.284616,8.631466,3,walking
1519421540836,0.5313881,-4.351638,8.679339,3,walking
1519421540839,0.50266445,-4.3133397,8.746361,3,walking
1519421540843,0.512239,-4.2175937,8.861256,3,walking
1519421540847,0.47394073,-4.0931244,8.9761505,3,walking
1519421540851,0.47394073,-3.911208,9.18679,3,walking
1519421540854,0.46436617,-3.7963133,9.407005,3,walking
1519421540858,0.47394073,-3.671844,9.550624,3,walking
1519421540862,0.42606795,-3.5760984,9.6942425,3,walking
1519421540866,0.34947145,-3.5090764,9.828286,3,walking
1519421540870,0.32074776,-3.518651,9.933606,3,walking
1519421540873,0.359046,-3.5473747,10.125097,3,walking
1519421540877,0.44521707,-3.5282254,10.335738,3,walking
1519421540881,0.56968635,-3.346309,10.479357,3,walking
1519421540885,0.6558574,-3.1452432,10.689997,3,walking
1519421540889,0.77075213,-3.0494976,10.632549,3,walking
1519421540892,0.8186249,-2.9920502,10.5080805,3,walking
1519421540896,0.83777404,-3.0303483,10.345312,3,walking
1519421540900,0.83777404,-3.212265,10.06765,3,walking
1519421540904,0.76117754,-3.4324799,9.770839,3,walking
1519421540913,0.6845811,-3.5952475,8.899554,3,walking
1519421540917,0.7420284,-3.499502,8.698488,3,walking
1519421540921,0.751603,-3.4612036,8.593168,3,walking
1519421540925,0.751603,-3.4037561,8.535721,3,walking
1519421540929,0.7228793,-3.4133308,8.564445,3,walking
1519421540933,0.70373017,-3.3750327,8.621892,3,walking
1519421540937,0.69415563,-3.2697124,8.602742,3,walking
1519421540941,0.76117754,-3.212265,8.679339,3,walking
1519421540945,0.76117754,-3.2026904,8.717637,3,walking
1519421540949,0.7228793,-3.3175852,8.784659,3,walking
1519421540953,0.7420284,-3.3750327,8.7750845,3,walking
1519421540957,0.77075213,-3.499502,8.736787,3,walking
1519421540961,0.69415563,-3.6143966,8.708063,3,walking
1519421540965,0.70373017,-3.6622694,8.641041,3,walking
1519421540969,0.71330476,-3.7101421,8.641041,3,walking
1519421540973,0.6750065,-3.7101421,8.641041,3,walking
1519421540977,0.70373017,-3.7005677,8.688913,3,walking
1519421540981,0.70373017,-3.7101421,8.736787,3,walking
1519421540985,0.70373017,-3.7101421,8.851681,3,walking
1519421540989,0.6845811,-3.8058877,8.889979,3,walking
1519421540993,0.6845811,-3.825037,8.842107,3,walking
1519421540997,0.78990126,-3.911208,8.870831,3,walking
1519421541001,0.85692316,-3.9686553,8.803808,3,walking
1519421541005,0.91437054,-3.9782298,8.765511,3,walking
1519421541009,0.9430942,-4.045252,8.698488,3,walking
1519421541013,0.9526688,-3.9782298,8.621892,3,walking
1519421541017,1.0388398,-3.9207826,8.545295,3,walking
1519421541021,1.0962871,-3.9399316,8.5740185,3,walking
1519421541025,1.14416,-3.8824842,8.631466,3,walking
1519421541029,1.1728836,-3.844186,8.650616,3,walking
1519421541033,1.2016073,-3.8154624,8.621892,3,walking
1519421541037,1.2782038,-3.7388659,8.55487,3,walking
1519421541045,1.3069274,-3.690993,8.5740185,3,walking
1519421541048,1.2494801,-3.6814184,8.5740185,3,walking
1519421541052,1.3260766,-3.7388659,8.545295,3,walking
1519421541056,1.2782038,-3.7388659,8.545295,3,walking
1519421541060,1.2877784,-3.7388659,8.55487,3,walking
1519421541063,1.3260766,-3.777164,8.621892,3,walking
1519421541067,1.3260766,-3.7292912,8.679339,3,walking
1519421541071,1.3356512,-3.604822,8.679339,3,walking
1519421541075,1.4218222,-3.5378,8.717637,3,walking
1519421541078,1.4026731,-3.4899273,8.746361,3,walking
1519421541082,1.4122477,-3.4612036,8.784659,3,walking
1519421541086,1.3452257,-3.4803526,8.813383,3,walking
1519421541090,1.2303311,-3.5090764,8.842107,3,walking
1519421541093,1.2111819,-3.5665238,8.889979,3,walking
1519421541097,1.1920328,-3.671844,8.918703,3,walking
1519421541101,1.2016073,-3.6814184,8.861256,3,walking
1519421541105,1.1824582,-3.7197168,8.842107,3,walking
1519421541108,1.1058618,-3.7292912,8.842107,3,walking
1519421541112,1.1345854,-3.8633351,8.957002,3,walking
1519421541116,1.1728836,-3.9782298,9.033598,3,walking
1519421541120,1.2782038,-4.1409974,9.062322,3,walking
1519421541124,1.3069274,-4.3133397,9.062322,3,walking
1519421541127,1.3548003,-4.4186597,8.918703,3,walking
1519421541131,1.469695,-4.504831,8.746361,3,walking
1519421541135,1.4313968,-4.5144053,8.593168,3,walking
1519421541139,1.4984187,-4.495256,8.430401,3,walking
1519421541142,1.4792696,-4.351638,8.353804,3,walking
1519421541146,1.5175679,-4.198445,8.34423,3,walking
1519421541150,1.5079932,-3.911208,8.286782,3,walking
1519421541154,1.5941644,-3.671844,8.459125,3,walking
1519421541157,1.5845897,-3.5569491,8.564445,3,walking
1519421541161,1.622888,-3.499502,8.803808,3,walking
1519421541165,1.709059,-3.4037561,9.0814705,3,walking
1519421541169,1.776081,-3.1835413,9.272962,3,walking
1519421541172,1.709059,-3.039923,9.320834,3,walking
1519421541176,1.6037389,-3.1356685,9.426155,3,walking
1519421541184,1.5079932,-3.3367343,9.464453,3,walking
1519421541188,1.4122477,-3.6239712,9.5219,3,walking
1519421541192,1.3643749,-3.9399316,9.608071,3,walking
1519421541196,1.4313968,-4.1409974,9.655944,3,walking
1519421541200,1.4409714,-4.2175937,9.770839,3,walking
1519421541204,1.5271424,-4.08355,9.828286,3,walking
1519421541208,1.5367169,-3.8346114,9.943181,3,walking
1519421541211,1.4888442,-3.5760984,10.000628,3,walking
1519421541215,1.469695,-3.3941817,10.115523,3,walking
1519421541219,1.3452257,-3.2505634,10.249567,3,walking
1519421541223,1.2399056,-3.365458,10.220843,3,walking
1519421541227,1.2303311,-3.5282254,10.374036,3,walking
1519421541231,1.2877784,-3.7484405,10.498506,3,walking
1519421541235,1.2686293,-3.8920588,10.575102,3,walking
1519421541239,1.2973529,-3.8824842,10.689997,3,walking
1519421541243,1.2494801,-3.7675896,10.737869,3,walking
1519421541247,1.2016073,-3.7005677,10.689997,3,walking
1519421541251,1.0867126,-3.6239712,10.632549,3,walking
1519421541255,1.0388398,-3.6526947,10.555953,3,walking
1519421541259,1.0292653,-3.758015,10.584677,3,walking
1519421541263,0.93351966,-3.8058877,10.488931,3,walking
1519421541267,0.8760723,-3.8633351,10.412334,3,walking
1519421541271,0.8090504,-3.930357,10.268716,3,walking
1519421541274,0.665432,-4.0548263,10.2016945,3,walking
1519421541278,0.64628285,-4.2558923,10.077225,3,walking
1519421541282,0.54096264,-4.4090853,10.115523,3,walking
1519421541286,0.39734426,-4.543129,10.105948,3,walking
1519421541290,0.2441513,-4.581427,10.096374,3,walking
1519421541294,0.23457673,-4.466532,9.96233,3,walking
1519421541298,0.15798025,-4.236743,9.713391,3,walking
1519421541302,0.043085523,-4.016528,9.502751,3,walking
1519421541306,0.03351096,-3.9495063,9.407005,3,walking
1519421541310,0.09095833,-3.9016335,9.31126,3,walking
1519421541318,0.17712937,-3.8824842,9.167642,3,walking
1519421541321,0.19627848,-3.758015,8.889979,3,walking
1519421541325,0.22500217,-3.6431203,8.717637,3,walking
1519421541329,0.15798025,-3.4707782,8.5740185,3,walking
1519421541333,0.11968201,-3.2984362,8.34423,3,walking
1519421541337,0.062234644,-3.126094,8.171887,3,walking
1519421541340,0.014361841,-3.1165195,8.085716,3,walking
1519421541344,0.0,-3.1548176,8.047418,3,walking
1519421541348,0.043085523,-3.2984362,8.018694,3,walking
1519421541352,0.25372586,-3.7867386,8.085716,3,walking
1519421541356,0.45479164,-4.3133397,8.200611,3,walking
1519421541359,0.69415563,-4.6005764,8.229335,3,walking
1519421541363,0.78990126,-4.7250457,8.143164,3,walking
1519421541367,0.8090504,-4.5527034,7.8655014,3,walking
1519421541371,0.6845811,-4.389936,7.5591154,3,walking
1519421541375,0.49308985,-4.121848,7.2144313,3,walking
1519421541378,0.3111732,-3.9399316,7.1186857,3,walking
1519421541382,0.2441513,-3.8154624,7.02294,3,walking
1519421541386,0.33032233,-3.690993,7.0803876,3,walking
1519421541390,0.47394073,-3.499502,7.0325146,3,walking
1519421541394,0.6079846,-3.346309,7.0803876,3,walking
1519421541397,0.8281995,-3.1452432,7.137835,3,walking
1519421541401,1.0005416,-2.9824755,7.243155,3,walking
1519421541405,1.1728836,-2.752686,7.3389006,3,walking
1519421541409,1.3356512,-2.5899186,7.3867736,3,walking
1519421541413,1.5079932,-2.5037475,7.5399666,3,walking
1519421541416,1.6133134,-2.5037475,7.6069884,3,walking
1519421541420,1.7665064,-2.5324712,7.693159,3,walking
1519421541424,1.9005502,-2.647366,7.8655014,3,walking
1519421541428,1.9771467,-2.8484318,7.894225,3,walking
1519421541432,2.0633178,-3.039923,7.846352,3,walking
1519421541435,2.0920415,-3.2888615,7.7601814,3,walking
1519421541439,2.187787,-3.5856729,7.6261373,3,walking
1519421541447,2.149489,-3.8537605,7.434646,3,walking
1519421541451,2.0728924,-4.016528,7.156984,3,walking
1519421541454,2.0441687,-4.303765,7.1091113,3,walking
1519421541458,1.9196993,-4.581427,6.697405,3,walking
1519421541462,1.776081,-4.926111,6.5825105,3,walking
1519421541466,1.6899099,-5.28037,6.4484663,3,walking
1519421541470,1.6037389,-5.6250544,6.323997,3,walking
1519421541473,1.5462915,-5.787822,6.333572,3,walking
1519421541477,1.4409714,-5.806971,6.285699,3,walking
1519421541481,1.3643749,-5.672927,6.4005938,3,walking
1519421541485,1.3452257,-5.376116,6.5825105,3,walking
1519421541489,1.5750152,-5.06973,6.7931504,3,walking
1519421541492,1.8526775,-4.658024,7.02294,3,walking
1519421541496,2.1111906,-4.1409974,7.3389006,3,walking
1519421541500,2.187787,-3.5569491,7.6069884,3,walking
1519421541504,2.2069361,-3.0111992,7.9708214,3,walking
1519421541508,2.1207652,-2.5228968,8.2676325,3,walking
1519421541511,1.948423,-2.0058703,8.679339,3,walking
1519421541515,1.8718265,-1.6611862,8.9761505,3,walking
1519421541519,1.8909757,-1.383524,9.2825365,3,walking
1519421541523,1.9388485,-1.2877784,9.722966,3,walking
1519421541527,2.1303396,-1.3356512,10.144247,3,walking
1519421541530,2.2260852,-1.4026731,10.383611,3,walking
1519421541534,2.1782124,-1.4122477,10.517654,3,walking
1519421541538,2.321831,-1.6994845,10.469782,3,walking
1519421541542,2.4367256,-1.9962958,10.6134,3,walking
1519421541546,2.3697038,-2.1207652,10.584677,3,walking
1519421541549,2.254809,-2.2069361,10.565528,3,walking
1519421541553,2.1782124,-2.1973617,10.488931,3,walking
1519421541557,1.9771467,-2.1782124,10.40276,3,walking
1519421541561,1.8239537,-2.149489,10.220843,3,walking
1519421541565,1.6037389,-2.0058703,10.058076,3,walking
1519421541568,1.4218222,-2.0537431,9.904882,3,walking
1519421541576,1.3165021,-2.1207652,9.703817,3,walking
1519421541580,1.2686293,-2.254809,9.560199,3,walking
1519421541583,1.3356512,-2.5037475,9.445304,3,walking
1519421541587,1.469695,-2.7718353,9.263388,3,walking
1519421541591,1.6037389,-3.0973704,8.995299,3,walking
1519421541595,1.6324625,-3.346309,8.842107,3,walking
1519421541598,1.6324625,-3.5569491,8.813383,3,walking
1519421541602,1.5271424,-3.6239712,8.755936,3,walking
1519421541606,1.4505459,-3.5952475,8.765511,3,walking
1519421541609,1.2686293,-3.4899273,8.889979,3,walking
1519421541613,1.1824582,-3.365458,9.167642,3,walking
1519421541617,1.1154363,-3.212265,9.454879,3,walking
1519421541621,1.0484143,-3.020774,9.780414,3,walking
1519421541624,1.0771381,-2.8771553,10.115523,3,walking
1519421541628,1.0771381,-2.6569405,10.393186,3,walking
1519421541632,1.2494801,-2.4175766,10.584677,3,walking
1519421541636,1.3452257,-2.187787,10.689997,3,walking
1519421541639,1.4218222,-2.034594,10.795317,3,walking
1519421541643,1.4792696,-1.8526775,10.82404,3,walking
1519421541647,1.5175679,-1.7569319,10.814466,3,walking
1519421541650,1.5845897,-1.7377827,10.661273,3,walking
1519421541654,1.6803354,-1.8143792,10.450633,3,walking
1519421541658,1.709059,-1.9962958,10.29744,3,walking
1519421541662,1.7377827,-2.1973617,10.125097,3,walking
1519421541665,1.7377827,-2.475024,9.85701,3,walking
1519421541669,1.6994845,-2.714388,9.617646,3,walking
1519421541673,1.622888,-2.9346027,9.330409,3,walking
1519421541677,1.6037389,-3.1452432,9.014449,3,walking
1519421541680,1.469695,-3.231414,8.842107,3,walking
1519421541684,1.4984187,-3.3367343,8.650616,3,walking
1519421541688,1.4505459,-3.4420545,8.4686985,3,walking
1519421541691,1.4313968,-3.4229054,8.315506,3,walking
1519421541695,1.4409714,-3.365458,8.152739,3,walking
1519421541699,1.3739494,-3.2218397,8.133589,3,walking
1519421541703,1.3452257,-3.1069448,8.143164,3,walking
1519421541710,1.2973529,-2.9920502,8.210186,3,walking
1519421541714,1.3548003,-2.8388572,8.315506,3,walking
1519421541718,1.3548003,-2.6952388,8.487848,3,walking
1519421541722,1.3643749,-2.513322,8.55487,3,walking
1519421541726,1.3069274,-2.3314054,8.7750845,3,walking
1519421541730,1.2686293,-2.1303396,9.110194,3,walking
1519421541734,1.2686293,-1.9962958,9.359133,3,walking
1519421541738,1.3165021,-1.8048047,9.531475,3,walking
1519421541742,1.3548003,-1.6420372,9.636795,3,walking
1519421541746,1.4122477,-1.5558661,9.809137,3,walking
1519421541750,1.4313968,-1.622888,9.924032,3,walking
1519421541754,1.383524,-1.7665064,9.904882,3,walking
1519421541758,1.383524,-1.9101248,9.837861,3,walking
1519421541762,1.5079932,-2.0728924,9.732541,3,walking
1519421541766,1.469695,-2.2069361,9.6942425,3,walking
1519421541770,1.5175679,-2.3984275,9.550624,3,walking
1519421541774,1.5271424,-2.4654493,9.445304,3,walking
1519421541778,1.6037389,-2.5707695,9.29211,3,walking
1519421541781,1.6037389,-2.5516202,9.158067,3,walking
1519421541785,1.6899099,-2.5420458,9.033598,3,walking
1519421541789,1.5750152,-2.4367256,8.880404,3,walking
1519421541793,1.6133134,-2.4463003,8.861256,3,walking
1519421541797,1.7377827,-2.427151,8.794233,3,walking
1519421541801,1.6803354,-2.2931073,8.736787,3,walking
1519421541805,1.6324625,-2.168638,8.765511,3,walking
1519421541809,1.5654407,-2.015445,8.736787,3,walking
1519421541813,1.6133134,-1.9101248,8.746361,3,walking
1519421541817,1.622888,-1.8239537,8.727212,3,walking
1519421541821,1.6611862,-1.8431029,8.717637,3,walking
1519421541825,1.709059,-1.8814012,8.784659,3,walking
1519421541829,1.709059,-1.948423,8.880404,3,walking
1519421541833,1.6516117,-1.9771467,9.062322,3,walking
1519421541841,1.709059,-2.034594,9.119769,3,walking
1519421541844,1.6516117,-1.948423,9.196365,3,walking
1519421541848,1.6133134,-1.929274,9.339984,3,walking
1519421541852,1.622888,-1.929274,9.426155,3,walking
1519421541856,1.7186337,-1.9675722,9.5219,3,walking
1519421541860,1.7665064,-1.9867213,9.703817,3,walking
1519421541863,1.776081,-1.9388485,9.7899885,3,walking
1519421541867,1.8143792,-1.9005502,9.866585,3,walking
1519421541871,1.7856555,-1.8431029,9.924032,3,walking
1519421541875,1.7186337,-1.7377827,9.8953085,3,walking
1519421541878,1.776081,-1.7282082,9.761265,3,walking
1519421541882,1.6803354,-1.6037389,9.6942425,3,walking
1519421541886,1.6324625,-1.622888,9.569773,3,walking
1519421541890,1.6420372,-1.6133134,9.426155,3,walking
1519421541894,1.6420372,-1.6324625,9.2825365,3,walking
1519421541897,1.5845897,-1.6420372,9.119769,3,walking
1519421541901,1.6133134,-1.7282082,9.138918,3,walking
1519421541905,1.5558661,-1.7473572,9.158067,3,walking
1519421541909,1.5558661,-1.7569319,9.110194,3,walking
1519421541912,1.5271424,-1.7665064,9.100619,3,walking
1519421541916,1.5175679,-1.7186337,9.129343,3,walking
1519421541920,1.5175679,-1.709059,9.100619,3,walking
1519421541924,1.5079932,-1.709059,9.119769,3,walking
1519421541928,1.5462915,-1.7186337,9.167642,3,walking
1519421541931,1.5654407,-1.7282082,9.20594,3,walking
1519421541935,1.6133134,-1.7377827,9.234664,3,walking
1519421541939,1.6324625,-1.8048047,9.359133,3,walking
1519421541943,1.6803354,-1.8431029,9.397431,3,walking
1519421541947,1.622888,-1.8239537,9.474028,3,walking
1519421541950,1.5271424,-1.7856555,9.445304,3,walking
1519421541954,1.4984187,-1.7186337,9.378282,3,walking
1519421541958,1.4601204,-1.7186337,9.378282,3,walking
1519421541962,1.4505459,-1.6803354,9.349558,3,walking
1519421541969,1.4601204,-1.6516117,9.359133,3,walking
1519421541973,1.4409714,-1.6037389,9.407005,3,walking
1519421541977,1.383524,-1.5175679,9.3878565,3,walking
1519421541980,1.3165021,-1.469695,9.41658,3,walking
1519421541984,1.2686293,-1.4792696,9.359133,3,walking
1519421541988,1.2590547,-1.4888442,9.368708,3,walking
1519421541992,1.1920328,-1.5462915,9.29211,3,walking
1519421541995,1.2207564,-1.622888,9.272962,3,walking
1519421541999,1.2016073,-1.7282082,9.253813,3,walking
1519421542003,1.1537346,-1.79523,9.263388,3,walking
1519421542006,1.2207564,-1.7856555,9.234664,3,walking
1519421542010,1.2111819,-1.8335283,9.244238,3,walking
1519421542014,1.2399056,-1.8718265,9.2825365,3,walking
1519421542018,1.3069274,-1.8526775,9.301685,3,walking
1519421542021,1.3548003,-1.8143792,9.378282,3,walking
1519421542025,1.3260766,-1.7665064,9.483603,3,walking
1519421542029,1.2686293,-1.7665064,9.493176,3,walking
1519421542032,1.2494801,-1.7377827,9.579348,3,walking
1519421542036,1.2686293,-1.7665064,9.617646,3,walking
1519421542040,1.2399056,-1.776081,9.636795,3,walking
1519421542044,1.2399056,-1.79523,9.655944,3,walking
1519421542047,1.2973529,-1.8335283,9.732541,3,walking
1519421542051,1.2590547,-1.8526775,9.770839,3,walking
1519421542055,1.2399056,-1.9388485,9.761265,3,walking
1519421542059,1.2016073,-1.8814012,9.818711,3,walking
1519421542062,1.2782038,-1.8909757,9.866585,3,walking
1519421542066,1.3260766,-1.8526775,9.876159,3,walking
1519421542070,1.3260766,-1.7856555,9.876159,3,walking
1519421542073,1.3643749,-1.7473572,9.876159,3,walking
1519421542077,1.3452257,-1.6994845,9.780414,3,walking
1519421542081,1.383524,-1.709059,9.799562,3,walking
1519421542085,1.3739494,-1.709059,9.6942425,3,walking
1519421542088,1.3356512,-1.6994845,9.608071,3,walking
1519421542092,1.3643749,-1.6803354,9.550624,3,walking
1519421542100,1.3643749,-1.6516117,9.426155,3,walking
1519421542103,1.4026731,-1.6516117,9.3878565,3,walking
1519421542107,1.4505459,-1.6516117,9.320834,3,walking
1519421542111,1.469695,-1.5845897,9.301685,3,walking
1519421542115,1.4313968,-1.5654407,9.234664,3,walking
1519421542119,1.4313968,-1.5079932,9.263388,3,walking
1519421542122,1.3930986,-1.5271424,9.234664,3,walking
1519421542126,1.3930986,-1.5079932,9.253813,3,walking
1519421542130,1.3930986,-1.4792696,9.272962,3,walking
1519421542134,1.383524,-1.4888442,9.253813,3,walking
1519421542138,1.3739494,-1.5079932,9.253813,3,walking
1519421542142,1.4505459,-1.5271424,9.244238,3,walking
1519421542145,1.4218222,-1.5654407,9.234664,3,walking
1519421542149,1.4792696,-1.6324625,9.18679,3,walking
1519421542153,1.5175679,-1.6803354,9.196365,3,walking
1519421542157,1.4984187,-1.7186337,9.20594,3,walking
1519421542161,1.5079932,-1.7665064,9.244238,3,walking
1519421542164,1.5462915,-1.8239537,9.253813,3,walking
1519421542168,1.5654407,-1.8048047,9.2825365,3,walking
1519421542172,1.5462915,-1.8431029,9.253813,3,walking
1519421542176,1.6133134,-1.9005502,9.234664,3,walking
1519421542180,1.6133134,-1.9771467,9.320834,3,walking
1519421542183,1.6324625,-2.015445,9.320834,3,walking
1519421542187,1.6611862,-2.034594,9.407005,3,walking
1519421542191,1.6516117,-2.0633178,9.397431,3,walking
1519421542195,1.622888,-2.1207652,9.349558,3,walking
1519421542199,1.6133134,-2.1111906,9.339984,3,walking
1519421542202,1.6037389,-2.149489,9.330409,3,walking
1519421542206,1.6037389,-2.168638,9.339984,3,walking
1519421542210,1.622888,-2.1973617,9.2825365,3,walking
1519421542214,1.5750152,-2.2069361,9.244238,3,walking
1519421542218,1.6133134,-2.187787,9.119769,3,walking
1519421542222,1.5750152,-2.1303396,9.043172,3,walking
1519421542225,1.6420372,-2.0920415,9.033598,3,walking
1519421542233,1.6037389,-2.0728924,9.033598,3,walking
1519421542237,1.4313968,-2.034594,9.129343,3,walking
1519421542241,1.3069274,-1.9101248,9.234664,3,walking
1519421542245,1.2399056,-1.7856555,9.359133,3,walking
1519421542248,1.2494801,-1.6899099,9.320834,3,walking
1519421542252,1.2877784,-1.8335283,9.301685,3,walking
1519421542256,1.3739494,-2.101616,9.502751,3,walking
1519421542260,1.3930986,-2.2835326,9.608071,3,walking
1519421542264,1.3356512,-2.3888528,9.5889225,3,walking
1519421542268,1.2686293,-2.3888528,9.54105,3,walking
1519421542272,1.2399056,-2.34098,9.502751,3,walking
1519421542275,1.2399056,-2.360129,9.5219,3,walking
1519421542279,1.2494801,-2.34098,9.54105,3,walking
1519421542283,1.2207564,-2.3314054,9.675094,3,walking
1519421542287,1.2207564,-2.34098,9.761265,3,walking
1519421542291,1.2207564,-2.3026817,9.761265,3,walking
1519421542295,1.2590547,-2.2356598,9.722966,3,walking
1519421542299,1.2207564,-2.1973617,9.655944,3,walking
1519421542302,1.2207564,-2.1303396,9.655944,3,walking
1519421542306,1.2399056,-2.1303396,9.569773,3,walking
1519421542310,1.2494801,-2.1782124,9.560199,3,walking
1519421542314,1.2590547,-2.1207652,9.531475,3,walking
1519421542318,1.3548003,-2.0824668,9.54105,3,walking
1519421542322,1.3739494,-2.015445,9.502751,3,walking
1519421542326,1.4313968,-1.929274,9.407005,3,walking
1519421542329,1.3930986,-1.8335283,9.330409,3,walking
1519421542333,1.4505459,-1.7569319,9.234664,3,walking
1519421542337,1.4313968,-1.7186337,9.177217,3,walking
1519421542341,1.3739494,-1.6803354,9.110194,3,walking
1519421542345,1.3452257,-1.6899099,9.0814705,3,walking
1519421542349,1.2973529,-1.7282082,9.052747,3,walking
1519421542352,1.2782038,-1.7856555,9.043172,3,walking
1519421542356,1.2590547,-1.9005502,9.004874,3,walking
1519421542360,1.2303311,-1.9867213,9.014449,3,walking
1519421542364,1.1920328,-2.034594,9.024023,3,walking
1519421542368,1.1920328,-2.101616,9.043172,3,walking
1519421542376,1.1537346,-2.0824668,9.100619,3,walking
1519421542380,1.1537346,-2.1303396,9.148493,3,walking
1519421542383,1.1728836,-2.101616,9.177217,3,walking
1519421542387,1.14416,-2.015445,9.234664,3,walking
1519421542391,1.1250108,-1.9579976,9.234664,3,walking
1519421542395,1.0388398,-1.9196993,9.234664,3,walking
1519421542399,1.0579889,-1.948423,9.263388,3,walking
1519421542403,1.0484143,-2.0441687,9.234664,3,walking
1519421542407,1.0484143,-2.0824668,9.301685,3,walking
1519421542411,1.0771381,-2.1590633,9.2825365,3,walking
1519421542414,1.1250108,-2.2452345,9.320834,3,walking
1519421542418,1.1345854,-2.254809,9.31126,3,walking
1519421542422,1.14416,-2.2452345,9.320834,3,walking
1519421542426,1.1345854,-2.2643836,9.272962,3,walking
1519421542430,1.0867126,-2.2069361,9.215514,3,walking
1519421542434,1.0484143,-2.168638,9.177217,3,walking
1519421542438,1.0196906,-2.0920415,9.20594,3,walking
1519421542442,1.0388398,-2.0441687,9.167642,3,walking
1519421542445,1.0579889,-2.034594,9.158067,3,walking
1519421542449,1.1154363,-2.015445,9.167642,3,walking
1519421542453,1.1154363,-2.0824668,9.119769,3,walking
1519421542457,1.1058618,-2.0824668,9.100619,3,walking
1519421542461,1.0484143,-2.0441687,9.062322,3,walking
1519421542465,1.0101161,-2.0441687,9.091045,3,walking
1519421542469,1.0388398,-2.034594,9.100619,3,walking
1519421542473,0.99096704,-2.0920415,9.062322,3,walking
1519421542477,1.0388398,-2.101616,9.062322,3,walking
1519421542480,1.0388398,-2.149489,9.033598,3,walking
1519421542484,1.0771381,-2.149489,9.033598,3,walking
1519421542488,1.0771381,-2.1303396,9.004874,3,walking
1519421542492,1.1154363,-2.1207652,9.043172,3,walking
1519421542496,1.1058618,-2.101616,9.043172,3,walking
1519421542500,1.1058618,-2.0824668,9.033598,3,walking
1519421542504,1.0867126,-2.0537431,8.966576,3,walking
1519421542508,1.0579889,-2.015445,8.947427,3,walking
1519421542511,1.0484143,-2.0537431,8.9761505,3,walking
1519421542519,1.0579889,-2.101616,8.909128,3,walking
1519421542523,1.0388398,-2.1590633,8.995299,3,walking
1519421542527,0.99096704,-2.254809,9.004874,3,walking
1519421542530,1.0101161,-2.3505547,9.062322,3,walking
1519421542534,1.0005416,-2.34098,9.110194,3,walking
1519421542538,0.9718179,-2.3697038,9.158067,3,walking
1519421542542,1.0005416,-2.3122563,9.196365,3,walking
1519421542546,1.0101161,-2.2165108,9.263388,3,walking
1519421542549,1.0196906,-2.149489,9.31126,3,walking
1519421542553,0.99096704,-2.1303396,9.359133,3,walking
1519421542557,0.99096704,-2.0728924,9.339984,3,walking
1519421542561,0.9526688,-2.0920415,9.397431,3,walking
1519421542565,0.99096704,-2.0537431,9.397431,3,walking
1519421542568,1.0101161,-2.0441687,9.339984,3,walking
1519421542572,1.0196906,-2.0633178,9.378282,3,walking
1519421542576,1.0771381,-2.1207652,9.330409,3,walking
1519421542580,1.1345854,-2.1973617,9.2825365,3,walking
1519421542584,1.2111819,-2.2452345,9.234664,3,walking
1519421542587,1.2686293,-2.2739582,9.215514,3,walking
1519421542591,1.2494801,-2.321831,9.110194,3,walking
1519421542595,1.2686293,-2.360129,9.148493,3,walking
1519421542599,1.3069274,-2.4463003,9.253813,3,walking
1519421542603,1.3069274,-2.4175766,9.272962,3,walking
1519421542606,1.3452257,-2.427151,9.2825365,3,walking
1519421542610,1.3356512,-2.3792782,9.330409,3,walking
1519421542614,1.3356512,-2.3314054,9.359133,3,walking
1519421542618,1.2877784,-2.2931073,9.3878565,3,walking
1519421542622,1.3548003,-2.2931073,9.349558,3,walking
1519421542625,1.3930986,-2.3026817,9.407005,3,walking
1519421542629,1.383524,-2.3505547,9.397431,3,walking
1519421542633,1.3452257,-2.3984275,9.349558,3,walking
1519421542637,1.383524,-2.4654493,9.301685,3,walking
1519421542641,1.3548003,-2.5324712,9.253813,3,walking
1519421542644,1.4218222,-2.666515,9.244238,3,walking
1519421542652,1.4409714,-2.7048132,9.29211,3,walking
1519421542656,1.4409714,-2.6856642,9.272962,3,walking
1519421542659,1.469695,-2.6760898,9.301685,3,walking
1519421542663,1.469695,-2.6569405,9.301685,3,walking
1519421542667,1.5271424,-2.5707695,9.301685,3,walking
1519421542671,1.5079932,-2.475024,9.330409,3,walking
1519421542675,1.5175679,-2.408002,9.378282,3,walking
1519421542678,1.5271424,-2.3505547,9.359133,3,walking
1519421542682,1.4984187,-2.3314054,9.349558,3,walking
1519421542686,1.5271424,-2.2835326,9.31126,3,walking
1519421542690,1.5654407,-2.2739582,9.234664,3,walking
1519421542693,1.6037389,-2.254809,9.20594,3,walking
1519421542697,1.709059,-2.2835326,9.177217,3,walking
1519421542701,1.7186337,-2.2931073,9.148493,3,walking
1519421542705,1.7186337,-2.3314054,9.158067,3,walking
1519421542709,1.6899099,-2.34098,9.100619,3,walking
1519421542712,1.6516117,-2.360129,9.148493,3,walking
1519421542716,1.6899099,-2.4463003,9.091045,3,walking
1519421542720,1.6324625,-2.427151,9.071896,3,walking
1519421542724,1.6899099,-2.4654493,9.119769,3,walking
1519421542727,1.7569319,-2.5037475,9.0814705,3,walking
1519421542731,1.7186337,-2.5037475,9.119769,3,walking
1519421542735,1.6707608,-2.4463003,9.119769,3,walking
1519421542739,1.622888,-2.4367256,9.167642,3,walking
1519421542743,1.6516117,-2.3984275,9.18679,3,walking
1519421542746,1.6420372,-2.3888528,9.225089,3,walking
1519421542750,1.6803354,-2.3984275,9.2825365,3,walking
1519421542754,1.6803354,-2.3984275,9.29211,3,walking
1519421542758,1.6707608,-2.3888528,9.339984,3,walking
1519421542761,1.6611862,-2.3697038,9.378282,3,walking
1519421542765,1.6611862,-2.3697038,9.378282,3,walking
1519421542769,1.6707608,-2.4463003,9.407005,3,walking
1519421542773,1.6994845,-2.4654493,9.41658,3,walking
1519421542777,1.7282082,-2.475024,9.41658,3,walking
1519421542780,1.79523,-2.513322,9.3878565,3,walking
1519421542788,1.7856555,-2.561195,9.330409,3,walking
1519421542792,1.7665064,-2.5420458,9.29211,3,walking
1519421542795,1.709059,-2.475024,9.31126,3,walking
1519421542799,1.6611862,-2.494173,9.234664,3,walking
1519421542803,1.6324625,-2.4175766,9.158067,3,walking
1519421542807,1.5941644,-2.3888528,9.033598,3,walking
1519421542810,1.6133134,-2.3505547,8.966576,3,walking
1519421542814,1.5941644,-2.3505547,8.947427,3,walking
1519421542818,1.5079932,-2.3505547,8.909128,3,walking
1519421542822,1.5367169,-2.4463003,8.899554,3,walking
1519421542826,1.5845897,-2.5324712,8.947427,3,walking
1519421542829,1.6420372,-2.6090677,8.957002,3,walking
1519421542833,1.5558661,-2.6377914,8.966576,3,walking
1519421542837,1.622888,-2.6569405,8.9761505,3,walking
1519421542841,1.6899099,-2.6856642,9.071896,3,walking
1519421542844,1.622888,-2.6282167,9.158067,3,walking
1519421542848,1.6324625,-2.580344,9.18679,3,walking
1519421542852,1.7473572,-2.5707695,9.215514,3,walking
1519421542856,1.8048047,-2.5994933,9.31126,3,walking
1519421542859,1.79523,-2.5420458,9.349558,3,walking
1519421542863,1.8909757,-2.513322,9.359133,3,walking
1519421542867,1.9196993,-2.494173,9.407005,3,walking
1519421542871,1.8814012,-2.4367256,9.407005,3,walking
1519421542874,1.8814012,-2.4463003,9.435729,3,walking
1519421542878,1.8814012,-2.3314054,9.445304,3,walking
1519421542882,1.8431029,-2.254809,9.464453,3,walking
1519421542886,1.79523,-2.1973617,9.454879,3,walking
1519421542889,1.79523,-2.1207652,9.464453,3,walking
1519421542893,1.8909757,-2.1303396,9.41658,3,walking
1519421542897,1.862252,-2.1207652,9.407005,3,walking
1519421542901,1.9005502,-2.187787,9.378282,3,walking
1519421542904,1.9771467,-2.34098,9.29211,3,walking
1519421542908,2.015445,-2.4175766,9.2825365,3,walking
1519421542912,2.0250196,-2.5037475,9.272962,3,walking
1519421542916,1.9675722,-2.5899186,9.339984,3,walking
1519421542923,1.929274,-2.5994933,9.349558,3,walking
1519421542927,1.9101248,-2.580344,9.426155,3,walking
1519421542931,1.948423,-2.561195,9.407005,3,walking
1519421542935,1.9771467,-2.5037475,9.339984,3,walking
1519421542939,1.9867213,-2.5324712,9.2825365,3,walking
1519421542943,1.9771467,-2.5228968,9.225089,3,walking
1519421542946,2.0250196,-2.4654493,9.052747,3,walking
1519421542950,1.9867213,-2.4367256,8.870831,3,walking
1519421542954,2.0537431,-2.408002,8.736787,3,walking
1519421542958,1.9771467,-2.3888528,8.832532,3,walking
1519421542962,1.79523,-2.4558747,8.889979,3,walking
1519421542966,1.6133134,-2.2931073,8.851681,3,walking
1519421542970,1.5462915,-1.9962958,9.100619,3,walking
1519421542973,1.4984187,-1.8335283,9.253813,3,walking
1519421542977,1.5462915,-1.9771467,9.148493,3,walking
1519421542981,1.6611862,-2.187787,9.3878565,3,walking
1519421542985,1.7282082,-2.4654493,9.5889225,3,walking
1519421542989,1.7282082,-2.6090677,9.426155,3,walking
1519421542993,1.6899099,-2.733537,9.263388,3,walking
1519421542996,1.5654407,-2.7814097,9.272962,3,walking
1519421543000,1.5271424,-2.7814097,9.196365,3,walking
1519421543004,1.5462915,-2.7814097,9.244238,3,walking
1519421543008,1.6611862,-2.7909844,9.301685,3,walking
1519421543012,1.7569319,-2.7622607,9.41658,3,walking
1519421543016,1.79523,-2.7814097,9.54105,3,walking
1519421543020,1.8143792,-2.733537,9.665519,3,walking
1519421543023,1.8048047,-2.666515,9.732541,3,walking
1519421543027,1.8143792,-2.5707695,9.732541,3,walking
1519421543031,1.862252,-2.561195,9.713391,3,walking
1519421543035,1.8431029,-2.5324712,9.62722,3,walking
1519421543039,1.8239537,-2.5420458,9.62722,3,walking
1519421543043,1.8431029,-2.6090677,9.675094,3,walking
1519421543046,1.8431029,-2.6377914,9.62722,3,walking
1519421543054,1.8718265,-2.6186423,9.598496,3,walking
1519421543058,1.9005502,-2.580344,9.5889225,3,walking
1519421543062,1.929274,-2.4654493,9.502751,3,walking
1519421543065,1.9196993,-2.360129,9.3878565,3,walking
1519421543069,1.9005502,-2.187787,9.301685,3,walking
1519421543073,1.7186337,-1.948423,9.119769,3,walking
1519421543077,1.6611862,-1.7473572,8.928278,3,walking
1519421543080,1.6037389,-1.5367169,8.851681,3,walking
1519421543084,1.5845897,-1.4313968,8.708063,3,walking
1519421543088,1.4888442,-1.2877784,8.506997,3,walking
1519421543092,1.4409714,-1.2207564,8.583593,3,walking
1519421543095,1.4026731,-1.2877784,8.583593,3,walking
1519421543099,1.4122477,-1.4313968,8.641041,3,walking
1519421543103,1.4313968,-1.709059,8.631466,3,walking
1519421543107,1.4792696,-2.015445,8.698488,3,walking
1519421543110,1.4888442,-2.2835326,8.66019,3,walking
1519421543114,1.4505459,-2.4175766,8.727212,3,walking
1519421543118,1.4409714,-2.5324712,8.765511,3,walking
1519421543122,1.4122477,-2.561195,8.842107,3,walking
1519421543125,1.4409714,-2.5899186,8.985725,3,walking
1519421543129,1.4218222,-2.5707695,9.110194,3,walking
1519421543133,1.4601204,-2.5420458,9.244238,3,walking
1519421543137,1.4888442,-2.494173,9.301685,3,walking
1519421543140,1.4792696,-2.427151,9.31126,3,walking
1519421543144,1.4888442,-2.3888528,9.426155,3,walking
1519421543148,1.5175679,-2.3505547,9.483603,3,walking
1519421543152,1.5175679,-2.3122563,9.493176,3,walking
1519421543155,1.5367169,-2.3122563,9.569773,3,walking
1519421543159,1.5558661,-2.3026817,9.54105,3,walking
1519421543163,1.5941644,-2.2931073,9.531475,3,walking
1519421543167,1.6037389,-2.3314054,9.464453,3,walking
1519421543170,1.5845897,-2.34098,9.445304,3,walking
1519421543174,1.6324625,-2.3888528,9.349558,3,walking
1519421543178,1.5845897,-2.4367256,9.29211,3,walking
1519421543182,1.5558661,-2.475024,9.244238,3,walking
1519421543186,1.5654407,-2.4845984,9.18679,3,walking
1519421543193,1.5367169,-2.513322,9.177217,3,walking
1519421543197,1.5367169,-2.494173,9.100619,3,walking
1519421543201,1.5175679,-2.4845984,9.129343,3,walking
1519421543205,1.5271424,-2.3984275,9.158067,3,walking
1519421543208,1.5462915,-2.3697038,9.0814705,3,walking
1519421543212,1.5462915,-2.3314054,9.062322,3,walking
1519421543216,1.5558661,-2.3792782,9.091045,3,walking
1519421543220,1.5558661,-2.3505547,9.062322,3,walking
1519421543224,1.5462915,-2.3697038,9.004874,3,walking
1519421543228,1.6324625,-2.4175766,8.985725,3,walking
1519421543231,1.5462915,-2.3984275,8.985725,3,walking
1519421543235,1.5845897,-2.3792782,8.985725,3,walking
1519421543239,1.5271424,-2.3888528,9.043172,3,walking
1519421543243,1.5175679,-2.3314054,9.071896,3,walking
1519421543247,1.4984187,-2.3122563,9.0814705,3,walking
1519421543251,1.4601204,-2.254809,9.100619,3,walking
1519421543255,1.4792696,-2.2260852,9.138918,3,walking
1519421543258,1.469695,-2.1973617,9.167642,3,walking
1519421543262,1.4313968,-2.168638,9.119769,3,walking
1519421543266,1.4505459,-2.187787,9.158067,3,walking
1519421543270,1.4313968,-2.1782124,9.158067,3,walking
1519421543274,1.4601204,-2.1973617,9.196365,3,walking
1519421543278,1.4601204,-2.2356598,9.167642,3,walking
1519421543281,1.5079932,-2.2356598,9.253813,3,walking
1519421543285,1.5462915,-2.2643836,9.215514,3,walking
1519421543289,1.5941644,-2.254809,9.253813,3,walking
1519421543293,1.6133134,-2.3026817,9.234664,3,walking
1519421543297,1.6133134,-2.3314054,9.272962,3,walking
1519421543301,1.5654407,-2.321831,9.31126,3,walking
1519421543304,1.5750152,-2.34098,9.31126,3,walking
1519421543308,1.5845897,-2.3697038,9.330409,3,walking
1519421543312,1.5654407,-2.3505547,9.359133,3,walking
1519421543316,1.5367169,-2.3697038,9.339984,3,walking
1519421543320,1.5845897,-2.321831,9.397431,3,walking
1519421543324,1.5750152,-2.3122563,9.368708,3,walking
1519421543327,1.5654407,-2.2643836,9.320834,3,walking
1519421543335,1.5462915,-2.2069361,9.301685,3,walking
1519421543339,1.5367169,-2.1782124,9.225089,3,walking
1519421543343,1.5271424,-2.1399143,9.253813,3,walking
1519421543347,1.5175679,-2.0920415,9.215514,3,walking
1519421543350,1.469695,-2.0824668,9.234664,3,walking
1519421543354,1.4122477,-2.0728924,9.18679,3,walking
1519421543358,1.4122477,-2.0824668,9.177217,3,walking
1519421543362,1.383524,-2.1207652,9.196365,3,walking
1519421543366,1.3739494,-2.1782124,9.196365,3,walking
1519421543369,1.3452257,-2.1973617,9.234664,3,walking
1519421543373,1.3356512,-2.2260852,9.253813,3,walking
1519421543377,1.3452257,-2.2739582,9.2825365,3,walking
1519421543381,1.3548003,-2.34098,9.263388,3,walking
1519421543385,1.4026731,-2.3505547,9.253813,3,walking
1519421543388,1.4026731,-2.3792782,9.29211,3,walking
1519421543392,1.3930986,-2.34098,9.339984,3,walking
1519421543396,1.4122477,-2.321831,9.330409,3,walking
1519421543400,1.4218222,-2.3026817,9.339984,3,walking
1519421543404,1.4218222,-2.2739582,9.378282,3,walking
1519421543407,1.3739494,-2.2356598,9.330409,3,walking
1519421543411,1.4409714,-2.254809,9.29211,3,walking
1519421543415,1.4218222,-2.2356598,9.29211,3,walking
1519421543419,1.4313968,-2.2356598,9.234664,3,walking
1519421543423,1.4409714,-2.3026817,9.2825365,3,walking
1519421543426,1.4505459,-2.3026817,9.196365,3,walking
1519421543430,1.4409714,-2.321831,9.272962,3,walking
1519421543434,1.4313968,-2.321831,9.263388,3,walking
1519421543438,1.4026731,-2.360129,9.272962,3,walking
1519421543442,1.4026731,-2.34098,9.234664,3,walking
1519421543446,1.4409714,-2.321831,9.234664,3,walking
1519421543449,1.4313968,-2.3314054,9.177217,3,walking
1519421543453,1.469695,-2.3314054,9.215514,3,walking
1519421543457,1.4792696,-2.3122563,9.196365,3,walking
1519421543461,1.5079932,-2.3026817,9.177217,3,walking
1519421543465,1.5079932,-2.3026817,9.138918,3,walking
1519421543472,1.4888442,-2.3026817,9.004874,3,walking
1519421543476,1.4601204,-2.2643836,9.014449,3,walking
1519421543480,1.4409714,-2.2739582,9.004874,3,walking
1519421543484,1.4313968,-2.3026817,8.966576,3,walking
1519421543488,1.4313968,-2.3026817,8.966576,3,walking
1519421543492,1.4313968,-2.3314054,8.957002,3,walking
1519421543496,1.4313968,-2.34098,9.062322,3,walking
1519421543499,1.4026731,-2.3984275,9.071896,3,walking
1519421543503,1.3930986,-2.3984275,9.100619,3,walking
1519421543507,1.4218222,-2.4367256,9.18679,3,walking
1519421543511,1.383524,-2.427151,9.18679,3,walking
1519421543515,1.4218222,-2.4463003,9.234664,3,walking
1519421543519,1.4026731,-2.4558747,9.31126,3,walking
1519421543523,1.4026731,-2.475024,9.330409,3,walking
1519421543527,1.469695,-2.4558747,9.330409,3,walking
1519421543530,1.4601204,-2.4654493,9.339984,3,walking
1519421543534,1.469695,-2.4463003,9.339984,3,walking
1519421543538,1.4505459,-2.4175766,9.320834,3,walking
1519421543542,1.4409714,-2.3505547,9.263388,3,walking
1519421543546,1.4218222,-2.34098,9.263388,3,walking
1519421543550,1.4218222,-2.3122563,9.253813,3,walking
1519421543554,1.4218222,-2.2931073,9.215514,3,walking
1519421543558,1.4218222,-2.34098,9.196365,3,walking
1519421543561,1.4313968,-2.3792782,9.196365,3,walking
1519421543565,1.4505459,-2.3888528,9.215514,3,walking
1519421543569,1.4409714,-2.3888528,9.196365,3,walking
1519421543573,1.4505459,-2.427151,9.138918,3,walking
1519421543577,1.4218222,-2.408002,9.119769,3,walking
1519421543581,1.4792696,-2.3888528,9.110194,3,walking
1519421543585,1.469695,-2.3697038,9.129343,3,walking
1519421543589,1.4505459,-2.3026817,9.158067,3,walking
1519421543593,1.4888442,-2.2452345,9.129343,3,walking
1519421543596,1.4792696,-2.1207652,9.100619,3,walking
1519421543600,1.4984187,-2.0633178,9.071896,3,walking
1519421543604,1.469695,-2.0824668,9.091045,3,walking
1519421543612,1.469695,-2.149489,9.071896,3,walking
1519421543616,1.4792696,-2.2356598,9.071896,3,walking
1519421543620,1.5175679,-2.3314054,9.0814705,3,walking
1519421543623,1.5367169,-2.3888528,9.071896,3,walking
1519421543627,1.5175679,-2.4463003,9.148493,3,walking
1519421543631,1.5367169,-2.494173,9.138918,3,walking
1519421543635,1.5558661,-2.5324712,9.158067,3,walking
1519421543639,1.5271424,-2.5324712,9.215514,3,walking
1519421543643,1.5558661,-2.561195,9.225089,3,walking
1519421543647,1.5558661,-2.5899186,9.253813,3,walking
1519421543651,1.5558661,-2.580344,9.29211,3,walking
1519421543654,1.622888,-2.5899186,9.349558,3,walking
1519421543658,1.6324625,-2.5899186,9.359133,3,walking
1519421543662,1.6803354,-2.5899186,9.397431,3,walking
1519421543666,1.7186337,-2.5707695,9.330409,3,walking
1519421543670,1.7473572,-2.513322,9.3878565,3,walking
1519421543674,1.7186337,-2.4654493,9.3878565,3,walking
1519421543678,1.6994845,-2.4654493,9.378282,3,walking
1519421543681,1.7377827,-2.427151,9.359133,3,walking
1519421543685,1.7377827,-2.4463003,9.330409,3,walking
1519421543689,1.6899099,-2.3888528,9.2825365,3,walking
1519421543693,1.6994845,-2.2931073,9.225089,3,walking
1519421543697,1.6994845,-2.2739582,9.215514,3,walking
1519421543701,1.6994845,-2.2452345,9.177217,3,walking
1519421543705,1.7186337,-2.2260852,9.129343,3,walking
1519421543708,1.7665064,-2.2643836,9.033598,3,walking
1519421543712,1.8335283,-2.3122563,9.004874,3,walking
1519421543716,1.9101248,-2.3122563,9.004874,3,walking
1519421543720,1.9388485,-2.321831,9.024023,3,walking
1519421543724,1.948423,-2.321831,9.043172,3,walking
1519421543728,2.0441687,-2.3984275,9.062322,3,walking
1519421543732,2.0441687,-2.4367256,9.071896,3,walking
1519421543736,2.1399143,-2.4654493,9.138918,3,walking
1519421543739,2.1782124,-2.494173,9.177217,3,walking
1519421543743,2.0920415,-2.360129,9.320834,3,walking
1519421543751,2.0441687,-2.2931073,9.349558,3,walking
1519421543755,2.0537431,-2.2835326,9.378282,3,walking
1519421543759,2.0633178,-2.2165108,9.445304,3,walking
1519421543763,2.0537431,-2.1973617,9.41658,3,walking
1519421543766,2.015445,-2.1303396,9.3878565,3,walking
1519421543770,1.9771467,-2.168638,9.339984,3,walking
1519421543774,1.9675722,-2.2356598,9.31126,3,walking
1519421543778,1.9388485,-2.2643836,9.253813,3,walking
1519421543782,1.9005502,-2.3026817,9.215514,3,walking
1519421543786,1.8335283,-2.34098,9.18679,3,walking
1519421543790,1.8239537,-2.34098,9.196365,3,walking
1519421543793,1.79523,-2.3122563,9.215514,3,walking
1519421543797,1.8048047,-2.3122563,9.215514,3,walking
1519421543801,1.7569319,-2.3314054,9.263388,3,walking
1519421543805,1.776081,-2.34098,9.368708,3,walking
1519421543809,1.7282082,-2.3792782,9.359133,3,walking
1519421543813,1.7473572,-2.427151,9.378282,3,walking
1519421543817,1.7665064,-2.4463003,9.359133,3,walking
1519421543820,1.79523,-2.4654493,9.29211,3,walking
1519421543824,1.8143792,-2.4558747,9.253813,3,walking
1519421543828,1.8526775,-2.494173,9.234664,3,walking
1519421543832,1.8814012,-2.513322,9.253813,3,walking
1519421543836,1.9388485,-2.5420458,9.244238,3,walking
1519421543840,1.9675722,-2.5516202,9.31126,3,walking
1519421543844,1.9962958,-2.5420458,9.320834,3,walking
1519421543847,2.0058703,-2.5994933,9.320834,3,walking
1519421543851,2.034594,-2.6282167,9.330409,3,walking
1519421543855,2.0633178,-2.666515,9.301685,3,walking
1519421543859,2.0250196,-2.6952388,9.368708,3,walking
1519421543863,2.034594,-2.6856642,9.359133,3,walking
1519421543867,1.9962958,-2.6090677,9.349558,3,walking
1519421543871,2.0058703,-2.5899186,9.378282,3,walking
1519421543874,1.9962958,-2.5516202,9.320834,3,walking
1519421543878,1.9867213,-2.5037475,9.359133,3,walking
1519421543882,1.9962958,-2.5228968,9.339984,3,walking
1519421543886,1.9675722,-2.5420458,9.244238,3,walking
1519421543894,1.9675722,-2.5707695,9.244238,3,walking
1519421543897,1.9962958,-2.6186423,9.18679,3,walking
1519421543901,1.9867213,-2.6569405,9.138918,3,walking
1519421543905,1.9867213,-2.7048132,9.091045,3,walking
1519421543909,1.9771467,-2.7814097,9.043172,3,walking
1519421543912,1.9388485,-2.7814097,9.033598,3,walking
1519421543916,1.9101248,-2.8101335,9.043172,3,walking
1519421543920,1.929274,-2.8388572,9.004874,3,walking
1519421543923,1.948423,-2.819708,9.004874,3,walking
1519421543927,1.9388485,-2.800559,9.052747,3,walking
1519421543931,1.9005502,-2.7814097,9.052747,3,walking
1519421543935,1.9196993,-2.7718353,8.995299,3,walking
1519421543938,1.8909757,-2.8101335,9.052747,3,walking
1519421543942,1.8814012,-2.8388572,9.062322,3,walking
1519421543946,1.862252,-2.8580062,9.110194,3,walking
1519421543950,1.8431029,-2.8580062,9.110194,3,walking
1519421543953,1.8526775,-2.8580062,9.071896,3,walking
1519421543957,1.8431029,-2.8388572,9.100619,3,walking
1519421543961,1.8814012,-2.8292825,9.110194,3,walking
1519421543964,1.9101248,-2.7814097,9.100619,3,walking
1519421543968,1.8718265,-2.752686,9.0814705,3,walking
1519421543972,1.8431029,-2.7239625,9.062322,3,walking
1519421543976,1.8526775,-2.714388,9.100619,3,walking
1519421543979,1.8431029,-2.6760898,9.014449,3,walking
1519421543983,1.8526775,-2.6760898,8.995299,3,walking
1519421543987,1.8526775,-2.6952388,8.9761505,3,walking
1519421543991,1.8718265,-2.6952388,8.9761505,3,walking
1519421543994,1.8431029,-2.7239625,8.966576,3,walking
1519421543998,1.8239537,-2.7431116,8.995299,3,walking
1519421544002,1.8718265,-2.7622607,8.957002,3,walking
1519421544005,1.8526775,-2.8292825,8.947427,3,walking
1519421544009,1.8526775,-2.8484318,8.947427,3,walking
1519421544013,1.79523,-2.8101335,8.966576,3,walking
1519421544017,1.7856555,-2.7814097,9.004874,3,walking
1519421544020,1.8143792,-2.752686,9.052747,3,walking
1519421544024,1.8526775,-2.714388,9.024023,3,walking
1519421544028,1.8814012,-2.6856642,9.071896,3,walking
1519421544035,1.9005502,-2.6569405,9.148493,3,walking
1519421544039,1.9196993,-2.5899186,9.148493,3,walking
1519421544043,1.948423,-2.6090677,9.215514,3,walking
1519421544047,1.9579976,-2.6377914,9.225089,3,walking
1519421544051,1.929274,-2.647366,9.263388,3,walking
1519421544055,1.9579976,-2.666515,9.20594,3,walking
1519421544059,1.9675722,-2.6760898,9.234664,3,walking
1519421544063,1.9388485,-2.6856642,9.225089,3,walking
1519421544067,1.948423,-2.7048132,9.196365,3,walking
1519421544071,1.929274,-2.714388,9.167642,3,walking
1519421544075,1.9196993,-2.6952388,9.138918,3,walking
1519421544079,1.8909757,-2.714388,9.129343,3,walking
1519421544083,1.9101248,-2.7718353,9.100619,3,walking
1519421544087,1.8909757,-2.7814097,9.138918,3,walking
1519421544091,1.9101248,-2.8388572,9.0814705,3,walking
1519421544095,1.8814012,-2.8101335,9.0814705,3,walking
1519421544099,1.8048047,-2.8484318,9.110194,3,walking
1519421544103,1.8239537,-2.7909844,9.138918,3,walking
1519421544107,1.79523,-2.7909844,9.177217,3,walking
1519421544111,1.8048047,-2.7814097,9.158067,3,walking
1519421544115,1.8239537,-2.7431116,9.215514,3,walking
1519421544119,1.8335283,-2.733537,9.234664,3,walking
1519421544123,1.8048047,-2.6952388,9.272962,3,walking
1519421544127,1.79523,-2.666515,9.253813,3,walking
1519421544131,1.7665064,-2.6282167,9.253813,3,walking
1519421544135,1.7665064,-2.6090677,9.272962,3,walking
1519421544139,1.7665064,-2.6282167,9.263388,3,walking
1519421544142,1.8048047,-2.6569405,9.253813,3,walking
1519421544146,1.8048047,-2.7239625,9.215514,3,walking
1519421544150,1.7856555,-2.752686,9.215514,3,walking
1519421544154,1.776081,-2.800559,9.18679,3,walking
1519421544158,1.8048047,-2.8292825,9.244238,3,walking
1519421544162,1.776081,-2.800559,9.272962,3,walking
1519421544166,1.7377827,-2.7622607,9.244238,3,walking
1519421544174,1.7473572,-2.6569405,9.253813,3,walking
1519421544178,1.709059,-2.6186423,9.244238,3,walking
1519421544182,1.709059,-2.5420458,9.234664,3,walking
1519421544186,1.7186337,-2.5707695,9.225089,3,walking
1519421544189,1.7186337,-2.5420458,9.177217,3,walking
1519421544193,1.709059,-2.5707695,9.071896,3,walking
1519421544197,1.6707608,-2.5899186,9.014449,3,walking
1519421544201,1.6133134,-2.6282167,8.9761505,3,walking
1519421544205,1.5750152,-2.5707695,8.880404,3,walking
1519421544209,1.4984187,-2.5228968,8.861256,3,walking
1519421544212,1.4409714,-2.4845984,8.822957,3,walking
1519421544216,1.4409714,-2.4845984,8.832532,3,walking
1519421544220,1.4409714,-2.475024,8.899554,3,walking
1519421544224,1.4984187,-2.4654493,8.909128,3,walking
1519421544228,1.5558661,-2.4175766,8.909128,3,walking
1519421544232,1.4026731,-2.3697038,9.167642,3,walking
1519421544235,1.1728836,-2.3697038,9.253813,3,walking
1519421544239,1.1824582,-2.3026817,9.2825365,3,walking
1519421544243,1.2494801,-2.0920415,9.426155,3,walking
1519421544247,1.3069274,-1.8335283,9.502751,3,walking
1519421544251,1.3930986,-1.7377827,9.5219,3,walking
1519421544255,1.5079932,-1.8718265,9.608071,3,walking
1519421544258,1.5845897,-2.101616,9.560199,3,walking
1519421544262,1.5079932,-2.254809,9.445304,3,walking
1519421544266,1.4026731,-2.3697038,9.330409,3,walking
1519421544270,1.3548003,-2.4175766,9.330409,3,walking
1519421544274,1.3548003,-2.3792782,9.339984,3,walking
1519421544278,1.4026731,-2.408002,9.378282,3,walking
1519421544281,1.5175679,-2.3026817,9.301685,3,walking
1519421544285,1.5558661,-2.2835326,9.2825365,3,walking
1519421544289,1.5750152,-2.34098,9.272962,3,walking
1519421544293,1.6420372,-2.34098,9.129343,3,walking
1519421544297,1.6420372,-2.360129,9.100619,3,walking
1519421544301,1.6611862,-2.321831,9.0814705,3,walking
1519421544304,1.7186337,-2.2739582,9.024023,3,walking
1519421544312,1.776081,-2.2452345,9.014449,3,walking
1519421544316,1.8048047,-2.1303396,9.062322,3,walking
1519421544319,1.862252,-2.0250196,9.062322,3,walking
1519421544323,1.9388485,-1.9388485,9.129343,3,walking
1519421544327,1.9005502,-1.8239537,9.18679,3,walking
1519421544330,1.9388485,-1.6899099,9.18679,3,walking
1519421544334,1.9388485,-1.6707608,9.339984,3,walking
1519421544338,1.8909757,-1.6611862,9.454879,3,walking
1519421544341,1.9579976,-1.6324625,9.426155,3,walking
1519421544345,1.9675722,-1.6516117,9.426155,3,walking
1519421544349,1.9675722,-1.6707608,9.454879,3,walking
1519421544353,2.0058703,-1.7282082,9.397431,3,walking
1519421544356,1.9962958,-1.8239537,9.339984,3,walking
1519421544360,1.9771467,-1.9388485,9.253813,3,walking
1519421544364,1.9675722,-2.015445,9.20594,3,walking
1519421544367,1.9771467,-2.1111906,9.148493,3,walking
1519421544371,1.929274,-2.1973617,9.014449,3,walking
1519421544375,1.8814012,-2.2356598,8.928278,3,walking
1519421544378,1.8718265,-2.2643836,8.909128,3,walking
1519421544382,1.8526775,-2.321831,8.822957,3,walking
1519421544386,1.8239537,-2.4367256,8.755936,3,walking
1519421544389,1.9005502,-2.5324712,8.765511,3,walking
1519421544393,1.8814012,-2.7239625,8.861256,3,walking
1519421544397,1.8431029,-2.8580062,8.918703,3,walking
1519421544401,1.8431029,-3.0016246,8.966576,3,walking
1519421544404,1.862252,-3.1643922,9.043172,3,walking
1519421544408,1.8909757,-3.2888615,9.129343,3,walking
1519421544412,1.8814012,-3.3750327,9.215514,3,walking
1519421544415,1.8239537,-3.3941817,9.330409,3,walking
1519421544419,1.8335283,-3.3750327,9.435729,3,walking
1519421544423,1.8526775,-3.346309,9.483603,3,walking
1519421544426,1.862252,-3.2984362,9.512326,3,walking
1519421544430,1.8814012,-3.2409887,9.560199,3,walking
1519421544434,1.862252,-3.1835413,9.54105,3,walking
1519421544437,1.929274,-3.1452432,9.531475,3,walking
1519421544441,1.8909757,-3.1356685,9.435729,3,walking
1519421544449,1.929274,-3.0973704,9.41658,3,walking
1519421544453,1.9196993,-3.0686467,9.349558,3,walking
1519421544456,1.9579976,-3.0016246,9.31126,3,walking
1519421544460,1.9962958,-2.9920502,9.330409,3,walking
1519421544464,2.034594,-2.9154537,9.29211,3,walking
1519421544468,2.0441687,-2.88673,9.263388,3,walking
1519421544472,2.0441687,-2.9154537,9.196365,3,walking
1519421544476,2.0728924,-2.9250283,9.148493,3,walking
1519421544480,1.9962958,-2.9537518,9.18679,3,walking
1519421544484,1.9867213,-2.9250283,9.167642,3,walking
1519421544488,1.9388485,-2.905879,9.129343,3,walking
1519421544491,1.9388485,-2.8292825,9.138918,3,walking
1519421544495,1.9579976,-2.733537,9.091045,3,walking
1519421544499,1.929274,-2.647366,9.052747,3,walking
1519421544503,1.9101248,-2.5324712,9.052747,3,walking
1519421544507,1.8526775,-2.5037475,8.985725,3,walking
1519421544511,1.862252,-2.5324712,8.947427,3,walking
1519421544515,1.8143792,-2.5899186,8.918703,3,walking
1519421544519,1.8239537,-2.7239625,8.832532,3,walking
1519421544522,1.8335283,-2.819708,8.822957,3,walking
1519421544526,1.862252,-2.88673,8.784659,3,walking
1519421544530,1.8909757,-2.905879,8.746361,3,walking
1519421544534,1.8526775,-2.9154537,8.708063,3,walking
1519421544538,1.8335283,-2.867581,8.641041,3,walking
1519421544542,1.8526775,-2.7909844,8.717637,3,walking
1519421544546,1.8239537,-2.6952388,8.765511,3,walking
1519421544550,1.8143792,-2.6282167,8.832532,3,walking
1519421544553,1.7856555,-2.580344,8.842107,3,walking
1519421544557,1.7569319,-2.561195,8.957002,3,walking
1519421544561,1.7377827,-2.6090677,8.966576,3,walking
1519421544565,1.7186337,-2.6186423,8.966576,3,walking
1519421544569,1.6899099,-2.647366,8.957002,3,walking
1519421544573,1.6899099,-2.6569405,8.966576,3,walking
1519421544577,1.6899099,-2.6856642,8.995299,3,walking
1519421544581,1.6707608,-2.7239625,8.966576,3,walking
1519421544584,1.6516117,-2.7239625,8.947427,3,walking
1519421544592,1.622888,-2.714388,8.947427,3,walking
1519421544596,1.6133134,-2.7239625,8.889979,3,walking
1519421544600,1.6037389,-2.6856642,8.909128,3,walking
1519421544603,1.6133134,-2.7239625,8.957002,3,walking
1519421544607,1.6037389,-2.7239625,8.928278,3,walking
1519421544611,1.6037389,-2.7814097,8.9761505,3,walking
1519421544615,1.6037389,-2.8388572,9.024023,3,walking
1519421544618,1.5941644,-2.8963046,8.899554,3,walking
1519421544622,1.6037389,-3.0016246,8.889979,3,walking
1519421544626,1.6037389,-3.0973704,8.928278,3,walking
1519421544629,1.6037389,-3.173967,8.889979,3,walking
1519421544633,1.6324625,-3.193116,8.861256,3,walking
1519421544637,1.6611862,-3.2026904,8.870831,3,walking
1519421544641,1.6803354,-3.212265,8.851681,3,walking
1519421544644,1.7569319,-3.173967,8.842107,3,walking
1519421544648,1.7282082,-3.1165195,8.842107,3,walking
1519421544652,1.6994845,-3.1069448,8.889979,3,walking
1519421544656,1.7282082,-3.0686467,8.880404,3,walking
1519421544659,1.709059,-3.0686467,8.889979,3,walking
1519421544663,1.7186337,-3.0973704,8.928278,3,walking
1519421544667,1.6994845,-3.0973704,8.889979,3,walking
1519421544671,1.6899099,-3.1548176,8.918703,3,walking
1519421544674,1.709059,-3.1643922,8.909128,3,walking
1519421544678,1.6899099,-3.2026904,8.918703,3,walking
1519421544682,1.6899099,-3.231414,8.928278,3,walking
1519421544686,1.622888,-3.2697124,8.947427,3,walking
1519421544689,1.6324625,-3.2984362,9.033598,3,walking
1519421544693,1.6133134,-3.2984362,9.024023,3,walking
1519421544697,1.6133134,-3.2984362,9.043172,3,walking
1519421544701,1.6420372,-3.2505634,9.004874,3,walking
1519421544704,1.6324625,-3.2409887,9.100619,3,walking
1519421544708,1.5941644,-3.2026904,9.119769,3,walking
1519421544712,1.5941644,-3.1356685,9.167642,3,walking
1519421544715,1.5941644,-3.1069448,9.167642,3,walking
1519421544719,1.6324625,-3.0494976,9.138918,3,walking
1519421544727,1.6324625,-2.972901,9.0814705,3,walking
1519421544731,1.622888,-2.9250283,9.100619,3,walking
1519421544735,1.6707608,-2.9250283,9.100619,3,walking
1519421544739,1.6707608,-2.8963046,9.119769,3,walking
1519421544743,1.6516117,-2.8963046,9.129343,3,walking
1519421544747,1.6420372,-2.8771553,9.148493,3,walking
1519421544750,1.6420372,-2.8963046,9.18679,3,walking
1519421544754,1.6420372,-2.8963046,9.138918,3,walking
1519421544758,1.6516117,-2.9250283,9.138918,3,walking
1519421544762,1.6803354,-2.9633265,9.091045,3,walking
1519421544766,1.6899099,-2.9824755,9.071896,3,walking
1519421544770,1.6994845,-3.0111992,9.024023,3,walking
1519421544774,1.6994845,-3.0303483,9.043172,3,walking
1519421544778,1.6994845,-3.0016246,8.985725,3,walking
1519421544782,1.6803354,-3.020774,8.9761505,3,walking
1519421544786,1.7186337,-2.9920502,8.947427,3,walking
1519421544790,1.6994845,-2.972901,8.957002,3,walking
1519421544794,1.6899099,-2.9824755,8.937852,3,walking
1519421544798,1.6994845,-2.9633265,8.947427,3,walking
1519421544801,1.6994845,-2.9154537,8.9761505,3,walking
1519421544805,1.7282082,-2.905879,8.947427,3,walking
1519421544809,1.6994845,-2.8580062,8.966576,3,walking
1519421544813,1.6803354,-2.8388572,9.014449,3,walking
1519421544817,1.6611862,-2.800559,9.004874,3,walking
1519421544821,1.6611862,-2.800559,9.014449,3,walking
1519421544825,1.6324625,-2.7718353,9.043172,3,walking
1519421544829,1.5845897,-2.7718353,9.100619,3,walking
1519421544833,1.6420372,-2.7909844,9.158067,3,walking
1519421544837,1.6133134,-2.800559,9.138918,3,walking
1519421544841,1.622888,-2.8580062,9.148493,3,walking
1519421544845,1.6133134,-2.8580062,9.148493,3,walking
1519421544849,1.6037389,-2.8963046,9.158067,3,walking
1519421544853,1.5462915,-2.905879,9.225089,3,walking
1519421544856,1.5654407,-2.9250283,9.148493,3,walking
1519421544860,1.5654407,-2.9537518,9.129343,3,walking
1519421544868,1.5175679,-2.9441774,9.177217,3,walking
1519421544872,1.5367169,-2.9920502,9.129343,3,walking
1519421544876,1.5175679,-3.0016246,9.138918,3,walking
1519421544879,1.4888442,-2.9920502,9.119769,3,walking
1519421544883,1.4505459,-2.9920502,9.138918,3,walking
1519421544887,1.4792696,-2.972901,9.062322,3,walking
1519421544891,1.469695,-3.0111992,9.110194,3,walking
1519421544894,1.469695,-2.972901,9.091045,3,walking
1519421544898,1.4313968,-2.9824755,9.004874,3,walking
1519421544902,1.4026731,-2.972901,9.052747,3,walking
1519421544906,1.4122477,-2.9441774,9.043172,3,walking
1519421544909,1.4313968,-2.9346027,9.0814705,3,walking
1519421544913,1.4122477,-2.9250283,9.0814705,3,walking
1519421544917,1.4218222,-2.9346027,9.071896,3,walking
1519421544921,1.4505459,-2.9250283,9.0814705,3,walking
1519421544924,1.469695,-2.9250283,9.110194,3,walking
1519421544928,1.4888442,-2.9441774,9.062322,3,walking
1519421544932,1.4984187,-2.9824755,9.071896,3,walking
1519421544936,1.4888442,-2.9920502,9.100619,3,walking
1519421544939,1.5175679,-3.020774,9.091045,3,walking
1519421544943,1.5175679,-3.0494976,9.100619,3,walking
1519421544947,1.5654407,-3.0686467,9.129343,3,walking
1519421544951,1.5941644,-3.0973704,9.158067,3,walking
1519421544954,1.5845897,-3.078221,9.148493,3,walking
1519421544958,1.5845897,-3.059072,9.148493,3,walking
1519421544962,1.5941644,-3.0494976,9.196365,3,walking
1519421544966,1.5750152,-3.0303483,9.158067,3,walking
1519421544969,1.5845897,-3.0016246,9.177217,3,walking
1519421544973,1.5654407,-2.9920502,9.244238,3,walking
1519421544977,1.6324625,-2.9920502,9.272962,3,walking
1519421544981,1.5941644,-2.972901,9.253813,3,walking
1519421544984,1.6133134,-2.9537518,9.20594,3,walking
1519421544988,1.6324625,-2.9633265,9.20594,3,walking
1519421544992,1.6516117,-3.0111992,9.167642,3,walking
1519421545000,1.6899099,-3.039923,9.119769,3,walking
1519421545003,1.6611862,-3.0686467,9.100619,3,walking
1519421545007,1.6707608,-3.059072,9.062322,3,walking
1519421545011,1.6994845,-3.0686467,9.014449,3,walking
1519421545015,1.6420372,-3.0494976,9.052747,3,walking
1519421545019,1.6133134,-3.0494976,9.024023,3,walking
1519421545022,1.5941644,-3.0016246,9.024023,3,walking
1519421545026,1.5941644,-2.9824755,9.062322,3,walking
1519421545030,1.5845897,-2.972901,9.071896,3,walking
1519421545034,1.5845897,-2.9633265,9.043172,3,walking
1519421545038,1.5750152,-2.972901,9.043172,3,walking
1519421545042,1.6037389,-2.9633265,9.043172,3,walking
1519421545045,1.622888,-3.0111992,9.043172,3,walking
1519421545049,1.5941644,-3.0303483,9.071896,3,walking
1519421545053,1.6037389,-3.0303483,9.033598,3,walking
1519421545057,1.5750152,-3.0303483,9.043172,3,walking
1519421545061,1.5750152,-3.020774,9.024023,3,walking
1519421545065,1.6037389,-3.0494976,9.033598,3,walking
1519421545068,1.5941644,-3.0877957,9.014449,3,walking
1519421545072,1.5941644,-3.0686467,9.014449,3,walking
1519421545076,1.5941644,-3.0686467,9.033598,3,walking
1519421545080,1.622888,-3.059072,9.062322,3,walking
1519421545084,1.5654407,-3.0494976,9.062322,3,walking
1519421545088,1.6133134,-3.0303483,9.033598,3,walking
1519421545091,1.622888,-3.0303483,9.024023,3,walking
1519421545095,1.6420372,-3.0494976,9.014449,3,walking
1519421545099,1.622888,-3.0303483,8.995299,3,walking
1519421545103,1.6324625,-3.0303483,8.995299,3,walking
1519421545107,1.6133134,-3.0494976,8.995299,3,walking
1519421545110,1.5845897,-3.059072,8.928278,3,walking
1519421545114,1.5845897,-3.0303483,8.899554,3,walking
1519421545118,1.5558661,-3.0494976,8.937852,3,walking
1519421545122,1.5175679,-2.9920502,8.957002,3,walking
1519421545126,1.5654407,-2.9824755,8.937852,3,walking
1519421545130,1.5462915,-2.9633265,8.937852,3,walking
1519421545133,1.5750152,-2.972901,8.985725,3,walking
1519421545141,1.5558661,-2.972901,8.985725,3,walking
1519421545145,1.5271424,-2.9824755,9.062322,3,walking
1519421545149,1.5367169,-3.020774,9.052747,3,walking
1519421545152,1.4792696,-3.078221,9.052747,3,walking
1519421545156,1.4601204,-3.0494976,9.043172,3,walking
1519421545160,1.4218222,-3.0494976,9.004874,3,walking
1519421545164,1.383524,-3.020774,8.995299,3,walking
1519421545167,1.3930986,-3.0303483,8.928278,3,walking
1519421545171,1.3643749,-2.9441774,8.918703,3,walking
1519421545175,1.3739494,-2.9250283,8.918703,3,walking
1519421545179,1.3452257,-2.88673,8.957002,3,walking
1519421545182,1.3260766,-2.8963046,8.995299,3,walking
1519421545186,1.2877784,-2.8963046,9.024023,3,walking
1519421545190,1.3069274,-2.8580062,9.18679,3,walking
1519421545194,1.3260766,-2.7814097,9.301685,3,walking
1519421545197,1.383524,-2.7814097,9.301685,3,walking
1519421545201,1.4601204,-2.819708,9.301685,3,walking
1519421545205,1.5271424,-2.88673,9.2825365,3,walking
1519421545209,1.5462915,-2.9633265,9.167642,3,walking
1519421545212,1.4984187,-3.0016246,9.148493,3,walking
1519421545216,1.5175679,-3.0111992,9.177217,3,walking
1519421545220,1.5175679,-3.020774,9.225089,3,walking
1519421545224,1.5367169,-3.0016246,9.2825365,3,walking
1519421545228,1.5558661,-3.0016246,9.31126,3,walking
1519421545231,1.5845897,-2.8963046,9.320834,3,walking
1519421545235,1.5271424,-2.8292825,9.301685,3,walking
1519421545239,1.469695,-2.7622607,9.234664,3,walking
1519421545243,1.3452257,-2.7622607,9.196365,3,walking
1519421545246,1.3069274,-2.752686,9.158067,3,walking
1519421545250,1.3260766,-2.8101335,9.110194,3,walking
1519421545254,1.3643749,-2.8963046,9.033598,3,walking
1519421545258,1.3930986,-2.9920502,8.985725,3,walking
1519421545261,1.383524,-3.059072,8.870831,3,walking
1519421545265,1.3643749,-3.0686467,8.794233,3,walking
1519421545269,1.3356512,-3.078221,8.765511,3,walking
1519421545273,1.3165021,-3.0494976,8.688913,3,walking
1519421545276,1.3643749,-3.0111992,8.621892,3,walking
1519421545284,1.4026731,-2.9633265,8.516571,3,walking
1519421545288,1.4984187,-2.972901,8.478273,3,walking
1519421545292,1.5367169,-3.020774,8.506997,3,walking
1519421545296,1.6037389,-3.078221,8.641041,3,walking
1519421545299,1.6133134,-3.0877957,8.746361,3,walking
1519421545303,1.5558661,-3.126094,8.957002,3,walking
1519421545307,1.5654407,-3.1356685,9.100619,3,walking
1519421545311,1.5750152,-3.1165195,9.272962,3,walking
1519421545315,1.6420372,-3.1643922,9.378282,3,walking
1519421545319,1.6516117,-3.1452432,9.512326,3,walking
1519421545323,1.6707608,-3.1356685,9.579348,3,walking
1519421545326,1.7377827,-3.1356685,9.608071,3,walking
1519421545330,1.7569319,-3.1356685,9.550624,3,walking
1519421545334,1.7186337,-3.126094,9.474028,3,walking
1519421545338,1.6899099,-3.1835413,9.435729,3,walking
1519421545342,1.6707608,-3.193116,9.368708,3,walking
1519421545346,1.6516117,-3.2409887,9.244238,3,walking
1519421545350,1.6611862,-3.3175852,9.18679,3,walking
1519421545353,1.7569319,-3.3367343,9.129343,3,walking
1519421545357,1.8143792,-3.3558834,9.091045,3,walking
1519421545361,1.8526775,-3.2888615,9.119769,3,walking
1519421545365,1.8718265,-3.193116,9.138918,3,walking
1519421545369,1.8718265,-3.126094,9.177217,3,walking
1519421545373,1.8718265,-3.059072,9.177217,3,walking
1519421545377,1.8718265,-2.9920502,9.110194,3,walking
1519421545380,1.8526775,-2.9537518,9.119769,3,walking
1519421545384,1.8239537,-2.8963046,9.033598,3,walking
1519421545388,1.8335283,-2.88673,9.004874,3,walking
1519421545392,1.7856555,-2.9154537,8.957002,3,walking
1519421545396,1.8239537,-2.9154537,8.937852,3,walking
1519421545400,1.79523,-2.9537518,8.928278,3,walking
1519421545403,1.8143792,-2.9346027,8.918703,3,walking
1519421545407,1.862252,-3.0016246,8.832532,3,walking
1519421545411,1.8143792,-3.0494976,8.813383,3,walking
1519421545415,1.79523,-3.0877957,8.803808,3,walking
1519421545419,1.8048047,-3.1548176,8.755936,3,walking
1519421545427,1.7665064,-3.193116,8.736787,3,walking
1519421545430,1.7569319,-3.2218397,8.698488,3,walking
1519421545434,1.7569319,-3.2505634,8.765511,3,walking
1519421545438,1.7569319,-3.2697124,8.794233,3,walking
1519421545442,1.6899099,-3.2601378,8.832532,3,walking
1519421545445,1.6994845,-3.2409887,8.870831,3,walking
1519421545449,1.6611862,-3.1835413,8.928278,3,walking
1519421545453,1.6420372,-3.2026904,8.957002,3,walking
1519421545457,1.622888,-3.173967,9.024023,3,walking
1519421545460,1.6324625,-3.1643922,9.004874,3,walking
1519421545464,1.6420372,-3.212265,9.024023,3,walking
1519421545468,1.6611862,-3.2505634,9.004874,3,walking
1519421545472,1.5941644,-3.2409887,9.052747,3,walking
1519421545475,1.5558661,-3.2601378,8.985725,3,walking
1519421545479,1.6420372,-3.3080106,8.995299,3,walking
1519421545483,1.6420372,-3.3080106,8.947427,3,walking
1519421545487,1.6133134,-3.3558834,8.9761505,3,walking
1519421545490,1.6037389,-3.4133308,8.995299,3,walking
1519421545494,1.5845897,-3.4133308,9.033598,3,walking
1519421545498,1.5941644,-3.4037561,9.062322,3,walking
1519421545502,1.5941644,-3.3558834,9.0814705,3,walking
1519421545505,1.6037389,-3.346309,9.100619,3,walking
1519421545509,1.5941644,-3.3271596,9.138918,3,walking
1519421545513,1.5941644,-3.3080106,9.148493,3,walking
1519421545517,1.5845897,-3.2218397,9.167642,3,walking
1519421545520,1.5750152,-3.2026904,9.148493,3,walking
1519421545524,1.5845897,-3.212265,9.138918,3,walking
1519421545528,1.5845897,-3.193116,9.071896,3,walking
1519421545532,1.5654407,-3.2026904,9.119769,3,walking
1519421545535,1.5845897,-3.231414,9.119769,3,walking
1519421545539,1.6133134,-3.2218397,9.091045,3,walking
1519421545543,1.622888,-3.2409887,9.100619,3,walking
1519421545547,1.6420372,-3.2792869,9.110194,3,walking
1519421545550,1.622888,-3.2792869,9.100619,3,walking
1519421545558,1.6133134,-3.3080106,9.100619,3,walking
1519421545562,1.6707608,-3.2601378,9.0814705,3,walking
1519421545566,1.6803354,-3.2792869,9.091045,3,walking
1519421545569,1.6803354,-3.3080106,9.0814705,3,walking
1519421545573,1.709059,-3.2984362,9.0814705,3,walking
1519421545577,1.7665064,-3.3175852,9.100619,3,walking
1519421545581,1.7856555,-3.3271596,9.110194,3,walking
1519421545585,1.7665064,-3.3558834,9.043172,3,walking
1519421545589,1.8048047,-3.4037561,9.024023,3,walking
1519421545592,1.8143792,-3.3941817,8.995299,3,walking
1519421545596,1.8335283,-3.3941817,8.957002,3,walking
1519421545600,1.8143792,-3.3367343,8.9761505,3,walking
1519421545604,1.8143792,-3.3175852,8.985725,3,walking
1519421545608,1.8143792,-3.2792869,9.024023,3,walking
1519421545612,1.8143792,-3.231414,9.043172,3,walking
1519421545615,1.8143792,-3.2026904,9.0814705,3,walking
1519421545619,1.776081,-3.1835413,9.091045,3,walking
1519421545623,1.7282082,-3.173967,9.0814705,3,walking
1519421545627,1.7186337,-3.1356685,9.052747,3,walking
1519421545631,1.7282082,-3.1548176,9.033598,3,walking
1519421545635,1.7856555,-3.212265,8.9761505,3,walking
1519421545638,1.8143792,-3.2409887,8.937852,3,walking
1519421545642,1.7856555,-3.2505634,8.899554,3,walking
1519421545646,1.7856555,-3.2505634,8.880404,3,walking
1519421545650,1.7856555,-3.2792869,8.889979,3,walking
1519421545654,1.8048047,-3.2792869,8.909128,3,walking
1519421545658,1.776081,-3.2409887,8.966576,3,walking
1519421545661,1.7665064,-3.2505634,8.937852,3,walking
1519421545665,1.7856555,-3.193116,8.985725,3,walking
1519421545669,1.776081,-3.2409887,9.024023,3,walking
1519421545673,1.776081,-3.2601378,9.043172,3,walking
1519421545677,1.7473572,-3.2409887,9.033598,3,walking
1519421545681,1.7569319,-3.231414,9.071896,3,walking
1519421545684,1.7473572,-3.231414,9.0814705,3,walking
1519421545688,1.7282082,-3.212265,9.062322,3,walking
1519421545696,1.7282082,-3.193116,9.129343,3,walking
1519421545700,1.7665064,-3.1643922,9.110194,3,walking
1519421545704,1.7473572,-3.1643922,9.0814705,3,walking
1519421545708,1.7282082,-3.1643922,9.071896,3,walking
1519421545711,1.7186337,-3.1356685,9.024023,3,walking
1519421545715,1.6803354,-3.126094,9.004874,3,walking
1519421545719,1.6994845,-3.1069448,8.957002,3,walking
1519421545723,1.6994845,-3.0877957,8.928278,3,walking
1519421545727,1.7282082,-3.1452432,8.899554,3,walking
1519421545731,1.7282082,-3.1356685,8.889979,3,walking
1519421545735,1.7282082,-3.1069448,8.918703,3,walking
1519421545739,1.7282082,-3.126094,8.928278,3,walking
1519421545742,1.6994845,-3.1069448,8.937852,3,walking
1519421545746,1.709059,-3.1165195,8.995299,3,walking
1519421545750,1.6899099,-3.078221,8.995299,3,walking
1519421545754,1.6803354,-3.0686467,8.985725,3,walking
1519421545758,1.7186337,-3.059072,9.004874,3,walking
1519421545762,1.7377827,-3.0494976,9.004874,3,walking
1519421545766,1.7282082,-3.0973704,8.918703,3,walking
1519421545770,1.7282082,-3.126094,8.909128,3,walking
1519421545773,1.7569319,-3.1643922,8.880404,3,walking
1519421545777,1.7569319,-3.1835413,8.889979,3,walking
1519421545781,1.776081,-3.2409887,8.928278,3,walking
1519421545785,1.7856555,-3.2601378,8.909128,3,walking
1519421545789,1.7665064,-3.2697124,8.899554,3,walking
1519421545793,1.7473572,-3.2601378,8.947427,3,walking
1519421545797,1.7186337,-3.212265,8.957002,3,walking
1519421545800,1.7377827,-3.1356685,8.937852,3,walking
1519421545804,1.7186337,-3.0877957,8.947427,3,walking
1519421545808,1.6611862,-3.0494976,8.966576,3,walking
1519421545812,1.6803354,-2.9920502,8.918703,3,walking
1519421545816,1.6611862,-2.9824755,8.909128,3,walking
1519421545820,1.6611862,-2.9633265,8.880404,3,walking
1519421545824,1.6707608,-3.0016246,8.842107,3,walking
1519421545828,1.6899099,-3.059072,8.794233,3,walking
1519421545831,1.6994845,-3.1069448,8.755936,3,walking
1519421545839,1.709059,-3.1165195,8.794233,3,walking
1519421545843,1.6994845,-3.173967,8.765511,3,walking
1519421545847,1.7282082,-3.1835413,8.794233,3,walking
1519421545850,1.7473572,-3.1643922,8.813383,3,walking
1519421545854,1.7856555,-3.1643922,8.832532,3,walking
1519421545858,1.776081,-3.126094,8.851681,3,walking
1519421545862,1.776081,-3.1165195,8.899554,3,walking
1519421545865,1.8335283,-3.126094,8.899554,3,walking
1519421545869,1.7856555,-3.1165195,8.899554,3,walking
1519421545873,1.8239537,-3.0973704,8.889979,3,walking
1519421545877,1.776081,-3.078221,8.9761505,3,walking
1519421545880,1.7856555,-3.0973704,8.957002,3,walking
1519421545884,1.7856555,-3.1069448,8.957002,3,walking
1519421545888,1.776081,-3.126094,8.947427,3,walking
1519421545892,1.7856555,-3.1356685,8.889979,3,walking
1519421545895,1.7377827,-3.1643922,8.909128,3,walking
1519421545899,1.7282082,-3.1835413,8.947427,3,walking
1519421545903,1.7282082,-3.193116,8.937852,3,walking
1519421545907,1.7377827,-3.231414,8.957002,3,walking
1519421545910,1.7186337,-3.231414,8.909128,3,walking
1519421545914,1.6994845,-3.2697124,8.9761505,3,walking
1519421545918,1.7186337,-3.2409887,8.918703,3,walking
1519421545922,1.7282082,-3.2026904,8.995299,3,walking
1519421545925,1.709059,-3.173967,9.043172,3,walking
1519421545929,1.709059,-3.126094,9.100619,3,walking
1519421545933,1.7377827,-3.1069448,9.148493,3,walking
1519421545937,1.7473572,-3.0973704,9.18679,3,walking
1519421545940,1.7665064,-3.078221,9.167642,3,walking
1519421545944,1.8048047,-3.0686467,9.215514,3,walking
1519421545948,1.8048047,-3.078221,9.234664,3,walking
1519421545952,1.8143792,-3.1165195,9.20594,3,walking
1519421545955,1.8048047,-3.126094,9.148493,3,walking
1519421545959,1.8048047,-3.1643922,9.119769,3,walking
1519421545963,1.7856555,-3.1548176,9.0814705,3,walking
1519421545967,1.7665064,-3.1356685,9.062322,3,walking
1519421545974,1.7665064,-3.1069448,9.052747,3,walking
1519421545978,1.7665064,-3.126094,8.995299,3,walking
1519421545982,1.7186337,-3.078221,8.9761505,3,walking
1519421545986,1.7377827,-3.0973704,8.985725,3,walking
1519421545990,1.7473572,-3.1165195,9.004874,3,walking
1519421545993,1.7473572,-3.126094,8.9761505,3,walking
1519421545997,1.7473572,-3.1643922,8.9761505,3,walking
1519421546001,1.776081,-3.1452432,9.024023,3,walking
1519421546005,1.7473572,-3.1452432,9.052747,3,walking
1519421546009,1.7473572,-3.1643922,9.062322,3,walking
1519421546013,1.79523,-3.173967,9.071896,3,walking
1519421546017,1.7473572,-3.193116,9.071896,3,walking
1519421546020,1.7569319,-3.1643922,9.091045,3,walking
1519421546024,1.7569319,-3.173967,9.091045,3,walking
1519421546028,1.7856555,-3.1356685,9.119769,3,walking
1519421546032,1.8143792,-3.1356685,9.0814705,3,walking
1519421546036,1.8431029,-3.1356685,9.100619,3,walking
1519421546040,1.862252,-3.1165195,9.0814705,3,walking
1519421546044,1.8335283,-3.1548176,9.110194,3,walking
1519421546047,1.8143792,-3.1643922,9.100619,3,walking
1519421546051,1.8143792,-3.1548176,9.129343,3,walking
1519421546055,1.8048047,-3.1548176,9.091045,3,walking
1519421546059,1.8048047,-3.1643922,9.062322,3,walking
1519421546063,1.79523,-3.1452432,9.024023,3,walking
1519421546067,1.79523,-3.1356685,9.0814705,3,walking
1519421546070,1.8048047,-3.1165195,9.100619,3,walking
1519421546074,1.7665064,-3.0973704,9.043172,3,walking
1519421546078,1.79523,-3.1356685,9.024023,3,walking
1519421546082,1.776081,-3.126094,8.995299,3,walking
1519421546086,1.7569319,-3.126094,8.966576,3,walking
1519421546090,1.776081,-3.126094,8.9761505,3,walking
1519421546094,1.7569319,-3.1356685,8.957002,3,walking
1519421546097,1.7569319,-3.1069448,8.966576,3,walking
1519421546101,1.7186337,-3.0973704,8.937852,3,walking
1519421546105,1.7377827,-3.0973704,8.985725,3,walking
1519421546109,1.7186337,-3.0877957,8.957002,3,walking
1519421546117,1.6994845,-3.078221,8.947427,3,walking
1519421546120,1.6803354,-3.0877957,8.966576,3,walking
1519421546124,1.6899099,-3.059072,8.985725,3,walking
1519421546128,1.6899099,-3.0494976,9.024023,3,walking
1519421546132,1.6611862,-3.0494976,9.043172,3,walking
1519421546136,1.6611862,-3.0303483,9.071896,3,walking
1519421546139,1.6611862,-3.020774,9.071896,3,walking
1519421546143,1.6516117,-3.0303483,9.062322,3,walking
1519421546147,1.6899099,-3.0303483,9.110194,3,walking
1519421546151,1.6899099,-3.020774,9.033598,3,walking
1519421546154,1.6994845,-3.0973704,9.052747,3,walking
1519421546158,1.709059,-3.1165195,9.0814705,3,walking
1519421546162,1.7282082,-3.1452432,9.0814705,3,walking
1519421546166,1.7186337,-3.1548176,9.062322,3,walking
1519421546170,1.7282082,-3.1356685,9.129343,3,walking
1519421546173,1.7473572,-3.126094,9.129343,3,walking
1519421546177,1.7665064,-3.1356685,9.138918,3,walking
1519421546181,1.7569319,-3.126094,9.148493,3,walking
1519421546185,1.7377827,-3.1452432,9.148493,3,walking
1519421546189,1.7282082,-3.173967,9.091045,3,walking
1519421546192,1.6899099,-3.173967,9.0814705,3,walking
1519421546196,1.7473572,-3.1835413,9.062322,3,walking
1519421546200,1.6899099,-3.212265,9.062322,3,walking
1519421546204,1.709059,-3.193116,9.062322,3,walking
1519421546207,1.6707608,-3.193116,9.071896,3,walking
1519421546211,1.7282082,-3.173967,9.033598,3,walking
1519421546215,1.6994845,-3.1356685,9.052747,3,walking
1519421546219,1.7377827,-3.0973704,9.0814705,3,walking
1519421546223,1.6994845,-3.0686467,9.043172,3,walking
1519421546226,1.7282082,-3.059072,9.0814705,3,walking
1519421546230,1.7186337,-3.0303483,9.091045,3,walking
1519421546234,1.6994845,-3.059072,9.091045,3,walking
1519421546238,1.709059,-3.0494976,9.033598,3,walking
1519421546241,1.6994845,-3.0494976,8.995299,3,walking
1519421546245,1.6803354,-3.0494976,8.966576,3,walking
1519421546249,1.6899099,-3.039923,8.966576,3,walking
1519421546257,1.6994845,-3.039923,8.899554,3,walking
1519421546261,1.6994845,-3.020774,8.889979,3,walking
1519421546264,1.7282082,-3.0016246,8.861256,3,walking
1519421546268,1.7569319,-3.0111992,8.842107,3,walking
1519421546272,1.7377827,-2.9633265,8.880404,3,walking
1519421546276,1.7282082,-2.9537518,8.851681,3,walking
1519421546280,1.7569319,-2.9250283,8.966576,3,walking
1519421546284,1.7569319,-2.972901,8.937852,3,walking
1519421546288,1.7569319,-3.0111992,9.004874,3,walking
1519421546292,1.7377827,-3.0686467,8.966576,3,walking
1519421546296,1.6803354,-3.0877957,9.004874,3,walking
1519421546299,1.7282082,-3.1452432,8.995299,3,walking
1519421546303,1.7186337,-3.1452432,9.043172,3,walking
1519421546307,1.709059,-3.1643922,9.043172,3,walking
1519421546311,1.6707608,-3.2026904,9.024023,3,walking
1519421546315,1.6516117,-3.1452432,9.062322,3,walking
1519421546319,1.6516117,-3.0686467,9.043172,3,walking
1519421546323,1.6611862,-3.0494976,9.071896,3,walking
1519421546327,1.6516117,-3.020774,9.043172,3,walking
1519421546330,1.6611862,-3.059072,9.062322,3,walking
1519421546334,1.6611862,-3.059072,9.0814705,3,walking
1519421546338,1.6133134,-3.059072,9.0814705,3,walking
1519421546342,1.6420372,-3.1069448,9.0814705,3,walking
1519421546346,1.6516117,-3.126094,9.052747,3,walking
1519421546350,1.622888,-3.126094,9.062322,3,walking
1519421546354,1.6420372,-3.1069448,9.033598,3,walking
1519421546358,1.6420372,-3.1069448,9.033598,3,walking
1519421546361,1.6420372,-3.126094,9.033598,3,walking
1519421546365,1.6611862,-3.1452432,9.014449,3,walking
1519421546369,1.6420372,-3.1452432,8.995299,3,walking
1519421546373,1.6420372,-3.1835413,8.947427,3,walking
1519421546377,1.6899099,-3.231414,8.928278,3,walking
1519421546381,1.6707608,-3.2888615,8.909128,3,walking
1519421546385,1.6803354,-3.3367343,8.909128,3,walking
1519421546389,1.6324625,-3.3558834,8.889979,3,walking
1519421546396,1.6420372,-3.365458,8.832532,3,walking
1519421546400,1.6324625,-3.3080106,8.813383,3,walking
1519421546404,1.6324625,-3.2601378,8.861256,3,walking
1519421546408,1.6707608,-3.2505634,8.861256,3,walking
1519421546412,1.6611862,-3.193116,8.889979,3,walking
1519421546416,1.6994845,-3.1643922,8.899554,3,walking
1519421546419,1.7282082,-3.1835413,8.947427,3,walking
1519421546423,1.7186337,-3.2026904,8.899554,3,walking
1519421546427,1.6899099,-3.2218397,8.928278,3,walking
1519421546431,1.6899099,-3.212265,8.9761505,3,walking
1519421546435,1.6516117,-3.212265,8.985725,3,walking
1519421546439,1.6420372,-3.2218397,8.985725,3,walking
1519421546442,1.5845897,-3.1835413,8.985725,3,walking
1519421546446,1.5845897,-3.173967,8.985725,3,walking
1519421546450,1.5462915,-3.1643922,8.947427,3,walking
1519421546454,1.5462915,-3.1643922,8.937852,3,walking
1519421546458,1.5750152,-3.1643922,8.937852,3,walking
1519421546461,1.5654407,-3.0877957,8.947427,3,walking
1519421546465,1.622888,-3.0877957,8.928278,3,walking
1519421546469,1.6803354,-3.059072,8.947427,3,walking
1519421546473,1.6899099,-2.9824755,8.937852,3,walking
1519421546477,1.6994845,-2.9633265,8.957002,3,walking
1519421546481,1.7665064,-2.9346027,9.004874,3,walking
1519421546484,1.7569319,-2.9537518,8.995299,3,walking
1519421546488,1.7665064,-2.9346027,9.024023,3,walking
1519421546492,1.776081,-2.9633265,9.043172,3,walking
1519421546496,1.7856555,-2.9441774,9.110194,3,walking
1519421546500,1.8143792,-3.0016246,9.119769,3,walking
1519421546504,1.79523,-2.9920502,9.100619,3,walking
1519421546507,1.8048047,-2.9633265,9.148493,3,walking
1519421546511,1.8143792,-2.9633265,9.110194,3,walking
1519421546515,1.8143792,-2.9824755,9.100619,3,walking
1519421546519,1.8048047,-3.0111992,9.062322,3,walking
1519421546523,1.8048047,-3.039923,9.052747,3,walking
1519421546527,1.776081,-3.0303483,9.033598,3,walking
1519421546530,1.7569319,-3.059072,8.985725,3,walking
1519421546538,1.7665064,-3.059072,8.966576,3,walking
1519421546542,1.7665064,-3.0494976,8.957002,3,walking
1519421546546,1.7569319,-3.0686467,9.004874,3,walking
1519421546550,1.7569319,-3.039923,8.985725,3,walking
1519421546554,1.7473572,-3.0303483,9.024023,3,walking
1519421546558,1.7377827,-3.0111992,9.024023,3,walking
1519421546561,1.7377827,-3.0016246,9.033598,3,walking
1519421546565,1.7665064,-3.0016246,9.052747,3,walking
1519421546569,1.7186337,-3.0494976,9.062322,3,walking
1519421546573,1.7282082,-3.059072,9.100619,3,walking
1519421546577,1.7282082,-3.1165195,9.091045,3,walking
1519421546581,1.7186337,-3.126094,9.119769,3,walking
1519421546585,1.6899099,-3.1835413,9.110194,3,walking
1519421546589,1.6994845,-3.1548176,9.119769,3,walking
1519421546592,1.6516117,-3.1643922,9.148493,3,walking
1519421546596,1.622888,-3.1069448,9.18679,3,walking
1519421546600,1.6324625,-3.078221,9.196365,3,walking
1519421546604,1.6324625,-3.0111992,9.215514,3,walking
1519421546608,1.6516117,-2.9920502,9.244238,3,walking
1519421546612,1.6611862,-2.9920502,9.234664,3,walking
1519421546616,1.6420372,-2.9920502,9.215514,3,walking
1519421546619,1.6324625,-2.9920502,9.177217,3,walking
1519421546623,1.6803354,-2.972901,9.215514,3,walking
1519421546627,1.6516117,-3.0016246,9.18679,3,walking
1519421546631,1.6707608,-2.9824755,9.167642,3,walking
1519421546635,1.6899099,-3.0111992,9.100619,3,walking
1519421546639,1.6803354,-3.0303483,9.119769,3,walking
1519421546643,1.6707608,-3.059072,9.138918,3,walking
1519421546647,1.6899099,-3.020774,9.110194,3,walking
1519421546650,1.6803354,-3.0111992,9.043172,3,walking
1519421546654,1.6707608,-3.0111992,9.052747,3,walking
1519421546662,1.6994845,-3.020774,9.024023,3,walking
1519421546666,1.6899099,-2.9920502,9.014449,3,walking
1519421546670,1.6899099,-2.9824755,9.033598,3,walking
1519421546674,1.6707608,-2.9920502,9.014449,3,walking
1519421546677,1.6899099,-3.0111992,9.004874,3,walking
1519421546681,1.7282082,-3.039923,9.024023,3,walking
1519421546685,1.6803354,-3.078221,8.966576,3,walking
1519421546689,1.6899099,-3.0973704,8.985725,3,walking
1519421546693,1.6516117,-3.1069448,8.966576,3,walking
1519421546697,1.6803354,-3.0877957,8.9761505,3,walking
1519421546701,1.709059,-3.059072,9.043172,3,walking
1519421546704,1.7282082,-3.0686467,9.052747,3,walking
1519421546708,1.7473572,-3.0303483,9.071896,3,walking
1519421546712,1.7569319,-3.0303483,9.110194,3,walking
1519421546716,1.776081,-3.0111992,9.110194,3,walking
1519421546720,1.7665064,-3.039923,9.129343,3,walking
1519421546724,1.7569319,-3.0494976,9.138918,3,walking
1519421546728,1.7186337,-3.078221,9.129343,3,walking
1519421546731,1.7665064,-3.0877957,9.071896,3,walking
1519421546735,1.776081,-3.1165195,9.033598,3,walking
1519421546739,1.7856555,-3.1452432,9.014449,3,walking
1519421546743,1.7856555,-3.1165195,8.995299,3,walking
1519421546747,1.7856555,-3.126094,8.995299,3,walking
1519421546751,1.7569319,-3.1356685,8.966576,3,walking
1519421546755,1.79523,-3.126094,9.004874,3,walking
1519421546758,1.7473572,-3.1069448,9.004874,3,walking
1519421546762,1.7282082,-3.078221,9.033598,3,walking
1519421546766,1.7282082,-3.0494976,8.9761505,3,walking
1519421546770,1.7282082,-3.0111992,8.957002,3,walking
1519421546774,1.7473572,-3.039923,8.966576,3,walking
1519421546778,1.7282082,-3.0303483,8.918703,3,walking
1519421546782,1.7377827,-3.0494976,8.947427,3,walking
1519421546785,1.7473572,-3.039923,8.909128,3,walking
1519421546789,1.6899099,-3.0877957,8.899554,3,walking
1519421546797,1.6994845,-3.078221,8.918703,3,walking
1519421546801,1.6994845,-3.059072,8.889979,3,walking
1519421546804,1.6803354,-3.0877957,8.870831,3,walking
1519421546808,1.6707608,-3.0686467,8.851681,3,walking
1519421546812,1.709059,-3.0686467,8.870831,3,walking
1519421546816,1.6707608,-3.059072,8.899554,3,walking
1519421546820,1.709059,-3.0877957,8.928278,3,walking
1519421546823,1.6899099,-3.0686467,8.899554,3,walking
1519421546827,1.7186337,-3.1069448,8.937852,3,walking
1519421546831,1.6994845,-3.1165195,8.957002,3,walking
1519421546835,1.7282082,-3.1165195,8.985725,3,walking
1519421546838,1.6899099,-3.1452432,9.024023,3,walking
1519421546842,1.7377827,-3.1548176,9.062322,3,walking
1519421546846,1.6899099,-3.1356685,9.062322,3,walking
1519421546850,1.6803354,-3.1165195,9.062322,3,walking
1519421546854,1.6707608,-3.1165195,9.014449,3,walking
1519421546857,1.709059,-3.1165195,9.024023,3,walking
1519421546861,1.7473572,-3.0877957,9.014449,3,walking
1519421546865,1.7473572,-3.1165195,9.024023,3,walking
1519421546869,1.7473572,-3.1165195,9.004874,3,walking
1519421546872,1.7377827,-3.1069448,9.004874,3,walking
1519421546876,1.7473572,-3.1452432,9.004874,3,walking
1519421546880,1.7282082,-3.173967,8.985725,3,walking
1519421546884,1.7377827,-3.2026904,8.966576,3,walking
1519421546888,1.7569319,-3.2026904,9.004874,3,walking
1519421546891,1.7473572,-3.212265,9.024023,3,walking
1519421546895,1.7186337,-3.212265,8.995299,3,walking
1519421546899,1.7377827,-3.2026904,8.995299,3,walking
1519421546903,1.7569319,-3.2026904,8.9761505,3,walking
1519421546906,1.7473572,-3.193116,9.043172,3,walking
1519421546910,1.7377827,-3.173967,9.033598,3,walking
1519421546914,1.7569319,-3.1643922,9.024023,3,walking
1519421546918,1.7569319,-3.1452432,9.014449,3,walking
1519421546922,1.7473572,-3.1165195,9.043172,3,walking
1519421546925,1.7569319,-3.126094,9.014449,3,walking
1519421546929,1.7665064,-3.126094,8.966576,3,walking
1519421546933,1.7569319,-3.1165195,8.918703,3,walking
1519421546940,1.7665064,-3.1069448,8.928278,3,walking
1519421546944,1.776081,-3.078221,8.947427,3,walking
1519421546948,1.7665064,-3.0494976,8.957002,3,walking
1519421546952,1.7569319,-3.0686467,8.928278,3,walking
1519421546955,1.7473572,-3.059072,8.928278,3,walking
1519421546959,1.7282082,-3.039923,8.947427,3,walking
1519421546963,1.7377827,-3.059072,8.957002,3,walking
1519421546966,1.6899099,-3.0303483,8.985725,3,walking
1519421546970,1.6994845,-3.0494976,8.985725,3,walking
1519421546974,1.7377827,-3.0494976,8.937852,3,walking
1519421546978,1.7377827,-3.078221,8.928278,3,walking
1519421546981,1.7377827,-3.1356685,8.909128,3,walking
1519421546985,1.776081,-3.1069448,8.947427,3,walking
1519421546989,1.776081,-3.1356685,8.9761505,3,walking
1519421546993,1.7856555,-3.173967,8.966576,3,walking
1519421546996,1.8143792,-3.2026904,9.004874,3,walking
1519421547000,1.8143792,-3.2218397,9.043172,3,walking
1519421547004,1.79523,-3.231414,9.052747,3,walking
1519421547007,1.79523,-3.2026904,9.043172,3,walking
1519421547011,1.8431029,-3.193116,9.110194,3,walking
1519421547015,1.8239537,-3.2026904,9.148493,3,walking
1519421547019,1.8335283,-3.2218397,9.177217,3,walking
1519421547022,1.8526775,-3.2218397,9.158067,3,walking
1519421547026,1.8909757,-3.2026904,9.0814705,3,walking
1519421547030,1.9005502,-3.1643922,9.062322,3,walking
1519421547034,1.776081,-3.1643922,9.004874,3,walking
1519421547037,1.6420372,-3.059072,8.995299,3,walking
1519421547041,1.5079932,-3.020774,9.18679,3,walking
1519421547045,1.5175679,-3.0016246,9.272962,3,walking
1519421547048,1.6037389,-3.1069448,9.368708,3,walking
1519421547052,1.7473572,-3.2409887,9.502751,3,walking
1519421547056,1.8526775,-3.3271596,9.579348,3,walking
1519421547060,1.862252,-3.3367343,9.550624,3,walking
1519421547063,1.7856555,-3.2984362,9.483603,3,walking
1519421547067,1.7377827,-3.2409887,9.579348,3,walking
1519421547075,1.6803354,-3.1452432,9.684668,3,walking
1519421547079,1.6611862,-3.1452432,9.732541,3,walking
1519421547083,1.6803354,-3.1165195,9.742115,3,walking
1519421547086,1.6133134,-3.0686467,9.732541,3,walking
1519421547090,1.6324625,-3.0686467,9.6942425,3,walking
1519421547094,1.6516117,-3.0973704,9.62722,3,walking
1519421547098,1.5750152,-3.126094,9.512326,3,walking
1519421547102,1.5941644,-3.126094,9.445304,3,walking
1519421547106,1.6037389,-3.173967,9.3878565,3,walking
1519421547110,1.6611862,-3.2026904,9.225089,3,walking
1519421547114,1.6994845,-3.2505634,9.196365,3,walking
1519421547118,1.7282082,-3.212265,9.20594,3,walking
1519421547122,1.7856555,-3.1356685,9.062322,3,walking
1519421547126,1.8526775,-3.020774,8.9761505,3,walking
1519421547129,1.9005502,-2.8963046,8.851681,3,walking
1519421547133,1.8718265,-2.714388,8.679339,3,walking
1519421547137,1.8239537,-2.494173,8.55487,3,walking
1519421547141,1.7856555,-2.2931073,8.430401,3,walking
1519421547145,1.622888,-2.1207652,8.2676325,3,walking
1519421547149,1.5079932,-2.0441687,8.047418,3,walking
1519421547153,1.3548003,-1.9196993,7.9133744,3,walking
1519421547157,1.2111819,-1.8335283,7.875076,3,walking
1519421547161,1.0675635,-1.7569319,7.7793303,3,walking
1519421547165,1.0101161,-1.8718265,7.8176284,3,walking
1519421547169,0.99096704,-2.0441687,7.8176284,3,walking
1519421547173,1.0196906,-2.3026817,7.9037995,3,walking
1519421547176,1.0675635,-2.5994933,8.018694,3,walking
1519421547180,1.0867126,-2.8580062,8.181462,3,walking
1519421547184,1.0675635,-3.0686467,8.382527,3,walking
1519421547188,1.0005416,-3.1835413,8.55487,3,walking
1519421547192,1.0101161,-3.384607,8.650616,3,walking
1519421547196,0.9622433,-3.4899273,8.842107,3,walking
1519421547200,0.9526688,-3.6239712,8.995299,3,walking
1519421547204,1.0005416,-3.7197168,9.368708,3,walking
1519421547208,1.0579889,-3.758015,9.608071,3,walking
1519421547215,1.1633091,-3.671844,9.722966,3,walking
1519421547219,1.2590547,-3.5856729,9.75169,3,walking
1519421547223,1.3356512,-3.4803526,9.866585,3,walking
1519421547227,1.4122477,-3.384607,9.85701,3,walking
1519421547231,1.4313968,-3.3080106,9.876159,3,walking
1519421547235,1.4218222,-3.2601378,9.780414,3,walking
1519421547239,1.4505459,-3.212265,9.636795,3,walking
1519421547242,1.4218222,-3.173967,9.426155,3,walking
1519421547246,1.3739494,-3.1356685,9.31126,3,walking
1519421547250,1.3356512,-3.1069448,9.18679,3,walking
1519421547254,1.3452257,-3.1356685,9.158067,3,walking
1519421547258,1.3356512,-3.1548176,9.091045,3,walking
1519421547262,1.3548003,-3.212265,9.014449,3,walking
1519421547266,1.4218222,-3.2697124,8.995299,3,walking
1519421547269,1.5079932,-3.3750327,8.937852,3,walking
1519421547273,1.5175679,-3.3941817,8.870831,3,walking
1519421547277,1.5845897,-3.3558834,8.861256,3,walking
1519421547281,1.5654407,-3.2697124,8.784659,3,walking
1519421547285,1.5654407,-3.1356685,8.813383,3,walking
1519421547289,1.5558661,-3.0494976,8.727212,3,walking
1519421547293,1.5845897,-2.905879,8.736787,3,walking
1519421547296,1.6803354,-2.905879,8.822957,3,walking
1519421547300,1.6803354,-2.905879,8.851681,3,walking
1519421547304,1.776081,-2.9154537,8.822957,3,walking
1519421547308,1.8048047,-3.020774,8.928278,3,walking
1519421547312,1.8239537,-3.0111992,8.909128,3,walking
1519421547316,1.79523,-3.020774,8.870831,3,walking
1519421547320,1.7377827,-2.9633265,8.909128,3,walking
1519421547323,1.79523,-2.9920502,8.918703,3,walking
1519421547327,1.8335283,-3.0111992,8.957002,3,walking
1519421547331,1.79523,-2.9441774,8.9761505,3,walking
1519421547335,1.8814012,-2.9824755,9.091045,3,walking
1519421547339,1.9101248,-3.0111992,9.091045,3,walking
1519421547343,1.9196993,-2.972901,9.129343,3,walking
1519421547347,1.9675722,-3.0303483,9.119769,3,walking
1519421547350,1.9675722,-2.9633265,9.18679,3,walking
1519421547358,2.0058703,-2.972901,9.215514,3,walking
1519421547362,2.034594,-2.9346027,9.196365,3,walking
1519421547366,2.015445,-2.8292825,9.177217,3,walking
1519421547369,2.0824668,-2.7909844,9.18679,3,walking
1519421547373,2.0250196,-2.7431116,9.177217,3,walking
1519421547377,2.0920415,-2.7431116,9.18679,3,walking
1519421547381,2.0537431,-2.7431116,9.234664,3,walking
1519421547385,2.101616,-2.733537,9.301685,3,walking
1519421547388,2.0824668,-2.752686,9.272962,3,walking
1519421547392,2.1207652,-2.7718353,9.234664,3,walking
1519421547396,2.1207652,-2.800559,9.196365,3,walking
1519421547400,2.0920415,-2.867581,9.167642,3,walking
1519421547404,2.0920415,-2.8963046,9.177217,3,walking
1519421547407,2.0920415,-2.9537518,9.129343,3,walking
1519421547411,2.015445,-2.9920502,9.119769,3,walking
1519421547415,1.9962958,-2.972901,9.119769,3,walking
1519421547419,1.9579976,-2.9920502,9.062322,3,walking
1519421547422,1.9101248,-2.9537518,9.062322,3,walking
1519421547426,1.929274,-2.9154537,9.033598,3,walking
1519421547430,1.8909757,-2.8580062,8.985725,3,walking
1519421547434,1.8814012,-2.8101335,8.937852,3,walking
1519421547438,1.9101248,-2.800559,8.899554,3,walking
1519421547441,1.9196993,-2.7718353,8.7750845,3,walking
1519421547445,1.929274,-2.800559,8.688913,3,walking
1519421547449,1.929274,-2.8580062,8.602742,3,walking
1519421547453,1.8718265,-2.9250283,8.698488,3,walking
1519421547457,1.6324625,-2.9537518,8.784659,3,walking
1519421547460,1.4122477,-2.8292825,8.717637,3,walking
1519421547464,1.3739494,-2.6760898,9.004874,3,walking
1519421547468,1.4122477,-2.6377914,9.263388,3,walking
1519421547472,1.5462915,-2.7909844,9.31126,3,walking
1519421547475,1.6516117,-3.0686467,9.493176,3,walking
1519421547479,1.7282082,-3.3175852,9.560199,3,walking
1519421547483,1.6516117,-3.4803526,9.464453,3,walking
1519421547487,1.4888442,-3.518651,9.41658,3,walking
1519421547491,1.4409714,-3.5665238,9.474028,3,walking
1519421547498,1.4313968,-3.5569491,9.598496,3,walking
1519421547502,1.4984187,-3.5282254,9.732541,3,walking
1519421547506,1.6037389,-3.4037561,9.7899885,3,walking
1519421547510,1.6420372,-3.3750327,9.780414,3,walking
1519421547514,1.6611862,-3.3080106,9.7899885,3,walking
1519421547518,1.6994845,-3.231414,9.761265,3,walking
1519421547522,1.7377827,-3.193116,9.7899885,3,walking
1519421547525,1.7282082,-3.2218397,9.713391,3,walking
1519421547529,1.776081,-3.231414,9.665519,3,walking
1519421547533,1.7856555,-3.2888615,9.569773,3,walking
1519421547537,1.8048047,-3.2984362,9.512326,3,walking
1519421547541,1.8048047,-3.2697124,9.426155,3,walking
1519421547545,1.79523,-3.212265,9.378282,3,walking
1519421547549,1.8048047,-3.1643922,9.330409,3,walking
1519421547553,1.8814012,-3.1548176,9.253813,3,walking
1519421547557,1.9579976,-3.1165195,9.0814705,3,walking
1519421547560,2.0058703,-2.9920502,8.966576,3,walking
1519421547564,2.0058703,-2.800559,8.679339,3,walking
1519421547568,1.9579976,-2.494173,8.487848,3,walking
1519421547572,1.8814012,-2.2260852,8.229335,3,walking
1519421547576,1.7856555,-1.9388485,8.076141,3,walking
1519421547580,1.6133134,-1.6611862,7.9708214,3,walking
1519421547584,1.4218222,-1.4409714,7.8655014,3,walking
1519421547588,1.2590547,-1.2877784,7.846352,3,walking
1519421547591,1.0484143,-1.2399056,7.8655014,3,walking
1519421547595,0.8952214,-1.3452257,7.9037995,3,walking
1519421547599,0.83777404,-1.7186337,8.056993,3,walking
1519421547603,0.9718179,-2.3026817,8.104865,3,walking
1519421547607,1.0101161,-2.8484318,8.210186,3,walking
1519421547611,1.0962871,-3.2409887,8.363379,3,walking
1519421547615,1.1633091,-3.5378,8.564445,3,walking
1519421547619,1.1633091,-3.758015,8.717637,3,walking
1519421547623,1.1920328,-3.8154624,8.918703,3,walking
1519421547626,1.1537346,-3.8058877,9.138918,3,walking
1519421547630,1.1728836,-3.7292912,9.502751,3,walking
1519421547638,1.2973529,-3.6814184,9.713391,3,walking
1519421547642,1.4122477,-3.6431203,9.85701,3,walking
1519421547645,1.5175679,-3.604822,9.933606,3,walking
1519421547649,1.5750152,-3.4899273,9.943181,3,walking
1519421547653,1.6324625,-3.384607,9.8953085,3,walking
1519421547657,1.6611862,-3.2697124,9.847435,3,walking
1519421547661,1.6611862,-3.2409887,9.799562,3,walking
1519421547664,1.6420372,-3.1643922,9.742115,3,walking
1519421547668,1.6516117,-3.1356685,9.655944,3,walking
1519421547672,1.6707608,-3.1165195,9.512326,3,walking
1519421547676,1.6899099,-3.1069448,9.397431,3,walking
1519421547679,1.7377827,-3.059072,9.330409,3,walking
1519421547683,1.7856555,-3.0303483,9.234664,3,walking
1519421547687,1.776081,-2.9633265,9.119769,3,walking
1519421547691,1.7569319,-2.88673,9.0814705,3,walking
1519421547694,1.7377827,-2.800559,9.004874,3,walking
1519421547698,1.6994845,-2.7718353,8.9761505,3,walking
1519421547702,1.6803354,-2.733537,8.947427,3,walking
1519421547706,1.6420372,-2.714388,8.937852,3,walking
1519421547710,1.6037389,-2.733537,8.966576,3,walking
1519421547713,1.5941644,-2.7239625,8.9761505,3,walking
1519421547717,1.5367169,-2.752686,8.9761505,3,walking
1519421547721,1.5558661,-2.800559,8.985725,3,walking
1519421547725,1.5941644,-2.8101335,8.966576,3,walking
1519421547728,1.6803354,-2.8580062,8.889979,3,walking
1519421547732,1.6994845,-2.88673,8.909128,3,walking
1519421547736,1.709059,-2.8484318,8.928278,3,walking
1519421547740,1.6994845,-2.8771553,8.937852,3,walking
1519421547743,1.6899099,-2.8484318,8.9761505,3,walking
1519421547747,1.7377827,-2.8292825,9.014449,3,walking
1519421547751,1.7282082,-2.7909844,8.966576,3,walking
1519421547755,1.7282082,-2.752686,8.995299,3,walking
1519421547759,1.6899099,-2.7431116,8.937852,3,walking
1519421547762,1.6707608,-2.7239625,8.909128,3,walking
1519421547766,1.6803354,-2.7431116,8.909128,3,walking
1519421547774,1.6133134,-2.7909844,8.918703,3,walking
1519421547777,1.5845897,-2.8388572,8.937852,3,walking
1519421547781,1.5654407,-2.9154537,8.9761505,3,walking
1519421547785,1.5654407,-2.9537518,8.985725,3,walking
1519421547789,1.5750152,-3.020774,8.957002,3,walking
1519421547793,1.5079932,-3.0686467,9.024023,3,walking
1519421547796,1.5175679,-3.1643922,9.052747,3,walking
1519421547800,1.5462915,-3.193116,9.091045,3,walking
1519421547804,1.5462915,-3.2409887,9.129343,3,walking
1519421547808,1.5367169,-3.2409887,9.129343,3,walking
1519421547811,1.5271424,-3.2409887,9.18679,3,walking
1519421547815,1.5654407,-3.2218397,9.196365,3,walking
1519421547819,1.5941644,-3.2218397,9.225089,3,walking
1519421547823,1.6324625,-3.2026904,9.263388,3,walking
1519421547827,1.6324625,-3.1835413,9.234664,3,walking
1519421547830,1.6803354,-3.2026904,9.234664,3,walking
1519421547834,1.6516117,-3.1452432,9.196365,3,walking
1519421547838,1.6707608,-3.126094,9.234664,3,walking
1519421547842,1.6516117,-3.0877957,9.158067,3,walking
1519421547845,1.6420372,-3.0686467,9.148493,3,walking
1519421547849,1.6611862,-3.0494976,9.0814705,3,walking
1519421547853,1.6611862,-3.039923,9.033598,3,walking
1519421547857,1.6516117,-3.020774,9.033598,3,walking
1519421547861,1.6324625,-3.0494976,9.014449,3,walking
1519421547864,1.6037389,-3.0686467,9.014449,3,walking
1519421547868,1.5845897,-3.0494976,8.995299,3,walking
1519421547872,1.5462915,-3.0686467,8.9761505,3,walking
1519421547876,1.5558661,-3.078221,8.985725,3,walking
1519421547879,1.5654407,-3.0303483,8.995299,3,walking
1519421547883,1.5654407,-3.020774,8.947427,3,walking
1519421547887,1.5367169,-2.9920502,8.995299,3,walking
1519421547891,1.5271424,-3.0016246,9.004874,3,walking
1519421547895,1.5462915,-3.020774,9.014449,3,walking
1519421547898,1.5462915,-2.9920502,8.966576,3,walking
1519421547902,1.5271424,-3.020774,9.014449,3,walking
1519421547906,1.5654407,-2.9920502,9.014449,3,walking
1519421547913,1.5271424,-3.0494976,9.024023,3,walking
1519421547917,1.5367169,-3.1165195,8.985725,3,walking
1519421547921,1.6037389,-3.1452432,9.024023,3,walking
1519421547925,1.5654407,-3.1069448,9.033598,3,walking
1519421547929,1.622888,-3.1548176,9.052747,3,walking
1519421547933,1.6324625,-3.1452432,9.062322,3,walking
1519421547936,1.622888,-3.1452432,9.033598,3,walking
1519421547940,1.6707608,-3.1452432,9.119769,3,walking
1519421547944,1.6994845,-3.1452432,9.158067,3,walking
1519421547948,1.709059,-3.1069448,9.110194,3,walking
1519421547952,1.6994845,-3.0973704,9.062322,3,walking
1519421547955,1.7186337,-3.0973704,9.110194,3,walking
1519421547959,1.6611862,-3.039923,9.138918,3,walking
1519421547963,1.6803354,-3.078221,9.177217,3,walking
1519421547967,1.6899099,-3.0303483,9.119769,3,walking
1519421547971,1.6803354,-2.972901,9.129343,3,walking
1519421547974,1.6803354,-2.9441774,9.129343,3,walking
1519421547978,1.7186337,-2.972901,9.091045,3,walking
1519421547982,1.7282082,-2.9633265,9.110194,3,walking
1519421547986,1.7377827,-2.9920502,9.091045,3,walking
1519421547990,1.709059,-2.9346027,9.071896,3,walking
1519421547993,1.7282082,-2.9633265,9.024023,3,walking
1519421547997,1.7473572,-2.9824755,9.004874,3,walking
1519421548001,1.709059,-2.9633265,8.966576,3,walking
1519421548005,1.7377827,-2.9537518,8.9761505,3,walking
1519421548009,1.7569319,-2.9824755,8.957002,3,walking
1519421548013,1.7186337,-2.972901,9.004874,3,walking
1519421548016,1.7282082,-2.9824755,9.024023,3,walking
1519421548020,1.7569319,-2.9920502,9.004874,3,walking
1519421548024,1.776081,-3.0303483,9.043172,3,walking
1519421548028,1.7665064,-2.9920502,9.071896,3,walking
1519421548032,1.6899099,-2.9920502,9.148493,3,walking
1519421548035,1.7186337,-2.9920502,9.100619,3,walking
1519421548039,1.7282082,-3.0111992,9.148493,3,walking
1519421548043,1.7186337,-3.0016246,9.158067,3,walking
1519421548047,1.7569319,-3.0111992,9.158067,3,walking
1519421548051,1.7377827,-2.9920502,9.234664,3,walking
1519421548058,1.7473572,-2.9920502,9.167642,3,walking
1519421548062,1.7377827,-2.972901,9.20594,3,walking
1519421548066,1.7282082,-2.9633265,9.158067,3,walking
1519421548070,1.7186337,-2.9441774,9.129343,3,walking
1519421548074,1.7282082,-2.9537518,9.110194,3,walking
1519421548078,1.7665064,-2.9537518,9.091045,3,walking
1519421548082,1.7665064,-2.9537518,9.071896,3,walking
1519421548085,1.7665064,-2.972901,9.0814705,3,walking
1519421548089,1.776081,-2.9920502,9.024023,3,walking
1519421548093,1.7282082,-3.0111992,9.052747,3,walking
1519421548097,1.7473572,-2.9920502,9.043172,3,walking
1519421548101,1.7569319,-2.972901,9.033598,3,walking
1519421548105,1.8335283,-2.9441774,9.071896,3,walking
1519421548109,1.79523,-2.972901,9.062322,3,walking
1519421548113,1.8048047,-2.9537518,9.110194,3,walking
1519421548117,1.7856555,-2.9537518,9.148493,3,walking
1519421548120,1.7856555,-2.9537518,9.138918,3,walking
1519421548124,1.8048047,-2.9537518,9.119769,3,walking
1519421548128,1.79523,-2.9537518,9.091045,3,walking
1519421548132,1.8143792,-2.9824755,9.138918,3,walking
1519421548136,1.776081,-3.0111992,9.0814705,3,walking
1519421548140,1.8143792,-3.0016246,9.110194,3,walking
1519421548144,1.7856555,-3.0016246,9.052747,3,walking
1519421548148,1.7856555,-3.0111992,9.033598,3,walking
1519421548152,1.79523,-3.0016246,9.004874,3,walking
1519421548155,1.8143792,-2.9920502,9.004874,3,walking
1519421548159,1.7377827,-3.0111992,8.9761505,3,walking
1519421548163,1.7665064,-2.9920502,8.947427,3,walking
1519421548167,1.7665064,-2.972901,8.985725,3,walking
1519421548171,1.7569319,-3.0111992,9.004874,3,walking
1519421548175,1.7665064,-3.020774,8.957002,3,walking
1519421548179,1.7665064,-3.0303483,8.995299,3,walking
1519421548183,1.7665064,-3.059072,8.957002,3,walking
1519421548186,1.7856555,-3.0686467,8.995299,3,walking
1519421548194,1.776081,-3.078221,9.033598,3,walking
1519421548198,1.776081,-3.059072,9.071896,3,walking
1519421548202,1.7569319,-3.0494976,9.071896,3,walking
1519421548206,1.7665064,-3.020774,9.100619,3,walking
1519421548210,1.8143792,-3.020774,9.0814705,3,walking
1519421548214,1.7473572,-2.9920502,9.062322,3,walking
1519421548218,1.8048047,-3.0111992,9.0814705,3,walking
1519421548222,1.8143792,-3.020774,9.043172,3,walking
1519421548226,1.8048047,-2.9920502,9.062322,3,walking
1519421548230,1.8239537,-2.9824755,9.052747,3,walking
1519421548234,1.79523,-2.9824755,9.0814705,3,walking
1519421548237,1.7856555,-3.0016246,9.024023,3,walking
1519421548241,1.8239537,-2.9920502,9.043172,3,walking
1519421548245,1.7282082,-2.9441774,8.957002,3,walking
1519421548249,1.7665064,-2.9346027,8.985725,3,walking
1519421548253,1.7665064,-2.9346027,9.014449,3,walking
1519421548257,1.7473572,-2.9250283,8.937852,3,walking
1519421548261,1.7473572,-2.9250283,8.995299,3,walking
1519421548265,1.6707608,-2.9346027,9.062322,3,walking
1519421548269,1.5367169,-2.9441774,9.004874,3,walking
1519421548273,1.4888442,-2.8771553,9.024023,3,walking
1519421548277,1.5079932,-2.8292825,9.215514,3,walking
1519421548281,1.5941644,-2.8388572,9.301685,3,walking
1519421548285,1.7377827,-2.9154537,9.263388,3,walking
1519421548288,1.8526775,-3.039923,9.2825365,3,walking
1519421548292,1.8431029,-3.1643922,9.196365,3,walking
1519421548296,1.7473572,-3.2026904,8.995299,3,walking
1519421548300,1.6707608,-3.231414,8.985725,3,walking
1519421548304,1.6803354,-3.212265,9.004874,3,walking
1519421548308,1.7186337,-3.1452432,9.119769,3,walking
1519421548312,1.8048047,-3.0973704,9.138918,3,walking
1519421548316,1.79523,-2.972901,9.138918,3,walking
1519421548320,1.7665064,-2.867581,9.100619,3,walking
1519421548324,1.7186337,-2.7909844,9.0814705,3,walking
1519421548332,1.6803354,-2.7622607,9.014449,3,walking
1519421548335,1.7377827,-2.7622607,8.947427,3,walking
1519421548339,1.7665064,-2.8388572,8.870831,3,walking
1519421548343,1.8143792,-2.8963046,8.851681,3,walking
1519421548347,1.8814012,-2.9346027,8.832532,3,walking
1519421548351,1.8526775,-2.9441774,8.7750845,3,walking
1519421548354,1.862252,-2.9154537,8.784659,3,walking
1519421548358,1.8239537,-2.8771553,8.851681,3,walking
1519421548362,1.7856555,-2.8484318,8.909128,3,walking
1519421548366,1.7665064,-2.8484318,8.966576,3,walking
1519421548370,1.8143792,-2.8771553,9.033598,3,walking
1519421548374,1.8048047,-2.9346027,9.052747,3,walking
1519421548377,1.79523,-2.9154537,9.091045,3,walking
1519421548381,1.7856555,-2.9346027,9.071896,3,walking
1519421548385,1.8335283,-2.972901,9.024023,3,walking
1519421548389,1.8718265,-3.0111992,8.9761505,3,walking
1519421548393,1.9005502,-3.0303483,8.995299,3,walking
1519421548397,1.9101248,-3.020774,8.995299,3,walking
1519421548400,1.8526775,-3.039923,9.033598,3,walking
1519421548404,1.8239537,-3.020774,9.043172,3,walking
1519421548408,1.8335283,-3.020774,9.091045,3,walking
1519421548412,1.8335283,-3.0016246,9.062322,3,walking
1519421548416,1.8526775,-2.9920502,9.062322,3,walking
1519421548419,1.8335283,-2.9633265,9.062322,3,walking
1519421548423,1.8239537,-2.9920502,9.043172,3,walking
1519421548427,1.8431029,-3.020774,8.985725,3,walking
1519421548431,1.862252,-3.0303483,8.9761505,3,walking
1519421548435,1.8718265,-3.039923,8.909128,3,walking
1519421548439,1.8909757,-3.020774,8.909128,3,walking
1519421548442,1.9101248,-3.020774,8.928278,3,walking
1519421548446,1.9196993,-3.020774,8.909128,3,walking
1519421548450,1.9005502,-2.9824755,8.918703,3,walking
1519421548454,1.9005502,-2.9633265,8.918703,3,walking
1519421548458,1.9101248,-2.9633265,8.957002,3,walking
1519421548462,1.929274,-2.9633265,8.9761505,3,walking
1519421548469,1.929274,-2.9441774,9.004874,3,walking
1519421548473,1.9101248,-2.9633265,8.985725,3,walking
1519421548477,1.9579976,-2.972901,9.004874,3,walking
1519421548481,2.0058703,-2.9633265,8.995299,3,walking
1519421548484,1.9962958,-2.9920502,8.995299,3,walking
1519421548488,1.9771467,-3.0111992,9.014449,3,walking
1519421548492,1.9771467,-3.020774,9.004874,3,walking
1519421548496,1.948423,-2.9920502,8.918703,3,walking
1519421548500,1.929274,-3.0686467,8.995299,3,walking
1519421548503,1.948423,-3.039923,8.966576,3,walking
1519421548507,1.9196993,-3.0494976,8.985725,3,walking
1519421548511,1.948423,-3.0686467,8.995299,3,walking
1519421548515,1.9388485,-3.0494976,9.004874,3,walking
1519421548519,1.9196993,-3.0303483,9.004874,3,walking
1519421548522,1.9196993,-3.0303483,9.024023,3,walking
1519421548526,1.9005502,-2.9824755,8.966576,3,walking
1519421548530,1.9196993,-2.972901,9.004874,3,walking
1519421548534,1.9196993,-2.9537518,8.995299,3,walking
1519421548538,1.8909757,-2.9154537,9.014449,3,walking
1519421548541,1.9101248,-2.9346027,9.004874,3,walking
1519421548545,1.948423,-3.0111992,8.966576,3,walking
1519421548549,1.9101248,-3.0111992,8.985725,3,walking
1519421548553,1.929274,-3.0877957,8.957002,3,walking
1519421548557,1.9005502,-3.0973704,8.918703,3,walking
1519421548560,1.929274,-3.1165195,8.937852,3,walking
1519421548564,1.948423,-3.1069448,8.957002,3,walking
1519421548568,1.9101248,-3.078221,8.966576,3,walking
1519421548572,1.9101248,-3.059072,8.995299,3,walking
1519421548576,1.9101248,-3.039923,8.995299,3,walking
1519421548579,1.9101248,-3.020774,8.985725,3,walking
1519421548583,1.9579976,-3.0303483,9.014449,3,walking
1519421548587,1.9196993,-3.0686467,9.043172,3,walking
1519421548591,1.9388485,-3.0686467,9.024023,3,walking
1519421548595,1.9675722,-3.1069448,9.024023,3,walking
1519421548598,1.9579976,-3.0877957,8.966576,3,walking
1519421548606,2.015445,-3.1069448,8.9761505,3,walking
1519421548610,2.0250196,-3.1069448,8.995299,3,walking
1519421548614,1.9867213,-3.1165195,8.9761505,3,walking
1519421548617,2.0058703,-3.1452432,9.014449,3,walking
1519421548621,2.0058703,-3.1643922,8.9761505,3,walking
1519421548625,2.034594,-3.1548176,9.014449,3,walking
1519421548629,2.0250196,-3.1452432,9.004874,3,walking
1519421548633,2.034594,-3.0877957,9.024023,3,walking
1519421548636,2.034594,-3.1069448,9.043172,3,walking
1519421548640,2.0537431,-3.0303483,9.004874,3,walking
1519421548644,2.0537431,-3.0686467,9.004874,3,walking
1519421548648,2.0633178,-3.039923,8.966576,3,walking
1519421548652,2.0824668,-3.0303483,8.966576,3,walking
1519421548655,2.034594,-3.020774,8.966576,3,walking
1519421548659,2.0250196,-3.020774,8.937852,3,walking
1519421548663,2.0058703,-3.0111992,8.947427,3,walking
1519421548667,2.0441687,-3.0494976,8.937852,3,walking
1519421548671,2.034594,-3.0303483,8.928278,3,walking
1519421548675,2.0537431,-3.078221,8.899554,3,walking
1519421548678,2.034594,-3.0973704,8.928278,3,walking
1519421548682,2.034594,-3.1356685,8.928278,3,walking
1519421548686,2.0633178,-3.1452432,8.957002,3,walking
1519421548690,2.0633178,-3.0877957,8.928278,3,walking
1519421548694,2.0441687,-3.0877957,8.966576,3,walking
1519421548697,2.0537431,-3.059072,8.9761505,3,walking
1519421548701,2.0441687,-3.039923,8.9761505,3,walking
1519421548705,2.0633178,-3.0303483,8.957002,3,walking
1519421548709,2.0633178,-3.0494976,8.966576,3,walking
1519421548713,2.0728924,-3.0494976,8.957002,3,walking
1519421548716,2.0537431,-3.059072,8.918703,3,walking
1519421548720,2.0537431,-3.078221,8.947427,3,walking
1519421548724,2.0058703,-3.039923,8.928278,3,walking
1519421548728,1.9962958,-3.0494976,8.889979,3,walking
1519421548732,2.0058703,-3.0686467,8.928278,3,walking
1519421548735,1.9867213,-3.0494976,8.928278,3,walking
1519421548743,2.0058703,-3.0111992,8.861256,3,walking
1519421548747,1.9962958,-3.0016246,8.880404,3,walking
1519421548750,2.034594,-2.9824755,8.832532,3,walking
1519421548754,2.0824668,-2.9633265,8.803808,3,walking
1519421548758,2.1111906,-2.972901,8.794233,3,walking
1519421548762,2.1399143,-2.9633265,8.765511,3,walking
1519421548765,2.1207652,-2.9441774,8.784659,3,walking
1519421548769,2.1782124,-2.9346027,8.736787,3,walking
1519421548773,2.149489,-2.9250283,8.746361,3,walking
1519421548777,2.1973617,-2.905879,8.717637,3,walking
1519421548781,2.2452345,-2.9154537,8.746361,3,walking
1519421548784,2.2452345,-2.88673,8.746361,3,walking
1519421548788,2.254809,-2.8963046,8.746361,3,walking
1519421548792,2.254809,-2.88673,8.755936,3,walking
1519421548796,2.2643836,-2.867581,8.746361,3,walking
1519421548799,2.2452345,-2.905879,8.736787,3,walking
1519421548803,2.254809,-2.8580062,8.708063,3,walking
1519421548807,2.3122563,-2.867581,8.736787,3,walking
1519421548811,2.3314054,-2.8484318,8.717637,3,walking
1519421548814,2.34098,-2.8484318,8.717637,3,walking
1519421548818,2.321831,-2.8580062,8.688913,3,walking
1519421548822,2.3122563,-2.800559,8.698488,3,walking
1519421548826,2.2931073,-2.819708,8.727212,3,walking
1519421548829,2.321831,-2.819708,8.727212,3,walking
1519421548833,2.3505547,-2.8292825,8.717637,3,walking
1519421548837,2.3026817,-2.819708,8.727212,3,walking
1519421548841,2.3314054,-2.800559,8.746361,3,walking
1519421548844,2.321831,-2.7718353,8.822957,3,walking
1519421548848,2.3505547,-2.752686,8.832532,3,walking
1519421548852,2.3026817,-2.7718353,8.861256,3,walking
1519421548856,2.2835326,-2.8292825,8.889979,3,walking
1519421548860,2.3026817,-2.867581,8.870831,3,walking
1519421548863,2.2739582,-2.8484318,8.889979,3,walking
1519421548867,2.3026817,-2.8580062,8.851681,3,walking
1519421548871,2.3122563,-2.8388572,8.842107,3,walking
1519421548875,2.3122563,-2.8484318,8.832532,3,walking
1519421548878,2.3122563,-2.8484318,8.851681,3,walking
1519421548882,2.2739582,-2.800559,8.822957,3,walking
1519421548890,2.2643836,-2.7909844,8.842107,3,walking
1519421548894,2.254809,-2.752686,8.851681,3,walking
1519421548897,2.254809,-2.7431116,8.870831,3,walking
1519421548901,2.2643836,-2.7239625,8.803808,3,walking
1519421548905,2.2739582,-2.7431116,8.803808,3,walking
1519421548909,2.2260852,-2.6952388,8.822957,3,walking
1519421548913,2.2452345,-2.647366,8.813383,3,walking
1519421548917,2.2260852,-2.580344,8.794233,3,walking
1519421548920,2.254809,-2.5707695,8.746361,3,walking
1519421548924,2.2643836,-2.5228968,8.717637,3,walking
1519421548928,2.254809,-2.4463003,8.650616,3,walking
1519421548932,2.2452345,-2.3888528,8.564445,3,walking
1519421548936,2.2165108,-2.3122563,8.4686985,3,walking
1519421548940,2.187787,-2.254809,8.305931,3,walking
1519421548944,2.1782124,-2.1399143,8.181462,3,walking
1519421548947,2.0920415,-1.9579976,8.037844,3,walking
1519421548951,2.1590633,-1.9101248,7.788905,3,walking
1519421548955,2.1207652,-1.8526775,7.6069884,3,walking
1519421548959,2.2452345,-1.8526775,7.4250717,3,walking
1519421548963,2.2165108,-1.862252,7.1186857,3,walking
1519421548967,2.2931073,-1.8526775,6.9654927,3,walking
1519421548971,2.3505547,-1.79523,6.7931504,3,walking
1519421548974,2.3505547,-1.7377827,6.544212,3,walking
1519421548978,2.3122563,-1.6516117,6.4197426,3,walking
1519421548982,2.3314054,-1.6324625,6.3814445,3,walking
1519421548986,2.2739582,-1.4792696,6.2665496,3,walking
1519421548990,2.321831,-1.4122477,6.151655,3,walking
1519421548994,2.2739582,-1.2590547,6.103782,3,walking
1519421548997,2.149489,-1.0962871,5.9314404,3,walking
1519421549001,2.101616,-1.0388398,5.759098,3,walking
1519421549005,2.0537431,-1.0388398,5.7016506,3,walking
1519421549009,2.015445,-1.0101161,5.6633525,3,walking
1519421549013,1.862252,-0.92394507,5.5771813,3,walking
1519421549017,1.8239537,-0.92394507,5.5484576,3,walking
1519421549024,1.6994845,-0.8473486,5.452712,3,walking
1519421549028,1.6611862,-0.8760723,5.376116,3,walking
1519421549032,1.622888,-0.9526688,5.328243,3,walking
1519421549036,1.5750152,-0.9622433,5.2707953,3,walking
1519421549039,1.4505459,-0.9622433,5.1654754,3,walking
1519421549043,1.4409714,-1.0101161,5.06973,3,walking
1519421549047,1.3356512,-1.0771381,4.916537,3,walking
1519421549051,1.3260766,-1.1633091,4.8590894,3,walking
1519421549054,1.2399056,-1.1250108,4.8973875,3,walking
1519421549058,1.1920328,-1.1633091,4.811217,3,walking
1519421549062,1.0579889,-1.0771381,4.7441945,3,walking
1519421549066,0.8952214,-1.0005416,4.6293,3,walking
1519421549069,0.6845811,-0.8760723,4.5910015,3,walking
1519421549073,0.54096264,-0.8664977,4.437809,3,walking
1519421549077,0.42606795,-0.8473486,4.4186597,3,walking
1519421549081,0.33032233,-0.8760723,4.3324885,3,walking
1519421549084,0.20585304,-0.85692316,4.2080193,3,walking
1519421549088,0.10053288,-0.85692316,4.169721,3,walking
1519421549092,0.00478728,-0.92394507,4.1122737,3,walking
1519421549096,-0.0718092,-0.90479594,4.1601467,3,walking
1519421549099,-0.13883112,-0.98139244,4.131423,3,walking
1519421549103,-0.27287498,-1.0388398,4.2558923,3,walking
1519421549107,-0.44521707,-1.1824582,4.5239797,3,walking
1519421549111,-0.6845811,-1.3643749,4.9452605,3,walking
1519421549114,-0.93351966,-1.6611862,5.567607,3,walking
1519421549118,-1.2494801,-1.9962958,6.486765,3,walking
1519421549122,-1.6803354,-2.2356598,7.310177,3,walking
1519421549126,-2.0920415,-2.3888528,7.9516726,3,walking
1519421549129,-2.4654493,-2.6569405,8.516571,3,walking
1519421549133,-2.7814097,-2.7239625,8.66019,3,walking
1519421549137,-3.0111992,-2.8101335,8.526146,3,walking
1519421549141,-3.2505634,-2.8484318,8.439975,3,walking
1519421549145,-3.4707782,-3.020774,8.430401,3,walking
1519421549148,-3.5282254,-3.2792869,8.420826,3,walking
1519421549152,-3.4803526,-3.6239712,8.593168,3,walking
1519421549156,-3.499502,-3.911208,8.5740185,3,walking
1519421549160,-3.2888615,-4.322914,8.439975,3,walking
1519421549163,-3.0973704,-4.772918,8.363379,3,walking
1519421549171,-2.7239625,-5.1654754,7.6069884,3,walking
1519421549175,-2.9154537,-4.782493,7.7984796,3,walking
1519421549179,-2.475024,-4.5718527,7.741032,3,walking
1519421549182,-2.9346027,-3.6622694,7.6261373,3,walking
1519421549186,-3.4037561,-2.9633265,5.806971,3,walking
1519421549190,-3.6622694,-2.5994933,5.806971,3,walking
1519421549194,-4.1601467,-1.948423,6.0080366,3,walking
1519421549198,-4.2654667,-1.5271424,3.997379,3,walking
1519421549202,-4.2558923,-1.2207564,2.187787,3,walking
1519421549206,-4.6771727,-0.6558574,1.1537346,3,walking
1519421549209,-5.299519,-0.0718092,1.2399056,3,walking
1519421549213,-5.5484576,-0.14840569,0.03351096,3,walking
1519421549217,-5.5580325,-0.64628285,0.081383765,3,walking
1519421549221,-6.2378263,-0.8090504,0.110107444,3,walking
1519421549225,-6.8601727,-1.0867126,-2.254809,3,walking
1519421549229,-6.9654927,-2.034594,-2.427151,3,walking
1519421549233,-7.5591154,-2.714388,-1.5271424,3,walking
1519421549236,-8.372953,-3.2984362,-3.2218397,3,walking
1519421549240,-9.5219,-4.045252,-5.2420716,3,walking
1519421549244,-10.967659,-4.9739842,-6.936769,3,walking
1519421549248,-12.595334,-6.2761245,-7.204857,3,walking
1519421549252,-14.0793915,-7.8176284,-6.7069798,3,walking
1519421549256,-14.548545,-10.048501,-5.6154795,3,walking
1519421549260,-15.113443,-11.197449,-5.82612,3,walking
1519421549263,-14.088965,-12.422992,-5.0505805,3,walking
1519421549267,-12.154904,-13.380448,-3.5760984,3,walking
1519421549271,-11.063405,-13.035764,-4.3324885,3,walking
1519421549275,-9.904882,-12.107032,-4.198445,3,walking
1519421549279,-9.272962,-10.393186,-3.5569491,3,walking
1519421549283,-9.148493,-8.401677,-2.7718353,3,walking
1519421549287,-9.110194,-6.8027253,-2.3314054,3,walking
1519421549290,-9.177217,-5.328243,-1.4122477,3,walking
1519421549294,-9.234664,-4.275041,-0.47394073,3,walking
1519421549298,-9.033598,-3.5952475,-0.00478728,3,walking
1519421549302,-8.593168,-3.193116,1.5079932,3,walking
1519421549306,-8.4686985,-2.9441774,2.513322,3,walking
1519421549310,-8.861256,-2.666515,1.8718265,3,walking
1519421549314,-9.29211,-2.408002,0.6079846,3,walking
1519421549321,-9.5889225,-2.494173,1.0962871,3,walking
1519421549325,-9.809137,-2.819708,1.5558661,3,walking
1519421549329,-9.7899885,-3.193116,2.3026817,3,walking
1519421549332,-10.766593,-2.666515,2.7239625,3,walking
1519421549336,-11.111278,-2.580344,3.4420545,3,walking
1519421549340,-10.900637,-2.561195,5.17505,3,walking
1519421549343,-11.972988,-1.5941644,4.926111,3,walking
1519421549347,-12.288948,-0.71330476,3.604822,3,walking
1519421549351,-12.164479,0.71330476,6.3622956,3,walking
1519421549355,-12.528313,0.5505372,7.2718787,3,walking
1519421549358,-11.618729,0.32074776,7.9037995,3,walking
1519421549362,-10.019777,-0.28244954,8.679339,3,walking
1519421549366,-10.211268,-0.17712937,7.741032,3,walking
1519421549370,-10.029352,-0.4356425,6.821874,3,walking
1519421549373,-9.971905,-0.71330476,7.243155,3,walking
1519421549377,-10.642124,-0.36862057,4.131423,3,walking
1519421549381,-12.738953,0.45479164,2.513322,3,walking
1519421549384,-14.941102,0.92394507,1.776081,3,walking
1519421549388,-16.453882,0.7324539,0.77075213,3,walking
1519421549392,-16.97091,-0.16755481,-0.13883112,3,walking
1519421549396,-17.612404,-0.92394507,0.20585304,3,walking
1519421549399,-17.890066,-1.4409714,0.5888355,3,walking
1519421549403,-18.071983,-1.6516117,0.16755481,3,walking
1519421549407,-17.985811,-1.9101248,-0.359046,3,walking
1519421549411,-17.784746,-2.149489,-0.3111732,3,walking
1519421549414,-17.966663,-2.475024,-0.23457673,3,walking
1519421549418,-17.995386,-3.1356685,0.03351096,3,walking
1519421549422,-17.765596,-3.997379,0.14840569,3,walking
1519421549425,-17.440062,-5.088879,-0.27287498,3,walking
1519421549429,-17.191124,-6.2665496,-1.0388398,3,walking
1519421549433,-16.693247,-7.7314577,-1.7377827,3,walking
1519421549437,-16.434732,-9.091045,-2.5420458,3,walking
1519421549440,-15.802812,-10.412334,-3.384607,3,walking
1519421549444,-14.596417,-11.695326,-4.4856815,3,walking
1519421549448,-14.041093,-12.375119,-5.0122824,3,walking
1519421549455,-13.897474,-12.920869,-5.5101595,3,walking
1519421549459,-13.571939,-13.399597,-5.873993,3,walking
1519421549463,-13.591088,-13.916624,-5.806971,3,walking
1519421549467,-13.878325,-14.452799,-5.49101,3,walking
1519421549471,-13.99322,-14.625141,-4.610151,3,walking
1519421549475,-13.897474,-14.242159,-3.2984362,3,walking
1519421549479,-13.4666195,-13.208106,-2.7239625,3,walking
1519421549483,-13.188957,-11.848518,-2.7048132,3,walking
1519421549487,-12.911295,-10.249567,-2.1303396,3,walking
1519421549491,-13.0549135,-8.641041,-2.1207652,3,walking
1519421549495,-13.696408,-7.396348,-2.3026817,3,walking
1519421549499,-13.811303,-6.831449,-2.321831,3,walking
1519421549503,-13.4666195,-6.8122997,-1.709059,3,walking
1519421549507,-12.997466,-6.697405,-1.2877784,3,walking
1519421549511,-12.499589,-6.6208086,-0.99096704,3,walking
1519421549515,-11.972988,-6.4676156,-0.7420284,3,walking
1519421549519,-11.1208515,-6.1612296,-0.25372586,3,walking
1519421549523,-10.737869,-6.1995277,0.00478728,3,walking
1519421549527,-10.316589,-6.285699,0.17712937,3,walking
1519421549530,-10.2016945,-6.5059137,0.16755481,3,walking
1519421549534,-10.010203,-6.697405,0.03351096,3,walking
1519421549538,-9.54105,-6.697405,0.5313881,3,walking
1519421549542,-8.813383,-6.7548523,0.8856468,3,walking
1519421549546,-8.2676325,-6.869747,0.90479594,3,walking
1519421549550,-7.9037995,-7.0133657,1.0292653,3,walking
1519421549554,-7.6835847,-7.1474094,0.9622433,3,walking
1519421549558,-7.4920936,-7.2240057,0.71330476,3,walking
1519421549562,-7.35805,-7.195282,0.5792609,3,walking
1519421549566,-7.4059224,-7.02294,0.359046,3,walking
1519421549570,-7.3389006,-6.9463434,0.062234644,3,walking
1519421549574,-7.176133,-6.9080453,-0.17712937,3,walking
1519421549578,-6.9176197,-6.9654927,-0.37819514,3,walking
1519421549582,-6.7357035,-6.9271946,-0.4835153,3,walking
1519421549589,-6.6208086,-6.8888965,-0.64628285,3,walking
1519421549593,-6.37187,-6.7931504,-0.54096264,3,walking
1519421549597,-6.132506,-6.592085,-0.46436617,3,walking
1519421549601,-5.9697385,-6.333572,-0.27287498,3,walking
1519421549604,-5.739949,-5.9697385,-0.05266008,3,walking
1519421549608,-5.5771813,-5.538883,0.043085523,3,walking
1519421549612,-5.309094,-5.041006,0.13883112,3,walking
1519421549615,-5.088879,-4.5239797,0.14840569,3,walking
1519421549619,-4.8782387,-4.1122737,0.10053288,3,walking
1519421549623,-4.6675982,-3.7484405,0.17712937,3,walking
1519421549627,-4.428234,-3.451629,0.28244954,3,walking
1519421549630,-4.236743,-3.231414,0.40691882,3,walking
1519421549634,-4.1409974,-3.0494976,0.4835153,3,walking
1519421549638,-4.0069537,-2.9154537,0.7228793,3,walking
1519421549641,-3.8537605,-2.8292825,0.77075213,3,walking
1519421549645,-3.7867386,-2.819708,0.76117754,3,walking
1519421549649,-3.7867386,-2.8484318,0.7420284,3,walking
1519421549653,-3.8729098,-3.0303483,0.7420284,3,walking
1519421549656,-4.08355,-3.2218397,0.6079846,3,walking
1519421549660,-4.389936,-3.499502,0.56011176,3,walking
1519421549664,-4.763344,-3.911208,0.46436617,3,walking
1519421549667,-5.194199,-4.284616,0.359046,3,walking
1519421549671,-5.672927,-4.7058964,0.2154276,3,walking
1519421549675,-6.0846334,-5.1176023,0.043085523,3,walking
1519421549678,-6.515488,-5.5580325,-0.110107444,3,walking
1519421549686,-6.850598,-5.979313,-0.39734426,3,walking
1519421549690,-7.1857076,-6.4963393,-0.54096264,3,walking
1519421549694,-7.434646,-6.898471,-0.665432,3,walking
1519421549697,-7.721883,-7.2623043,-0.76117754,3,walking
1519421549701,-7.875076,-7.616563,-0.7324539,3,walking
1519421549705,-8.152739,-7.875076,-0.85692316,3,walking
1519421549709,-8.277207,-8.076141,-0.91437054,3,walking
1519421549713,-8.55487,-8.152739,-1.0101161,3,walking
1519421549717,-8.7750845,-8.21976,-1.1920328,3,walking
1519421549720,-9.091045,-8.248484,-1.469695,3,walking
1519421549724,-9.397431,-8.258059,-1.6420372,3,walking
1519421549728,-9.675094,-8.229335,-1.6899099,3,walking
1519421549732,-9.904882,-8.210186,-1.7186337,3,walking
1519421549736,-10.134672,-8.11444,-1.8143792,3,walking
1519421549740,-10.393186,-7.9516726,-1.9388485,3,walking
1519421549743,-10.642124,-7.7314577,-2.0824668,3,walking
1519421549747,-10.843189,-7.5782647,-2.101616,3,walking
1519421549751,-11.072979,-7.3771987,-2.187787,3,walking
1519421549755,-11.197449,-7.195282,-2.3984275,3,walking
1519421549759,-11.436812,-6.898471,-2.6090677,3,walking
1519421549762,-11.82937,-6.333572,-2.6090677,3,walking
1519421549766,-12.059159,-5.9027166,-2.8101335,3,walking
1519421549770,-12.3463955,-5.5484576,-2.7909844,3,walking
1519421549774,-12.451715,-5.194199,-2.972901,3,walking
1519421549778,-12.863422,-4.6675982,-3.1165195,3,walking
1519421549782,-13.179382,-4.2654667,-2.9824755,3,walking
1519421549785,-13.533641,-3.8824842,-3.193116,3,walking
1519421549789,-13.859177,-3.6335456,-3.126094,3,walking
1519421549793,-14.117689,-3.3941817,-3.0111992,3,walking
1519421549797,-14.347479,-3.1548176,-3.0686467,3,walking
1519421549801,-14.548545,-2.9250283,-2.972901,3,walking
1519421549804,-14.634716,-2.6377914,-2.8771553,3,walking
1519421549808,-14.634716,-2.3505547,-2.6186423,3,walking
1519421549812,-14.519821,-2.2069361,-2.2739582,3,walking
1519421549816,-14.510246,-1.9867213,-2.1111906,3,walking
1519421549820,-14.337904,-1.8143792,-1.8814012,3,walking
1519421549827,-14.146413,-1.6611862,-1.7377827,3,walking
1519421549831,-14.012369,-1.4313968,-1.5654407,3,walking
1519421549835,-13.945347,-1.1345854,-1.2973529,3,walking
1519421549839,-13.715558,-0.8856468,-0.8952214,3,walking
1519421549842,-13.303852,-0.71330476,-0.6271337,3,walking
1519421549846,-12.949593,-0.63670826,-0.5888355,3,walking
1519421549850,-12.604909,-0.5888355,-0.5792609,3,walking
1519421549854,-12.317672,-0.4835153,-0.5218136,3,walking
1519421549858,-12.183628,-0.28244954,-0.5505372,3,walking
1519421549861,-12.174053,-0.03351096,-0.61755913,3,walking
1519421549865,-12.078308,0.17712937,-0.7994758,3,walking
1519421549869,-12.020861,0.37819514,-0.92394507,3,walking
1519421549873,-12.0400095,0.6079846,-1.0771381,3,walking
1519421549876,-12.145329,0.85692316,-1.2111819,3,walking
1519421549880,-12.183628,1.0101161,-1.2399056,3,walking
1519421549884,-12.231501,1.0771381,-1.2877784,3,walking
1519421549888,-12.231501,1.0101161,-1.3165021,3,walking
1519421549891,-12.2410755,0.8186249,-1.3739494,3,walking
1519421549895,-12.260224,0.56011176,-1.2686293,3,walking
1519421549899,-12.164479,0.15798025,-1.3356512,3,walking
1519421549903,-11.992137,-0.3398969,-1.2111819,3,walking
1519421549906,-11.867668,-0.90479594,-1.2111819,3,walking
1519421549910,-11.743198,-1.4313968,-1.1058618,3,walking
1519421549914,-11.676176,-1.8814012,-1.2303311,3,walking
1519421549918,-11.417664,-2.5228968,-1.4601204,3,walking
1519421549922,-11.475111,-3.1069448,-1.79523,3,walking
1519421549925,-11.637878,-3.499502,-1.6516117,3,walking
1519421549929,-11.819795,-3.825037,-1.3356512,3,walking
1519421549933,-11.752773,-4.3133397,-1.3643749,3,walking
1519421549937,-11.819795,-4.5527034,-1.6037389,3,walking
1519421549940,-12.068733,-4.581427,-2.2356598,3,walking
1519421549944,-12.231501,-4.6867476,-3.0111992,3,walking
1519421549948,-12.308098,-4.9069624,-3.059072,3,walking
1519421549952,-11.810221,-5.17505,-2.733537,3,walking
1519421549955,-11.15915,-5.4431376,-2.1303396,3,walking
1519421549963,-11.15915,-5.2516465,-1.9196993,3,walking
1519421549967,-11.590006,-4.763344,-1.8718265,3,walking
1519421549971,-12.011286,-4.0931244,-1.7665064,3,walking
1519421549974,-12.116607,-3.5378,-2.0633178,3,walking
1519421549978,-12.068733,-3.1548176,-2.3792782,3,walking
1519421549982,-11.972988,-2.8771553,-2.666515,3,walking
1519421549986,-11.810221,-2.5994933,-2.647366,3,walking
1519421549989,-11.609155,-2.3026817,-2.5707695,3,walking
1519421549993,-11.436812,-2.0633178,-2.4558747,3,walking
1519421549997,-11.28362,-1.9005502,-2.2643836,3,walking
1519421550001,-11.178299,-1.776081,-2.101616,3,walking
1519421550004,-10.996383,-1.8143792,-2.0441687,3,walking
1519421550008,-10.747444,-1.7856555,-2.149489,3,walking
1519421550012,-10.6134,-1.7282082,-2.2835326,3,walking
1519421550016,-10.460207,-1.469695,-2.2260852,3,walking
1519421550020,-10.335738,-1.3452257,-2.0728924,3,walking
1519421550023,-10.268716,-1.1728836,-2.0058703,3,walking
1519421550027,-10.2016945,-1.0579889,-2.0058703,3,walking
1519421550031,-10.048501,-1.0292653,-2.101616,3,walking
1519421550035,-9.943181,-0.92394507,-2.0441687,3,walking
1519421550038,-9.780414,-1.0484143,-2.0058703,3,walking
1519421550042,-9.655944,-1.1250108,-1.9675722,3,walking
1519421550046,-9.636795,-1.2973529,-2.0441687,3,walking
1519421550050,-9.454879,-1.4505459,-2.0441687,3,walking
1519421550054,-9.301685,-1.622888,-2.0441687,3,walking
1519421550057,-9.18679,-1.8239537,-2.1111906,3,walking
1519421550061,-9.091045,-2.0058703,-2.1782124,3,walking
1519421550065,-9.177217,-2.1399143,-2.2835326,3,walking
1519421550069,-9.196365,-2.3505547,-2.3505547,3,walking
1519421550072,-9.20594,-2.4845984,-2.2835326,3,walking
1519421550076,-9.234664,-2.666515,-2.2643836,3,walking
1519421550080,-9.215514,-2.733537,-2.2643836,3,walking
1519421550084,-9.20594,-2.800559,-2.2260852,3,walking
1519421550087,-9.110194,-2.8484318,-2.2165108,3,walking
1519421550091,-9.024023,-2.867581,-2.2260852,3,walking
1519421550095,-8.995299,-2.88673,-2.2643836,3,walking
1519421550103,-8.889979,-2.8580062,-2.321831,3,walking
1519421550107,-8.784659,-2.8771553,-2.360129,3,walking
1519421550110,-8.688913,-2.88673,-2.3697038,3,walking
1519421550114,-8.593168,-2.88673,-2.3984275,3,walking
1519421550118,-8.44955,-2.8771553,-2.3697038,3,walking
1519421550122,-8.32508,-2.8292825,-2.34098,3,walking
1519421550126,-8.248484,-2.752686,-2.3697038,3,walking
1519421550130,-8.181462,-2.6760898,-2.427151,3,walking
1519421550134,-8.124015,-2.5707695,-2.5037475,3,walking
1519421550137,-8.037844,-2.5228968,-2.647366,3,walking
1519421550141,-8.00912,-2.4463003,-2.7431116,3,walking
1519421550145,-7.9708214,-2.3888528,-2.752686,3,walking
1519421550149,-7.846352,-2.3697038,-2.7239625,3,walking
1519421550153,-7.788905,-2.3314054,-2.6282167,3,walking
1519421550157,-7.721883,-2.360129,-2.6569405,3,walking
1519421550161,-7.6261373,-2.360129,-2.6282167,3,walking
1519421550164,-7.587839,-2.34098,-2.5994933,3,walking
1519421550168,-7.5591154,-2.321831,-2.5707695,3,walking
1519421550172,-7.5208173,-2.2931073,-2.5324712,3,walking
1519421550176,-7.4537954,-2.2643836,-2.5420458,3,walking
1519421550180,-7.35805,-2.2643836,-2.4558747,3,walking
1519421550184,-7.3771987,-2.2452345,-2.3505547,3,walking
1519421550188,-7.329326,-2.2739582,-2.2739582,3,walking
1519421550191,-7.3197513,-2.3122563,-2.2452345,3,walking
1519421550195,-7.243155,-2.360129,-2.1782124,3,walking
1519421550199,-7.204857,-2.408002,-2.2165108,3,walking
1519421550203,-7.204857,-2.4463003,-2.1207652,3,walking
1519421550207,-7.195282,-2.513322,-2.0824668,3,walking
1519421550211,-7.195282,-2.513322,-2.1111906,3,walking
1519421550215,-7.0708127,-2.5516202,-1.9867213,3,walking
1519421550218,-7.0803876,-2.513322,-1.9771467,3,walking
1519421550222,-7.0995364,-2.475024,-1.9196993,3,walking
1519421550226,-7.0708127,-2.4845984,-1.9388485,3,walking
1519421550230,-7.0708127,-2.5037475,-1.8335283,3,walking
1519421550234,-7.051664,-2.6090677,-1.8718265,3,walking
1519421550241,-7.051664,-2.580344,-1.8431029,3,walking
1519421550245,-7.051664,-2.561195,-1.79523,3,walking
1519421550249,-7.1091113,-2.5516202,-1.79523,3,walking
1519421550253,-7.1665583,-2.561195,-1.7856555,3,walking
1519421550256,-7.243155,-2.5037475,-1.7856555,3,walking
1519421550260,-7.3389006,-2.5228968,-1.709059,3,walking
1519421550264,-7.3867736,-2.4654493,-1.6899099,3,walking
1519421550268,-7.587839,-2.427151,-1.6994845,3,walking
1519421550271,-7.664436,-2.4367256,-1.6420372,3,walking
1519421550275,-7.8272033,-2.475024,-1.5654407,3,walking
1519421550279,-7.9803963,-2.475024,-1.5079932,3,walking
1519421550282,-8.095291,-2.5420458,-1.4792696,3,walking
1519421550286,-8.23891,-2.5994933,-1.4505459,3,walking
1519421550290,-8.353804,-2.5994933,-1.3069274,3,walking
1519421550294,-8.411251,-2.666515,-1.2399056,3,walking
1519421550297,-8.5740185,-2.6856642,-1.1920328,3,walking
1519421550301,-8.650616,-2.7622607,-1.0484143,3,walking
1519421550305,-8.698488,-2.7718353,-0.9622433,3,walking
1519421550309,-8.755936,-2.8484318,-0.85692316,3,walking
1519421550312,-8.813383,-2.88673,-0.7228793,3,walking
1519421550316,-8.803808,-2.867581,-0.61755913,3,walking
1519421550320,-8.832532,-2.867581,-0.5313881,3,walking
1519421550324,-8.899554,-2.8388572,-0.45479164,3,walking
1519421550327,-8.985725,-2.7909844,-0.3877697,3,walking
1519421550331,-8.957002,-2.7622607,-0.3111732,3,walking
1519421550335,-8.9761505,-2.7431116,-0.2920241,3,walking
1519421550338,-9.052747,-2.6952388,-0.25372586,3,walking
1519421550342,-9.100619,-2.6569405,-0.22500217,3,walking
1519421550346,-9.20594,-2.5994933,-0.26330042,3,walking
1519421550350,-9.234664,-2.5707695,-0.16755481,3,walking
1519421550353,-9.2825365,-2.513322,-0.16755481,3,walking
1519421550357,-9.31126,-2.494173,-0.11968201,3,walking
1519421550361,-9.2825365,-2.4654493,-0.043085523,3,walking
1519421550365,-9.2825365,-2.408002,0.043085523,3,walking
1519421550368,-9.244238,-2.34098,0.05266008,3,walking
1519421550376,-9.253813,-2.2835326,0.14840569,3,walking
1519421550380,-9.31126,-2.1973617,0.15798025,3,walking
1519421550384,-9.31126,-2.168638,0.12925656,3,walking
1519421550388,-9.435729,-2.0728924,0.081383765,3,walking
1519421550392,-9.454879,-2.0537431,0.110107444,3,walking
1519421550396,-9.560199,-2.0537431,0.10053288,3,walking
1519421550400,-9.636795,-2.0633178,0.10053288,3,walking
1519421550404,-9.62722,-2.1207652,0.15798025,3,walking
1519421550407,-9.617646,-2.168638,0.2441513,3,walking
1519421550411,-9.483603,-2.2643836,0.36862057,3,walking
1519421550415,-9.435729,-2.3697038,0.47394073,3,walking
1519421550419,-9.339984,-2.427151,0.5888355,3,walking
1519421550423,-9.301685,-2.5037475,0.7324539,3,walking
1519421550427,-9.244238,-2.580344,0.8856468,3,walking
1519421550431,-9.29211,-2.5994933,0.98139244,3,walking
1519421550435,-9.378282,-2.6569405,0.9622433,3,walking
1519421550439,-9.579348,-2.7048132,1.0292653,3,walking
1519421550443,-9.722966,-2.6952388,1.0101161,3,walking
1519421550447,-9.8953085,-2.819708,1.2016073,3,walking
1519421550451,-10.058076,-2.867581,1.383524,3,walking
1519421550455,-10.19212,-2.8580062,1.5079932,3,walking
1519421550459,-10.364462,-2.9441774,1.6994845,3,walking
1519421550462,-10.479357,-3.0877957,1.9388485,3,walking
1519421550466,-10.546378,-3.1356685,2.101616,3,walking
1519421550470,-10.699572,-3.1643922,2.2643836,3,walking
1519421550474,-10.757019,-3.2601378,2.34098,3,walking
1519421550478,-10.862339,-3.2409887,2.34098,3,walking
1519421550482,-10.938935,-3.2218397,2.494173,3,walking
1519421550486,-11.044255,-3.2218397,2.4463003,3,walking
1519421550490,-11.216598,-3.193116,2.321831,3,walking
1519421550494,-11.302769,-3.1165195,2.3314054,3,walking
1519421550498,-11.207023,-3.0877957,2.3314054,3,walking
1519421550502,-11.178299,-2.972901,2.149489,3,walking
1519421550506,-11.168725,-2.7718353,2.0250196,3,walking
1519421550513,-11.15915,-2.5994933,1.8239537,3,walking
1519421550517,-11.15915,-2.4463003,1.6994845,3,walking
1519421550521,-11.063405,-2.3314054,1.3930986,3,walking
1519421550525,-10.977234,-2.168638,0.9526688,3,walking
1519421550529,-11.15915,-1.79523,0.59841,3,walking
1519421550532,-11.321918,-1.5654407,0.22500217,3,walking
1519421550536,-11.360216,-1.4505459,-0.33032233,3,walking
1519421550540,-11.455961,-1.3260766,-0.6750065,3,walking
1519421550544,-11.513409,-1.1728836,-0.92394507,3,walking
1519421550548,-11.896391,-0.85692316,-1.2111819,3,walking
1519421550551,-12.221927,-0.5313881,-1.4026731,3,walking
1519421550555,-12.490014,-0.37819514,-1.6899099,3,walking
1519421550559,-12.786825,-0.09095833,-2.2069361,3,walking
1519421550563,-12.978316,0.00478728,-2.3026817,3,walking
1519421550567,-13.150659,0.05266008,-2.2835326,3,walking
1519421550571,-13.141085,-0.062234644,-2.2452345,3,walking
1519421550574,-13.141085,-0.11968201,-2.2165108,3,walking
1519421550578,-13.083637,-0.3111732,-2.2452345,3,walking
1519421550582,-13.064487,-0.61755913,-2.187787,3,walking
1519421550586,-13.179382,-0.93351966,-2.2739582,3,walking
1519421550590,-13.409172,-1.1920328,-2.3984275,3,walking
1519421550593,-13.552791,-1.3356512,-2.321831,3,walking
1519421550597,-13.533641,-1.3452257,-2.168638,3,walking
1519421550601,-13.284702,-1.5654407,-1.8143792,3,walking
1519421550605,-13.074062,-1.7186337,-1.8143792,3,walking
1519421550609,-12.748528,-1.862252,-1.6803354,3,walking
1519421550612,-12.576185,-2.0633178,-1.709059,3,walking
1519421550616,-12.394268,-2.3505547,-1.5941644,3,walking
1519421550620,-12.269799,-2.5324712,-1.5750152,3,walking
1519421550624,-12.2410755,-2.5516202,-1.4218222,3,walking
1519421550628,-12.020861,-2.5707695,-1.1728836,3,walking
1519421550631,-11.771922,-2.513322,-0.99096704,3,walking
1519421550635,-11.38894,-2.5707695,-0.8473486,3,walking
1519421550639,-10.938935,-2.7431116,-0.83777404,3,walking
1519421550647,-10.6134,-2.819708,-0.85692316,3,walking
1519421550651,-10.29744,-2.9633265,-0.78990126,3,walking
1519421550654,-9.924032,-3.193116,-0.8664977,3,walking
1519421550658,-9.655944,-3.2984362,-0.8760723,3,walking
1519421550662,-9.464453,-3.3941817,-0.83777404,3,walking
1519421550666,-9.225089,-3.4420545,-0.8090504,3,walking
1519421550670,-8.9761505,-3.451629,-0.8473486,3,walking
1519421550674,-8.794233,-3.3271596,-0.751603,3,walking
1519421550677,-8.564445,-3.2218397,-0.70373017,3,walking
1519421550681,-8.1623125,-3.0016246,-0.6079846,3,walking
1519421550685,-8.00912,-2.9441774,-0.5505372,3,walking
1519421550689,-7.788905,-2.9250283,-0.44521707,3,walking
1519421550693,-7.7123084,-2.88673,-0.40691882,3,walking
1519421550697,-7.587839,-2.8771553,-0.33032233,3,walking
1519421550701,-7.5399666,-2.8580062,-0.4356425,3,walking
1519421550704,-7.4059224,-2.8292825,-0.40691882,3,walking
1519421550708,-7.35805,-2.800559,-0.36862057,3,walking
1519421550712,-7.2335806,-2.7718353,-0.44521707,3,walking
1519421550716,-7.1474094,-2.8580062,-0.49308985,3,walking
1519421550720,-7.1474094,-2.905879,-0.6750065,3,walking
1519421550724,-7.137835,-2.8484318,-0.76117754,3,walking
1519421550728,-7.1186857,-2.819708,-0.7228793,3,walking
1519421550731,-7.0708127,-2.7431116,-0.751603,3,walking
1519421550735,-6.9463434,-2.8101335,-0.7324539,3,walking
1519421550739,-6.869747,-2.800559,-0.8281995,3,walking
1519421550743,-6.764427,-2.867581,-0.91437054,3,walking
1519421550747,-6.697405,-2.867581,-0.8856468,3,walking
1519421550751,-6.6591067,-2.8484318,-0.78990126,3,walking
1519421550754,-6.5825105,-2.8963046,-0.78990126,3,walking
1519421550758,-6.4676156,-2.9154537,-0.751603,3,walking
1519421550762,-6.4676156,-2.905879,-0.7324539,3,walking
1519421550766,-6.4005938,-2.8963046,-0.7228793,3,walking
1519421550770,-6.438892,-2.7814097,-0.665432,3,walking
1519421550774,-6.3622956,-2.8484318,-0.71330476,3,walking
1519421550778,-6.4197426,-2.800559,-0.64628285,3,walking
1519421550785,-6.3144226,-2.8388572,-0.5313881,3,walking
1519421550789,-6.37187,-2.8963046,-0.6079846,3,walking
1519421550793,-6.3814445,-2.8771553,-0.49308985,3,walking
1519421550797,-6.3814445,-2.867581,-0.4835153,3,walking
1519421550801,-6.304848,-2.88673,-0.33032233,3,walking
1519421550804,-6.3527207,-2.867581,-0.4164934,3,walking
1519421550808,-6.256975,-2.8292825,-0.2920241,3,walking
1519421550812,-6.304848,-2.8580062,-0.359046,3,walking
1519421550816,-6.304848,-2.88673,-0.2920241,3,walking
1519421550820,-6.3527207,-2.9633265,-0.33032233,3,walking
1519421550824,-6.37187,-3.0686467,-0.39734426,3,walking
1519421550828,-6.4484663,-3.078221,-0.42606795,3,walking
1519421550831,-6.5825105,-3.126094,-0.47394073,3,walking
1519421550835,-6.668681,-3.126094,-0.50266445,3,walking
1519421550839,-6.7931504,-3.2026904,-0.46436617,3,walking
1519421550843,-6.850598,-3.2505634,-0.54096264,3,walking
1519421550847,-6.9463434,-3.3175852,-0.4835153,3,walking
1519421550851,-7.089962,-3.3558834,-0.5218136,3,walking
1519421550854,-7.2335806,-3.3175852,-0.54096264,3,walking
1519421550858,-7.329326,-3.3175852,-0.5313881,3,walking
1519421550862,-7.4250717,-3.3080106,-0.56968635,3,walking
1519421550866,-7.5399666,-3.2792869,-0.5888355,3,walking
1519421550870,-7.6261373,-3.2409887,-0.54096264,3,walking
1519421550874,-7.7506065,-3.1835413,-0.50266445,3,walking
1519421550877,-7.855927,-3.126094,-0.50266445,3,walking
1519421550881,-7.9133744,-2.9920502,-0.40691882,3,walking
1519421550885,-7.9420977,-2.8963046,-0.37819514,3,walking
1519421550889,-7.961247,-2.7814097,-0.39734426,3,walking
1519421550893,-8.028269,-2.647366,-0.3877697,3,walking
1519421550897,-8.018694,-2.475024,-0.45479164,3,walking
1519421550901,-8.104865,-2.2739582,-0.4835153,3,walking
1519421550904,-8.171887,-2.1399143,-0.49308985,3,walking
1519421550908,-8.23891,-2.0441687,-0.59841,3,walking
1519421550912,-8.372953,-1.9388485,-0.6558574,3,walking
1519421550916,-8.526146,-1.8526775,-0.665432,3,walking
1519421550924,-8.6697645,-1.8335283,-0.63670826,3,walking
1519421550927,-8.7750845,-1.8718265,-0.70373017,3,walking
1519421550931,-8.918703,-1.9388485,-0.6845811,3,walking
1519421550935,-9.071896,-1.9675722,-0.665432,3,walking
1519421550939,-9.2825365,-2.0537431,-0.6558574,3,walking
1519421550942,-9.464453,-2.1303396,-0.56968635,3,walking
1519421550946,-9.62722,-2.2260852,-0.54096264,3,walking
1519421550950,-9.828286,-2.2643836,-0.4835153,3,walking
1519421550954,-10.000628,-2.2931073,-0.3877697,3,walking
1519421550958,-10.153821,-2.3888528,-0.3398969,3,walking
1519421550961,-10.364462,-2.4845984,-0.19627848,3,walking
1519421550965,-10.575102,-2.6282167,-0.16755481,3,walking
1519421550969,-10.862339,-2.7239625,-0.043085523,3,walking
1519421550973,-11.130426,-2.8580062,-0.014361841,3,walking
1519421550977,-11.398514,-2.9920502,-0.023936402,3,walking
1519421550980,-11.7049,-3.126094,0.0,3,walking
1519421550984,-12.020861,-3.2697124,-0.0718092,3,walking
1519421550988,-12.327247,-3.3941817,-0.10053288,3,walking
1519421550992,-12.604909,-3.451629,-0.11968201,3,walking
1519421550996,-12.805975,-3.5090764,-0.13883112,3,walking
1519421550999,-12.920869,-3.5090764,-0.09095833,3,walking
1519421551003,-12.987891,-3.4707782,-0.081383765,3,walking
1519421551007,-13.074062,-3.384607,-0.14840569,3,walking
1519421551011,-13.102786,-3.2218397,-0.22500217,3,walking
1519421551015,-13.13151,-3.059072,-0.19627848,3,walking
1519421551018,-13.141085,-2.8292825,-0.26330042,3,walking
1519421551022,-13.169807,-2.5707695,-0.4164934,3,walking
1519421551026,-13.246405,-2.2931073,-0.59841,3,walking
1519421551030,-13.399597,-1.9675722,-0.76117754,3,walking
1519421551034,-13.552791,-1.7377827,-1.0292653,3,walking
1519421551037,-13.859177,-1.5271424,-1.4026731,3,walking
1519421551041,-14.299606,-1.3739494,-1.776081,3,walking
1519421551045,-14.893229,-1.2016073,-2.1399143,3,walking
1519421551049,-15.563448,-1.1154363,-2.3505547,3,walking
1519421551052,-16.042175,-1.0579889,-2.4367256,3,walking
1519421551056,-16.319838,-1.0388398,-2.408002,3,walking
1519421551064,-16.444307,-1.0867126,-2.408002,3,walking
1519421551068,-16.434732,-1.14416,-2.254809,3,walking
1519421551071,-16.185795,-1.3260766,-2.1303396,3,walking
1519421551075,-15.726215,-1.4409714,-1.862252,3,walking
1519421551079,-15.218764,-1.5845897,-1.5175679,3,walking
1519421551083,-14.711312,-1.5462915,-1.3069274,3,walking
1519421551087,-14.213435,-1.469695,-1.0962871,3,walking
1519421551090,-13.734707,-1.2877784,-0.9718179,3,walking
1519421551094,-13.370873,-1.1058618,-0.9718179,3,walking
1519421551098,-13.016615,-0.90479594,-1.0196906,3,walking
1519421551102,-12.643207,-0.78032666,-1.1058618,3,walking
1519421551106,-12.298523,-0.64628285,-1.1345854,3,walking
1519421551109,-11.925115,-0.6271337,-1.2686293,3,walking
1519421551113,-11.590006,-0.6845811,-1.4984187,3,walking
1519421551117,-11.360216,-0.76117754,-1.79523,3,walking
1519421551121,-11.207023,-0.8281995,-2.015445,3,walking
1519421551124,-11.149575,-0.83777404,-2.2452345,3,walking
1519421551128,-11.05383,-0.85692316,-2.3888528,3,walking
1519421551132,-10.92936,-0.8856468,-2.5420458,3,walking
1519421551136,-10.843189,-0.8664977,-2.733537,3,walking
1519421551140,-10.785743,-0.90479594,-2.9346027,3,walking
1519421551143,-10.804892,-0.9718179,-3.1069448,3,walking
1519421551147,-10.814466,-1.0867126,-3.212265,3,walking
1519421551151,-10.82404,-1.2782038,-3.346309,3,walking
1519421551155,-10.843189,-1.4218222,-3.4324799,3,walking
1519421551159,-10.804892,-1.622888,-3.4229054,3,walking
1519421551162,-10.814466,-1.8431029,-3.2697124,3,walking
1519421551166,-10.862339,-1.9962958,-3.2888615,3,walking
1519421551170,-10.843189,-2.2165108,-3.212265,3,walking
1519421551174,-10.843189,-2.3314054,-3.1452432,3,walking
1519421551178,-10.766593,-2.4558747,-3.0686467,3,walking
1519421551181,-10.670848,-2.6377914,-2.8580062,3,walking
1519421551185,-10.584677,-2.733537,-2.647366,3,walking
1519421551189,-10.460207,-2.905879,-2.5420458,3,walking
1519421551193,-10.431483,-3.0111992,-2.3792782,3,walking
1519421551196,-10.364462,-3.078221,-2.360129,3,walking
1519421551204,-10.29744,-3.193116,-2.4175766,3,walking
1519421551208,-10.144247,-3.3080106,-2.3888528,3,walking
1519421551212,-9.98148,-3.3558834,-2.321831,3,walking
1519421551216,-9.761265,-3.5282254,-2.1111906,3,walking
1519421551220,-9.761265,-3.5282254,-2.015445,3,walking
1519421551223,-9.885734,-3.4803526,-2.0250196,3,walking
1519421551227,-10.019777,-3.4707782,-1.9388485,3,walking
1519421551231,-10.096374,-3.4707782,-1.9101248,3,walking
1519421551235,-10.153821,-3.4420545,-1.9388485,3,walking
1519421551239,-10.0868,-3.4420545,-1.8335283,3,walking
1519421551243,-10.077225,-3.2984362,-1.776081,3,walking
1519421551247,-10.000628,-3.1835413,-1.8239537,3,walking
1519421551250,-9.579348,-3.3558834,-1.6994845,3,walking
1519421551254,-9.54105,-3.2218397,-1.7377827,3,walking
1519421551258,-9.483603,-3.212265,-1.9675722,3,walking
1519421551262,-9.5889225,-3.020774,-2.0633178,3,walking
1519421551266,-9.579348,-2.905879,-1.8814012,3,walking
1519421551270,-9.531475,-2.867581,-1.9388485,3,walking
1519421551274,-9.598496,-2.733537,-2.0441687,3,walking
1519421551277,-9.770839,-2.3697038,-2.0633178,3,walking
1519421551281,-9.799562,-1.929274,-1.776081,3,walking
1519421551285,-9.75169,-1.6420372,-1.4601204,3,walking
1519421551289,-9.608071,-1.469695,-1.4026731,3,walking
1519421551293,-9.608071,-1.14416,-1.3356512,3,walking
1519421551297,-9.732541,-1.0005416,-1.383524,3,walking
1519421551301,-9.847435,-1.3548003,-1.7377827,3,walking
1519421551304,-9.818711,-1.6420372,-2.015445,3,walking
1519421551308,-9.684668,-1.7473572,-2.1303396,3,walking
1519421551312,-9.569773,-1.8718265,-1.7569319,3,walking
1519421551316,-9.18679,-1.8239537,-1.4601204,3,walking
1519421551320,-8.966576,-1.5654407,-1.4409714,3,walking
1519421551324,-9.138918,-1.1824582,-1.4409714,3,walking
1519421551328,-9.062322,-0.8952214,-1.6994845,3,walking
1519421551331,-8.851681,-0.61755913,-1.9962958,3,walking
1519421551339,-8.746361,-0.45479164,-2.0728924,3,walking
1519421551343,-8.698488,-0.33032233,-2.1207652,3,walking
1519421551347,-8.813383,-0.2920241,-1.9101248,3,walking
1519421551351,-8.9761505,-0.39734426,-1.6324625,3,walking
1519421551354,-9.014449,-0.40691882,-1.3165021,3,walking
1519421551358,-8.803808,-0.34947145,-0.8952214,3,walking
1519421551362,-8.698488,-0.22500217,-0.76117754,3,walking
1519421551366,-8.526146,-0.13883112,-0.7420284,3,walking
1519421551370,-8.392102,0.043085523,-0.7228793,3,walking
1519421551374,-8.34423,0.19627848,-0.8856468,3,walking
1519421551377,-8.392102,0.27287498,-1.0675635,3,walking
1519421551381,-8.305931,0.3111732,-0.85692316,3,walking
1519421551385,-8.258059,0.25372586,-0.8952214,3,walking
1519421551389,-8.095291,0.12925656,-0.83777404,3,walking
1519421551393,-8.21976,-0.30159867,-0.7324539,3,walking
1519421551397,-8.459125,-0.5888355,-1.0005416,3,walking
1519421551400,-8.516571,-0.8856468,-1.3452257,3,walking
1519421551404,-8.382527,-1.1345854,-1.4026731,3,walking
1519421551408,-8.210186,-1.3739494,-1.3930986,3,walking
1519421551412,-8.056993,-1.4026731,-1.4409714,3,walking
1519421551416,-8.047418,-1.4122477,-1.4313968,3,walking
1519421551419,-8.277207,-1.6803354,-1.6420372,3,walking
1519421551423,-8.277207,-1.8909757,-2.0633178,3,walking
1519421551427,-8.104865,-2.0633178,-2.0920415,3,walking
1519421551431,-7.9420977,-2.3026817,-2.101616,3,walking
1519421551435,-7.855927,-2.3888528,-2.2643836,3,walking
1519421551439,-7.7984796,-2.513322,-2.1399143,3,walking
1519421551442,-7.7601814,-2.5899186,-2.0920415,3,walking
1519421551446,-7.8367777,-2.5899186,-2.0920415,3,walking
1519421551450,-7.8272033,-2.5037475,-2.0728924,3,walking
1519421551454,-7.8367777,-2.475024,-2.0728924,3,walking
1519421551458,-7.769756,-2.3888528,-2.1111906,3,walking
1519421551462,-7.7793303,-2.2931073,-2.0920415,3,walking
1519421551465,-7.7793303,-2.2069361,-2.0728924,3,walking
1519421551469,-7.6740103,-2.1590633,-1.9771467,3,walking
1519421551473,-7.693159,-2.0824668,-1.9196993,3,walking
1519421551477,-7.7793303,-2.0728924,-1.9101248,3,walking
1519421551485,-7.7506065,-2.101616,-1.929274,3,walking
1519421551488,-7.7123084,-2.0920415,-1.9867213,3,walking
1519421551492,-7.5591154,-2.1590633,-1.8909757,3,walking
1519421551496,-7.4250717,-2.149489,-1.7665064,3,walking
1519421551500,-7.329326,-2.1399143,-1.7377827,3,walking
1519421551504,-7.2144313,-2.0633178,-1.6420372,3,walking
1519421551508,-7.0995364,-2.034594,-1.4505459,3,walking
1519421551512,-6.975067,-1.9771467,-1.383524,3,walking
1519421551516,-6.8601727,-1.929274,-1.2973529,3,walking
1519421551520,-6.7740016,-1.8909757,-1.1537346,3,walking
1519421551523,-6.6878304,-1.9101248,-1.0867126,3,walking
1519421551527,-6.630383,-1.929274,-1.0675635,3,walking
1519421551531,-6.630383,-1.9579976,-1.0388398,3,walking
1519421551535,-6.544212,-2.034594,-0.99096704,3,walking
1519421551539,-6.486765,-2.1111906,-0.9718179,3,walking
1519421551543,-6.5059137,-2.2165108,-0.98139244,3,walking
1519421551547,-6.5346375,-2.254809,-1.0101161,3,walking
1519421551551,-6.5537868,-2.3505547,-1.0292653,3,walking
1519421551554,-6.611234,-2.3792782,-1.0962871,3,walking
1519421551558,-6.6495323,-2.4175766,-1.0675635,3,walking
1519421551562,-6.7261286,-2.4654493,-1.1824582,3,walking
1519421551566,-6.8027253,-2.5228968,-1.2686293,3,walking
1519421551570,-6.8793216,-2.5707695,-1.3260766,3,walking
1519421551574,-6.9176197,-2.6282167,-1.4026731,3,walking
1519421551578,-7.0133657,-2.6856642,-1.4122477,3,walking
1519421551582,-7.042089,-2.6856642,-1.4122477,3,walking
1519421551586,-7.137835,-2.7239625,-1.4313968,3,walking
1519421551589,-7.195282,-2.752686,-1.4313968,3,walking
1519421551593,-7.329326,-2.7431116,-1.4792696,3,walking
1519421551597,-7.501668,-2.7622607,-1.4792696,3,walking
1519421551601,-7.693159,-2.752686,-1.4601204,3,walking
1519421551605,-7.8367777,-2.7239625,-1.4505459,3,walking
1519421551609,-8.047418,-2.7814097,-1.4218222,3,walking
1519421551613,-8.2676325,-2.7909844,-1.4122477,3,walking
1519421551617,-8.4686985,-2.8101335,-1.3930986,3,walking
1519421551620,-8.736787,-2.7909844,-1.383524,3,walking
1519421551628,-8.9761505,-2.819708,-1.3165021,3,walking
1519421551632,-9.234664,-2.8292825,-1.2877784,3,walking
1519421551636,-9.454879,-2.8101335,-1.2303311,3,walking
1519421551639,-9.75169,-2.8292825,-1.1920328,3,walking
1519421551643,-10.038927,-2.8388572,-1.1633091,3,walking
1519421551647,-10.29744,-2.8388572,-1.14416,3,walking
1519421551651,-10.527229,-2.8388572,-1.0962871,3,walking
1519421551654,-10.680422,-2.7814097,-0.9430942,3,walking
1519421551658,-10.785743,-2.7622607,-0.8473486,3,walking
1519421551662,-10.862339,-2.6569405,-0.77075213,3,walking
1519421551666,-10.881488,-2.647366,-0.6558574,3,walking
1519421551669,-10.862339,-2.580344,-0.6845811,3,walking
1519421551673,-10.843189,-2.513322,-0.63670826,3,walking
1519421551677,-10.747444,-2.4654493,-0.6079846,3,walking
1519421551681,-10.699572,-2.3984275,-0.5792609,3,walking
1519421551684,-10.527229,-2.360129,-0.47394073,3,walking
1519421551688,-10.450633,-2.3026817,-0.39734426,3,walking
1519421551692,-10.307014,-2.254809,-0.2441513,3,walking
1519421551696,-10.144247,-2.1973617,-0.11968201,3,walking
1519421551699,-9.991054,-2.187787,0.09095833,3,walking
1519421551703,-9.809137,-2.2069361,0.34947145,3,walking
1519421551707,-9.722966,-2.1973617,0.50266445,3,walking
1519421551711,-9.703817,-2.1782124,0.6845811,3,walking
1519421551714,-9.713391,-2.168638,0.8281995,3,walking
1519421551718,-9.770839,-2.187787,0.90479594,3,walking
1519421551722,-10.029352,-2.1590633,0.83777404,3,walking
1519421551725,-10.326163,-2.187787,0.8952214,3,walking
1519421551729,-10.603826,-2.2165108,0.8090504,3,walking
1519421551733,-10.92936,-2.2931073,0.85692316,3,walking
1519421551737,-11.341067,-2.2931073,0.78990126,3,walking
1519421551740,-11.838944,-2.3505547,0.69415563,3,walking
1519421551744,-12.193203,-2.4463003,0.6750065,3,walking
1519421551748,-12.470865,-2.5324712,0.69415563,3,walking
1519421551752,-12.643207,-2.6760898,0.71330476,3,walking
1519421551755,-12.7964,-2.7814097,0.77075213,3,walking
1519421551759,-12.844273,-2.8101335,0.7228793,3,walking
1519421551763,-12.729378,-2.9441774,0.8186249,3,walking
1519421551767,-12.67193,-2.9250283,0.69415563,3,walking
1519421551770,-12.46129,-2.9633265,0.69415563,3,walking
1519421551778,-12.375119,-2.9633265,0.63670826,3,walking
1519421551782,-12.298523,-2.972901,0.512239,3,walking
1519421551786,-12.212352,-2.9824755,0.33032233,3,walking
1519421551789,-12.154904,-2.972901,0.14840569,3,walking
1519421551793,-12.078308,-2.905879,0.00478728,3,walking
1519421551797,-12.078308,-2.867581,-0.081383765,3,walking
1519421551801,-11.848518,-2.800559,-0.081383765,3,walking
1519421551804,-11.341067,-2.819708,0.0718092,3,walking
1519421551808,-10.900637,-3.020774,0.023936402,3,walking
1519421551812,-10.747444,-3.126094,-0.18670394,3,walking
1519421551816,-10.622974,-2.972901,-0.20585304,3,walking
1519421551819,-10.450633,-2.752686,-0.110107444,3,walking
1519421551823,-10.172971,-2.647366,-0.062234644,3,walking
1519421551827,-9.7899885,-2.6186423,-0.062234644,3,walking
1519421551831,-9.426155,-2.5899186,-0.12925656,3,walking
1519421551835,-9.20594,-2.580344,-0.13883112,3,walking
1519421551838,-9.138918,-2.561195,-0.36862057,3,walking
1519421551842,-9.138918,-2.6090677,-0.45479164,3,walking
1519421551846,-9.148493,-2.5707695,-0.59841,3,walking
1519421551850,-9.196365,-2.561195,-0.6271337,3,walking
1519421551853,-9.301685,-2.4367256,-0.76117754,3,walking
1519421551857,-9.397431,-2.3314054,-0.8186249,3,walking
1519421551861,-9.493176,-2.1590633,-0.8952214,3,walking
1519421551865,-9.665519,-2.0250196,-0.9526688,3,walking
1519421551869,-9.885734,-1.9005502,-1.0579889,3,walking
1519421551872,-10.048501,-1.8814012,-1.1920328,3,walking
1519421551876,-10.287866,-1.8239537,-1.2111819,3,walking
1519421551880,-10.536804,-1.8526775,-1.2111819,3,walking
1519421551884,-10.757019,-1.9867213,-1.14416,3,walking
1519421551887,-10.986808,-2.0633178,-1.14416,3,walking
1519421551891,-11.197449,-2.1590633,-1.1728836,3,walking
1519421551895,-11.302769,-2.2356598,-1.0675635,3,walking
1519421551899,-11.417664,-2.2931073,-1.0867126,3,walking
1519421551903,-11.475111,-2.3026817,-1.2016073,3,walking
1519421551906,-11.513409,-2.1973617,-1.2303311,3,walking
1519421551910,-11.484685,-2.1399143,-1.2111819,3,walking
1519421551914,-11.36979,-2.0058703,-1.2590547,3,walking
1519421551922,-11.293194,-1.948423,-1.2207564,3,walking
1519421551925,-11.187874,-1.7377827,-1.3452257,3,walking
1519421551929,-11.072979,-1.6133134,-1.3069274,3,walking
1519421551933,-10.938935,-1.4792696,-1.3069274,3,walking
1519421551937,-10.699572,-1.383524,-1.3165021,3,walking
1519421551941,-10.460207,-1.2686293,-1.5175679,3,walking
1519421551944,-10.374036,-1.2303311,-1.6899099,3,walking
1519421551948,-10.268716,-1.1920328,-1.6037389,3,walking
1519421551952,-10.134672,-1.1345854,-1.4984187,3,walking
1519421551956,-9.943181,-0.93351966,-1.2399056,3,walking
1519421551960,-9.617646,-0.78990126,-0.98139244,3,walking
1519421551964,-9.29211,-0.64628285,-0.99096704,3,walking
1519421551967,-8.851681,-0.59841,-0.8473486,3,walking
1519421551971,-8.535721,-0.6845811,-0.8186249,3,walking
1519421551975,-8.2676325,-0.83777404,-1.0005416,3,walking
1519421551979,-8.076141,-1.0867126,-0.99096704,3,walking
1519421551983,-7.961247,-1.3260766,-1.1345854,3,walking
1519421551987,-7.8846507,-1.5654407,-1.2016073,3,walking
1519421551990,-7.7601814,-1.79523,-1.2303311,3,walking
1519421551994,-7.7123084,-1.948423,-1.3260766,3,walking
1519421551998,-7.6261373,-2.034594,-1.3356512,3,walking
1519421552002,-7.56869,-2.0633178,-1.3356512,3,walking
1519421552006,-7.4059224,-2.0728924,-1.2207564,3,walking
1519421552010,-7.348475,-2.0537431,-1.2590547,3,walking
1519421552013,-7.195282,-2.1973617,-1.2877784,3,walking
1519421552017,-7.195282,-2.168638,-1.2782038,3,walking
1519421552021,-7.176133,-2.254809,-1.2877784,3,walking
1519421552025,-7.1474094,-2.321831,-1.2399056,3,walking
1519421552029,-7.1186857,-2.4367256,-1.2399056,3,walking
1519421552033,-7.0995364,-2.475024,-1.2782038,3,walking
1519421552036,-7.12826,-2.4845984,-1.3260766,3,walking
1519421552040,-7.12826,-2.494173,-1.383524,3,walking
1519421552044,-7.0803876,-2.4654493,-1.3739494,3,walking
1519421552048,-7.0612383,-2.494173,-1.3548003,3,walking
1519421552052,-7.042089,-2.3505547,-1.4026731,3,walking
1519421552055,-7.003791,-2.321831,-1.3643749,3,walking
1519421552063,-7.051664,-2.2835326,-1.4218222,3,walking
1519421552067,-6.9942164,-2.2356598,-1.2782038,3,walking
1519421552071,-6.975067,-2.254809,-1.1920328,3,walking
1519421552075,-6.9463434,-2.187787,-1.0962871,3,walking
1519421552079,-6.9559183,-2.2260852,-1.1250108,3,walking
1519421552083,-6.9654927,-2.254809,-1.1345854,3,walking
1519421552087,-7.02294,-2.3122563,-1.1633091,3,walking
1519421552091,-7.0133657,-2.408002,-1.2303311,3,walking
1519421552094,-7.0995364,-2.5228968,-1.3069274,3,walking
1519421552098,-7.1091113,-2.6282167,-1.3165021,3,walking
1519421552102,-7.176133,-2.7431116,-1.3739494,3,walking
1519421552106,-7.176133,-2.7909844,-1.3165021,3,walking
1519421552110,-7.243155,-2.88673,-1.469695,3,walking
1519421552114,-7.2144313,-2.8484318,-1.4409714,3,walking
1519421552118,-7.2240057,-2.9154537,-1.4218222,3,walking
1519421552122,-7.2335806,-2.88673,-1.4792696,3,walking
1519421552126,-7.2335806,-2.9154537,-1.5367169,3,walking
1519421552130,-7.2910275,-2.8292825,-1.469695,3,walking
1519421552133,-7.3676243,-2.8101335,-1.4122477,3,walking
1519421552137,-7.396348,-2.7718353,-1.3930986,3,walking
1519421552141,-7.4059224,-2.7431116,-1.3643749,3,walking
1519421552145,-7.434646,-2.7048132,-1.2782038,3,walking
1519421552149,-7.4537954,-2.6856642,-1.2494801,3,walking
1519421552153,-7.5208173,-2.580344,-1.2111819,3,walking
1519421552157,-7.587839,-2.5420458,-1.1154363,3,walking
1519421552161,-7.635712,-2.475024,-1.0484143,3,walking
1519421552165,-7.6835847,-2.4654493,-0.9526688,3,walking
1519421552169,-7.7601814,-2.4558747,-0.93351966,3,walking
1519421552173,-7.875076,-2.3888528,-0.85692316,3,walking
1519421552176,-7.8655014,-2.321831,-0.6750065,3,walking
1519421552180,-7.9516726,-2.2931073,-0.4835153,3,walking
1519421552184,-8.095291,-2.2643836,-0.4835153,3,walking
1519421552188,-8.21976,-2.2452345,-0.56968635,3,walking
1519421552192,-8.296356,-2.2165108,-0.5888355,3,walking
1519421552196,-8.411251,-2.2356598,-0.4835153,3,walking
1519421552204,-8.487848,-2.2739582,-0.4356425,3,walking
1519421552208,-8.593168,-2.3026817,-0.4356425,3,walking
1519421552211,-8.717637,-2.3314054,-0.4835153,3,walking
1519421552215,-8.832532,-2.4175766,-0.50266445,3,walking
1519421552219,-8.957002,-2.4175766,-0.56011176,3,walking
1519421552223,-9.052747,-2.4558747,-0.5792609,3,walking
1519421552227,-9.148493,-2.513322,-0.6271337,3,walking
1519421552231,-9.263388,-2.5707695,-0.665432,3,walking
1519421552235,-9.359133,-2.647366,-0.71330476,3,walking
1519421552238,-9.426155,-2.752686,-0.71330476,3,walking
1519421552242,-9.531475,-2.733537,-0.7324539,3,walking
1519421552246,-9.598496,-2.867581,-0.77075213,3,walking
1519421552250,-9.598496,-2.9250283,-0.7228793,3,walking
1519421552254,-9.64637,-2.9250283,-0.70373017,3,walking
1519421552258,-9.665519,-2.9346027,-0.6845811,3,walking
1519421552262,-9.62722,-2.9824755,-0.6750065,3,walking
1519421552265,-9.550624,-2.9920502,-0.6271337,3,walking
1519421552269,-9.608071,-2.9537518,-0.7420284,3,walking
1519421552273,-9.617646,-2.9346027,-0.76117754,3,walking
1519421552277,-9.703817,-2.9154537,-0.78032666,3,walking
1519421552281,-9.732541,-2.8963046,-0.78032666,3,walking
1519421552285,-9.809137,-2.9250283,-0.78990126,3,walking
1519421552289,-9.991054,-2.972901,-0.8952214,3,walking
1519421552292,-10.19212,-3.039923,-0.98139244,3,walking
1519421552296,-10.441058,-3.0686467,-1.0388398,3,walking
1519421552300,-10.651698,-3.173967,-1.0579889,3,walking
1519421552304,-10.986808,-3.231414,-1.0867126,3,walking
1519421552308,-11.28362,-3.3175852,-1.1154363,3,walking
1519421552312,-11.590006,-3.384607,-1.1250108,3,walking
1519421552316,-11.896391,-3.4324799,-1.1250108,3,walking
1519421552319,-12.126181,-3.4803526,-1.0388398,3,walking
1519421552323,-12.308098,-3.5856729,-0.9622433,3,walking
1519421552327,-12.537887,-3.5856729,-0.93351966,3,walking
1519421552331,-12.643207,-3.6431203,-0.8281995,3,walking
1519421552335,-12.681505,-3.671844,-0.6750065,3,walking
1519421552339,-12.738953,-3.6335456,-0.5792609,3,walking
1519421552346,-12.69108,-3.5952475,-0.54096264,3,walking
1519421552350,-12.719804,-3.4803526,-0.47394073,3,walking
1519421552354,-12.633633,-3.4037561,-0.5218136,3,walking
1519421552358,-12.604909,-3.2601378,-0.4356425,3,walking
1519421552361,-12.432567,-3.078221,-0.3877697,3,walking
1519421552365,-12.279374,-2.8963046,-0.44521707,3,walking
1519421552369,-12.174053,-2.733537,-0.45479164,3,walking
1519421552373,-12.020861,-2.5707695,-0.39734426,3,walking
1519421552376,-11.848518,-2.3792782,-0.46436617,3,walking
1519421552380,-11.791071,-2.168638,-0.46436617,3,walking
1519421552384,-11.657027,-2.0537431,-0.61755913,3,walking
1519421552388,-11.714475,-1.7473572,-0.7420284,3,walking
1519421552391,-11.838944,-1.5462915,-0.9718179,3,walking
1519421552395,-12.001712,-1.3739494,-1.1058618,3,walking
1519421552399,-12.288948,-1.1633091,-1.2877784,3,walking
1519421552403,-12.470865,-1.0962871,-1.3643749,3,walking
1519421552406,-12.662356,-1.0675635,-1.4888442,3,walking
1519421552410,-12.834699,-1.0867126,-1.5558661,3,walking
1519421552414,-12.844273,-1.2590547,-1.5845897,3,walking
1519421552418,-12.863422,-1.4122477,-1.5558661,3,walking
1519421552421,-12.710229,-1.6037389,-1.4409714,3,walking
1519421552425,-12.604909,-1.862252,-1.4505459,3,walking
1519421552429,-12.394268,-2.1399143,-1.2877784,3,walking
1519421552433,-12.260224,-2.3697038,-1.1154363,3,walking
1519421552436,-12.059159,-2.561195,-1.0101161,3,walking
1519421552440,-11.896391,-2.7718353,-0.98139244,3,walking
1519421552444,-11.781497,-2.8292825,-1.14416,3,walking
1519421552448,-11.685751,-2.88673,-1.1728836,3,walking
1519421552451,-11.551707,-2.9441774,-1.2782038,3,walking
1519421552455,-11.465536,-3.0016246,-1.3548003,3,walking
1519421552459,-11.350641,-3.059072,-1.4984187,3,walking
1519421552463,-11.254896,-3.0877957,-1.5845897,3,walking
1519421552466,-11.245321,-3.1643922,-1.7377827,3,walking
1519421552470,-11.187874,-3.1548176,-1.8526775,3,walking
1519421552474,-11.187874,-3.1548176,-1.948423,3,walking
1519421552478,-11.1208515,-3.0973704,-2.0824668,3,walking
1519421552481,-11.015532,-3.1356685,-2.1590633,3,walking
1519421552485,-10.938935,-3.1165195,-2.168638,3,walking
1519421552493,-10.833615,-3.1069448,-2.1782124,3,walking
1519421552497,-10.699572,-3.0877957,-2.2069361,3,walking
1519421552500,-10.546378,-3.0494976,-2.2165108,3,walking
1519421552504,-10.393186,-3.0111992,-2.1973617,3,walking
1519421552508,-10.182545,-2.9154537,-2.0920415,3,walking
1519421552512,-10.000628,-2.8292825,-2.034594,3,walking
1519421552516,-9.809137,-2.752686,-1.9867213,3,walking
1519421552520,-9.64637,-2.647366,-1.9867213,3,walking
1519421552524,-9.474028,-2.5228968,-1.9196993,3,walking
1519421552527,-9.272962,-2.3984275,-1.8526775,3,walking
1519421552531,-9.129343,-2.2931073,-1.7856555,3,walking
1519421552535,-8.947427,-2.1782124,-1.7569319,3,walking
1519421552539,-8.755936,-2.0537431,-1.7377827,3,walking
1519421552543,-8.6697645,-1.9675722,-1.6899099,3,walking
1519421552547,-8.602742,-1.8143792,-1.7282082,3,walking
1519421552551,-8.506997,-1.7377827,-1.7569319,3,walking
1519421552554,-8.478273,-1.6324625,-1.79523,3,walking
1519421552558,-8.459125,-1.5558661,-1.8048047,3,walking
1519421552562,-8.411251,-1.5175679,-1.7569319,3,walking
1519421552566,-8.439975,-1.5367169,-1.7569319,3,walking
1519421552570,-8.459125,-1.5654407,-1.8143792,3,walking
1519421552574,-8.478273,-1.5941644,-1.862252,3,walking
1519421552578,-8.497422,-1.6516117,-1.862252,3,walking
1519421552581,-8.545295,-1.7377827,-1.8909757,3,walking
1519421552585,-8.583593,-1.8143792,-1.862252,3,walking
1519421552589,-8.631466,-2.0250196,-1.9771467,3,walking
1519421552593,-8.717637,-2.1399143,-2.0441687,3,walking
1519421552597,-8.918703,-2.2835326,-2.1207652,3,walking
1519421552601,-9.0814705,-2.5228968,-2.0824668,3,walking
1519421552605,-9.110194,-2.819708,-2.2356598,3,walking
1519421552608,-9.110194,-3.1165195,-2.3697038,3,walking
1519421552612,-9.0814705,-3.3750327,-2.4463003,3,walking
1519421552616,-9.0814705,-3.4899273,-2.4175766,3,walking
1519421552620,-9.2825365,-3.518651,-2.427151,3,walking
1519421552624,-9.474028,-3.5760984,-2.4175766,3,walking
1519421552628,-9.636795,-3.5378,-2.408002,3,walking
1519421552635,-9.703817,-3.4229054,-2.427151,3,walking
1519421552639,-9.675094,-3.2792869,-2.4845984,3,walking
1519421552643,-9.675094,-3.126094,-2.475024,3,walking
1519421552647,-9.636795,-3.0303483,-2.475024,3,walking
1519421552651,-9.732541,-2.9250283,-2.3888528,3,walking
1519421552654,-9.770839,-2.7814097,-2.1590633,3,walking
1519421552658,-9.809137,-2.6377914,-1.9579976,3,walking
1519421552662,-9.732541,-2.5420458,-1.8143792,3,walking
1519421552666,-9.761265,-2.360129,-1.776081,3,walking
1519421552670,-9.742115,-2.187787,-1.7282082,3,walking
1519421552674,-9.703817,-2.0250196,-1.5845897,3,walking
1519421552677,-9.579348,-2.034594,-1.469695,3,walking
1519421552681,-9.454879,-2.0537431,-1.4218222,3,walking
1519421552685,-9.272962,-2.1399143,-1.4601204,3,walking
1519421552689,-9.18679,-2.1303396,-1.4601204,3,walking
1519421552693,-9.024023,-2.168638,-1.5462915,3,walking
1519421552697,-8.957002,-2.101616,-1.5558661,3,walking
1519421552700,-8.813383,-2.015445,-1.4792696,3,walking
1519421552704,-8.593168,-1.8909757,-1.4122477,3,walking
1519421552708,-8.44955,-1.7569319,-1.4218222,3,walking
1519421552712,-8.286782,-1.5845897,-1.4313968,3,walking
1519421552716,-8.085716,-1.4026731,-1.4122477,3,walking
1519421552719,-7.9325233,-1.2686293,-1.383524,3,walking
1519421552723,-7.9037995,-1.2111819,-1.4888442,3,walking
1519421552727,-7.9708214,-1.2494801,-1.5941644,3,walking
1519421552731,-7.9899707,-1.3069274,-1.6707608,3,walking
1519421552735,-8.037844,-1.2686293,-1.6994845,3,walking
1519421552739,-7.9708214,-1.2590547,-1.6324625,3,walking
1519421552742,-7.9420977,-1.2399056,-1.4984187,3,walking
1519421552746,-7.8846507,-1.2207564,-1.4122477,3,walking
1519421552750,-7.808054,-1.1633091,-1.3260766,3,walking
1519421552754,-7.788905,-1.0675635,-1.2303311,3,walking
1519421552758,-7.7984796,-0.9718179,-1.3165021,3,walking
1519421552762,-7.8272033,-0.98139244,-1.3260766,3,walking
1519421552765,-7.9133744,-0.9622433,-1.4984187,3,walking
1519421552769,-7.961247,-1.0388398,-1.622888,3,walking
1519421552773,-7.9516726,-1.1537346,-1.6994845,3,walking
1519421552781,-7.999545,-1.3069274,-1.7473572,3,walking
1519421552784,-8.028269,-1.4601204,-1.6611862,3,walking
1519421552788,-8.028269,-1.6133134,-1.6899099,3,walking
1519421552792,-8.066567,-1.7186337,-1.6994845,3,walking
1519421552796,-8.124015,-1.8048047,-1.7186337,3,walking
1519421552799,-8.085716,-1.862252,-1.7282082,3,walking
1519421552803,-8.056993,-1.9388485,-1.7569319,3,walking
1519421552807,-8.018694,-2.034594,-1.7282082,3,walking
1519421552811,-8.047418,-2.1399143,-1.709059,3,walking
1519421552815,-8.066567,-2.2452345,-1.6803354,3,walking
1519421552818,-8.066567,-2.321831,-1.622888,3,walking
1519421552822,-8.095291,-2.4367256,-1.5462915,3,walking
1519421552826,-8.152739,-2.4463003,-1.5941644,3,walking
1519421552830,-8.11444,-2.494173,-1.5175679,3,walking
1519421552833,-8.037844,-2.5516202,-1.4409714,3,walking
1519421552837,-8.018694,-2.5420458,-1.4313968,3,walking
1519421552841,-8.00912,-2.5420458,-1.3739494,3,walking
1519421552845,-7.961247,-2.5516202,-1.3739494,3,walking
1519421552848,-8.00912,-2.5420458,-1.4026731,3,walking
1519421552852,-7.9420977,-2.580344,-1.3260766,3,walking
1519421552856,-7.922949,-2.6282167,-1.3356512,3,walking
1519421552860,-7.961247,-2.6186423,-1.3260766,3,walking
1519421552864,-7.9803963,-2.5994933,-1.3452257,3,walking
1519421552867,-7.9516726,-2.6090677,-1.3548003,3,walking
1519421552871,-8.00912,-2.6090677,-1.3739494,3,walking
1519421552875,-7.9899707,-2.580344,-1.3739494,3,walking
1519421552879,-8.037844,-2.5037475,-1.3548003,3,walking
1519421552882,-8.085716,-2.4845984,-1.3739494,3,walking
1519421552886,-8.085716,-2.3984275,-1.4218222,3,walking
1519421552890,-8.11444,-2.3697038,-1.4888442,3,walking
1519421552894,-8.1623125,-2.321831,-1.5079932,3,walking
1519421552897,-8.124015,-2.3122563,-1.5175679,3,walking
1519421552901,-8.21976,-2.2835326,-1.5271424,3,walking
1519421552905,-8.286782,-2.2835326,-1.5367169,3,walking
1519421552909,-8.34423,-2.2835326,-1.5845897,3,walking
1519421552913,-8.420826,-2.2643836,-1.622888,3,walking
1519421552920,-8.55487,-2.2643836,-1.6994845,3,walking
1519421552924,-8.650616,-2.2260852,-1.7186337,3,walking
1519421552928,-8.755936,-2.2260852,-1.7856555,3,walking
1519421552932,-8.813383,-2.187787,-1.776081,3,walking
1519421552935,-8.899554,-2.187787,-1.8143792,3,walking
1519421552939,-8.985725,-2.1590633,-1.8143792,3,walking
1519421552943,-9.0814705,-2.1111906,-1.79523,3,walking
1519421552947,-9.119769,-2.101616,-1.8143792,3,walking
1519421552951,-9.244238,-2.0728924,-1.8909757,3,walking
1519421552954,-9.31126,-2.0537431,-1.8814012,3,walking
1519421552958,-9.3878565,-2.034594,-1.948423,3,walking
1519421552962,-9.483603,-1.9962958,-1.9675722,3,walking
1519421552966,-9.579348,-1.9771467,-1.9579976,3,walking
1519421552970,-9.675094,-1.948423,-2.0728924,3,walking
1519421552973,-9.703817,-1.948423,-2.0250196,3,walking
1519421552977,-9.799562,-1.9388485,-2.101616,3,walking
1519421552981,-9.847435,-1.9005502,-2.1207652,3,walking
1519421552985,-9.85701,-1.9101248,-2.1399143,3,walking
1519421552989,-9.914457,-1.8814012,-2.187787,3,walking
1519421552992,-9.952756,-1.8526775,-2.187787,3,walking
1519421552996,-9.904882,-1.8718265,-2.168638,3,walking
1519421553000,-9.924032,-1.8718265,-2.2165108,3,walking
1519421553004,-9.943181,-1.8335283,-2.254809,3,walking
1519421553008,-9.761265,-1.9388485,-2.168638,3,walking
1519421553011,-9.761265,-1.948423,-2.1590633,3,walking
1519421553015,-9.6942425,-1.9579976,-2.1399143,3,walking
1519421553019,-9.569773,-2.0058703,-2.101616,3,walking
1519421553023,-9.560199,-2.0824668,-2.1111906,3,walking
1519421553027,-9.474028,-2.1207652,-2.1111906,3,walking
1519421553030,-9.41658,-2.1399143,-2.0441687,3,walking
1519421553034,-9.3878565,-2.187787,-2.0250196,3,walking
1519421553038,-9.378282,-2.2739582,-1.9771467,3,walking
1519421553042,-9.359133,-2.2931073,-1.9101248,3,walking
1519421553046,-9.2825365,-2.3984275,-1.6899099,3,walking
1519421553049,-9.234664,-2.4558747,-1.5750152,3,walking
1519421553053,-9.196365,-2.4654493,-1.4984187,3,walking
1519421553057,-9.110194,-2.561195,-1.2494801,3,walking
1519421553065,-9.004874,-2.666515,-1.1633091,3,walking
1519421553068,-8.985725,-2.6569405,-0.9430942,3,walking
1519421553072,-9.014449,-2.752686,-0.8760723,3,walking
1519421553076,-9.004874,-2.8388572,-0.7228793,3,walking
1519421553080,-9.043172,-2.9441774,-0.6271337,3,walking
1519421553084,-9.167642,-3.0303483,-0.5888355,3,walking
1519421553088,-9.397431,-3.0303483,-0.59841,3,walking
1519421553091,-9.560199,-3.0686467,-0.5505372,3,walking
1519421553095,-9.6942425,-3.059072,-0.5218136,3,walking
1519421553099,-9.904882,-3.1069448,-0.47394073,3,walking
1519421553103,-10.182545,-3.0303483,-0.4835153,3,walking
1519421553107,-10.393186,-2.9633265,-0.512239,3,walking
1519421553111,-10.651698,-2.8580062,-0.512239,3,walking
1519421553115,-10.938935,-2.733537,-0.5218136,3,walking
1519421553118,-11.216598,-2.714388,-0.5888355,3,walking
1519421553122,-11.561282,-2.5899186,-0.665432,3,walking
1519421553126,-11.72405,-2.580344,-0.7324539,3,walking
1519421553130,-11.877242,-2.475024,-0.751603,3,walking
1519421553134,-11.953838,-2.475024,-0.8281995,3,walking
1519421553138,-11.925115,-2.3697038,-0.8473486,3,walking
1519421553141,-11.886817,-2.3122563,-0.77075213,3,walking
1519421553145,-11.858093,-2.187787,-0.8281995,3,walking
1519421553149,-11.695326,-2.0920415,-0.8760723,3,walking
1519421553153,-11.580431,-1.929274,-0.9526688,3,walking
1519421553157,-11.475111,-1.776081,-1.0388398,3,walking
1519421553161,-11.360216,-1.6420372,-1.14416,3,walking
1519421553164,-11.26447,-1.5079932,-1.2686293,3,walking
1519421553168,-10.967659,-1.4122477,-1.1633091,3,walking
1519421553172,-10.699572,-1.3739494,-1.1345854,3,walking
1519421553176,-10.393186,-1.2877784,-1.0771381,3,walking
1519421553180,-10.153821,-1.2686293,-1.0388398,3,walking
1519421553184,-10.010203,-1.1824582,-1.0292653,3,walking
1519421553187,-9.914457,-1.1345854,-0.99096704,3,walking
1519421553191,-9.818711,-1.1250108,-0.99096704,3,walking
1519421553195,-9.780414,-1.1633091,-0.98139244,3,walking
1519421553199,-9.722966,-1.3069274,-0.8856468,3,walking
1519421553206,-9.608071,-1.4218222,-0.71330476,3,walking
1519421553210,-9.560199,-1.6133134,-0.6079846,3,walking
1519421553214,-9.636795,-1.8048047,-0.5313881,3,walking
1519421553218,-9.713391,-1.9675722,-0.3877697,3,walking
1519421553222,-9.809137,-2.1782124,-0.3398969,3,walking
1519421553225,-9.98148,-2.34098,-0.2441513,3,walking
1519421553229,-10.096374,-2.513322,-0.17712937,3,walking
1519421553233,-10.249567,-2.6377914,-0.13883112,3,walking
1519421553237,-10.421909,-2.6856642,-0.00478728,3,walking
1519421553240,-10.488931,-2.733537,0.062234644,3,walking
1519421553244,-10.670848,-2.7048132,0.0718092,3,walking
1519421553248,-10.776168,-2.7048132,0.09095833,3,walking
1519421553252,-10.938935,-2.6856642,0.043085523,3,walking
1519421553256,-11.063405,-2.6282167,-0.043085523,3,walking
1519421553259,-11.1208515,-2.5324712,-0.11968201,3,walking
1519421553263,-11.15915,-2.3984275,-0.28244954,3,walking
1519421553267,-11.197449,-2.2739582,-0.47394073,3,walking
1519421553271,-11.254896,-2.0728924,-0.7420284,3,walking
1519421553274,-11.331492,-1.8143792,-0.98139244,3,walking
1519421553278,-11.321918,-1.6516117,-1.2016073,3,walking
1519421553282,-11.36979,-1.4313968,-1.3930986,3,walking
1519421553286,-11.350641,-1.1824582,-1.6037389,3,walking
1519421553289,-11.38894,-1.0292653,-1.8239537,3,walking
1519421553293,-11.436812,-0.83777404,-2.0441687,3,walking
1519421553297,-11.417664,-0.77075213,-2.1782124,3,walking
1519421553301,-11.446387,-0.64628285,-2.408002,3,walking
1519421553305,-11.379365,-0.63670826,-2.427151,3,walking
1519421553308,-11.321918,-0.61755913,-2.4463003,3,walking
1519421553312,-11.168725,-0.6750065,-2.2835326,3,walking
1519421553316,-11.034681,-0.7228793,-1.9771467,3,walking
1519421553320,-10.795317,-0.64628285,-1.6994845,3,walking
1519421553323,-10.555953,-0.6271337,-1.4218222,3,walking
1519421553327,-10.29744,-0.6271337,-1.1537346,3,walking
1519421553331,-10.019777,-0.6558574,-0.99096704,3,walking
1519421553335,-9.713391,-0.76117754,-0.8952214,3,walking
1519421553338,-9.426155,-0.92394507,-0.8186249,3,walking
1519421553342,-9.244238,-1.1728836,-0.8856468,3,walking
1519421553346,-8.966576,-1.4313968,-0.8760723,3,walking
1519421553354,-8.755936,-1.7377827,-0.8186249,3,walking
1519421553357,-8.55487,-2.034594,-0.85692316,3,walking
1519421553361,-8.305931,-2.2165108,-0.85692316,3,walking
1519421553365,-8.085716,-2.321831,-0.78990126,3,walking
1519421553369,-7.8846507,-2.3792782,-0.6079846,3,walking
1519421553372,-7.6452866,-2.3888528,-0.56011176,3,walking
1519421553376,-7.482519,-2.3122563,-0.512239,3,walking
1519421553380,-7.3197513,-2.2643836,-0.40691882,3,walking
1519421553384,-7.2718787,-2.2165108,-0.3111732,3,walking
1519421553388,-7.2144313,-2.1590633,-0.2920241,3,walking
1519421553391,-7.2623043,-2.1207652,-0.359046,3,walking
1519421553395,-7.3006024,-2.0250196,-0.39734426,3,walking
1519421553399,-7.35805,-1.8814012,-0.44521707,3,walking
1519421553403,-7.4537954,-1.776081,-0.63670826,3,walking
1519421553406,-7.5399666,-1.5845897,-0.78032666,3,walking
1519421553410,-7.56869,-1.3548003,-0.90479594,3,walking
1519421553414,-7.587839,-1.1058618,-0.91437054,3,walking
1519421553418,-7.5782647,-0.8473486,-1.0675635,3,walking
1519421553422,-7.511243,-0.665432,-1.1633091,3,walking
1519421553425,-7.4729443,-0.42606795,-1.2590547,3,walking
1519421553429,-7.4059224,-0.2920241,-1.3548003,3,walking
1519421553433,-7.3867736,-0.20585304,-1.4218222,3,walking
1519421553437,-7.3197513,-0.09095833,-1.5175679,3,walking
1519421553440,-7.2718787,-0.081383765,-1.6037389,3,walking
1519421553444,-7.2527294,-0.10053288,-1.622888,3,walking
1519421553448,-7.204857,-0.16755481,-1.6803354,3,walking
1519421553452,-7.156984,-0.27287498,-1.6707608,3,walking
1519421553456,-7.1857076,-0.4835153,-1.7377827,3,walking
1519421553459,-7.2144313,-0.7420284,-1.8048047,3,walking
1519421553463,-7.195282,-0.99096704,-1.776081,3,walking
1519421553467,-7.176133,-1.3165021,-1.6899099,3,walking
1519421553471,-7.1474094,-1.5367169,-1.6420372,3,walking
1519421553474,-7.1186857,-1.8431029,-1.6611862,3,walking
1519421553478,-7.12826,-2.1590633,-1.6899099,3,walking
1519421553482,-7.2527294,-2.3792782,-1.6611862,3,walking
1519421553486,-7.2240057,-2.666515,-1.6037389,3,walking
1519421553493,-7.243155,-2.8580062,-1.5175679,3,walking
1519421553497,-7.2527294,-3.0973704,-1.4313968,3,walking
1519421553501,-7.310177,-3.2409887,-1.3548003,3,walking
1519421553505,-7.3389006,-3.2888615,-1.2877784,3,walking
1519421553509,-7.281453,-3.2888615,-1.2590547,3,walking
1519421553513,-7.281453,-3.231414,-1.2303311,3,walking
1519421553517,-7.35805,-3.126094,-1.2590547,3,walking
1519421553520,-7.46337,-2.9824755,-1.3356512,3,walking
1519421553524,-7.46337,-2.7718353,-1.3356512,3,walking
1519421553528,-7.5303917,-2.6186423,-1.3165021,3,walking
1519421553532,-7.5399666,-2.5228968,-1.3165021,3,walking
1519421553536,-7.5303917,-2.4845984,-1.3930986,3,walking
1519421553540,-7.5974135,-2.4463003,-1.3930986,3,walking
1519421553543,-7.654861,-2.3697038,-1.3548003,3,walking
1519421553547,-7.741032,-2.3984275,-1.3356512,3,walking
1519421553551,-7.846352,-2.3984275,-1.4122477,3,walking
1519421553555,-7.8655014,-2.3697038,-1.383524,3,walking
1519421553559,-7.8655014,-2.2931073,-1.2494801,3,walking
1519421553563,-7.9516726,-2.321831,-1.2207564,3,walking
1519421553567,-8.047418,-2.3314054,-1.2877784,3,walking
1519421553570,-8.124015,-2.3984275,-1.3356512,3,walking
1519421553574,-8.181462,-2.475024,-1.2973529,3,walking
1519421553578,-8.34423,-2.4654493,-1.2016073,3,walking
1519421553582,-8.401677,-2.494173,-1.1824582,3,walking
1519421553586,-8.487848,-2.5228968,-1.1250108,3,walking
1519421553590,-8.5740185,-2.5516202,-1.0962871,3,walking
1519421553593,-8.612317,-2.6186423,-1.0771381,3,walking
1519421553597,-8.717637,-2.5994933,-1.0579889,3,walking
1519421553601,-8.765511,-2.6282167,-1.0771381,3,walking
1519421553605,-8.851681,-2.666515,-1.0196906,3,walking
1519421553609,-8.909128,-2.6952388,-0.92394507,3,walking
1519421553613,-8.9761505,-2.733537,-0.8664977,3,walking
1519421553617,-9.024023,-2.819708,-0.8473486,3,walking
1519421553620,-9.110194,-2.8292825,-0.83777404,3,walking
1519421553624,-9.177217,-2.8484318,-0.8760723,3,walking
1519421553628,-9.196365,-2.867581,-0.8090504,3,walking
1519421553632,-9.253813,-2.88673,-0.8186249,3,walking
1519421553636,-9.253813,-2.88673,-0.8281995,3,walking
1519421553640,-9.349558,-2.8771553,-0.85692316,3,walking
1519421553647,-9.397431,-2.867581,-0.8952214,3,walking
1519421553651,-9.474028,-2.8292825,-0.91437054,3,walking
1519421553655,-9.608071,-2.800559,-1.0005416,3,walking
1519421553659,-9.722966,-2.733537,-1.0484143,3,walking
1519421553662,-9.85701,-2.6952388,-1.1154363,3,walking
1519421553666,-9.952756,-2.666515,-1.1920328,3,walking
1519421553670,-10.105948,-2.6377914,-1.2590547,3,walking
1519421553674,-10.278291,-2.6186423,-1.3356512,3,walking
1519421553678,-10.431483,-2.647366,-1.3356512,3,walking
1519421553681,-10.6134,-2.7239625,-1.4026731,3,walking
1519421553685,-10.776168,-2.752686,-1.3930986,3,walking
1519421553689,-10.94851,-2.7814097,-1.383524,3,walking
1519421553693,-11.101703,-2.8292825,-1.3356512,3,walking
1519421553697,-11.26447,-2.8484318,-1.3165021,3,walking
1519421553700,-11.379365,-2.88673,-1.2590547,3,walking
1519421553704,-11.522984,-2.9154537,-1.2303311,3,walking
1519421553708,-11.676176,-2.9346027,-1.1537346,3,walking
1519421553712,-11.771922,-2.9346027,-1.1250108,3,walking
1519421553716,-11.915541,-2.9346027,-1.1250108,3,walking
1519421553719,-12.030436,-2.88673,-1.0771381,3,walking
1519421553723,-12.126181,-2.800559,-1.0771381,3,walking
1519421553727,-12.145329,-2.7814097,-1.0484143,3,walking
1519421553731,-12.126181,-2.6952388,-1.0675635,3,walking
1519421553734,-12.107032,-2.6282167,-1.0005416,3,walking
1519421553738,-12.049584,-2.5228968,-1.1058618,3,walking
1519421553742,-11.963413,-2.3792782,-1.0867126,3,walking
1519421553746,-11.858093,-2.3026817,-1.1058618,3,walking
1519421553750,-11.877242,-2.187787,-1.1633091,3,walking
1519421553753,-11.771922,-2.0920415,-1.1250108,3,walking
1519421553757,-11.762347,-1.9675722,-1.14416,3,walking
1519421553761,-11.819795,-1.8718265,-1.1537346,3,walking
1519421553765,-11.915541,-1.7282082,-1.2016073,3,walking
1519421553769,-12.068733,-1.5941644,-1.2399056,3,walking
1519421553772,-12.202777,-1.4888442,-1.2686293,3,walking
1519421553776,-12.375119,-1.4409714,-1.3069274,3,walking
1519421553780,-12.528313,-1.4984187,-1.1920328,3,walking
1519421553784,-12.700654,-1.5750152,-1.2494801,3,walking
1519421553791,-12.805975,-1.6420372,-1.1633091,3,walking
1519421553795,-12.815549,-1.7856555,-1.0675635,3,walking
1519421553799,-12.786825,-1.9005502,-1.0579889,3,walking
1519421553803,-12.719804,-2.015445,-0.8856468,3,walking
1519421553807,-12.576185,-2.1303396,-0.78990126,3,walking
1519421553811,-12.442142,-2.254809,-0.665432,3,walking
1519421553814,-12.260224,-2.360129,-0.59841,3,walking
1519421553818,-12.059159,-2.475024,-0.5218136,3,walking
1519421553822,-11.838944,-2.6186423,-0.50266445,3,walking
1519421553826,-11.657027,-2.7431116,-0.5313881,3,walking
1519421553830,-11.475111,-2.800559,-0.56011176,3,walking
1519421553834,-11.28362,-2.8484318,-0.6271337,3,walking
1519421553837,-11.178299,-2.8580062,-0.78032666,3,walking
1519421553841,-11.05383,-2.8484318,-0.90479594,3,walking
1519421553845,-10.986808,-2.7814097,-1.1250108,3,walking
1519421553849,-10.938935,-2.7622607,-1.3356512,3,walking
1519421553853,-10.804892,-2.6856642,-1.4984187,3,walking
1519421553857,-10.71872,-2.6282167,-1.6420372,3,walking
1519421553860,-10.6134,-2.5899186,-1.8048047,3,walking
1519421553864,-10.517654,-2.5420458,-1.8718265,3,walking
1519421553868,-10.421909,-2.5324712,-1.9962958,3,walking
1519421553872,-10.29744,-2.5420458,-2.0537431,3,walking
1519421553876,-10.182545,-2.5420458,-2.034594,3,walking
1519421553880,-10.096374,-2.5707695,-2.034594,3,walking
1519421553883,-9.98148,-2.5994933,-1.948423,3,walking
1519421553887,-9.904882,-2.5899186,-1.9005502,3,walking
1519421553891,-9.761265,-2.5516202,-1.7473572,3,walking
1519421553895,-9.655944,-2.5707695,-1.709059,3,walking
1519421553899,-9.512326,-2.580344,-1.6037389,3,walking
1519421553903,-9.3878565,-2.5324712,-1.5367169,3,walking
1519421553906,-9.31126,-2.6186423,-1.4026731,3,walking
1519421553910,-9.29211,-2.5899186,-1.3930986,3,walking
1519421553914,-9.2825365,-2.5516202,-1.3452257,3,walking
1519421553918,-9.2825365,-2.513322,-1.3643749,3,walking
1519421553922,-9.29211,-2.4463003,-1.3548003,3,walking
1519421553926,-9.330409,-2.3984275,-1.4505459,3,walking
1519421553933,-9.378282,-2.3122563,-1.5175679,3,walking
1519421553937,-9.330409,-2.2643836,-1.5750152,3,walking
1519421553941,-9.349558,-2.2165108,-1.5750152,3,walking
1519421553944,-9.301685,-2.187787,-1.5750152,3,walking
1519421553948,-9.272962,-2.149489,-1.6133134,3,walking
1519421553952,-9.253813,-2.1111906,-1.6611862,3,walking
1519421553956,-9.29211,-2.1111906,-1.6899099,3,walking
1519421553960,-9.330409,-2.0728924,-1.7569319,3,walking
1519421553963,-9.31126,-2.0824668,-1.8431029,3,walking
1519421553967,-9.349558,-2.101616,-1.8814012,3,walking
1519421553971,-9.3878565,-2.0728924,-1.9675722,3,walking
1519421553975,-9.407005,-2.0633178,-2.034594,3,walking
1519421553978,-9.435729,-2.0633178,-2.0728924,3,walking
1519421553982,-9.474028,-2.0728924,-2.1111906,3,walking
1519421553986,-9.5889225,-2.0633178,-2.1111906,3,walking
1519421553990,-9.742115,-2.0824668,-2.168638,3,walking
1519421553993,-9.876159,-2.1111906,-2.187787,3,walking
1519421553997,-10.096374,-2.1207652,-2.1973617,3,walking
1519421554001,-10.220843,-2.1111906,-2.254809,3,walking
1519421554005,-10.29744,-2.1207652,-2.3026817,3,walking
1519421554008,-10.326163,-2.101616,-2.2931073,3,walking
1519421554012,-10.278291,-2.0824668,-2.3505547,3,walking
1519421554016,-10.278291,-2.1590633,-2.3888528,3,walking
1519421554020,-10.249567,-2.101616,-2.4175766,3,walking
1519421554024,-10.144247,-2.034594,-2.5324712,3,walking
1519421554027,-10.0868,-1.9675722,-2.6569405,3,walking
1519421554031,-10.048501,-1.8335283,-2.580344,3,walking
1519421554035,-10.000628,-1.7186337,-2.513322,3,walking
1519421554039,-9.914457,-1.7473572,-2.733537,3,walking
1519421554042,-9.770839,-1.7282082,-2.8484318,3,walking
1519421554046,-9.560199,-1.7186337,-2.8963046,3,walking
1519421554050,-9.320834,-1.6516117,-2.8292825,3,walking
1519421554054,-9.033598,-1.5558661,-2.7622607,3,walking
1519421554057,-8.813383,-1.4218222,-2.6856642,3,walking
1519421554061,-8.650616,-1.2303311,-2.6569405,3,walking
1519421554065,-8.44955,-1.0292653,-2.494173,3,walking
1519421554073,-8.296356,-0.8473486,-2.3314054,3,walking
1519421554077,-8.104865,-0.77075213,-2.2739582,3,walking
1519421554080,-7.9133744,-0.6558574,-2.2643836,3,walking
1519421554084,-7.741032,-0.6271337,-2.1207652,3,walking
1519421554088,-7.549541,-0.59841,-1.9867213,3,walking
1519421554092,-7.3867736,-0.5792609,-2.0058703,3,walking
1519421554096,-7.3389006,-0.44521707,-1.9388485,3,walking
1519421554100,-7.1474094,-0.4835153,-1.79523,3,walking
1519421554104,-7.0612383,-0.50266445,-1.776081,3,walking
1519421554108,-7.0995364,-0.6750065,-1.8143792,3,walking
1519421554112,-7.195282,-0.98139244,-1.7856555,3,walking
1519421554116,-7.5303917,-1.5654407,-1.8335283,3,walking
1519421554120,-7.5974135,-1.776081,-1.7186337,3,walking
1519421554123,-7.721883,-1.8335283,-1.7186337,3,walking
1519421554127,-7.855927,-1.9005502,-1.7186337,3,walking
1519421554131,-7.922949,-1.929274,-1.8431029,3,walking
1519421554135,-8.056993,-1.9005502,-1.776081,3,walking
1519421554139,-8.095291,-2.015445,-1.7186337,3,walking
1519421554143,-8.286782,-2.1303396,-1.6899099,3,walking
1519421554147,-8.430401,-2.2165108,-1.7282082,3,walking
1519421554151,-8.487848,-2.321831,-1.8048047,3,walking
1519421554155,-8.526146,-2.4175766,-1.8143792,3,walking
1519421554159,-8.621892,-2.494173,-1.8143792,3,walking
1519421554163,-8.621892,-2.4654493,-1.7856555,3,walking
1519421554166,-8.6697645,-2.4367256,-1.8048047,3,walking
1519421554170,-8.727212,-2.408002,-1.7569319,3,walking
1519421554174,-8.736787,-2.3792782,-1.7665064,3,walking
1519421554178,-8.7750845,-2.34098,-1.9005502,3,walking
1519421554182,-8.7750845,-2.3984275,-1.9867213,3,walking
1519421554186,-8.736787,-2.3888528,-1.9579976,3,walking
1519421554190,-8.688913,-2.3792782,-1.929274,3,walking
1519421554194,-8.688913,-2.408002,-1.8814012,3,walking
1519421554198,-8.727212,-2.408002,-1.9771467,3,walking
1519421554202,-8.7750845,-2.3984275,-2.0058703,3,walking
1519421554206,-8.746361,-2.3792782,-1.9675722,3,walking
1519421554213,-8.784659,-2.3697038,-1.9675722,3,walking
1519421554217,-8.803808,-2.34098,-1.9196993,3,walking
1519421554221,-8.842107,-2.3697038,-1.9388485,3,walking
1519421554224,-8.909128,-2.3888528,-1.9675722,3,walking
1519421554228,-8.937852,-2.34098,-1.948423,3,walking
1519421554232,-8.985725,-2.427151,-1.9771467,3,walking
1519421554236,-8.995299,-2.3697038,-1.9196993,3,walking
1519421554239,-8.966576,-2.34098,-1.9101248,3,walking
1519421554243,-8.957002,-2.34098,-1.929274,3,walking
1519421554247,-9.004874,-2.2643836,-1.9005502,3,walking
1519421554251,-9.033598,-2.2452345,-1.8526775,3,walking
1519421554255,-8.957002,-2.2356598,-1.8335283,3,walking
1519421554258,-8.957002,-2.1782124,-1.8048047,3,walking
1519421554262,-8.947427,-2.1207652,-1.7473572,3,walking
1519421554266,-8.889979,-2.0633178,-1.6994845,3,walking
1519421554270,-8.851681,-2.0058703,-1.6707608,3,walking
1519421554273,-8.803808,-1.9771467,-1.622888,3,walking
1519421554277,-8.736787,-1.9579976,-1.5750152,3,walking
1519421554281,-8.746361,-1.9771467,-1.5845897,3,walking
1519421554285,-8.727212,-1.9579976,-1.5654407,3,walking
1519421554288,-8.650616,-1.929274,-1.5367169,3,walking
1519421554292,-8.641041,-1.9388485,-1.4601204,3,walking
1519421554296,-8.641041,-1.948423,-1.5079932,3,walking
1519421554300,-8.6697645,-1.9101248,-1.5558661,3,walking
1519421554303,-8.66019,-1.9196993,-1.4792696,3,walking
1519421554307,-8.698488,-1.929274,-1.4601204,3,walking
1519421554311,-8.708063,-1.929274,-1.4792696,3,walking
1519421554315,-8.746361,-1.929274,-1.4601204,3,walking
1519421554318,-8.794233,-1.948423,-1.4888442,3,walking
1519421554322,-8.842107,-1.9867213,-1.4888442,3,walking
1519421554326,-8.899554,-2.0441687,-1.4218222,3,walking
1519421554330,-8.985725,-2.0920415,-1.4409714,3,walking
1519421554333,-9.100619,-2.1399143,-1.4409714,3,walking
1519421554337,-9.20594,-2.1590633,-1.5079932,3,walking
1519421554341,-9.272962,-2.254809,-1.5367169,3,walking
1519421554349,-9.339984,-2.321831,-1.5558661,3,walking
1519421554352,-9.378282,-2.3984275,-1.5271424,3,walking
1519421554356,-9.397431,-2.427151,-1.5271424,3,walking
1519421554360,-9.435729,-2.4558747,-1.4888442,3,walking
1519421554364,-9.435729,-2.4463003,-1.4313968,3,walking
1519421554368,-9.435729,-2.4463003,-1.4601204,3,walking
1519421554372,-9.445304,-2.408002,-1.4984187,3,walking
1519421554376,-9.426155,-2.34098,-1.5079932,3,walking
1519421554380,-9.359133,-2.2931073,-1.5271424,3,walking
1519421554383,-9.359133,-2.187787,-1.5367169,3,walking
1519421554387,-9.330409,-2.168638,-1.4984187,3,walking
1519421554391,-9.272962,-2.101616,-1.5175679,3,walking
1519421554395,-9.167642,-2.0537431,-1.4122477,3,walking
1519421554399,-9.062322,-2.015445,-1.3930986,3,walking
1519421554403,-8.966576,-1.9867213,-1.3069274,3,walking
1519421554407,-8.851681,-1.9579976,-1.2399056,3,walking
1519421554410,-8.813383,-1.8718265,-1.1824582,3,walking
1519421554414,-8.698488,-1.8814012,-1.0771381,3,walking
1519421554418,-8.641041,-1.8526775,-1.0388398,3,walking
1519421554422,-8.564445,-1.8335283,-0.9718179,3,walking
1519421554426,-8.487848,-1.8048047,-0.8664977,3,walking
1519421554430,-8.430401,-1.7665064,-0.8473486,3,walking
1519421554434,-8.439975,-1.7856555,-0.7420284,3,walking
1519421554438,-8.372953,-1.8048047,-0.665432,3,walking
1519421554441,-8.392102,-1.7856555,-0.56968635,3,walking
1519421554445,-8.372953,-1.8431029,-0.47394073,3,walking
1519421554449,-8.401677,-1.8431029,-0.42606795,3,walking
1519421554453,-8.535721,-1.8431029,-0.40691882,3,walking
1519421554457,-8.679339,-1.7856555,-0.40691882,3,walking
1519421554461,-8.947427,-1.8143792,-0.4835153,3,walking
1519421554465,-9.215514,-1.79523,-0.54096264,3,walking
1519421554468,-9.550624,-1.8143792,-0.6079846,3,walking
1519421554472,-9.943181,-1.862252,-0.78032666,3,walking
1519421554476,-10.335738,-1.9101248,-0.85692316,3,walking
1519421554480,-10.737869,-1.9675722,-0.91437054,3,walking
1519421554484,-11.149575,-2.0633178,-0.9622433,3,walking
1519421554492,-11.4272375,-2.1782124,-1.0388398,3,walking
1519421554495,-11.618729,-2.2835326,-1.0675635,3,walking
1519421554499,-11.762347,-2.3697038,-1.1250108,3,walking
1519421554503,-11.791071,-2.4558747,-1.1728836,3,walking
1519421554506,-11.771922,-2.5037475,-1.1537346,3,walking
1519421554510,-11.647452,-2.5707695,-1.0867126,3,walking
1519421554514,-11.522984,-2.5324712,-1.0675635,3,walking
1519421554517,-11.28362,-2.5037475,-1.0005416,3,walking
1519421554521,-11.034681,-2.360129,-0.93351966,3,walking
1519421554525,-10.699572,-2.2452345,-0.78032666,3,walking
1519421554529,-10.354887,-2.1207652,-0.71330476,3,walking
1519421554532,-10.115523,-2.0728924,-0.6271337,3,walking
1519421554536,-9.904882,-2.1111906,-0.6079846,3,walking
1519421554540,-9.761265,-2.1590633,-0.7228793,3,walking
1519421554543,-9.598496,-2.1782124,-0.78032666,3,walking
1519421554547,-9.483603,-2.0537431,-0.7324539,3,walking
1519421554551,-9.359133,-1.9675722,-0.665432,3,walking
1519421554555,-9.29211,-1.862252,-0.70373017,3,walking
1519421554558,-9.18679,-1.7856555,-0.76117754,3,walking
1519421554562,-9.196365,-1.8143792,-0.8473486,3,walking
1519421554566,-9.29211,-1.8239537,-0.93351966,3,walking
1519421554569,-9.407005,-1.948423,-1.0005416,3,walking
1519421554573,-9.560199,-2.101616,-1.0579889,3,walking
1519421554577,-9.732541,-2.2739582,-1.1154363,3,walking
1519421554580,-9.924032,-2.427151,-1.0771381,3,walking
1519421554584,-10.163396,-2.5037475,-1.1154363,3,walking
1519421554588,-10.374036,-2.6090677,-1.0867126,3,walking
1519421554592,-10.622974,-2.6377914,-1.0388398,3,walking
1519421554595,-10.814466,156.8648,-0.9622433,3,walking
1519421554599,-10.996383,-2.752686,-0.9718179,3,walking
1519421554603,-11.226172,-2.7718353,-1.0292653,3,walking
1519421554606,-11.446387,-2.7622607,-1.0484143,3,walking
1519421554610,-11.628304,-2.6952388,-1.0484143,3,walking
1519421554614,-11.819795,-2.6186423,-1.1250108,3,walking
1519421554618,-11.915541,-2.6090677,-1.2973529,3,walking
1519421554621,-12.030436,-2.561195,-1.4026731,3,walking
1519421554625,-12.068733,-2.475024,-1.5079932,3,walking
1519421554629,-12.020861,-2.3792782,-1.5941644,3,walking
1519421554636,-11.972988,-2.2931073,-1.709059,3,walking
1519421554640,-11.886817,-2.2356598,-1.8718265,3,walking
1519421554644,-11.819795,-2.2069361,-2.0441687,3,walking
1519421554648,-11.762347,-2.1303396,-2.101616,3,walking
1519421554652,-11.618729,-2.0633178,-2.187787,3,walking
1519421554655,-11.542132,-1.9962958,-2.2452345,3,walking
1519421554659,-11.38894,-1.8814012,-2.2165108,3,walking
1519421554663,-11.254896,-1.8526775,-2.2165108,3,walking
1519421554667,-11.111278,-1.862252,-2.2452345,3,walking
1519421554671,-11.05383,-1.8718265,-2.2739582,3,walking
1519421554675,-10.986808,-1.9005502,-2.254809,3,walking
1519421554679,-10.891063,-1.9196993,-2.2260852,3,walking
1519421554682,-10.804892,-1.929274,-2.2165108,3,walking
1519421554686,-10.642124,-1.9962958,-2.1399143,3,walking
1519421554690,-10.488931,-1.9771467,-2.0633178,3,walking
1519421554694,-10.345312,-1.948423,-1.9579976,3,walking
1519421554698,-10.144247,-1.9101248,-1.7569319,3,walking
1519421554702,-9.952756,-1.9196993,-1.6324625,3,walking
1519421554706,-9.799562,-1.9196993,-1.6420372,3,walking
1519421554709,-9.608071,-1.9771467,-1.5941644,3,walking
1519421554713,-9.493176,-1.9771467,-1.4984187,3,walking
1519421554717,-9.368708,-1.9962958,-1.4026731,3,walking
1519421554721,-9.177217,-2.0824668,-1.3930986,3,walking
1519421554725,-9.014449,-2.1399143,-1.3069274,3,walking
1519421554729,-8.832532,-2.0920415,-1.1824582,3,walking
1519421554733,-8.487848,-2.034594,-1.0484143,3,walking
1519421554736,-8.191036,-2.0441687,-1.0101161,3,walking
1519421554740,-7.9420977,-2.015445,-0.9622433,3,walking
1519421554744,-7.693159,-2.034594,-0.8856468,3,walking
1519421554748,-7.46337,-2.0824668,-0.8473486,3,walking
1519421554752,-7.281453,-2.168638,-0.8281995,3,walking
1519421554756,-7.1186857,-2.2260852,-0.8281995,3,walking
1519421554759,-7.0133657,-2.2452345,-0.93351966,3,walking
1519421554763,-6.898471,-2.168638,-0.91437054,3,walking
1519421554767,-6.850598,-2.0920415,-0.9622433,3,walking
1519421554771,-6.7740016,-1.9771467,-0.98139244,3,walking
1519421554775,-6.716554,-1.862252,-1.0101161,3,walking
1519421554779,-6.6208086,-1.79523,-0.93351966,3,walking
1519421554783,-6.5825105,-1.7186337,-0.9430942,3,walking
1519421554790,-6.5346375,-1.6803354,-0.9622433,3,walking
1519421554794,-6.4676156,-1.7473572,-0.98139244,3,walking
1519421554798,-6.410168,-1.6707608,-1.0292653,3,walking
1519421554802,-6.323997,-1.7569319,-0.9718179,3,walking
1519421554805,-6.3144226,-1.862252,-1.0388398,3,walking
1519421554809,-6.3144226,-1.9388485,-1.1633091,3,walking
1519421554813,-6.304848,-2.0250196,-1.2494801,3,walking
1519421554817,-6.304848,-2.101616,-1.2590547,3,walking
1519421554821,-6.3527207,-2.2069361,-1.3548003,3,walking
1519421554824,-6.4676156,-2.34098,-1.4409714,3,walking
1519421554828,-6.525063,-2.4175766,-1.4122477,3,walking
1519421554832,-6.611234,-2.5228968,-1.3930986,3,walking
1519421554836,-6.7931504,-2.513322,-1.3643749,3,walking
1519421554840,-6.9271946,-2.5228968,-1.3356512,3,walking
1519421554843,-7.0612383,-2.561195,-1.3165021,3,walking
1519421554847,-7.1857076,-2.5994933,-1.2877784,3,walking
1519421554851,-7.2718787,-2.666515,-1.2590547,3,walking
1519421554855,-7.4154973,-2.7814097,-1.2782038,3,walking
1519421554859,-7.511243,-2.8484318,-1.3069274,3,walking
1519421554862,-7.6261373,-2.9154537,-1.3069274,3,walking
1519421554866,-7.7984796,-3.0303483,-1.3548003,3,walking
1519421554870,-7.8655014,-3.1165195,-1.4601204,3,walking
1519421554874,-7.9325233,-3.126094,-1.4313968,3,walking
1519421554878,-8.00912,-3.1356685,-1.4409714,3,walking
1519421554882,-8.095291,-3.1643922,-1.4888442,3,walking
1519421554885,-8.171887,-3.173967,-1.5175679,3,walking
1519421554889,-8.229335,-3.193116,-1.5079932,3,walking
1519421554893,-8.305931,-3.212265,-1.469695,3,walking
1519421554897,-8.363379,-3.2409887,-1.4505459,3,walking
1519421554901,-8.439975,-3.2792869,-1.4218222,3,walking
1519421554904,-8.4686985,-3.2984362,-1.4409714,3,walking
1519421554908,-8.535721,-3.3271596,-1.3548003,3,walking
1519421554912,-8.564445,-3.3175852,-1.3452257,3,walking
1519421554916,-8.583593,-3.3080106,-1.3356512,3,walking
1519421554920,-8.66019,-3.346309,-1.2877784,3,walking
1519421554923,-8.698488,-3.3175852,-1.2494801,3,walking
1519421554927,-8.641041,-3.3175852,-1.2303311,3,walking
1519421554935,-8.717637,-3.3558834,-1.14416,3,walking
1519421554939,-8.736787,-3.3558834,-1.0484143,3,walking
1519421554942,-8.736787,-3.3271596,-0.9718179,3,walking
1519421554946,-8.736787,-3.2984362,-0.91437054,3,walking
1519421554950,-8.7750845,-3.2505634,-0.90479594,3,walking
1519421554954,-8.803808,-3.212265,-0.8664977,3,walking
1519421554958,-8.842107,-3.1835413,-0.8281995,3,walking
1519421554961,-8.822957,-3.2026904,-0.78032666,3,walking
1519421554965,-8.880404,-3.126094,-0.78990126,3,walking
1519421554969,-8.889979,-3.0494976,-0.7420284,3,walking
1519421554973,-8.947427,-2.9824755,-0.7228793,3,walking
1519421554977,-8.966576,-2.8963046,-0.6750065,3,walking
1519421554980,-8.9761505,-2.7909844,-0.7324539,3,walking
1519421554984,-9.043172,-2.6952388,-0.751603,3,walking
1519421554988,-9.014449,-2.5899186,-0.7324539,3,walking
1519421554992,-9.052747,-2.494173,-0.7420284,3,walking
1519421554995,-9.167642,-2.3505547,-0.8186249,3,walking
1519421554999,-9.158067,-2.321831,-0.8090504,3,walking
1519421555003,-9.301685,-2.1973617,-0.78990126,3,walking
1519421555007,-9.359133,-2.1111906,-0.83777404,3,walking
1519421555011,-9.3878565,-2.034594,-0.8090504,3,walking
1519421555014,-9.397431,-2.015445,-0.78990126,3,walking
1519421555018,-9.483603,-1.9675722,-0.8473486,3,walking
1519421555022,-9.474028,-1.9579976,-0.8856468,3,walking
1519421555026,-9.550624,-1.9101248,-0.78990126,3,walking
1519421555030,-9.531475,-1.9101248,-0.8186249,3,walking
1519421555033,-9.54105,-1.9771467,-0.78990126,3,walking
1519421555037,-9.579348,-1.9962958,-0.7994758,3,walking
1519421555041,-9.675094,-2.015445,-0.78032666,3,walking
1519421555045,-9.75169,-2.0441687,-0.8281995,3,walking
1519421555049,-9.837861,-2.1399143,-0.7994758,3,walking
1519421555052,-9.924032,-2.149489,-0.8186249,3,walking
1519421555056,-9.991054,-2.254809,-0.8664977,3,walking
1519421555060,-10.125097,-2.3505547,-0.90479594,3,walking
1519421555064,-10.278291,-2.4463003,-0.92394507,3,walking
1519421555068,-10.460207,-2.561195,-0.98139244,3,walking
1519421555071,-10.651698,-2.5994933,-1.0484143,3,walking
1519421555075,-10.82404,-2.6569405,-1.0388398,3,walking
1519421555079,-10.910212,-2.6952388,-0.99096704,3,walking
1519421555088,-11.025106,-2.7239625,-0.92394507,3,walking
1519421555092,-11.072979,-2.752686,-0.9526688,3,walking
1519421555096,-11.178299,-2.752686,-0.93351966,3,walking
1519421555100,-11.302769,-2.6952388,-0.8281995,3,walking
1519421555104,-11.341067,-2.666515,-0.7994758,3,walking
1519421555108,-11.36979,-2.5420458,-0.76117754,3,walking
1519421555112,-11.408089,-2.4367256,-0.751603,3,walking
1519421555116,-11.36979,-2.2835326,-0.71330476,3,walking
1519421555120,-11.331492,-2.1590633,-0.7228793,3,walking
1519421555124,-11.254896,-2.034594,-0.70373017,3,walking
1519421555128,-11.207023,-1.9962958,-0.69415563,3,walking
1519421555132,-11.15915,-1.9196993,-0.7420284,3,walking
1519421555136,-11.092129,-1.8814012,-0.7420284,3,walking
1519421555140,-10.996383,-1.8335283,-0.8090504,3,walking
1519421555144,-10.919786,-1.7569319,-0.8281995,3,walking
1519421555148,-10.833615,-1.6611862,-0.7324539,3,walking
1519421555152,-10.766593,-1.622888,-0.7324539,3,walking
1519421555156,-10.632549,-1.5558661,-0.8473486,3,walking
1519421555160,-10.594251,-1.4026731,-0.92394507,3,walking
1519421555164,-10.6134,-1.3930986,-1.0484143,3,walking
1519421555168,-10.689997,-1.4888442,-1.1537346,3,walking
1519421555172,-10.82404,-1.6037389,-1.3165021,3,walking
1519421555176,-11.082554,-1.776081,-1.5079932,3,walking
1519421555180,-11.331492,-1.9962958,-1.6133134,3,walking
1519421555184,-11.618729,-2.2356598,-1.6707608,3,walking
1519421555188,-11.82937,-2.4367256,-1.7473572,3,walking
1519421555192,-11.953838,-2.7431116,-1.7473572,3,walking
1519421555196,-12.030436,-3.0111992,-1.7473572,3,walking
1519421555200,-12.107032,-3.2026904,-1.6516117,3,walking
1519421555204,-12.107032,-3.4707782,-1.5558661,3,walking
1519421555208,-12.001712,-3.690993,-1.4505459,3,walking
1519421555212,-11.905966,-3.8537605,-1.4026731,3,walking
1519421555216,-11.771922,-4.0356774,-1.3452257,3,walking
1519421555220,-11.590006,-4.198445,-1.2590547,3,walking
1519421555228,-11.408089,-4.3324885,-1.2399056,3,walking
1519421555232,-11.207023,-4.389936,-1.2494801,3,walking
1519421555235,-11.072979,-4.3995104,-1.3452257,3,walking
1519421555239,-10.94851,-4.322914,-1.3356512,3,walking
1519421555243,-10.804892,-4.236743,-1.4601204,3,walking
1519421555247,-10.71872,-4.121848,-1.5558661,3,walking
1519421555250,-10.699572,-3.9878044,-1.622888,3,walking
1519421555254,-10.709146,-3.844186,-1.6803354,3,walking
1519421555258,-10.728295,-3.7005677,-1.776081,3,walking
1519421555262,-10.747444,-3.604822,-1.79523,3,walking
1519421555265,-10.766593,-3.4612036,-1.7665064,3,walking
1519421555269,-10.680422,-3.3941817,-1.776081,3,walking
1519421555273,-10.651698,-3.3175852,-1.7473572,3,walking
1519421555277,-10.651698,-3.231414,-1.7282082,3,walking
1519421555281,-10.632549,-3.212265,-1.7377827,3,walking
1519421555284,-10.594251,-3.1165195,-1.6707608,3,walking
1519421555288,-10.6134,-3.0494976,-1.6516117,3,walking
1519421555292,-10.575102,-3.020774,-1.622888,3,walking
1519421555296,-10.517654,-2.9824755,-1.5845897,3,walking
1519421555299,-10.450633,-2.9154537,-1.5367169,3,walking
1519421555303,-10.345312,-2.8580062,-1.5558661,3,walking
1519421555307,-10.230418,-2.7814097,-1.4888442,3,walking
1519421555311,-10.172971,-2.7048132,-1.469695,3,walking
1519421555314,-10.105948,-2.6186423,-1.4984187,3,walking
1519421555318,-10.029352,-2.561195,-1.5175679,3,walking
1519421555322,-9.98148,-2.494173,-1.5845897,3,walking
1519421555326,-9.971905,-2.4175766,-1.622888,3,walking
1519421555329,-9.943181,-2.3888528,-1.6707608,3,walking
1519421555333,-9.971905,-2.34098,-1.7665064,3,walking
1519421555337,-10.06765,-2.2835326,-1.8431029,3,walking
1519421555341,-10.163396,-2.254809,-1.9005502,3,walking
1519421555345,-10.307014,-2.1973617,-1.9675722,3,walking
1519421555348,-10.412334,-2.1973617,-1.9675722,3,walking
1519421555352,-10.460207,-2.1590633,-1.9771467,3,walking
1519421555356,-10.584677,-2.2069361,-1.9867213,3,walking
1519421555363,-10.670848,-2.2165108,-2.015445,3,walking
1519421555367,-10.71872,-2.2452345,-2.0250196,3,walking
1519421555371,-10.766593,-2.2643836,-1.9579976,3,walking
1519421555375,-10.82404,-2.3026817,-1.9196993,3,walking
1519421555379,-10.862339,-2.2931073,-1.9101248,3,walking
1519421555383,-10.862339,-2.34098,-1.9579976,3,walking
1519421555387,-10.852764,-2.4463003,-1.948423,3,walking
1519421555390,-10.843189,-2.5899186,-2.034594,3,walking
1519421555394,-10.804892,-2.714388,-2.0920415,3,walking
1519421555398,-10.622974,-2.8388572,-2.1973617,3,walking
1519421555402,-10.412334,-2.9920502,-2.513322,3,walking
1519421555406,-10.211268,-3.2026904,-3.020774,3,walking
1519421555410,-10.316589,-3.193116,-3.212265,3,walking
1519421555413,-10.287866,-3.2792869,-3.1356685,3,walking
1519421555417,-10.19212,-3.3750327,-3.2218397,3,walking
1519421555421,-10.096374,-3.4707782,-3.2409887,3,walking
1519421555425,-9.837861,-3.3558834,-3.1356685,3,walking
1519421555429,-9.655944,-3.059072,-2.8771553,3,walking
1519421555433,-9.445304,-2.6090677,-2.5899186,3,walking
1519421555437,-9.349558,-2.0633178,-2.2356598,3,walking
1519421555440,-9.397431,-1.6994845,-1.9962958,3,walking
1519421555444,-9.407005,-1.5079932,-1.9675722,3,walking
1519421555448,-9.368708,-1.469695,-1.8814012,3,walking
1519421555452,-9.378282,-1.5558661,-1.7377827,3,walking
1519421555456,-9.483603,-1.6420372,-1.7186337,3,walking
1519421555460,-9.742115,-2.0633178,-2.1303396,3,walking
1519421555463,-9.598496,-2.3984275,-2.6952388,3,walking
1519421555467,-9.29211,-2.4654493,-2.1590633,3,walking
1519421555471,-9.407005,-2.2931073,-1.7186337,3,walking
1519421555475,-9.31126,-2.1590633,-1.6324625,3,walking
1519421555479,-9.091045,-1.7569319,-1.8814012,3,walking
1519421555483,-9.119769,-1.2207564,-1.7282082,3,walking
1519421555487,-9.004874,-1.0484143,-1.776081,3,walking
1519421555490,-8.995299,-1.0867126,-1.8526775,3,walking
1519421555494,-9.062322,-1.3356512,-1.7186337,3,walking
1519421555498,-9.196365,-1.709059,-1.6994845,3,walking
1519421555502,-9.215514,-1.948423,-1.6611862,3,walking
1519421555510,-9.167642,-2.1111906,-1.4218222,3,walking
1519421555513,-9.2825365,-2.0633178,-1.4026731,3,walking
1519421555517,-9.244238,-1.8143792,-1.4792696,3,walking
1519421555521,-9.0814705,-1.5367169,-1.3930986,3,walking
1519421555525,-9.014449,-1.2782038,-1.5367169,3,walking
1519421555529,-9.004874,-1.0579889,-1.6803354,3,walking
1519421555532,-9.024023,-0.92394507,-1.6611862,3,walking
1519421555536,-9.043172,-0.8760723,-1.6133134,3,walking
1519421555540,-8.928278,-1.0005416,-1.6611862,3,walking
1519421555544,-8.861256,-1.14416,-1.7186337,3,walking
1519421555548,-8.832532,-1.3930986,-1.8814012,3,walking
1519421555551,-8.832532,-1.5079932,-2.0728924,3,walking
1519421555555,-8.784659,-1.6516117,-2.1111906,3,walking
1519421555559,-8.688913,-1.7377827,-2.0824668,3,walking
1519421555563,-8.650616,-1.8239537,-1.9771467,3,walking
1519421555566,-8.621892,-1.79523,-1.9579976,3,walking
1519421555570,-8.612317,-1.8239537,-1.9579976,3,walking
1519421555574,-8.564445,-1.948423,-1.9962958,3,walking
1519421555578,-8.487848,-1.9388485,-2.1399143,3,walking
1519421555582,-8.44955,-1.9196993,-2.1399143,3,walking
1519421555585,-8.363379,-1.9867213,-2.0250196,3,walking
1519421555589,-8.353804,-1.948423,-2.0250196,3,walking
1519421555593,-8.32508,-1.948423,-2.0250196,3,walking
1519421555597,-8.2676325,-1.929274,-1.9675722,3,walking
1519421555601,-8.171887,-1.9675722,-1.929274,3,walking
1519421555604,-8.104865,-1.948423,-1.9771467,3,walking
1519421555608,-7.9899707,-1.9867213,-1.9388485,3,walking
1519421555612,-7.9708214,-2.0058703,-1.929274,3,walking
1519421555616,-7.922949,-2.0441687,-1.929274,3,walking
1519421555620,-8.00912,-2.0824668,-2.0441687,3,walking
1519421555623,-7.999545,-2.149489,-2.1303396,3,walking
1519421555627,-8.047418,-2.1782124,-2.1590633,3,walking
1519421555631,-7.9708214,-2.254809,-2.0920415,3,walking
1519421555635,-7.9516726,-2.2835326,-2.0824668,3,walking
1519421555639,-7.894225,-2.321831,-2.015445,3,walking
1519421555642,-7.875076,-2.3314054,-2.0633178,3,walking
1519421555646,-7.846352,-2.3122563,-1.9867213,3,walking
1519421555650,-7.8176284,-2.3026817,-1.9388485,3,walking
1519421555654,-7.7506065,-2.2452345,-1.9005502,3,walking
1519421555661,-7.7314577,-2.254809,-1.8814012,3,walking
1519421555665,-7.7123084,-2.2165108,-1.862252,3,walking
1519421555669,-7.6740103,-2.2069361,-1.79523,3,walking
1519421555673,-7.616563,-2.1782124,-1.7569319,3,walking
1519421555677,-7.549541,-2.168638,-1.7282082,3,walking
1519421555681,-7.5208173,-2.101616,-1.6611862,3,walking
1519421555685,-7.46337,-2.101616,-1.6324625,3,walking
1519421555688,-7.4729443,-2.0250196,-1.6324625,3,walking
1519421555692,-7.4729443,-1.9675722,-1.6133134,3,walking
1519421555696,-7.434646,-1.9388485,-1.622888,3,walking
1519421555700,-7.4154973,-1.8814012,-1.5845897,3,walking
1519421555704,-7.4537954,-1.8239537,-1.6133134,3,walking
1519421555708,-7.434646,-1.8048047,-1.5845897,3,walking
1519421555712,-7.4537954,-1.8143792,-1.5654407,3,walking
1519421555716,-7.549541,-1.7665064,-1.5941644,3,walking
1519421555719,-7.549541,-1.7473572,-1.622888,3,walking
1519421555723,-7.6261373,-1.7282082,-1.6707608,3,walking
1519421555727,-7.654861,-1.7569319,-1.6803354,3,walking
1519421555731,-7.693159,-1.7473572,-1.6420372,3,walking
1519421555735,-7.7793303,-1.7665064,-1.6994845,3,walking
1519421555739,-7.8272033,-1.7569319,-1.709059,3,walking
1519421555743,-7.8846507,-1.79523,-1.6803354,3,walking
1519421555746,-7.999545,-1.7856555,-1.6994845,3,walking
1519421555750,-8.104865,-1.8335283,-1.6994845,3,walking
1519421555754,-8.191036,-1.8814012,-1.7377827,3,walking
1519421555758,-8.305931,-1.9101248,-1.7665064,3,walking
1519421555762,-8.372953,-1.9771467,-1.7186337,3,walking
1519421555766,-8.478273,-2.034594,-1.7282082,3,walking
1519421555770,-8.55487,-2.0728924,-1.6707608,3,walking
1519421555773,-8.583593,-2.1207652,-1.6707608,3,walking
1519421555777,-8.641041,-2.168638,-1.6611862,3,walking
1519421555781,-8.6697645,-2.168638,-1.6611862,3,walking
1519421555785,-8.688913,-2.2356598,-1.5750152,3,walking
1519421555789,-8.708063,-2.2452345,-1.4792696,3,walking
1519421555793,-8.736787,-2.2452345,-1.4792696,3,walking
1519421555797,-8.717637,-2.254809,-1.4984187,3,walking
1519421555804,-8.698488,-2.2069361,-1.4409714,3,walking
1519421555808,-8.631466,-2.2260852,-1.383524,3,walking
1519421555812,-8.583593,-2.187787,-1.3165021,3,walking
1519421555815,-8.506997,-2.1303396,-1.3356512,3,walking
1519421555819,-8.487848,-2.0824668,-1.3260766,3,walking
1519421555823,-8.44955,-2.0537431,-1.3165021,3,walking
1519421555827,-8.459125,-1.9962958,-1.3165021,3,walking
1519421555830,-8.44955,-1.9675722,-1.2973529,3,walking
1519421555834,-8.459125,-1.9196993,-1.2973529,3,walking
1519421555838,-8.487848,-1.929274,-1.2877784,3,walking
1519421555842,-8.478273,-1.9101248,-1.2207564,3,walking
1519421555845,-8.516571,-1.9388485,-1.1728836,3,walking
1519421555849,-8.564445,-1.9388485,-1.14416,3,walking
1519421555853,-8.583593,-1.948423,-1.0484143,3,walking
1519421555857,-8.564445,-2.0058703,-0.9718179,3,walking
1519421555860,-8.602742,-2.0441687,-0.93351966,3,walking
1519421555864,-8.688913,-2.0920415,-0.751603,3,walking
1519421555868,-8.708063,-2.1303396,-0.7420284,3,walking
1519421555872,-8.803808,-2.1973617,-0.6845811,3,walking
1519421555875,-8.880404,-2.2452345,-0.5505372,3,walking
1519421555879,-8.9761505,-2.3026817,-0.50266445,3,walking
1519421555883,-9.119769,-2.3122563,-0.4164934,3,walking
1519421555887,-9.301685,-2.4175766,-0.42606795,3,walking
1519421555890,-9.493176,-2.3984275,-0.42606795,3,walking
1519421555894,-9.770839,-2.3888528,-0.45479164,3,walking
1519421555898,-10.077225,-2.3984275,-0.56011176,3,walking
1519421555902,-10.460207,-2.4175766,-0.6558574,3,walking
1519421555905,-10.82404,-2.427151,-0.78990126,3,walking
1519421555909,-11.187874,-2.3697038,-0.90479594,3,walking
1519421555913,-11.551707,-2.34098,-1.0005416,3,walking
1519421555917,-11.810221,-2.3314054,-1.0675635,3,walking
1519421555920,-12.020861,-2.3984275,-1.1345854,3,walking
1519421555924,-12.193203,-2.4175766,-1.2494801,3,walking
1519421555928,-12.279374,-2.4558747,-1.3165021,3,walking
1519421555932,-12.442142,-2.3697038,-1.2782038,3,walking
1519421555935,-12.470865,-2.321831,-1.3260766,3,walking
1519421555939,-12.5474615,-2.360129,-1.3548003,3,walking
1519421555947,-12.480439,-2.3122563,-1.383524,3,walking
1519421555951,-12.35597,-2.321831,-1.2973529,3,walking
1519421555954,-12.183628,-2.3697038,-1.2399056,3,walking
1519421555958,-12.049584,-2.3314054,-1.2494801,3,walking
1519421555962,-11.886817,-2.3026817,-1.2303311,3,walking
1519421555966,-11.848518,-2.360129,-1.2303311,3,walking
1519421555970,-11.752773,-2.2356598,-1.2494801,3,walking
1519421555974,-11.618729,-2.0633178,-1.0196906,3,walking
1519421555977,-11.4272375,-1.948423,-0.85692316,3,walking
1519421555981,-11.092129,-1.9675722,-0.7994758,3,walking
1519421555985,-10.843189,-2.034594,-0.78032666,3,walking
1519421555989,-10.699572,-2.1973617,-0.90479594,3,walking
1519421555993,-10.651698,-2.3888528,-0.92394507,3,walking
1519421555997,-10.594251,-2.5516202,-1.0005416,3,walking
1519421556000,-10.517654,-2.7239625,-1.0484143,3,walking
1519421556004,-10.421909,-2.8101335,-1.0292653,3,walking
1519421556008,-10.374036,-2.88673,-0.93351966,3,walking
1519421556012,-10.220843,-2.8484318,-0.7994758,3,walking
1519421556016,-10.0868,-2.8388572,-0.6558574,3,walking
1519421556019,-10.077225,-2.8580062,-0.6845811,3,walking
1519421556023,-10.153821,-2.9154537,-0.7420284,3,walking
1519421556027,-10.249567,-3.059072,-0.8186249,3,walking
1519421556031,-10.431483,-3.2601378,-0.8186249,3,walking
1519421556035,-10.661273,-3.4612036,-0.93351966,3,walking
1519421556039,-10.881488,-3.6143966,-1.0771381,3,walking
1519421556042,-11.092129,-3.7388659,-1.0101161,3,walking
1519421556046,-11.235746,-3.7005677,-1.0388398,3,walking
1519421556050,-11.216598,-3.6814184,-0.91437054,3,walking
1519421556054,-11.26447,-3.6239712,-1.0292653,3,walking
1519421556058,-11.360216,-3.4612036,-1.14416,3,walking
1519421556062,-11.465536,-3.3271596,-1.1920328,3,walking
1519421556065,-11.59958,-3.059072,-1.2494801,3,walking
1519421556069,-11.590006,-2.905879,-1.3356512,3,walking
1519421556073,-11.59958,-2.7048132,-1.4218222,3,walking
1519421556077,-11.618729,-2.5228968,-1.5750152,3,walking
1519421556081,-11.580431,-2.2739582,-1.709059,3,walking
1519421556085,-11.551707,-2.015445,-1.7569319,3,walking
1519421556088,-11.408089,-1.7569319,-1.8526775,3,walking
1519421556096,-11.26447,-1.5175679,-1.9101248,3,walking
1519421556100,-11.140001,-1.2973529,-2.0920415,3,walking
1519421556104,-11.034681,-1.0579889,-2.1207652,3,walking
1519421556108,-10.843189,-0.8856468,-2.1590633,3,walking
1519421556111,-10.689997,-0.6845811,-2.0058703,3,walking
1519421556115,-10.460207,-0.5505372,-1.8718265,3,walking
1519421556119,-10.278291,-0.4164934,-1.6611862,3,walking
1519421556123,-10.058076,-0.45479164,-1.5558661,3,walking
1519421556127,-9.943181,-0.5888355,-1.5271424,3,walking
1519421556131,-9.866585,-0.6845811,-1.4792696,3,walking
1519421556134,-9.722966,-0.85692316,-1.4409714,3,walking
1519421556138,-9.550624,-1.0771381,-1.3739494,3,walking
1519421556142,-9.464453,-1.2207564,-1.3165021,3,walking
1519421556146,-9.397431,-1.3930986,-1.2590547,3,walking
1519421556150,-9.330409,-1.5367169,-1.2590547,3,walking
1519421556154,-9.263388,-1.6899099,-1.1824582,3,walking
1519421556157,-9.18679,-1.8909757,-1.1633091,3,walking
1519421556161,-9.091045,-2.0441687,-1.0867126,3,walking
1519421556165,-8.947427,-2.1973617,-1.1633091,3,walking
1519421556169,-8.861256,-2.3122563,-1.0867126,3,walking
1519421556173,-8.755936,-2.4463003,-1.0579889,3,walking
1519421556176,-8.5740185,-2.647366,-1.1920328,3,walking
1519421556180,-8.497422,-2.819708,-1.2686293,3,walking
1519421556184,-8.430401,-2.9441774,-1.3260766,3,walking
1519421556188,-8.277207,-2.9824755,-1.2782038,3,walking
1519421556192,-8.133589,-3.0016246,-1.1920328,3,walking
1519421556196,-7.922949,-3.0973704,-1.3069274,3,walking
1519421556199,-7.846352,-3.1069448,-1.5175679,3,walking
1519421556203,-7.788905,-3.039923,-1.5271424,3,walking
1519421556207,-7.702734,-2.9920502,-1.5271424,3,walking
1519421556211,-7.6069884,-3.020774,-1.5750152,3,walking
1519421556215,-7.5399666,-3.020774,-1.6037389,3,walking
1519421556219,-7.482519,-3.0303483,-1.6803354,3,walking
1519421556222,-7.434646,-3.059072,-1.709059,3,walking
1519421556226,-7.4154973,-3.039923,-1.7569319,3,walking
1519421556230,-7.348475,-3.0877957,-1.709059,3,walking
1519421556234,-7.310177,-3.1165195,-1.8048047,3,walking
1519421556242,-7.3006024,-3.1452432,-1.7665064,3,walking
1519421556245,-7.3006024,-3.1643922,-1.7282082,3,walking
1519421556249,-7.2910275,-3.2026904,-1.7186337,3,walking
1519421556253,-7.348475,-3.2218397,-1.6707608,3,walking
1519421556257,-7.3867736,-3.2697124,-1.6803354,3,walking
1519421556261,-7.4250717,-3.2697124,-1.6324625,3,walking
1519421556264,-7.5208173,-3.2697124,-1.5845897,3,walking
1519421556268,-7.5591154,-3.212265,-1.4601204,3,walking
1519421556272,-7.5782647,-3.1835413,-1.4505459,3,walking
1519421556276,-7.635712,-3.1548176,-1.5079932,3,walking
1519421556280,-7.654861,-3.078221,-1.4505459,3,walking
1519421556283,-7.7123084,-3.0016246,-1.4026731,3,walking
1519421556287,-7.7793303,-2.9537518,-1.3356512,3,walking
1519421556291,-7.855927,-2.905879,-1.3165021,3,walking
1519421556295,-7.9516726,-2.8388572,-1.3356512,3,walking
1519421556299,-8.018694,-2.7622607,-1.3165021,3,walking
1519421556303,-8.076141,-2.7239625,-1.3356512,3,walking
1519421556306,-8.143164,-2.7239625,-1.2973529,3,walking
1519421556310,-8.229335,-2.666515,-1.3165021,3,walking
1519421556314,-8.286782,-2.5899186,-1.2399056,3,walking
1519421556318,-8.32508,-2.4845984,-1.14416,3,walking
1519421556322,-8.392102,-2.4367256,-1.1345854,3,walking
1519421556325,-8.392102,-2.3314054,-1.0771381,3,walking
1519421556329,-8.353804,-2.2643836,-1.0675635,3,walking
1519421556333,-8.353804,-2.2165108,-0.99096704,3,walking
1519421556337,-8.372953,-2.168638,-0.9718179,3,walking
1519421556341,-8.382527,-2.1207652,-0.8760723,3,walking
1519421556344,-8.334655,-2.1782124,-0.8760723,3,walking
1519421556348,-8.372953,-2.1973617,-0.91437054,3,walking
1519421556352,-8.382527,-2.149489,-0.91437054,3,walking
1519421556356,-8.439975,-2.1973617,-0.8952214,3,walking
1519421556360,-8.439975,-2.1973617,-0.9430942,3,walking
1519421556363,-8.497422,-2.2069361,-0.9430942,3,walking
1519421556367,-8.506997,-2.2452345,-0.9526688,3,walking
1519421556371,-8.516571,-2.2452345,-0.91437054,3,walking
1519421556375,-8.535721,-2.2931073,-0.9430942,3,walking
1519421556379,-8.55487,-2.2931073,-0.92394507,3,walking
1519421556386,-8.55487,-2.2931073,-0.93351966,3,walking
1519421556390,-8.5740185,-2.34098,-0.9718179,3,walking
1519421556394,-8.621892,-2.3697038,-0.9526688,3,walking
1519421556398,-8.6697645,-2.3888528,-0.93351966,3,walking
1519421556402,-8.765511,-2.3697038,-0.9622433,3,walking
1519421556405,-8.813383,-2.408002,-0.9718179,3,walking
1519421556409,-8.851681,-2.3888528,-0.9622433,3,walking
1519421556413,-8.9761505,-2.3888528,-1.0292653,3,walking
1519421556417,-9.0814705,-2.360129,-1.1058618,3,walking
1519421556421,-9.18679,-2.3792782,-1.1154363,3,walking
1519421556425,-9.320834,-2.360129,-1.1345854,3,walking
1519421556428,-9.483603,-2.3792782,-1.14416,3,walking
1519421556432,-9.64637,-2.3792782,-1.1920328,3,walking
1519421556436,-9.809137,-2.3792782,-1.1920328,3,walking
1519421556440,-10.019777,-2.408002,-1.14416,3,walking
1519421556444,-10.163396,-2.4367256,-1.0675635,3,walking
1519421556448,-10.316589,-2.3984275,-0.98139244,3,walking
1519421556451,-10.345312,-2.4367256,-0.92394507,3,walking
1519421556455,-10.374036,-2.3984275,-0.83777404,3,walking
1519421556459,-10.345312,-2.34098,-0.78032666,3,walking
1519421556463,-10.316589,-2.2260852,-0.71330476,3,walking
1519421556467,-10.259142,-2.1590633,-0.69415563,3,walking
1519421556471,-10.182545,-2.0058703,-0.69415563,3,walking
1519421556474,-10.105948,-1.8718265,-0.7420284,3,walking
1519421556478,-10.038927,-1.7377827,-0.8281995,3,walking
1519421556482,-10.029352,-1.6037389,-0.8952214,3,walking
1519421556486,-10.000628,-1.5271424,-0.99096704,3,walking
1519421556490,-9.98148,-1.4026731,-1.1058618,3,walking
1519421556493,-9.933606,-1.3452257,-1.2207564,3,walking
1519421556497,-9.96233,-1.3356512,-1.3260766,3,walking
1519421556501,-9.991054,-1.3548003,-1.3356512,3,walking
1519421556505,-10.019777,-1.3356512,-1.3548003,3,walking
1519421556509,-10.058076,-1.4026731,-1.3356512,3,walking
1519421556513,-10.163396,-1.3930986,-1.3548003,3,walking
1519421556516,-10.259142,-1.4122477,-1.3452257,3,walking
1519421556520,-10.40276,-1.3930986,-1.3739494,3,walking
1519421556528,-10.517654,-1.3930986,-1.3739494,3,walking
1519421556532,-10.689997,-1.3930986,-1.3452257,3,walking
1519421556535,-10.833615,-1.383524,-1.3069274,3,walking
1519421556539,-10.958084,-1.4505459,-1.2590547,3,walking
1519421556543,-11.082554,-1.4409714,-1.2016073,3,walking
1519421556547,-11.216598,-1.4409714,-1.1058618,3,walking
1519421556550,-11.254896,-1.4505459,-1.0867126,3,walking
1519421556554,-11.302769,-1.4505459,-0.9718179,3,walking
1519421556558,-11.350641,-1.4218222,-0.93351966,3,walking
1519421556562,-11.360216,-1.3260766,-0.85692316,3,walking
1519421556565,-11.312344,-1.2399056,-0.77075213,3,walking
1519421556569,-11.226172,-1.1250108,-0.76117754,3,walking
1519421556573,-11.130426,-1.0388398,-0.69415563,3,walking
1519421556577,-10.977234,-0.9622433,-0.6845811,3,walking
1519421556580,-10.833615,-0.92394507,-0.69415563,3,walking
1519421556584,-10.71872,-0.90479594,-0.69415563,3,walking
1519421556588,-10.555953,-0.8664977,-0.69415563,3,walking
1519421556592,-10.450633,-0.8760723,-0.665432,3,walking
1519421556595,-10.345312,-0.8856468,-0.83777404,3,walking
1519421556599,-10.345312,-0.91437054,-0.8952214,3,walking
1519421556603,-10.431483,-0.9718179,-1.0675635,3,walking
1519421556607,-10.622974,-1.0579889,-1.2399056,3,walking
1519421556611,-10.814466,-1.2303311,-1.4122477,3,walking
1519421556614,-11.101703,-1.4505459,-1.6516117,3,walking
1519421556618,-11.398514,-1.7186337,-1.7856555,3,walking
1519421556622,-11.618729,-2.0250196,-1.9196993,3,walking
1519421556626,-11.896391,-2.3314054,-1.929274,3,walking
1519421556629,-12.049584,-2.5707695,-1.8526775,3,walking
1519421556633,-12.212352,-2.7718353,-1.8431029,3,walking
1519421556637,-12.298523,-2.972901,-1.8143792,3,walking
1519421556641,-12.35597,-3.126094,-1.8526775,3,walking
1519421556644,-12.413418,-3.2792869,-1.8431029,3,walking
1519421556648,-12.470865,-3.3750327,-1.8431029,3,walking
1519421556652,-12.509163,-3.4324799,-1.8335283,3,walking
1519421556656,-12.509163,-3.4420545,-1.8335283,3,walking
1519421556659,-12.384694,-3.4324799,-1.8239537,3,walking
1519421556663,-12.260224,-3.3941817,-1.8431029,3,walking
1519421556667,-12.174053,-3.3080106,-1.8526775,3,walking
1519421556671,-12.107032,-3.126094,-1.9675722,3,walking
1519421556678,-12.107032,-2.972901,-2.0250196,3,walking
1519421556682,-12.068733,-2.7909844,-2.101616,3,walking
1519421556686,-12.049584,-2.6760898,-2.2069361,3,walking
1519421556690,-12.059159,-2.5899186,-2.1973617,3,walking
1519421556693,-12.068733,-2.513322,-2.2356598,3,walking
1519421556697,-11.982562,-2.4845984,-2.2165108,3,walking
1519421556701,-11.886817,-2.4463003,-2.149489,3,walking
1519421556705,-11.800646,-2.360129,-2.1399143,3,walking
1519421556709,-11.666602,-2.2931073,-2.1207652,3,walking
1519421556713,-11.522984,-2.2260852,-2.0824668,3,walking
1519421556716,-11.360216,-2.149489,-2.015445,3,walking
1519421556720,-11.168725,-2.1207652,-1.948423,3,walking
1519421556724,-10.967659,-2.0824668,-1.8718265,3,walking
1519421556728,-10.766593,-2.0537431,-1.79523,3,walking
1519421556732,-10.527229,-2.0633178,-1.7186337,3,walking
1519421556735,-10.345312,-2.0058703,-1.7186337,3,walking
1519421556739,-10.125097,-1.9867213,-1.6611862,3,walking
1519421556743,-9.914457,-1.9579976,-1.6611862,3,walking
1519421556747,-9.732541,-1.8814012,-1.6516117,3,walking
1519421556751,-9.569773,-1.8431029,-1.6707608,3,walking
1519421556754,-9.474028,-1.8143792,-1.7282082,3,walking
1519421556758,-9.435729,-1.7473572,-1.776081,3,walking
1519421556762,-9.397431,-1.8048047,-1.8048047,3,walking
1519421556766,-9.339984,-1.8239537,-1.8718265,3,walking
1519421556770,-9.349558,-1.8335283,-1.8335283,3,walking
1519421556774,-9.3878565,-1.8814012,-1.9196993,3,walking
1519421556777,-9.474028,-1.8909757,-1.9005502,3,walking
1519421556781,-9.5219,-1.8909757,-1.8239537,3,walking
1519421556785,-9.608071,-1.8718265,-1.7282082,3,walking
1519421556789,-9.732541,-1.9675722,-1.7569319,3,walking
1519421556793,-9.885734,-2.0633178,-1.9005502,3,walking
1519421556796,-9.933606,-2.254809,-1.9388485,3,walking
1519421556800,-9.991054,-2.3505547,-1.9196993,3,walking
1519421556804,-10.038927,-2.3984275,-1.9388485,3,walking
1519421556808,-10.153821,-2.4367256,-1.9196993,3,walking
1519421556812,-10.2016945,-2.494173,-1.9675722,3,walking
1519421556816,-10.326163,-2.580344,-1.9675722,3,walking
1519421556819,-10.40276,-2.666515,-1.9675722,3,walking
1519421556827,-10.249567,-2.7814097,-2.1207652,3,walking
1519421556831,-10.2016945,-2.905879,-2.34098,3,walking
1519421556835,-10.412334,-2.9250283,-2.360129,3,walking
1519421556838,-10.680422,-3.039923,-2.666515,3,walking
1519421556842,-10.71872,-3.2601378,-2.7622607,3,walking
1519421556846,-10.843189,-3.126094,-2.5228968,3,walking
1519421556850,-10.852764,-2.819708,-2.3026817,3,walking
1519421556854,-10.747444,-2.5516202,-2.2452345,3,walking
1519421556858,-10.651698,-2.187787,-2.0728924,3,walking
1519421556861,-10.594251,-1.8814012,-1.9388485,3,walking
1519421556865,-10.670848,-1.6707608,-1.9101248,3,walking
1519421556869,-10.814466,-1.4601204,-1.7665064,3,walking
1519421556873,-10.94851,-1.4888442,-1.6994845,3,walking
1519421556877,-10.871913,-1.4122477,-1.3069274,3,walking
1519421556881,-10.881488,-1.4409714,-0.99096704,3,walking
1519421556884,-11.082554,-1.6037389,-1.622888,3,walking
1519421556888,-11.05383,-1.7569319,-1.8814012,3,walking
1519421556892,-10.958084,-1.7665064,-1.5367169,3,walking
1519421556896,-10.900637,-1.7569319,-1.2877784,3,walking
1519421556900,-10.747444,-1.8718265,-1.2686293,3,walking
1519421556904,-10.71872,-1.6516117,-1.2494801,3,walking
1519421556907,-10.479357,-1.6133134,-1.1633091,3,walking
1519421556911,-10.239992,-1.6803354,-1.1537346,3,walking
1519421556915,-10.105948,-1.6611862,-1.2782038,3,walking
1519421556919,-9.952756,-1.6611862,-1.3452257,3,walking
1519421556923,-9.75169,-1.622888,-1.2782038,3,walking
1519421556927,-9.579348,-1.5558661,-1.3356512,3,walking
1519421556930,-9.426155,-1.5271424,-1.4122477,3,walking
1519421556934,-9.31126,-1.3739494,-1.4888442,3,walking
1519421556938,-9.225089,-1.3165021,-1.5175679,3,walking
1519421556942,-9.062322,-1.1920328,-1.5079932,3,walking
1519421556946,-8.995299,-1.1154363,-1.5175679,3,walking
1519421556950,-8.909128,-1.1250108,-1.5845897,3,walking
1519421556953,-8.880404,-1.0867126,-1.6420372,3,walking
1519421556957,-8.870831,-1.0867126,-1.776081,3,walking
1519421556961,-8.813383,-1.0867126,-1.8335283,3,walking
1519421556969,-8.746361,-1.1250108,-1.7569319,3,walking
1519421556972,-8.679339,-1.1154363,-1.6803354,3,walking
1519421556976,-8.66019,-1.2399056,-1.7186337,3,walking
1519421556980,-8.612317,-1.4505459,-1.8048047,3,walking
1519421556984,-8.583593,-1.4409714,-1.9675722,3,walking
1519421556987,-8.478273,-1.5558661,-1.79523,3,walking
1519421556991,-8.478273,-1.6324625,-1.8526775,3,walking
1519421556995,-8.411251,-1.6707608,-1.8526775,3,walking
1519421556998,-8.372953,-1.6994845,-1.862252,3,walking
1519421557002,-8.363379,-1.7186337,-1.8239537,3,walking
1519421557006,-8.353804,-1.6899099,-1.8431029,3,walking
1519421557009,-8.23891,-1.6611862,-1.8048047,3,walking
1519421557013,-8.133589,-1.6803354,-1.8143792,3,walking
1519421557017,-8.1623125,-1.7473572,-1.8718265,3,walking
1519421557021,-8.200611,-1.7473572,-2.1111906,3,walking
1519421557024,-8.191036,-1.7856555,-2.168638,3,walking
1519421557028,-8.152739,-1.8526775,-2.2069361,3,walking
1519421557032,-8.066567,-1.948423,-2.1973617,3,walking
1519421557035,-8.00912,-1.9962958,-2.254809,3,walking
1519421557039,-8.018694,-2.0058703,-2.2931073,3,walking
1519421557043,-7.9899707,-2.0250196,-2.2835326,3,walking
1519421557047,-7.8846507,-2.0824668,-2.2356598,3,walking
1519421557050,-7.808054,-2.0728924,-2.254809,3,walking
1519421557054,-7.788905,-2.0824668,-2.3122563,3,walking
1519421557058,-7.7506065,-2.1207652,-2.3026817,3,walking
1519421557061,-7.7314577,-2.149489,-2.3505547,3,walking
1519421557065,-7.721883,-2.1111906,-2.3026817,3,walking
1519421557069,-7.616563,-2.168638,-2.2069361,3,walking
1519421557073,-7.654861,-2.149489,-2.1782124,3,walking
1519421557076,-7.587839,-2.1590633,-2.1399143,3,walking
1519421557080,-7.5303917,-2.0824668,-2.168638,3,walking
1519421557084,-7.46337,-2.0537431,-2.1399143,3,walking
1519421557087,-7.4920936,-1.9771467,-2.1399143,3,walking
1519421557091,-7.4442205,-1.9579976,-2.1303396,3,walking
1519421557095,-7.434646,-1.948423,-2.0728924,3,walking
1519421557099,-7.396348,-1.948423,-2.0920415,3,walking
1519421557102,-7.3867736,-1.9675722,-2.0633178,3,walking
1519421557106,-7.3676243,-1.9962958,-2.015445,3,walking
1519421557114,-7.348475,-1.9962958,-1.9867213,3,walking
1519421557117,-7.3197513,-2.0058703,-1.9867213,3,walking
1519421557121,-7.3006024,-1.9962958,-1.9867213,3,walking
1519421557125,-7.2527294,-1.9962958,-1.9962958,3,walking
1519421557129,-7.2335806,-2.015445,-1.9579976,3,walking
1519421557133,-7.2910275,-2.0058703,-1.9388485,3,walking
1519421557137,-7.2718787,-1.9962958,-1.9962958,3,walking
1519421557141,-7.3389006,-1.9771467,-1.9867213,3,walking
1519421557145,-7.3389006,-1.9771467,-2.0633178,3,walking
1519421557149,-7.3771987,-2.0058703,-2.034594,3,walking
1519421557153,-7.501668,-2.015445,-2.101616,3,walking
1519421557157,-7.46337,-2.0728924,-2.0824668,3,walking
1519421557161,-7.5782647,-2.0441687,-2.1590633,3,walking
1519421557165,-7.635712,-2.0441687,-2.1590633,3,walking
1519421557169,-7.702734,-2.0058703,-2.1782124,3,walking
1519421557173,-7.741032,-2.034594,-2.168638,3,walking
1519421557176,-7.846352,-1.9867213,-2.2165108,3,walking
1519421557180,-7.9133744,-1.9771467,-2.1973617,3,walking
1519421557184,-7.9516726,-1.9962958,-2.1973617,3,walking
1519421557188,-7.999545,-2.015445,-2.1782124,3,walking
1519421557192,-8.095291,-2.0058703,-2.1303396,3,walking
1519421557196,-8.1623125,-2.0537431,-2.0824668,3,walking
1519421557200,-8.32508,-2.0441687,-2.015445,3,walking
1519421557204,-8.34423,-2.0441687,-1.9962958,3,walking
1519421557208,-8.372953,-2.0441687,-1.862252,3,walking
1519421557212,-8.392102,-2.0441687,-1.9005502,3,walking
1519421557216,-8.459125,-2.0728924,-1.8143792,3,walking
1519421557220,-8.516571,-2.0537431,-1.7473572,3,walking
1519421557224,-8.516571,-2.0824668,-1.6707608,3,walking
1519421557228,-8.55487,-2.0920415,-1.6420372,3,walking
1519421557231,-8.545295,-2.1207652,-1.622888,3,walking
1519421557235,-8.5740185,-2.101616,-1.5845897,3,walking
1519421557239,-8.583593,-2.0728924,-1.5271424,3,walking
1519421557243,-8.5740185,-2.0920415,-1.4984187,3,walking
1519421557247,-8.564445,-2.0824668,-1.5079932,3,walking
1519421557251,-8.564445,-2.0824668,-1.4601204,3,walking
1519421557255,-8.506997,-2.0920415,-1.469695,3,walking
1519421557259,-8.411251,-2.034594,-1.5079932,3,walking
1519421557263,-8.34423,-2.0058703,-1.4409714,3,walking
1519421557271,-8.277207,-1.9867213,-1.4218222,3,walking
1519421557274,-8.229335,-1.9962958,-1.3930986,3,walking
1519421557278,-8.1623125,-1.9771467,-1.3548003,3,walking
1519421557282,-8.152739,-1.9388485,-1.3069274,3,walking
1519421557286,-8.124015,-1.9388485,-1.2686293,3,walking
1519421557290,-8.095291,-1.9101248,-1.1920328,3,walking
1519421557294,-8.095291,-1.8718265,-1.0675635,3,walking
1519421557297,-8.085716,-1.8431029,-0.9622433,3,walking
1519421557301,-8.104865,-1.9101248,-0.8186249,3,walking
1519421557305,-8.1623125,-1.9675722,-0.7228793,3,walking
1519421557309,-8.124015,-2.0537431,-0.5888355,3,walking
1519421557313,-8.229335,-2.1207652,-0.4356425,3,walking
1519421557316,-8.296356,-2.1973617,-0.18670394,3,walking
1519421557320,-8.34423,-2.2739582,-0.081383765,3,walking
1519421557324,-8.392102,-2.2835326,0.062234644,3,walking
1519421557328,-8.4686985,-2.34098,0.25372586,3,walking
1519421557332,-8.535721,-2.321831,0.32074776,3,walking
1519421557336,-8.708063,-2.3697038,0.44521707,3,walking
1519421557339,-8.995299,-2.2931073,0.44521707,3,walking
1519421557343,-9.407005,-2.2643836,0.33032233,3,walking
1519421557347,-9.98148,-2.2931073,-0.014361841,3,walking
1519421557351,-10.565528,-2.3505547,-0.3877697,3,walking
1519421557355,-11.235746,-2.3697038,-0.61755913,3,walking
1519421557359,-11.867668,-2.321831,-0.78990126,3,walking
1519421557362,-12.499589,-2.2643836,-0.7994758,3,walking
1519421557366,-13.064487,-2.2260852,-0.8760723,3,walking
1519421557370,-13.409172,-2.2835326,-0.8760723,3,walking
1519421557374,-13.619812,-2.5420458,-0.98139244,3,walking
1519421557378,-13.811303,-2.733537,-1.0867126,3,walking
1519421557381,-13.840027,-2.9633265,-0.98139244,3,walking
1519421557385,-13.859177,-3.2409887,-0.8952214,3,walking
1519421557389,-13.926198,-3.1356685,-0.78990126,3,walking
1519421557393,-13.792154,-2.800559,-0.36862057,3,walking
1519421557397,-13.437896,-2.666515,0.0718092,3,walking
1519421557401,-13.0549135,-2.513322,0.23457673,3,walking
1519421557404,-12.624058,-2.4654493,0.25372586,3,walking
1519421557412,-12.480439,-2.4558747,0.26330042,3,walking
1519421557416,-12.375119,-2.6377914,0.22500217,3,walking
1519421557420,-12.25065,-2.9154537,0.2920241,3,walking
1519421557424,-12.001712,-3.1452432,0.32074776,3,walking
1519421557427,-11.743198,-3.3367343,0.33032233,3,walking
1519421557431,-11.436812,-3.3175852,0.3111732,3,walking
1519421557435,-10.986808,-3.193116,0.4835153,3,walking
1519421557439,-10.622974,-3.0877957,0.54096264,3,walking
1519421557443,-10.354887,-2.9346027,0.4835153,3,walking
1519421557447,-10.2016945,-2.752686,0.45479164,3,walking
1519421557450,-9.991054,-2.6760898,0.5313881,3,walking
1519421557454,-9.96233,-2.6377914,0.34947145,3,walking
1519421557458,-9.952756,-2.733537,0.20585304,3,walking
1519421557462,-9.991054,-2.9154537,0.062234644,3,walking
1519421557466,-10.268716,-3.020774,-0.11968201,3,walking
1519421557470,-10.40276,-3.126094,-0.27287498,3,walking
1519421557473,-10.575102,-3.2505634,-0.39734426,3,walking
1519421557477,-10.737869,-3.2792869,-0.5505372,3,walking
1519421557481,-10.757019,-3.4707782,-0.6079846,3,walking
1519421557485,-10.82404,-3.6143966,-0.78032666,3,walking
1519421557489,-10.814466,-3.777164,-0.9430942,3,walking
1519421557493,-11.072979,-3.7867386,-1.0579889,3,walking
1519421557496,-11.226172,-3.8633351,-1.1728836,3,walking
1519421557500,-11.36979,-3.9495063,-1.3260766,3,walking
1519421557504,-11.532558,-4.0644007,-1.383524,3,walking
1519421557508,-11.714475,-4.1792955,-1.4601204,3,walking
1519421557512,-11.781497,-4.121848,-1.3356512,3,walking
1519421557516,-11.72405,-4.1792955,-1.1058618,3,walking
1519421557519,-11.542132,-4.2654667,-0.93351966,3,walking
1519421557523,-11.408089,-4.2175937,-0.8952214,3,walking
1519421557527,-11.178299,-4.2654667,-0.90479594,3,walking
1519421557531,-10.958084,-4.2941904,-0.91437054,3,walking
1519421557535,-10.82404,-4.3707867,-1.0962871,3,walking
1519421557539,-10.6134,-4.4090853,-1.2016073,3,walking
1519421557542,-10.469782,-4.4090853,-1.2973529,3,walking
1519421557546,-10.335738,-4.351638,-1.3452257,3,walking
1519421557550,-10.172971,-4.303765,-1.3356512,3,walking
1519421557558,-9.924032,-4.131423,-1.14416,3,walking
1519421557562,-9.6942425,-3.9399316,-1.0388398,3,walking
1519421557565,-9.359133,-3.7867386,-0.9430942,3,walking
1519421557569,-9.043172,-3.6526947,-0.8281995,3,walking
1519421557573,-8.746361,-3.4420545,-0.50266445,3,walking
1519421557577,-8.497422,-3.3175852,-0.2154276,3,walking
1519421557581,-8.363379,-3.5282254,-0.37819514,3,walking
1519421557585,-8.439975,-3.6526947,-0.3877697,3,walking
1519421557588,-8.372953,-3.5378,-0.19627848,3,walking
1519421557592,-8.200611,-3.4229054,0.03351096,3,walking
1519421557596,-7.9325233,-3.4324799,0.2920241,3,walking
1519421557600,-7.741032,-3.4133308,0.3398969,3,walking
1519421557604,-7.6740103,-3.4324799,0.14840569,3,walking
1519421557608,-7.7601814,-3.4133308,0.09095833,3,walking
1519421557611,-7.7984796,-3.3750327,0.10053288,3,walking
1519421557615,-7.846352,-3.3558834,0.110107444,3,walking
1519421557619,-7.875076,-3.3750327,0.2154276,3,walking
1519421557623,-7.961247,-3.4229054,0.14840569,3,walking
1519421557627,-8.095291,-3.4707782,0.10053288,3,walking
1519421557631,-8.2676325,-3.4899273,-0.023936402,3,walking
1519421557634,-8.420826,-3.518651,-0.014361841,3,walking
1519421557638,-8.621892,-3.5378,-0.0718092,3,walking
1519421557642,-8.717637,-3.604822,-0.03351096,3,walking
1519421557646,-8.851681,-3.671844,0.0,3,walking
1519421557650,-8.937852,-3.7388659,0.081383765,3,walking
1519421557654,-9.091045,-3.825037,0.11968201,3,walking
1519421557657,-9.167642,-3.9016335,0.14840569,3,walking
1519421557661,-9.263388,-4.0069537,0.19627848,3,walking
1519421557665,-9.3878565,-4.1601467,0.2920241,3,walking
1519421557669,-9.483603,-4.2558923,0.37819514,3,walking
1519421557673,-9.531475,-4.3133397,0.4164934,3,walking
1519421557676,-9.617646,-4.351638,0.46436617,3,walking
1519421557680,-9.636795,-4.4186597,0.5218136,3,walking
1519421557684,-9.713391,-4.495256,0.512239,3,walking
1519421557688,-9.75169,-4.504831,0.49308985,3,walking
1519421557696,-9.780414,-4.504831,0.42606795,3,walking
1519421557699,-9.809137,-4.476107,0.33032233,3,walking
1519421557703,-9.818711,-4.389936,0.22500217,3,walking
1519421557707,-9.818711,-4.2558923,0.14840569,3,walking
1519421557711,-9.828286,-4.121848,0.043085523,3,walking
1519421557715,-9.866585,-3.9782298,-0.03351096,3,walking
1519421557719,-9.818711,-3.8824842,-0.12925656,3,walking
1519421557722,-9.914457,-3.7484405,-0.25372586,3,walking
1519421557726,-9.952756,-3.690993,-0.4356425,3,walking
1519421557730,-9.991054,-3.6239712,-0.42606795,3,walking
1519421557734,-10.038927,-3.5378,-0.5313881,3,walking
1519421557738,-10.125097,-3.5090764,-0.63670826,3,walking
1519421557741,-10.19212,-3.4324799,-0.78032666,3,walking
1519421557745,-10.29744,-3.384607,-0.8664977,3,walking
1519421557749,-10.40276,-3.3175852,-0.9718179,3,walking
1519421557753,-10.412334,-3.2792869,-1.0292653,3,walking
1519421557757,-10.488931,-3.231414,-1.0771381,3,walking
1519421557761,-10.527229,-3.173967,-1.14416,3,walking
1519421557764,-10.603826,-3.0686467,-1.2111819,3,walking
1519421557768,-10.699572,-3.0303483,-1.2686293,3,walking
1519421557772,-10.709146,-2.9824755,-1.2111819,3,walking
1519421557776,-10.776168,-2.9154537,-1.2590547,3,walking
1519421557780,-10.814466,-2.8771553,-1.2782038,3,walking
1519421557783,-10.795317,-2.8580062,-1.3643749,3,walking
1519421557787,-10.871913,-2.800559,-1.3356512,3,walking
1519421557791,-10.843189,-2.8388572,-1.2973529,3,walking
1519421557795,-10.833615,-2.7622607,-1.3930986,3,walking
1519421557799,-10.71872,-2.7622607,-1.3260766,3,walking
1519421557803,-10.680422,-2.733537,-1.3452257,3,walking
1519421557806,-10.632549,-2.714388,-1.3548003,3,walking
1519421557810,-10.575102,-2.666515,-1.383524,3,walking
1519421557814,-10.412334,-2.666515,-1.2877784,3,walking
1519421557818,-10.345312,-2.6282167,-1.3165021,3,walking
1519421557822,-10.268716,-2.6282167,-1.2782038,3,walking
1519421557825,-10.182545,-2.5899186,-1.2303311,3,walking
1519421557829,-10.077225,-2.580344,-1.2494801,3,walking
1519421557833,-10.010203,-2.561195,-1.2494801,3,walking
1519421557841,-9.933606,-2.5516202,-1.1920328,3,walking
1519421557845,-9.876159,-2.561195,-1.1824582,3,walking
1519421557849,-9.828286,-2.5707695,-1.2207564,3,walking
1519421557852,-9.780414,-2.580344,-1.2111819,3,walking
1519421557856,-9.675094,-2.580344,-1.2399056,3,walking
1519421557860,-9.684668,-2.6090677,-1.2494801,3,walking
1519421557864,-9.64637,-2.6377914,-1.2686293,3,walking
1519421557868,-9.636795,-2.666515,-1.2877784,3,walking
1519421557872,-9.569773,-2.7909844,-1.3260766,3,walking
1519421557876,-9.569773,-2.800559,-1.3548003,3,walking
1519421557880,-9.569773,-2.88673,-1.4218222,3,walking
1519421557884,-9.531475,-2.9633265,-1.4792696,3,walking
1519421557887,-9.5219,-3.0016246,-1.5845897,3,walking
1519421557891,-9.493176,-3.0973704,-1.6707608,3,walking
1519421557895,-9.531475,-3.1643922,-1.7186337,3,walking
1519421557899,-9.54105,-3.2026904,-1.8526775,3,walking
1519421557903,-9.569773,-3.212265,-2.0058703,3,walking
1519421557907,-9.617646,-3.2888615,-2.2165108,3,walking
1519421557911,-9.6942425,-3.3080106,-2.4463003,3,walking
1519421557915,-9.780414,-3.4037561,-2.6186423,3,walking
1519421557919,-9.885734,-3.4324799,-2.8771553,3,walking
1519421557922,-9.98148,-3.451629,-3.126094,3,walking
1519421557926,-10.000628,-3.5665238,-3.3271596,3,walking
1519421557930,-10.019777,-3.6239712,-3.518651,3,walking
1519421557934,-10.058076,-3.7101421,-3.7484405,3,walking
1519421557938,-10.038927,-3.777164,-3.8824842,3,walking
1519421557942,-10.019777,-3.844186,-4.0069537,3,walking
1519421557946,-9.924032,-3.9686553,-4.131423,3,walking
1519421557950,-9.799562,-4.045252,-4.198445,3,walking
1519421557954,-9.655944,-4.150572,-4.2271686,3,walking
1519421557957,-9.502751,-4.2463174,-4.3324885,3,walking
1519421557961,-9.320834,-4.342063,-4.428234,3,walking
1519421557965,-9.177217,-4.4090853,-4.5622783,3,walking
1519421557969,-8.784659,-4.466532,-4.782493,3,walking
1519421557973,-8.516571,-4.437809,-4.83994,3,walking
1519421557981,-8.315506,-4.3612123,-4.9452605,3,walking
1519421557984,-8.133589,-4.2558923,-5.1846247,3,walking
1519421557988,-8.00912,-4.150572,-5.309094,3,walking
1519421557992,-7.8655014,-3.9590807,-5.49101,3,walking
1519421557996,-7.769756,-3.7867386,-5.6250544,3,walking
1519421558000,-7.6452866,-3.671844,-5.7782474,3,walking
1519421558003,-7.6069884,-3.5090764,-5.797396,3,walking
1519421558007,-7.511243,-3.3941817,-5.8835673,3,walking
1519421558011,-7.511243,-3.2505634,-5.9027166,3,walking
1519421558015,-7.4729443,-3.1548176,-5.82612,3,walking
1519421558018,-7.4729443,-3.0877957,-5.692076,3,walking
1519421558022,-7.4250717,-3.0877957,-5.500585,3,walking
1519421558026,-7.46337,-3.1165195,-5.347392,3,walking
1519421558030,-7.56869,-3.2218397,-5.2133484,3,walking
1519421558034,-7.6261373,-3.3750327,-5.1176023,3,walking
1519421558037,-7.7984796,-3.5090764,-5.002708,3,walking
1519421558041,-7.9325233,-3.7388659,-4.993133,3,walking
1519421558045,-8.143164,-3.9207826,-5.0314317,3,walking
1519421558049,-8.334655,-4.0931244,-5.108028,3,walking
1519421558052,-8.487848,-4.342063,-5.155901,3,walking
1519421558056,-8.708063,-4.504831,-5.3569665,3,walking
1519421558060,-8.861256,-4.696322,-5.4048395,3,walking
1519421558064,-9.052747,-4.83994,-5.634629,3,walking
1519421558068,-9.407005,-4.9069624,-5.7686725,3,walking
1519421558071,-9.703817,-5.0122824,-5.950589,3,walking
1519421558075,-10.115523,-5.0601554,-6.1420803,3,walking
1519421558079,-10.479357,-5.1271772,-6.304848,3,walking
1519421558083,-10.891063,-5.2037735,-6.391019,3,walking
1519421558087,-11.312344,-5.299519,-6.486765,3,walking
1519421558090,-11.676176,-5.3952646,-6.391019,3,walking
1519421558094,-11.944264,-5.538883,-6.1995277,3,walking
1519421558098,-12.097457,-5.739949,-5.9697385,3,walking
1519421558102,-12.049584,-5.960164,-5.7303743,3,walking
1519421558105,-11.944264,-6.180379,-5.5101595,3,walking
1519421558109,-11.7049,-6.333572,-5.2899446,3,walking
1519421558113,-11.408089,-6.5346375,-5.1176023,3,walking
1519421558121,-11.149575,-6.544212,-4.916537,3,walking
1519421558124,-10.843189,-6.515488,-4.763344,3,walking
1519421558128,-10.555953,-6.410168,-4.6388745,3,walking
1519421558132,-10.307014,-6.151655,-4.6293,3,walking
1519421558136,-10.144247,-5.8644185,-4.619725,3,walking
1519421558140,-9.971905,-5.605905,-4.658024,3,walking
1519421558144,-9.876159,-5.309094,-4.619725,3,walking
1519421558147,-9.780414,-5.088879,-4.6675982,3,walking
1519421558151,-9.722966,-4.8590894,-4.6771727,3,walking
1519421558155,-9.732541,-4.648449,-4.73462,3,walking
1519421558159,-9.780414,-4.5144053,-4.763344,3,walking
1519421558163,-9.85701,-4.2941904,-4.7920675,3,walking
1519421558166,-9.971905,-4.1792955,-4.7920675,3,walking
1519421558170,-10.019777,-4.0261025,-4.772918,3,walking
1519421558174,-10.038927,-3.9782298,-4.7441945,3,walking
1519421558178,-10.096374,-3.911208,-4.610151,3,walking
1519421558182,-10.153821,-3.8824842,-4.543129,3,walking
1519421558186,-10.220843,-3.8633351,-4.456958,3,walking
1519421558189,-10.249567,-3.8154624,-4.389936,3,walking
1519421558193,-10.259142,-3.8154624,-4.2654667,3,walking
1519421558197,-10.29744,-3.7675896,-4.1409974,3,walking
1519421558201,-10.249567,-3.777164,-4.0069537,3,walking
1519421558205,-10.220843,-3.825037,-3.8537605,3,walking
1519421558209,-10.153821,-3.8058877,-3.7197168,3,walking
1519421558212,-10.058076,-3.7963133,-3.5665238,3,walking
1519421558216,-10.000628,-3.7867386,-3.4229054,3,walking
1519421558220,-9.876159,-3.777164,-3.346309,3,walking
1519421558224,-9.828286,-3.7675896,-3.2409887,3,walking
1519421558228,-9.732541,-3.8058877,-3.1548176,3,walking
1519421558232,-9.665519,-3.777164,-3.126094,3,walking
1519421558235,-9.598496,-3.777164,-3.0877957,3,walking
1519421558239,-9.560199,-3.7675896,-3.039923,3,walking
1519421558243,-9.454879,-3.758015,-3.020774,3,walking
1519421558247,-9.339984,-3.758015,-3.020774,3,walking
1519421558251,-9.215514,-3.7197168,-3.0494976,3,walking
1519421558258,-9.100619,-3.7101421,-3.0877957,3,walking
1519421558262,-9.071896,-3.6431203,-3.1548176,3,walking
1519421558266,-9.052747,-3.6526947,-3.193116,3,walking
1519421558270,-9.052747,-3.5952475,-3.3367343,3,walking
1519421558274,-9.167642,-3.4803526,-3.3367343,3,walking
1519421558278,-9.148493,-3.4707782,-3.4707782,3,walking
1519421558282,-9.148493,-3.4803526,-3.604822,3,walking
1519421558285,-9.18679,-3.451629,-3.690993,3,walking
1519421558289,-9.225089,-3.4229054,-3.7197168,3,walking
1519421558293,-9.196365,-3.384607,-3.777164,3,walking
1519421558297,-9.225089,-3.2697124,-3.825037,3,walking
1519421558301,-9.215514,-3.2026904,-3.8058877,3,walking
1519421558305,-9.215514,-3.1069448,-3.7197168,3,walking
1519421558309,-9.148493,-3.020774,-3.6239712,3,walking
1519421558312,-9.138918,-2.8292825,-3.4803526,3,walking
1519421558316,-9.177217,-2.7814097,-3.4899273,3,walking
1519421558320,-9.215514,-2.752686,-3.5378,3,walking
1519421558324,-9.20594,-2.7718353,-3.4803526,3,walking
1519421558328,-9.244238,-2.905879,-3.5760984,3,walking
1519421558332,-9.320834,-2.9633265,-3.758015,3,walking
1519421558336,-9.301685,-3.078221,-3.8058877,3,walking
1519421558339,-9.330409,-3.039923,-4.0644007,3,walking
1519421558343,-9.3878565,-2.819708,-4.121848,3,walking
1519421558347,-9.368708,-2.6569405,-4.0548263,3,walking
1519421558351,-9.368708,-2.5994933,-4.0548263,3,walking
1519421558355,-9.483603,-2.561195,-4.0356774,3,walking
1519421558359,-9.550624,-2.5228968,-3.8920588,3,walking
1519421558363,-9.64637,-2.4845984,-3.7388659,3,walking
1519421558367,-9.75169,-2.4654493,-3.5569491,3,walking
1519421558370,-9.818711,-2.4175766,-3.3750327,3,walking
1519421558374,-9.818711,-2.2739582,-3.2409887,3,walking
1519421558378,-9.809137,-2.2069361,-3.1643922,3,walking
1519421558382,-9.799562,-2.168638,-3.078221,3,walking
1519421558386,-9.866585,-2.101616,-3.0686467,3,walking
1519421558394,-9.866585,-2.187787,-2.9633265,3,walking
1519421558397,-9.837861,-2.3505547,-2.905879,3,walking
1519421558401,-9.761265,-2.494173,-2.905879,3,walking
1519421558405,-9.732541,-2.6186423,-2.8771553,3,walking
1519421558409,-9.636795,-2.819708,-2.88673,3,walking
1519421558413,-9.5889225,-2.9537518,-2.9441774,3,walking
1519421558417,-9.502751,-3.0877957,-2.9441774,3,walking
1519421558421,-9.483603,-3.2409887,-2.9633265,3,walking
1519421558424,-9.41658,-3.3271596,-2.9537518,3,walking
1519421558428,-9.454879,-3.4133308,-2.9824755,3,walking
1519421558432,-9.502751,-3.4612036,-3.0494976,3,walking
1519421558436,-9.54105,-3.4324799,-3.1069448,3,walking
1519421558440,-9.569773,-3.4037561,-3.1835413,3,walking
1519421558444,-9.62722,-3.3367343,-3.2601378,3,walking
1519421558448,-9.64637,-3.2792869,-3.3080106,3,walking
1519421558451,-9.675094,-3.2026904,-3.3367343,3,walking
1519421558455,-9.684668,-3.1165195,-3.3941817,3,walking
1519421558459,-9.684668,-3.020774,-3.4420545,3,walking
1519421558463,-9.675094,-2.9824755,-3.4037561,3,walking
1519421558467,-9.5889225,-2.9250283,-3.4420545,3,walking
1519421558471,-9.569773,-2.8580062,-3.4133308,3,walking
1519421558474,-9.531475,-2.7909844,-3.4133308,3,walking
1519421558478,-9.5219,-2.7622607,-3.3941817,3,walking
1519421558482,-9.502751,-2.7239625,-3.3941817,3,walking
1519421558486,-9.445304,-2.714388,-3.3367343,3,walking
1519421558490,-9.397431,-2.6952388,-3.346309,3,walking
1519421558494,-9.330409,-2.6856642,-3.2218397,3,walking
1519421558498,-9.2825365,-2.6952388,-3.2026904,3,walking
1519421558501,-9.234664,-2.6760898,-3.1452432,3,walking
1519421558505,-9.20594,-2.6090677,-3.1165195,3,walking
1519421558509,-9.158067,-2.5994933,-3.059072,3,walking
1519421558513,-9.138918,-2.6186423,-3.0016246,3,walking
1519421558517,-9.129343,-2.5994933,-3.0016246,3,walking
1519421558521,-9.091045,-2.6090677,-2.9633265,3,walking
1519421558525,-9.071896,-2.580344,-2.9441774,3,walking
1519421558528,-9.043172,-2.5516202,-2.9154537,3,walking
1519421558536,-8.966576,-2.513322,-2.8771553,3,walking
1519421558540,-8.937852,-2.5228968,-2.8580062,3,walking
1519421558544,-8.966576,-2.494173,-2.819708,3,walking
1519421558548,-8.985725,-2.475024,-2.7814097,3,walking
1519421558552,-9.004874,-2.427151,-2.7239625,3,walking
1519421558555,-9.014449,-2.3984275,-2.6760898,3,walking
1519421558559,-9.071896,-2.360129,-2.5707695,3,walking
1519421558563,-9.129343,-2.321831,-2.561195,3,walking
1519421558567,-9.215514,-2.2452345,-2.475024,3,walking
1519421558571,-9.272962,-2.1590633,-2.4654493,3,walking
1519421558575,-9.378282,-2.0824668,-2.4558747,3,walking
1519421558579,-9.54105,-1.9962958,-2.475024,3,walking
1519421558582,-9.617646,-1.9388485,-2.494173,3,walking
1519421558586,-9.761265,-1.8718265,-2.5324712,3,walking
1519421558590,-9.876159,-1.8909757,-2.580344,3,walking
1519421558594,-10.029352,-1.862252,-2.6186423,3,walking
1519421558598,-10.125097,-1.8718265,-2.714388,3,walking
1519421558602,-10.287866,-1.862252,-2.7814097,3,walking
1519421558606,-10.40276,-1.9101248,-2.8580062,3,walking
1519421558610,-10.517654,-1.929274,-2.9346027,3,walking
1519421558613,-10.603826,-1.9579976,-2.9824755,3,walking
1519421558617,-10.689997,-2.0250196,-3.020774,3,walking
1519421558621,-10.699572,-2.0633178,-3.0494976,3,walking
1519421558625,-10.689997,-2.0824668,-3.059072,3,walking
1519421558629,-10.670848,-2.1303396,-3.1069448,3,walking
1519421558633,-10.632549,-2.187787,-3.126094,3,walking
1519421558637,-10.6134,-2.2165108,-3.078221,3,walking
1519421558640,-10.546378,-2.2739582,-3.1069448,3,walking
1519421558644,-10.527229,-2.3026817,-3.1165195,3,walking
1519421558648,-10.527229,-2.2643836,-3.212265,3,walking
1519421558652,-10.441058,-2.321831,-3.1548176,3,walking
1519421558656,-10.393186,-2.360129,-3.193116,3,walking
1519421558660,-10.345312,-2.34098,-3.173967,3,walking
1519421558664,-10.40276,-2.3122563,-3.231414,3,walking
1519421558667,-10.2016945,-2.321831,-3.173967,3,walking
1519421558671,-10.096374,-2.2739582,-3.1356685,3,walking
1519421558679,-10.048501,-2.2356598,-2.9537518,3,walking
1519421558683,-9.952756,-2.1303396,-2.9441774,3,walking
1519421558687,-9.828286,-2.0058703,-2.8771553,3,walking
1519421558690,-9.62722,-1.9675722,-2.800559,3,walking
1519421558694,-9.531475,-1.9005502,-2.733537,3,walking
1519421558698,-9.368708,-1.8048047,-2.5707695,3,walking
1519421558702,-9.263388,-1.6037389,-2.4367256,3,walking
1519421558705,-9.129343,-1.4505459,-2.2739582,3,walking
1519421558709,-9.024023,-1.2494801,-2.187787,3,walking
1519421558713,-8.899554,-1.0962871,-2.1111906,3,walking
1519421558717,-8.765511,-1.0101161,-2.0250196,3,walking
1519421558720,-8.736787,-0.9526688,-1.9675722,3,walking
1519421558724,-8.66019,-0.92394507,-1.8239537,3,walking
1519421558728,-8.612317,-0.9430942,-1.7186337,3,walking
1519421558732,-8.55487,-0.9430942,-1.622888,3,walking
1519421558736,-8.420826,-0.99096704,-1.4792696,3,walking
1519421558739,-8.296356,-1.0196906,-1.4122477,3,walking
1519421558743,-8.305931,-1.0292653,-1.3452257,3,walking
1519421558747,-8.34423,-1.0101161,-1.2207564,3,walking
1519421558751,-8.411251,-0.99096704,-1.1345854,3,walking
1519421558754,-8.44955,-0.93351966,-1.0867126,3,walking
1519421558758,-8.545295,-0.92394507,-1.0292653,3,walking
1519421558762,-8.698488,-0.8473486,-0.98139244,3,walking
1519421558766,-8.880404,-0.8090504,-1.0101161,3,walking
1519421558769,-9.158067,-0.7228793,-1.0771381,3,walking
1519421558773,-9.407005,-0.69415563,-1.1250108,3,walking
1519421558777,-9.665519,-0.63670826,-1.2686293,3,walking
1519421558781,-9.991054,-0.5505372,-1.3643749,3,walking
1519421558784,-10.182545,-0.50266445,-1.4984187,3,walking
1519421558788,-10.40276,-0.50266445,-1.6994845,3,walking
1519421558792,-10.546378,-0.46436617,-1.776081,3,walking
1519421558796,-10.6134,-0.61755913,-1.8239537,3,walking
1519421558800,-10.565528,-0.7420284,-1.8239537,3,walking
1519421558803,-10.421909,-0.93351966,-1.8239537,3,walking
1519421558807,-10.2016945,-1.1154363,-1.7282082,3,walking
1519421558811,-9.971905,-1.3165021,-1.6133134,3,walking
1519421558819,-9.761265,-1.5175679,-1.4888442,3,walking
1519421558822,-9.579348,-1.6324625,-1.4026731,3,walking
1519421558826,-9.339984,-1.7473572,-1.3260766,3,walking
1519421558830,-9.129343,-1.8239537,-1.2016073,3,walking
1519421558834,-8.985725,-1.8526775,-1.1058618,3,walking
1519421558838,-8.822957,-1.9101248,-1.0196906,3,walking
1519421558842,-8.717637,-1.9196993,-0.93351966,3,walking
1519421558846,-8.593168,-1.9962958,-0.78990126,3,walking
1519421558849,-8.497422,-2.034594,-0.6750065,3,walking
1519421558853,-8.439975,-2.0824668,-0.56011176,3,walking
1519421558857,-8.411251,-2.1111906,-0.46436617,3,walking
1519421558861,-8.459125,-2.1590633,-0.3877697,3,walking
1519421558865,-8.5740185,-2.2260852,-0.32074776,3,walking
1519421558869,-8.727212,-2.2739582,-0.32074776,3,walking
1519421558873,-8.909128,-2.2739582,-0.2154276,3,walking
1519421558876,-9.091045,-2.2643836,-0.27287498,3,walking
1519421558880,-9.272962,-2.2739582,-0.25372586,3,walking
1519421558884,-9.474028,-2.2835326,-0.26330042,3,walking
1519421558888,-9.6942425,-2.3026817,-0.2441513,3,walking
1519421558892,-9.799562,-2.34098,-0.26330042,3,walking
1519421558896,-9.885734,-2.3505547,-0.23457673,3,walking
1519421558900,-9.952756,-2.254809,-0.19627848,3,walking
1519421558904,-9.924032,-2.2165108,-0.16755481,3,walking
1519421558907,-9.8953085,-2.1399143,-0.15798025,3,walking
1519421558911,-9.876159,-2.015445,-0.19627848,3,walking
1519421558915,-9.837861,-1.8335283,-0.34947145,3,walking
1519421558919,-9.885734,-1.5941644,-0.40691882,3,walking
1519421558923,-9.885734,-1.4122477,-0.5313881,3,walking
1519421558927,-9.943181,-1.1824582,-0.71330476,3,walking
1519421558931,-9.971905,-1.0101161,-0.7228793,3,walking
1519421558934,-9.933606,-0.8186249,-0.8186249,3,walking
1519421558938,-9.933606,-0.6845811,-0.8856468,3,walking
1519421558942,-10.010203,-0.5218136,-1.0292653,3,walking
1519421558946,-10.077225,-0.3877697,-1.1345854,3,walking
1519421558950,-10.058076,-0.3111732,-1.14416,3,walking
1519421558954,-10.077225,-0.26330042,-1.2016073,3,walking
1519421558961,-10.06765,-0.26330042,-1.2782038,3,walking
1519421558965,-10.096374,-0.32074776,-1.3548003,3,walking
1519421558969,-10.077225,-0.47394073,-1.5079932,3,walking
1519421558973,-10.096374,-0.69415563,-1.622888,3,walking
1519421558977,-10.115523,-0.90479594,-1.6611862,3,walking
1519421558980,-10.163396,-1.1345854,-1.6611862,3,walking
1519421558984,-10.220843,-1.3930986,-1.7282082,3,walking
1519421558988,-10.316589,-1.5845897,-1.8143792,3,walking
1519421558992,-10.364462,-1.79523,-1.7377827,3,walking
1519421558996,-10.460207,-1.9867213,-1.7569319,3,walking
1519421558999,-10.527229,-2.1782124,-1.776081,3,walking
1519421559003,-10.584677,-2.3122563,-1.6803354,3,walking
1519421559007,-10.709146,-2.3984275,-1.6037389,3,walking
1519421559011,-10.776168,-2.475024,-1.4984187,3,walking
1519421559014,-10.747444,-2.5516202,-1.3930986,3,walking
1519421559018,-10.689997,-2.5994933,-1.3069274,3,walking
1519421559022,-10.680422,-2.647366,-1.1920328,3,walking
1519421559026,-10.670848,-2.7048132,-1.1345854,3,walking
1519421559030,-10.642124,-2.6856642,-1.0579889,3,walking
1519421559033,-10.603826,-2.6952388,-1.0005416,3,walking
1519421559037,-10.575102,-2.647366,-0.9718179,3,walking
1519421559041,-10.498506,-2.494173,-0.9622433,3,walking
1519421559045,-10.40276,-2.360129,-0.9526688,3,walking
1519421559049,-10.268716,-2.254809,-0.99096704,3,walking
1519421559052,-10.115523,-2.1399143,-0.9622433,3,walking
1519421559056,-9.98148,-1.9867213,-0.9526688,3,walking
1519421559060,-9.828286,-1.8718265,-0.98139244,3,walking
1519421559064,-9.722966,-1.6994845,-1.0101161,3,walking
1519421559067,-9.579348,-1.6420372,-1.0675635,3,walking
1519421559071,-9.464453,-1.6133134,-1.1345854,3,walking
1519421559075,-9.407005,-1.5079932,-1.2207564,3,walking
1519421559079,-9.349558,-1.4888442,-1.3643749,3,walking
1519421559083,-9.272962,-1.4313968,-1.4984187,3,walking
1519421559086,-9.177217,-1.4026731,-1.4601204,3,walking
1519421559090,-9.0814705,-1.3356512,-1.4792696,3,walking
1519421559098,-8.966576,-1.3165021,-1.4888442,3,walking
1519421559102,-8.909128,-1.2973529,-1.5558661,3,walking
1519421559105,-8.899554,-1.3165021,-1.6133134,3,walking
1519421559109,-8.909128,-1.3069274,-1.6420372,3,walking
1519421559113,-8.832532,-1.4313968,-1.6420372,3,walking
1519421559117,-8.870831,-1.4984187,-1.6707608,3,walking
1519421559121,-8.851681,-1.5845897,-1.709059,3,walking
1519421559125,-8.842107,-1.622888,-1.776081,3,walking
1519421559128,-8.842107,-1.6899099,-1.7473572,3,walking
1519421559132,-8.822957,-1.6899099,-1.7473572,3,walking
1519421559136,-8.803808,-1.709059,-1.709059,3,walking
1519421559140,-8.784659,-1.7569319,-1.7186337,3,walking
1519421559144,-8.813383,-1.79523,-1.6994845,3,walking
1519421559148,-8.880404,-1.8335283,-1.6899099,3,walking
1519421559151,-8.909128,-1.8814012,-1.7186337,3,walking
1519421559155,-8.909128,-1.8718265,-1.6803354,3,walking
1519421559159,-8.928278,-1.8718265,-1.6133134,3,walking
1519421559163,-8.909128,-1.8431029,-1.5941644,3,walking
1519421559167,-8.832532,-1.7856555,-1.5367169,3,walking
1519421559171,-8.7750845,-1.709059,-1.4601204,3,walking
1519421559174,-8.746361,-1.7282082,-1.4313968,3,walking
1519421559178,-8.6697645,-1.7282082,-1.4313968,3,walking
1519421559182,-8.612317,-1.709059,-1.3356512,3,walking
1519421559186,-8.497422,-1.7856555,-1.3739494,3,walking
1519421559190,-8.411251,-1.862252,-1.3452257,3,walking
1519421559194,-8.353804,-1.9675722,-1.3260766,3,walking
1519421559197,-8.248484,-2.0633178,-1.2686293,3,walking
1519421559201,-8.23891,-2.1590633,-1.2399056,3,walking
1519421559205,-8.200611,-2.254809,-1.2016073,3,walking
1519421559209,-8.191036,-2.3314054,-1.1728836,3,walking
1519421559213,-8.133589,-2.408002,-1.1728836,3,walking
1519421559217,-8.124015,-2.4558747,-1.14416,3,walking
1519421559220,-8.076141,-2.513322,-1.1250108,3,walking
1519421559224,-8.066567,-2.5037475,-1.0867126,3,walking
1519421559228,-8.076141,-2.4558747,-1.1058618,3,walking
1519421559232,-8.076141,-2.475024,-1.0771381,3,walking
1519421559236,-8.152739,-2.4463003,-1.0771381,3,walking
1519421559243,-8.181462,-2.3984275,-1.0771381,3,walking
1519421559247,-8.191036,-2.3505547,-1.0962871,3,walking
1519421559251,-8.21976,-2.3026817,-1.0579889,3,walking
1519421559255,-8.258059,-2.1973617,-1.0196906,3,walking
1519421559258,-8.305931,-2.149489,-0.98139244,3,walking
1519421559262,-8.32508,-2.1111906,-0.98139244,3,walking
1519421559266,-8.372953,-2.0824668,-0.98139244,3,walking
1519421559270,-8.4686985,-2.0537431,-0.91437054,3,walking
1519421559273,-8.564445,-2.0441687,-0.8952214,3,walking
1519421559277,-8.679339,-1.9962958,-0.8952214,3,walking
1519421559281,-8.822957,-1.9675722,-0.9430942,3,walking
1519421559285,-8.909128,-1.9196993,-0.8760723,3,walking
1519421559288,-8.985725,-1.8718265,-0.8186249,3,walking
1519421559292,-9.071896,-1.8143792,-0.85692316,3,walking
1519421559296,-9.148493,-1.7377827,-0.8186249,3,walking
1519421559300,-9.263388,-1.5750152,-0.83777404,3,walking
1519421559303,-9.349558,-1.4792696,-0.7994758,3,walking
1519421559307,-9.397431,-1.3739494,-0.7420284,3,walking
1519421559311,-9.445304,-1.2494801,-0.83777404,3,walking
1519421559315,-9.474028,-1.1537346,-0.751603,3,walking
1519421559318,-9.5219,-1.0579889,-0.64628285,3,walking
1519421559322,-9.579348,-0.99096704,-0.7228793,3,walking
1519421559326,-9.675094,-0.8952214,-0.7228793,3,walking
1519421559330,-9.722966,-0.85692316,-0.7324539,3,walking
1519421559333,-9.722966,-0.78990126,-0.76117754,3,walking
1519421559337,-9.780414,-0.78032666,-0.77075213,3,walking
1519421559341,-9.847435,-0.77075213,-0.85692316,3,walking
1519421559345,-9.924032,-0.8664977,-0.8856468,3,walking
1519421559348,-10.06765,-0.9622433,-1.0579889,3,walking
1519421559352,-10.259142,-1.1250108,-1.1154363,3,walking
1519421559356,-10.450633,-1.3069274,-1.2494801,3,walking
1519421559360,-10.594251,-1.4984187,-1.3165021,3,walking
1519421559363,-10.766593,-1.6707608,-1.3548003,3,walking
1519421559367,-10.891063,-1.8048047,-1.4218222,3,walking
1519421559371,-11.015532,-1.929274,-1.4888442,3,walking
1519421559375,-11.130426,-2.0633178,-1.5175679,3,walking
1519421559378,-11.28362,-2.168638,-1.5271424,3,walking
1519421559386,-11.360216,-2.2260852,-1.5271424,3,walking
1519421559390,-11.455961,-2.2739582,-1.5175679,3,walking
1519421559394,-11.49426,-2.3505547,-1.5367169,3,walking
1519421559398,-11.570856,-2.360129,-1.4984187,3,walking
1519421559401,-11.580431,-2.34098,-1.5175679,3,walking
1519421559405,-11.561282,-2.3026817,-1.5079932,3,walking
1519421559409,-11.513409,-2.2643836,-1.4888442,3,walking
1519421559413,-11.475111,-2.1590633,-1.4601204,3,walking
1519421559417,-11.379365,-2.034594,-1.4122477,3,walking
1519421559421,-11.197449,-1.8909757,-1.3739494,3,walking
1519421559424,-11.034681,-1.7377827,-1.2782038,3,walking
1519421559428,-10.862339,-1.5462915,-1.2303311,3,walking
1519421559432,-10.699572,-1.3930986,-1.1633091,3,walking
1519421559436,-10.555953,-1.2686293,-1.1920328,3,walking
1519421559440,-10.469782,-1.1537346,-1.2016073,3,walking
1519421559444,-10.431483,-1.0579889,-1.2973529,3,walking
1519421559447,-10.546378,-0.9622433,-1.3548003,3,walking
1519421559451,-10.670848,-0.8281995,-1.4888442,3,walking
1519421559455,-10.843189,-0.77075213,-1.6899099,3,walking
1519421559459,-11.1208515,-0.751603,-1.8048047,3,walking
1519421559463,-11.38894,-0.7994758,-1.9867213,3,walking
1519421559467,-11.628304,-0.8856468,-1.9771467,3,walking
1519421559470,-11.867668,-1.0962871,-1.9579976,3,walking
1519421559474,-11.915541,-1.3452257,-1.8814012,3,walking
1519421559478,-11.9346895,-1.6420372,-1.7186337,3,walking
1519421559482,-11.858093,-1.9962958,-1.5845897,3,walking
1519421559486,-11.800646,-2.3122563,-1.4409714,3,walking
1519421559490,-11.7049,-2.5994933,-1.2877784,3,walking
1519421559493,-11.561282,-2.88673,-1.2111819,3,walking
1519421559497,-11.465536,-3.1069448,-1.2207564,3,walking
1519421559501,-11.331492,-3.2984362,-1.2877784,3,walking
1519421559505,-11.207023,-3.4420545,-1.3356512,3,walking
1519421559509,-11.063405,-3.499502,-1.469695,3,walking
1519421559513,-10.900637,-3.4803526,-1.5462915,3,walking
1519421559516,-10.776168,-3.4229054,-1.6707608,3,walking
1519421559520,-10.680422,-3.2792869,-1.8239537,3,walking
1519421559524,-10.670848,-3.126094,-2.0728924,3,walking
1519421559532,-10.661273,-2.9154537,-2.2835326,3,walking
1519421559536,-10.785743,-2.733537,-2.5037475,3,walking
1519421559540,-10.843189,-2.5994933,-2.714388,3,walking
1519421559544,-11.015532,-2.5228968,-2.867581,3,walking
1519421559547,-11.130426,-2.494173,-2.9537518,3,walking
1519421559551,-11.312344,-2.513322,-3.039923,3,walking
1519421559555,-11.475111,-2.4558747,-3.0494976,3,walking
1519421559559,-11.609155,-2.475024,-3.1165195,3,walking
1519421559563,-11.72405,-2.4654493,-3.0973704,3,walking
1519421559567,-11.82937,-2.4654493,-3.0877957,3,walking
1519421559571,-11.810221,-2.475024,-3.0111992,3,walking
1519421559575,-11.771922,-2.4558747,-2.9154537,3,walking
1519421559579,-11.685751,-2.4558747,-2.8484318,3,walking
1519421559583,-11.561282,-2.4367256,-2.7909844,3,walking
1519421559587,-11.408089,-2.3792782,-2.7622607,3,walking
1519421559591,-11.235746,-2.3984275,-2.6377914,3,walking
1519421559594,-11.063405,-2.321831,-2.666515,3,walking
1519421559598,-10.92936,-2.2643836,-2.6856642,3,walking
1519421559602,-10.785743,-2.1973617,-2.6569405,3,walking
1519421559606,-10.6134,-2.0633178,-2.6186423,3,walking
1519421559610,-10.383611,-1.9962958,-2.666515,3,walking
1519421559614,-10.268716,-1.8718265,-2.647366,3,walking
1519421559618,-10.06765,-1.8048047,-2.6282167,3,walking
1519421559622,-9.904882,-1.6803354,-2.647366,3,walking
1519421559626,-9.837861,-1.5750152,-2.6856642,3,walking
1519421559630,-9.742115,-1.5367169,-2.6952388,3,walking
1519421559634,-9.665519,-1.5079932,-2.6856642,3,walking
1519421559637,-9.598496,-1.5271424,-2.6760898,3,walking
1519421559641,-9.54105,-1.5558661,-2.6760898,3,walking
1519421559645,-9.483603,-1.622888,-2.6760898,3,walking
1519421559649,-9.454879,-1.7569319,-2.6186423,3,walking
1519421559653,-9.474028,-1.862252,-2.561195,3,walking
1519421559657,-9.502751,-1.9675722,-2.4367256,3,walking
1519421559661,-9.560199,-2.0728924,-2.3026817,3,walking
1519421559665,-9.598496,-2.2452345,-2.3026817,3,walking
1519421559673,-9.742115,-2.5324712,-2.5228968,3,walking
1519421559676,-9.943181,-2.7718353,-2.6952388,3,walking
1519421559680,-10.048501,-3.0016246,-2.7814097,3,walking
1519421559684,-10.06765,-3.3080106,-2.7909844,3,walking
1519421559688,-10.163396,-3.5090764,-2.752686,3,walking
1519421559691,-10.278291,-3.690993,-2.7909844,3,walking
1519421559695,-10.393186,-3.8346114,-2.8101335,3,walking
1519421559699,-10.488931,-3.8154624,-2.8292825,3,walking
1519421559703,-10.536804,-3.7101421,-2.6856642,3,walking
1519421559707,-10.565528,-3.5473747,-2.5228968,3,walking
1519421559710,-10.632549,-3.3271596,-2.2739582,3,walking
1519421559714,-10.814466,-3.0973704,-2.101616,3,walking
1519421559718,-11.015532,-2.8388572,-1.9962958,3,walking
1519421559722,-11.130426,-2.7431116,-2.0728924,3,walking
1519421559725,-11.254896,-2.6760898,-2.101616,3,walking
1519421559729,-11.36979,-2.6569405,-2.168638,3,walking
1519421559733,-11.341067,-2.666515,-2.0728924,3,walking
1519421559737,-11.293194,-2.6090677,-1.862252,3,walking
1519421559741,-11.149575,-2.5420458,-1.709059,3,walking
1519421559744,-10.977234,-2.3984275,-1.5654407,3,walking
1519421559748,-10.852764,-2.3697038,-1.5367169,3,walking
1519421559752,-10.766593,-2.475024,-1.709059,3,walking
1519421559756,-10.795317,-2.6569405,-1.9579976,3,walking
1519421559759,-10.71872,-2.6856642,-1.9579976,3,walking
1519421559763,-10.517654,-2.647366,-1.7856555,3,walking
1519421559767,-10.249567,-2.6186423,-1.7282082,3,walking
1519421559771,-9.98148,-2.3888528,-1.7473572,3,walking
1519421559775,-9.818711,-2.1973617,-1.8048047,3,walking
1519421559778,-9.675094,-2.0633178,-1.7473572,3,walking
1519421559782,-9.569773,-2.015445,-1.7569319,3,walking
1519421559786,-9.512326,-1.8335283,-1.8718265,3,walking
1519421559790,-9.435729,-1.6324625,-1.6899099,3,walking
1519421559793,-9.339984,-1.6420372,-1.6803354,3,walking
1519421559797,-9.407005,-1.7665064,-1.9771467,3,walking
1519421559801,-9.330409,-1.5558661,-2.0728924,3,walking
1519421559805,-9.129343,-1.4792696,-1.9579976,3,walking
1519421559812,-9.071896,-1.5175679,-1.9771467,3,walking
1519421559816,-8.995299,-1.5175679,-1.9675722,3,walking
1519421559820,-8.957002,-1.5271424,-1.9579976,3,walking
1519421559824,-8.861256,-1.5750152,-1.9579976,3,walking
1519421559827,-8.813383,-1.6037389,-1.862252,3,walking
1519421559831,-8.803808,-1.6133134,-1.8431029,3,walking
1519421559835,-8.851681,-1.6420372,-1.8526775,3,walking
1519421559839,-8.851681,-1.6994845,-1.9005502,3,walking
1519421559842,-8.899554,-1.8048047,-2.0058703,3,walking
1519421559846,-8.909128,-1.8814012,-2.0058703,3,walking
1519421559850,-8.889979,-1.929274,-1.9867213,3,walking
1519421559854,-8.899554,-2.0058703,-1.9675722,3,walking
1519421559858,-8.899554,-2.0920415,-1.9867213,3,walking
1519421559861,-8.880404,-2.1590633,-2.034594,3,walking
1519421559865,-8.957002,-2.1973617,-2.0537431,3,walking
1519421559869,-8.918703,-2.2356598,-2.0633178,3,walking
1519421559873,-8.937852,-2.2643836,-2.101616,3,walking
1519421559876,-8.995299,-2.254809,-2.1399143,3,walking
1519421559880,-8.947427,-2.2643836,-2.1590633,3,walking
1519421559884,-8.957002,-2.2260852,-2.1111906,3,walking
1519421559888,-8.909128,-2.187787,-2.149489,3,walking
1519421559891,-8.822957,-2.149489,-2.0824668,3,walking
1519421559895,-8.784659,-2.149489,-2.0633178,3,walking
1519421559899,-8.755936,-2.0824668,-2.101616,3,walking
1519421559903,-8.66019,-2.0537431,-2.1207652,3,walking
1519421559907,-8.621892,-2.034594,-2.034594,3,walking
1519421559910,-8.564445,-1.9675722,-2.0728924,3,walking
1519421559914,-8.411251,-1.9196993,-2.0728924,3,walking
1519421559918,-8.34423,-1.929274,-2.1111906,3,walking
1519421559922,-8.248484,-1.8526775,-2.1207652,3,walking
1519421559925,-8.152739,-1.8239537,-2.101616,3,walking
1519421559929,-8.066567,-1.7665064,-2.0920415,3,walking
1519421559933,-7.9803963,-1.79523,-2.1111906,3,walking
1519421559937,-7.8846507,-1.776081,-2.149489,3,walking
1519421559940,-7.741032,-1.7473572,-2.0728924,3,walking
1519421559944,-7.664436,-1.7665064,-2.0537431,3,walking
1519421559948,-7.587839,-1.776081,-1.9962958,3,walking
1519421559956,-7.5303917,-1.7665064,-1.929274,3,walking
1519421559959,-7.3867736,-1.7569319,-1.9196993,3,walking
1519421559963,-7.310177,-1.7569319,-1.9196993,3,walking
1519421559967,-7.2240057,-1.7665064,-1.862252,3,walking
1519421559971,-7.1186857,-1.776081,-1.79523,3,walking
1519421559975,-7.0708127,-1.79523,-1.7569319,3,walking
1519421559978,-7.0133657,-1.8239537,-1.7665064,3,walking
1519421559982,-6.9654927,-1.8239537,-1.7377827,3,walking
1519421559986,-6.9654927,-1.8239537,-1.6611862,3,walking
1519421559990,-6.936769,-1.8431029,-1.6803354,3,walking
1519421559994,-6.8601727,-1.8431029,-1.6707608,3,walking
1519421559997,-6.9080453,-1.8431029,-1.6707608,3,walking
1519421560001,-6.9463434,-1.8143792,-1.6420372,3,walking
1519421560005,-7.003791,-1.8335283,-1.6899099,3,walking
1519421560009,-7.1091113,-1.8526775,-1.6994845,3,walking
1519421560013,-7.204857,-1.9101248,-1.6803354,3,walking
1519421560017,-7.310177,-1.929274,-1.709059,3,walking
1519421560020,-7.4250717,-1.9962958,-1.7186337,3,walking
1519421560024,-7.5208173,-2.0441687,-1.7282082,3,walking
1519421560028,-7.5782647,-2.101616,-1.709059,3,walking
1519421560032,-7.654861,-2.1399143,-1.6037389,3,walking
1519421560036,-7.635712,-2.2069361,-1.5367169,3,walking
1519421560039,-7.635712,-2.2643836,-1.469695,3,walking
1519421560043,-7.664436,-2.3026817,-1.3548003,3,walking
1519421560047,-7.693159,-2.3505547,-1.3069274,3,walking
1519421560051,-7.635712,-2.427151,-1.1728836,3,walking
1519421560055,-7.6069884,-2.4558747,-1.1058618,3,walking
1519421560058,-7.6069884,-2.4654493,-1.0675635,3,walking
1519421560062,-7.56869,-2.4463003,-1.0101161,3,walking
1519421560066,-7.5591154,-2.4463003,-1.0101161,3,walking
1519421560070,-7.5208173,-2.4367256,-0.9430942,3,walking
1519421560074,-7.501668,-2.3984275,-0.91437054,3,walking
1519421560078,-7.4537954,-2.3697038,-0.9430942,3,walking
1519421560081,-7.396348,-2.3026817,-0.93351966,3,walking
1519421560085,-7.3867736,-2.254809,-0.8952214,3,walking
1519421560089,-7.329326,-2.1782124,-0.92394507,3,walking
1519421560093,-7.281453,-2.101616,-0.9526688,3,walking
1519421560097,-7.204857,-2.015445,-0.99096704,3,walking
1519421560100,-7.1665583,-1.9579976,-1.0292653,3,walking
1519421560108,-7.0995364,-1.9005502,-1.0962871,3,walking
1519421560112,-7.0612383,-1.8718265,-1.0867126,3,walking
1519421560115,-7.0803876,-1.8526775,-1.1154363,3,walking
1519421560119,-7.1091113,-1.862252,-1.0962871,3,walking
1519421560123,-7.0612383,-1.9101248,-1.0771381,3,walking
1519421560127,-7.089962,-1.948423,-1.0388398,3,walking
1519421560130,-7.1091113,-2.0250196,-0.99096704,3,walking
1519421560134,-7.12826,-2.1111906,-0.90479594,3,walking
1519421560138,-7.1665583,-2.2452345,-0.7994758,3,walking
1519421560142,-7.2144313,-2.3505547,-0.69415563,3,walking
1519421560145,-7.243155,-2.494173,-0.54096264,3,walking
1519421560149,-7.3006024,-2.5899186,-0.42606795,3,walking
1519421560153,-7.3867736,-2.647366,-0.2441513,3,walking
1519421560157,-7.4537954,-2.6569405,-0.11968201,3,walking
1519421560160,-7.5303917,-2.647366,-0.014361841,3,walking
1519421560164,-7.635712,-2.6569405,0.0718092,3,walking
1519421560168,-7.741032,-2.6282167,0.16755481,3,walking
1519421560172,-7.875076,-2.5994933,0.2441513,3,walking
1519421560175,-8.095291,-2.6186423,0.2920241,3,walking
1519421560179,-8.334655,-2.666515,0.2920241,3,walking
1519421560183,-8.641041,-2.6952388,0.23457673,3,walking
1519421560187,-9.004874,-2.6760898,0.10053288,3,walking
1519421560190,-9.330409,-2.7622607,0.05266008,3,walking
1519421560194,-9.780414,-2.7814097,-0.023936402,3,walking
1519421560198,-10.230418,-2.8388572,-0.14840569,3,walking
1519421560202,-10.680422,-2.8963046,-0.26330042,3,walking
1519421560205,-11.025106,-2.9346027,-0.32074776,3,walking
1519421560209,-11.38894,-2.9537518,-0.3398969,3,walking
1519421560213,-11.743198,-2.972901,-0.44521707,3,walking
1519421560217,-12.059159,-3.039923,-0.49308985,3,walking
1519421560220,-12.413418,-3.0494976,-0.5792609,3,walking
1519421560224,-12.758101,-3.1069448,-0.7228793,3,walking
1519421560228,-13.093211,-3.1548176,-0.8473486,3,walking
1519421560232,-13.44747,-3.126094,-0.9526688,3,walking
1519421560235,-13.648536,-3.1165195,-1.0675635,3,walking
1519421560239,-13.763431,-3.2505634,-1.2111819,3,walking
1519421560247,-13.734707,-3.2792869,-1.14416,3,walking
1519421560251,-13.744282,-3.2409887,-1.1920328,3,walking
1519421560254,-13.7730055,-3.0973704,-1.2016073,3,walking
1519421560258,-13.619812,-2.9920502,-1.1824582,3,walking
1519421560262,-13.44747,-2.8101335,-1.14416,3,walking
1519421560266,-13.284702,-2.6186423,-1.1537346,3,walking
1519421560270,-13.093211,-2.4845984,-1.1058618,3,walking
1519421560274,-12.911295,-2.360129,-1.1058618,3,walking
1519421560277,-12.700654,-2.2260852,-0.9718179,3,walking
1519421560281,-12.537887,-2.0728924,-0.8760723,3,walking
1519421560285,-12.35597,-1.929274,-0.77075213,3,walking
1519421560289,-12.202777,-1.9101248,-0.6271337,3,walking
1519421560293,-12.059159,-2.101616,-0.6558574,3,walking
1519421560297,-12.020861,-2.0441687,-0.64628285,3,walking
1519421560300,-12.126181,-1.7186337,-0.40691882,3,walking
1519421560304,-12.049584,-1.5079932,-0.16755481,3,walking
1519421560308,-11.810221,-1.622888,-0.081383765,3,walking
1519421560312,-11.743198,-1.7377827,-0.09095833,3,walking
1519421560316,-11.637878,-1.9101248,-0.0718092,3,walking
1519421560320,-11.618729,-2.0824668,0.023936402,3,walking
1519421560324,-11.618729,-2.2356598,0.014361841,3,walking
1519421560327,-11.503835,-2.427151,0.09095833,3,walking
1519421560331,-11.408089,-2.6282167,0.05266008,3,walking
1519421560335,-11.379365,-2.7048132,-0.081383765,3,walking
1519421560339,-11.28362,-2.8101335,0.0,3,walking
1519421560343,-11.254896,-2.88673,-0.062234644,3,walking
1519421560347,-11.178299,-3.0111992,-0.2154276,3,walking
1519421560350,-11.082554,-3.126094,-0.22500217,3,walking
1519421560354,-11.072979,-3.3175852,-0.4835153,3,walking
1519421560358,-11.149575,-3.384607,-0.6845811,3,walking
1519421560362,-11.044255,-3.3750327,-0.69415563,3,walking
1519421560366,-10.958084,-3.2888615,-0.83777404,3,walking
1519421560370,-10.737869,-3.2409887,-1.0101161,3,walking
1519421560373,-10.527229,-3.212265,-1.3069274,3,walking
1519421560377,-10.278291,-3.1643922,-1.5079932,3,walking
1519421560381,-10.211268,-3.039923,-1.6133134,3,walking
1519421560389,-10.105948,-2.88673,-1.8335283,3,walking
1519421560393,-9.952756,-2.7622607,-1.9579976,3,walking
1519421560397,-9.780414,-2.714388,-2.1399143,3,walking
1519421560401,-9.617646,-2.7622607,-2.321831,3,walking
1519421560405,-9.445304,-2.867581,-2.3984275,3,walking
1519421560409,-9.359133,-2.9441774,-2.408002,3,walking
1519421560413,-9.378282,-3.0016246,-2.427151,3,walking
1519421560416,-9.339984,-3.078221,-2.427151,3,walking
1519421560420,-9.3878565,-3.1356685,-2.4175766,3,walking
1519421560424,-9.3878565,-3.126094,-2.408002,3,walking
1519421560428,-9.474028,-2.972901,-2.3888528,3,walking
1519421560432,-9.454879,-2.88673,-2.2739582,3,walking
1519421560436,-9.378282,-2.7718353,-2.3026817,3,walking
1519421560440,-9.320834,-2.7239625,-2.2931073,3,walking
1519421560444,-9.263388,-2.7239625,-2.1782124,3,walking
1519421560448,-9.167642,-2.714388,-2.0058703,3,walking
1519421560452,-9.091045,-2.666515,-1.9196993,3,walking
1519421560456,-8.957002,-2.647366,-1.7856555,3,walking
1519421560460,-8.822957,-2.666515,-1.622888,3,walking
1519421560464,-8.698488,-2.647366,-1.5654407,3,walking
1519421560468,-8.526146,-2.6569405,-1.4026731,3,walking
1519421560472,-8.516571,-2.6090677,-1.3643749,3,walking
1519421560476,-8.487848,-2.513322,-1.3260766,3,walking
1519421560479,-8.439975,-2.4558747,-1.3452257,3,walking
1519421560483,-8.305931,-2.513322,-1.2399056,3,walking
1519421560487,-8.32508,-2.475024,-1.2016073,3,walking
1519421560491,-8.296356,-2.427151,-1.1345854,3,walking
1519421560495,-8.21976,-2.3792782,-0.99096704,3,walking
1519421560499,-8.143164,-2.360129,-0.8856468,3,walking
1519421560503,-8.037844,-2.321831,-0.7420284,3,walking
1519421560507,-7.961247,-2.2356598,-0.6750065,3,walking
1519421560511,-7.8846507,-2.2260852,-0.6271337,3,walking
1519421560515,-7.808054,-2.2356598,-0.5888355,3,walking
1519421560519,-7.7123084,-2.3026817,-0.56011176,3,walking
1519421560523,-7.6740103,-2.3122563,-0.61755913,3,walking
1519421560531,-7.702734,-2.3314054,-0.64628285,3,walking
1519421560534,-7.6740103,-2.321831,-0.751603,3,walking
1519421560538,-7.587839,-2.3697038,-0.91437054,3,walking
1519421560542,-7.56869,-2.4367256,-0.98139244,3,walking
1519421560546,-7.5399666,-2.580344,-1.14416,3,walking
1519421560550,-7.5974135,-2.7048132,-1.2399056,3,walking
1519421560554,-7.616563,-2.7814097,-1.3356512,3,walking
1519421560557,-7.702734,-2.8388572,-1.4122477,3,walking
1519421560561,-7.7506065,-2.88673,-1.5750152,3,walking
1519421560565,-7.7793303,-2.9824755,-1.6324625,3,walking
1519421560569,-7.855927,-3.020774,-1.6994845,3,walking
1519421560573,-7.846352,-3.0686467,-1.7665064,3,walking
1519421560577,-7.7984796,-3.173967,-1.7186337,3,walking
1519421560580,-7.846352,-3.2601378,-1.7569319,3,walking
1519421560584,-7.788905,-3.3558834,-1.79523,3,walking
1519421560588,-7.7506065,-3.3941817,-1.7665064,3,walking
1519421560592,-7.769756,-3.451629,-1.7186337,3,walking
1519421560596,-7.7601814,-3.4420545,-1.6516117,3,walking
1519421560600,-7.7984796,-3.4803526,-1.6037389,3,walking
1519421560603,-7.808054,-3.4612036,-1.5654407,3,walking
1519421560607,-7.9037995,-3.451629,-1.4984187,3,walking
1519421560611,-8.018694,-3.384607,-1.4505459,3,walking
1519421560615,-8.133589,-3.3558834,-1.3930986,3,walking
1519421560619,-8.248484,-3.2792869,-1.2973529,3,walking
1519421560623,-8.372953,-3.2218397,-1.2686293,3,walking
1519421560626,-8.439975,-3.1165195,-1.1824582,3,walking
1519421560630,-8.526146,-3.0303483,-1.1058618,3,walking
1519421560634,-8.5740185,-2.905879,-1.0771381,3,walking
1519421560638,-8.650616,-2.819708,-1.0962871,3,walking
1519421560642,-8.880404,-2.6186423,-1.0101161,3,walking
1519421560646,-9.004874,-2.5324712,-0.93351966,3,walking
1519421560649,-9.110194,-2.4558747,-0.8952214,3,walking
1519421560653,-9.18679,-2.408002,-0.8664977,3,walking
1519421560657,-9.349558,-2.360129,-0.83777404,3,walking
1519421560661,-9.435729,-2.360129,-0.8473486,3,walking
1519421560665,-9.569773,-2.3314054,-0.8090504,3,walking
1519421560672,-9.6942425,-2.3888528,-0.7324539,3,walking
1519421560676,-9.837861,-2.360129,-0.6845811,3,walking
1519421560680,-9.8953085,-2.4463003,-0.6079846,3,walking
1519421560684,-10.000628,-2.4654493,-0.5792609,3,walking
1519421560688,-10.077225,-2.5324712,-0.5505372,3,walking
1519421560692,-10.134672,-2.5516202,-0.4356425,3,walking
1519421560695,-10.182545,-2.561195,-0.4356425,3,walking
1519421560699,-10.259142,-2.5707695,-0.4356425,3,walking
1519421560703,-10.307014,-2.561195,-0.40691882,3,walking
1519421560707,-10.307014,-2.5516202,-0.4356425,3,walking
1519421560711,-10.335738,-2.561195,-0.47394073,3,walking
1519421560714,-10.354887,-2.5516202,-0.54096264,3,walking
1519421560718,-10.393186,-2.5228968,-0.63670826,3,walking
1519421560722,-10.441058,-2.4463003,-0.7324539,3,walking
1519421560726,-10.40276,-2.360129,-0.78990126,3,walking
1519421560730,-10.316589,-2.2931073,-0.9430942,3,walking
1519421560733,-10.239992,-2.2356598,-1.0579889,3,walking
1519421560737,-10.230418,-2.1303396,-1.1058618,3,walking
1519421560741,-10.134672,-2.034594,-1.2399056,3,walking
1519421560745,-10.144247,-1.9962958,-1.3260766,3,walking
1519421560749,-10.153821,-1.9771467,-1.4313968,3,walking
1519421560753,-10.172971,-1.9579976,-1.4313968,3,walking
1519421560756,-10.220843,-1.9579976,-1.5271424,3,walking
1519421560760,-10.29744,-1.9962958,-1.4792696,3,walking
1519421560764,-10.421909,-2.0058703,-1.4313968,3,walking
1519421560768,-10.546378,-2.0633178,-1.3739494,3,walking
1519421560772,-10.642124,-2.0920415,-1.2111819,3,walking
1519421560775,-10.795317,-2.0920415,-1.1058618,3,walking
1519421560779,-10.891063,-2.0824668,-0.99096704,3,walking
1519421560783,-10.958084,-2.0537431,-0.83777404,3,walking
1519421560787,-11.034681,-2.0250196,-0.8473486,3,walking
1519421560791,-11.1208515,-1.9771467,-0.7228793,3,walking
1519421560794,-11.207023,-1.8718265,-0.665432,3,walking
1519421560798,-11.274045,-1.709059,-0.61755913,3,walking
1519421560802,-11.274045,-1.5750152,-0.56011176,3,walking
1519421560806,-11.331492,-1.4122477,-0.5505372,3,walking
1519421560810,-11.321918,-1.2207564,-0.5218136,3,walking
1519421560817,-11.26447,-1.0962871,-0.56011176,3,walking
1519421560821,-11.216598,-0.98139244,-0.6271337,3,walking
1519421560825,-11.130426,-0.8760723,-0.64628285,3,walking
1519421560829,-11.025106,-0.83777404,-0.70373017,3,walking
1519421560833,-10.92936,-0.7994758,-0.7420284,3,walking
1519421560837,-10.814466,-0.77075213,-0.78032666,3,walking
1519421560840,-10.737869,-0.78990126,-0.8186249,3,walking
1519421560844,-10.603826,-0.78032666,-0.9526688,3,walking
1519421560848,-10.498506,-0.8090504,-1.0196906,3,walking
1519421560852,-10.374036,-0.8952214,-1.1920328,3,walking
1519421560856,-10.287866,-1.0005416,-1.2782038,3,walking
1519421560860,-10.230418,-1.0867126,-1.4026731,3,walking
1519421560863,-10.259142,-1.1728836,-1.4792696,3,walking
1519421560867,-10.29744,-1.2399056,-1.6420372,3,walking
1519421560871,-10.421909,-1.3260766,-1.8335283,3,walking
1519421560875,-10.642124,-1.469695,-2.034594,3,walking
1519421560879,-10.92936,-1.5558661,-2.2165108,3,walking
1519421560883,-11.207023,-1.6803354,-2.3888528,3,walking
1519421560886,-11.532558,-1.9005502,-2.4845984,3,walking
1519421560890,-11.791071,-2.1399143,-2.5037475,3,walking
1519421560894,-11.944264,-2.4558747,-2.4654493,3,walking
1519421560898,-12.030436,-2.7431116,-2.3888528,3,walking
1519421560902,-12.011286,-3.0877957,-2.321831,3,walking
1519421560906,-11.915541,-3.3750327,-2.187787,3,walking
1519421560909,-11.867668,-3.5856729,-2.101616,3,walking
1519421560913,-11.752773,-3.7484405,-1.9771467,3,walking
1519421560917,-11.542132,-3.8154624,-1.8909757,3,walking
1519421560921,-11.350641,-3.8058877,-1.7473572,3,walking
1519421560925,-11.130426,-3.7675896,-1.6707608,3,walking
1519421560929,-10.919786,-3.6431203,-1.6037389,3,walking
1519421560932,-10.71872,-3.518651,-1.5558661,3,walking
1519421560936,-10.594251,-3.3175852,-1.5367169,3,walking
1519421560940,-10.441058,-3.126094,-1.5750152,3,walking
1519421560944,-10.364462,-2.867581,-1.6133134,3,walking
1519421560948,-10.268716,-2.6569405,-1.6611862,3,walking
1519421560952,-10.211268,-2.4845984,-1.6803354,3,walking
1519421560955,-10.19212,-2.3697038,-1.6994845,3,walking
1519421560959,-10.2016945,-2.187787,-1.6803354,3,walking
1519421560967,-10.2016945,-2.1111906,-1.6516117,3,walking
1519421560971,-10.144247,-2.0728924,-1.6324625,3,walking
1519421560974,-10.115523,-2.034594,-1.5462915,3,walking
1519421560978,-10.134672,-2.0441687,-1.4984187,3,walking
1519421560982,-10.182545,-1.9867213,-1.4601204,3,walking
1519421560985,-10.172971,-1.948423,-1.4218222,3,walking
1519421560989,-10.153821,-1.9196993,-1.3643749,3,walking
1519421560993,-10.2016945,-1.8526775,-1.3548003,3,walking
1519421560997,-10.19212,-1.8239537,-1.4026731,3,walking
1519421561000,-10.19212,-1.7856555,-1.383524,3,walking
1519421561004,-10.144247,-1.7856555,-1.4218222,3,walking
1519421561008,-10.163396,-1.7856555,-1.4984187,3,walking
1519421561012,-10.172971,-1.7856555,-1.5462915,3,walking
1519421561015,-10.230418,-1.8718265,-1.6899099,3,walking
1519421561019,-10.287866,-1.9196993,-1.7665064,3,walking
1519421561023,-10.421909,-1.9675722,-1.8718265,3,walking
1519421561026,-10.498506,-2.0633178,-1.9675722,3,walking
1519421561030,-10.661273,-2.1111906,-2.0441687,3,walking
1519421561034,-10.766593,-2.1590633,-2.0920415,3,walking
1519421561038,-10.862339,-2.2165108,-2.1207652,3,walking
1519421561041,-10.910212,-2.34098,-2.101616,3,walking
1519421561045,-10.938935,-2.4558747,-2.1207652,3,walking
1519421561049,-11.015532,-2.5420458,-2.0537431,3,walking
1519421561053,-11.187874,-2.5228968,-1.929274,3,walking
1519421561056,-11.379365,-2.513322,-1.9101248,3,walking
1519421561060,-11.484685,-2.6186423,-2.034594,3,walking
1519421561064,-11.570856,-2.7909844,-2.187787,3,walking
1519421561067,-11.59958,-2.8771553,-2.2452345,3,walking
1519421561071,-11.657027,-2.88673,-2.1973617,3,walking
1519421561075,-11.7049,-2.800559,-2.187787,3,walking
1519421561079,-11.647452,-2.819708,-2.3122563,3,walking
1519421561082,-11.513409,-2.7909844,-2.5324712,3,walking
1519421561086,-11.484685,-2.647366,-2.714388,3,walking
1519421561090,-11.446387,-2.580344,-3.020774,3,walking
1519421561094,-11.465536,-2.408002,-3.1069448,3,walking
1519421561097,-11.417664,-2.1782124,-3.020774,3,walking
1519421561105,-11.26447,-1.9675722,-2.7239625,3,walking
1519421561109,-11.149575,-1.8814012,-2.714388,3,walking
1519421561112,-10.804892,-1.8239537,-2.88673,3,walking
1519421561116,-10.594251,-1.5175679,-2.3984275,3,walking
1519421561120,-10.642124,-1.0579889,-2.0250196,3,walking
1519421561124,-10.6134,-0.76117754,-1.8431029,3,walking
1519421561128,-10.594251,-0.6558574,-1.9196993,3,walking
1519421561131,-10.603826,-0.46436617,-1.8048047,3,walking
1519421561135,-10.488931,-0.26330042,-1.6324625,3,walking
1519421561139,-10.40276,-0.20585304,-1.3930986,3,walking
1519421561143,-10.268716,-0.16755481,-1.2877784,3,walking
1519421561147,-10.220843,-0.14840569,-1.2973529,3,walking
1519421561150,-10.220843,-0.20585304,-1.1824582,3,walking
1519421561154,-10.2016945,-0.4356425,-1.2973529,3,walking
1519421561158,-10.058076,-0.47394073,-1.1058618,3,walking
1519421561162,-9.933606,-0.33032233,-0.6271337,3,walking
1519421561165,-9.7899885,-0.19627848,-0.3877697,3,walking
1519421561169,-9.617646,-0.13883112,-0.5505372,3,walking
1519421561173,-9.407005,-0.19627848,-0.6558574,3,walking
1519421561177,-9.31126,-0.39734426,-0.56011176,3,walking
1519421561181,-9.148493,-0.56968635,-0.56968635,3,walking
1519421561184,-8.966576,-0.6750065,-0.50266445,3,walking
1519421561188,-9.004874,-0.98139244,-0.6558574,3,walking
1519421561192,-9.129343,-1.2686293,-1.0579889,3,walking
1519421561196,-9.129343,-1.3356512,-1.1058618,3,walking
1519421561200,-8.928278,-1.4888442,-1.1633091,3,walking
1519421561203,-8.765511,-1.4505459,-1.2111819,3,walking
1519421561207,-8.650616,-1.469695,-1.2686293,3,walking
1519421561211,-8.5740185,-1.5271424,-1.383524,3,walking
1519421561215,-8.612317,-1.622888,-1.4984187,3,walking
1519421561219,-8.650616,-1.709059,-1.5654407,3,walking
1519421561222,-8.602742,-1.7569319,-1.5079932,3,walking
1519421561226,-8.621892,-1.8239537,-1.4218222,3,walking
1519421561230,-8.832532,-1.9196993,-1.6899099,3,walking
1519421561234,-8.995299,-2.0441687,-1.9771467,3,walking
1519421561238,-8.995299,-2.2069361,-2.1303396,3,walking
1519421563507,-10.594251,-2.4558747,-0.5792609,2,walking
1519421563512,-10.977234,-2.2643836,-0.64628285,2,walking
1519421563516,-11.168725,-2.1973617,-0.6750065,2,walking
1519421563521,-11.168725,-2.1973617,-0.6750065,2,walking
1519421563553,-11.867668,-1.4888442,-0.5888355,2,walking
1519421563557,-1.4122477,-11.858093,0.5792609,2,walking
1519421563561,-1.2016073,-11.82937,0.665432,2,walking
1519421563565,-1.0579889,-11.800646,0.6750065,2,walking
1519421563569,-0.83777404,-11.7336235,0.7420284,2,walking
1519421563573,-0.6750065,-11.676176,0.7420284,2,walking
1519421563577,-0.46436617,-11.637878,0.8281995,2,walking
1519421563581,-0.2920241,-11.513409,0.85692316,2,walking
1519421563585,-0.110107444,-11.408089,0.8856468,2,walking
1519421563589,0.0718092,-11.254896,0.8856468,2,walking
1519421563593,0.22500217,-11.101703,0.90479594,2,walking
1519421563597,0.3398969,-10.977234,1.0579889,2,walking
1519421563601,0.42606795,-10.881488,1.0388398,2,walking
1519421563605,0.4835153,-10.814466,1.14416,2,walking
1519421563609,0.45479164,-10.871913,1.2877784,2,walking
1519421563613,0.33032233,-10.94851,1.4792696,2,walking
1519421563617,0.15798025,-11.207023,1.6420372,2,walking
1519421563621,-0.081383765,-11.59958,1.8048047,2,walking
1519421563625,-0.37819514,-12.011286,1.9196993,2,walking
1519421563629,-0.71330476,-12.46129,1.9867213,2,walking
1519421563633,-1.0675635,-12.882571,2.0250196,2,walking
1519421563637,-1.4601204,-13.198531,1.9388485,2,walking
1519421563641,-1.8048047,-13.399597,2.0058703,2,walking
1519421563645,-2.187787,-13.648536,2.0441687,2,walking
1519421563649,-2.5899186,-13.782579,1.9579976,2,walking
1519421563653,-2.9920502,-13.7730055,1.8431029,2,walking
1519421563657,-3.4229054,-13.677259,1.7186337,2,walking
1519421563661,-3.7867386,-13.543216,1.5750152,2,walking
1519421563665,-4.0931244,-13.323001,1.4888442,2,walking
1519421563669,-4.275041,-13.083637,1.3930986,2,walking
1519421563673,-4.342063,-12.834699,1.3356512,2,walking
1519421563677,-4.2463174,-12.624058,1.4026731,2,walking
1519421563681,-4.0644007,-12.394268,1.5271424,2,walking
1519421563685,-3.844186,-12.202777,1.6420372,2,walking
1519421563689,-12.068733,-3.5569491,-1.7473572,2,walking
1519421563693,-12.001712,-3.231414,-1.8718265,2,walking
1519421563697,-11.896391,-2.9346027,-1.9675722,2,walking
1519421563701,-11.752773,-2.6569405,-2.0633178,2,walking
1519421563705,-11.590006,-2.4367256,-2.034594,2,walking
1519421563709,-11.436812,-2.2452345,-2.034594,2,walking
1519421563713,-11.360216,-2.0633178,-1.9962958,2,walking
1519421563717,-11.321918,-1.862252,-1.9867213,2,walking
1519421563721,-11.187874,-1.6611862,-1.9579976,2,walking
1519421563725,-11.1208515,-1.4505459,-1.8718265,2,walking
1519421563729,-11.072979,-1.2303311,-1.8048047,2,walking
1519421563733,-10.977234,-0.9622433,-1.6707608,2,walking
1519421563737,-10.891063,-0.7994758,-1.5845897,2,walking
1519421563741,-10.747444,-0.7324539,-1.5175679,2,walking
1519421563745,-10.603826,-0.69415563,-1.4984187,2,walking
1519421563749,-10.460207,-0.70373017,-1.4601204,2,walking
1519421563753,-10.29744,-0.6845811,-1.4792696,2,walking
1519421563757,-10.2016945,-0.61755913,-1.4984187,2,walking
1519421563761,-10.105948,-0.49308985,-1.5367169,2,walking
1519421563765,-9.952756,-0.37819514,-1.6516117,2,walking
1519421563769,-9.799562,-0.26330042,-1.6899099,2,walking
1519421563773,-9.684668,-0.18670394,-1.862252,2,walking
1519421563777,-9.579348,-0.15798025,-2.0728924,2,walking
1519421563781,-9.5219,-0.12925656,-2.2739582,2,walking
1519421563785,-9.483603,-0.12925656,-2.3505547,2,walking
1519421563789,-9.531475,-0.19627848,-2.5037475,2,walking
1519421563793,-9.502751,-0.2154276,-2.6569405,2,walking
1519421563797,-9.483603,-0.23457673,-2.7431116,2,walking
1519421563801,-9.493176,-0.32074776,-2.7622607,2,walking
1519421563805,-9.454879,-0.44521707,-2.7622607,2,walking
1519421563809,-9.41658,-0.5792609,-2.7048132,2,walking
1519421563813,-9.426155,-0.7324539,-2.6377914,2,walking
1519421563817,-9.550624,-0.9430942,-2.6090677,2,walking
1519421563821,-9.62722,-1.14416,-2.5324712,2,walking
1519421563825,-9.732541,-1.4313968,-2.5324712,2,walking
1519421563829,-9.876159,-1.7665064,-2.427151,2,walking
1519421563833,-9.924032,-2.101616,-2.408002,2,walking
1519421563837,-9.8953085,-2.5516202,-2.4654493,2,walking
1519421563841,-9.837861,-2.972901,-2.6377914,2,walking
1519421563892,-9.732541,-1.9388485,-1.6611862,2,walking
1519421563905,-9.483603,-1.8048047,-1.7282082,2,walking
1519421563915,-9.244238,-1.6133134,-1.622888,2,walking
1519421563980,-7.9037995,-1.2973529,-2.0058703,2,walking
1519421564034,-8.7750845,-2.254809,-1.9771467,2,walking
1519421564048,-8.765511,-2.3984275,-2.0824668,2,walking
1519421564059,-8.708063,-2.3697038,-2.149489,2,walking
1519421564106,-8.076141,-2.1207652,-2.1111906,2,walking
1519421564114,-7.9803963,-2.0441687,-2.0920415,2,walking
1519421564125,-7.8272033,-1.9962958,-1.948423,2,walking
1519421564133,-7.6452866,-1.948423,-1.8814012,2,walking
1519421564137,-7.6069884,-1.8909757,-1.8048047,2,walking
1519421564141,-7.5399666,-1.9101248,-1.7473572,2,walking
1519421564146,-7.511243,-1.9101248,-1.6899099,2,walking
1519421564150,-7.501668,-1.8814012,-1.6994845,2,walking
1519421564155,-7.46337,-1.9196993,-1.622888,2,walking
1519421564159,-7.46337,-1.9579976,-1.5941644,2,walking
1519421564164,-7.4442205,-1.9771467,-1.5845897,2,walking
1519421564169,-7.4729443,-1.9962958,-1.5654407,2,walking
1519421564175,-7.5399666,-2.015445,-1.5845897,2,walking
1519421564179,-7.5782647,-2.0058703,-1.5941644,2,walking
1519421564184,-7.6835847,-1.9771467,-1.709059,2,walking
1519421564189,-7.7506065,-1.9867213,-1.7473572,2,walking
1519421564194,-7.769756,-1.9771467,-1.8048047,2,walking
1519421564199,-7.8367777,-1.9867213,-1.8431029,2,walking
1519421564204,-8.018694,-2.015445,-1.948423,2,walking
1519421564210,-8.095291,-2.0537431,-1.9962958,2,walking
1519421564214,-8.171887,-2.034594,-2.0441687,2,walking
1519421564219,-8.334655,-1.9675722,-2.149489,2,walking
1519421564224,-8.334655,-1.9675722,-2.149489,2,walking
1519421564229,-8.34423,-1.948423,-2.0537431,2,walking
1519421564234,-8.353804,-1.8909757,-2.015445,2,walking
1519421564239,-8.382527,-1.8526775,-1.9196993,2,walking
1519421564245,-8.411251,-1.8239537,-1.9005502,2,walking
1519421564249,-8.4686985,-1.7665064,-1.862252,2,walking
1519421564254,-8.516571,-1.709059,-1.862252,2,walking
1519421564259,-8.602742,-1.6420372,-1.7856555,2,walking
1519421564264,-8.593168,-1.6324625,-1.7186337,2,walking
1519421564269,-8.679339,-1.6037389,-1.7473572,2,walking
1519421564274,-8.755936,-1.5845897,-1.5845897,2,walking
1519421564280,-8.765511,-1.622888,-1.4505459,2,walking
1519421564284,-8.7750845,-1.709059,-1.1920328,2,walking
1519421564289,-8.7750845,-1.776081,-1.0196906,2,walking
1519421564294,-8.7750845,-1.776081,-1.0196906,2,walking
1519421564300,-8.851681,-2.0633178,-0.6558574,2,walking
1519421564305,-8.851681,-2.1973617,-0.40691882,2,walking
1519421564309,-9.071896,-2.5516202,-0.014361841,2,walking
1519421564314,-9.20594,-2.7048132,0.11968201,2,walking
1519421564319,-9.378282,-2.800559,0.12925656,2,walking
1519421564324,-9.531475,-2.905879,0.22500217,2,walking
1519421564329,-9.828286,-3.1165195,0.44521707,2,walking
1519421564335,-10.038927,-3.173967,0.359046,2,walking
1519421564339,-10.345312,-3.2026904,0.2920241,2,walking
1519421564344,-10.766593,-3.2505634,0.12925656,2,walking
1519421564349,-11.771922,-3.2026904,-0.20585304,2,walking
1519421564354,-12.308098,-3.1069448,-0.4356425,2,walking
1519421564359,-12.624058,-3.1069448,-0.5792609,2,walking
1519421564379,-12.7964,-2.5516202,-0.90479594,2,walking
1519421564384,-12.69108,-2.3505547,-0.93351966,2,walking
1519421564389,-12.56661,-2.2069361,-1.0292653,2,walking
1519421564394,-12.432567,-2.0250196,-1.1824582,2,walking
1519421564400,-12.154904,-1.6707608,-1.3260766,2,walking
1519421564404,-12.0400095,-1.4505459,-1.2207564,2,walking
1519421564409,-11.886817,-1.3643749,-1.2782038,2,walking
1519421564414,-11.685751,-1.3069274,-1.2590547,2,walking
1519421564419,-11.38894,-1.2111819,-1.14416,2,walking
1519421564424,-11.178299,-1.14416,-0.9622433,2,walking
1519421564429,-10.833615,-1.3260766,-0.85692316,2,walking
1519421564452,-10.29744,-1.6994845,-0.54096264,2,walking
1519421564456,-10.469782,-2.1399143,-0.34947145,2,walking
1519421564460,-10.546378,-2.408002,-0.3111732,2,walking
1519421564465,-10.6134,-2.666515,-0.26330042,2,walking
1519421564469,-10.709146,-2.867581,-0.23457673,2,walking
1519421564474,-10.82404,-2.972901,-0.22500217,2,walking
1519421564479,-11.015532,-3.0303483,-0.023936402,2,walking
1519421564484,-11.178299,-3.0016246,0.081383765,2,walking
1519421564489,-11.408089,-3.0111992,0.0718092,2,walking
1519421564495,-11.59958,-3.039923,0.014361841,2,walking
1519421564499,-11.82937,-2.9920502,-0.09095833,2,walking
1519421564504,-12.001712,-2.8771553,-0.17712937,2,walking
1519421564509,-12.107032,-2.6377914,-0.39734426,2,walking
1519421564514,-12.068733,-2.5228968,-0.6558574,2,walking
1519421564519,-12.068733,-2.2931073,-0.8856468,2,walking
1519421564524,-11.858093,-1.929274,-1.0484143,2,walking
1519421564530,-11.762347,-1.7569319,-1.2877784,2,walking
1519421564534,-11.542132,-1.3930986,-1.5175679,2,walking
1519421564539,-11.542132,-1.3930986,-1.5175679,2,walking
1519421564544,-11.245321,-1.2111819,-1.7569319,2,walking
1519421564549,-11.063405,-1.1250108,-1.8718265,2,walking
1519421564555,-10.852764,-1.1058618,-1.929274,2,walking
1519421564560,-10.412334,-1.1154363,-1.8526775,2,walking
1519421564565,-10.239992,-1.1154363,-1.7856555,2,walking
1519421564569,-10.0868,-1.0962871,-1.7856555,2,walking
1519421564574,-9.952756,-1.14416,-1.7282082,2,walking
1519421564579,-9.64637,-1.2399056,-1.7282082,2,walking
1519421564584,-9.483603,-1.2877784,-1.7856555,2,walking
1519421564589,-9.31126,-1.3356512,-1.79523,2,walking
1519421564593,-9.148493,-1.383524,-1.7473572,2,walking
1519421564598,-8.765511,-1.5079932,-1.5558661,2,walking
1519421564604,-8.411251,-1.6516117,-1.4984187,2,walking
1519421564609,-8.411251,-1.6516117,-1.4984187,2,walking
1519421564614,-8.085716,-1.8239537,-1.5079932,2,walking
1519421564620,-7.8272033,-1.9196993,-1.4888442,2,walking
1519421564624,-7.616563,-2.0441687,-1.4122477,2,walking
1519421564629,-7.2144313,-2.2260852,-1.3069274,2,walking
1519421564634,-7.0708127,-2.3026817,-1.2111819,2,walking
1519421564639,-7.02294,-2.3122563,-1.2590547,2,walking
1519421564644,-6.9176197,-2.3888528,-1.2207564,2,walking
1519421564649,-6.7548523,-2.4654493,-1.1250108,2,walking
1519421564655,-6.630383,-2.5420458,-1.1250108,2,walking
1519421564660,-6.5729356,-2.5420458,-1.14416,2,walking
1519421564665,-6.592085,-2.6186423,-1.1154363,2,walking
1519421564670,-6.5537868,-2.6952388,-1.0771381,2,walking
1519421564675,-6.5537868,-2.7718353,-1.0675635,2,walking
1519421564680,-6.592085,-2.8388572,-1.1345854,2,walking
1519421564686,-6.6208086,-2.8771553,-1.1920328,2,walking
1519421564691,-6.6591067,-2.88673,-1.1824582,2,walking
1519421564696,-6.716554,-2.905879,-1.1728836,2,walking
1519421564706,-7.0612383,-2.905879,-1.383524,2,walking
1519421564711,-7.1186857,-2.9441774,-1.4218222,2,walking
1519421564717,-7.1474094,-2.9633265,-1.4026731,2,walking
1519421564721,-7.281453,-2.972901,-1.3548003,2,walking
1519421564727,-7.4059224,-3.0016246,-1.469695,2,walking
1519421564732,-7.501668,-3.0111992,-1.5175679,2,walking
1519421564737,-7.6452866,-3.0303483,-1.4888442,2,walking
1519421564742,-7.7123084,-3.059072,-1.4409714,2,walking
1519421564747,-7.7601814,-3.0877957,-1.4218222,2,walking
1519421564752,-7.922949,-3.0686467,-1.4122477,2,walking
1519421564757,-8.018694,-3.0494976,-1.3643749,2,walking
1519421564762,-8.076141,-3.0686467,-1.3452257,2,walking
1519421564767,-8.104865,-3.0494976,-1.2494801,2,walking
1519421564773,-8.191036,-3.020774,-1.1537346,2,walking
1519421564778,-8.305931,-2.905879,-1.0867126,2,walking
1519421564783,-8.401677,-2.819708,-1.1154363,2,walking
1519421564788,-8.44955,-2.8101335,-1.0292653,2,walking
1519421564794,-8.66019,-2.7622607,-1.0005416,2,walking
1519421564799,-8.755936,-2.800559,-0.9526688,2,walking
1519421564804,-8.861256,-2.7814097,-0.92394507,2,walking
1519421564809,-8.995299,-2.733537,-0.8760723,2,walking
1519421564814,-9.0814705,-2.6856642,-0.85692316,2,walking
1519421564819,-9.158067,-2.666515,-0.8186249,2,walking
1519421564824,-9.253813,-2.580344,-0.8090504,2,walking
1519421564830,-9.29211,-2.561195,-0.7228793,2,walking
1519421564835,-9.301685,-2.4463003,-0.64628285,2,walking
1519421564840,-9.320834,-2.3697038,-0.6271337,2,walking
1519421564845,-9.31126,-2.2356598,-0.64628285,2,walking
1519421564850,-9.320834,-2.0728924,-0.6558574,2,walking
1519421564855,-9.2825365,-2.0441687,-0.7420284,2,walking
1519421564860,-9.320834,-1.9962958,-0.76117754,2,walking
1519421564866,-9.320834,-1.8431029,-0.8090504,2,walking
1519421564870,-9.330409,-1.79523,-0.83777404,2,walking
1519421564876,-9.31126,-1.709059,-0.8952214,2,walking
1519421564886,-9.397431,-1.6611862,-0.8952214,2,walking
1519421564891,-9.426155,-1.6420372,-0.8952214,2,walking
1519421564896,-9.445304,-1.6899099,-0.8952214,2,walking
1519421564901,-9.5219,-1.776081,-0.8090504,2,walking
1519421564906,-9.598496,-1.8239537,-0.8090504,2,walking
1519421564911,-9.598496,-1.8335283,-0.7228793,2,walking
1519421564916,-9.62722,-1.948423,-0.5888355,2,walking
1519421564921,-9.684668,-1.9962958,-0.6079846,2,walking
1519421564929,-9.742115,-1.9962958,-0.5505372,2,walking
1519421564934,-9.837861,-1.9867213,-0.45479164,2,walking
1519421564940,-9.85701,-2.0728924,-0.45479164,2,walking
1519421564944,-10.048501,-2.0441687,-0.512239,2,walking
1519421564950,-10.048501,-2.0920415,-0.5313881,2,walking
1519421564955,-10.230418,-2.1303396,-0.56968635,2,walking
1519421564960,-10.326163,-2.2069361,-0.56968635,2,walking
1519421564965,-10.364462,-2.187787,-0.5888355,2,walking
1519421564976,-10.469782,-2.0920415,-0.56011176,2,walking
1519421564980,-10.479357,-1.9867213,-0.5888355,2,walking
1519421564986,-10.536804,-1.8909757,-0.5792609,2,walking
1519421564991,-10.6134,-1.7665064,-0.5792609,2,walking
1519421564996,-10.661273,-1.7282082,-0.665432,2,walking
1519421565006,-10.785743,-1.6420372,-0.69415563,2,walking
1519421565011,-10.785743,-1.6420372,-0.69415563,2,walking
1519421565017,-10.804892,-1.5750152,-0.76117754,2,walking
1519421565021,-10.737869,-1.5558661,-0.8856468,2,walking
1519421565027,-10.766593,-1.5367169,-0.93351966,2,walking
1519421565032,-10.670848,-1.4888442,-0.90479594,2,walking
1519421565037,-10.622974,-1.4792696,-0.93351966,2,walking
1519421565042,-10.5080805,-1.5079932,-0.9622433,2,walking
1519421565047,-10.326163,-1.6420372,-1.0292653,2,walking
1519421565051,-10.163396,-1.6707608,-1.0196906,2,walking
1519421565056,-10.058076,-1.7377827,-1.0292653,2,walking
1519421565060,-9.8953085,-1.8335283,-1.1537346,2,walking
1519421565065,-9.8953085,-1.9196993,-1.383524,2,walking
1519421565070,-9.952756,-1.948423,-1.5079932,2,walking
1519421565075,-10.172971,-1.9675722,-1.6420372,2,walking
1519421565080,-10.967659,-2.2165108,-2.0824668,2,walking
1519421565085,-11.398514,-2.3984275,-2.2069361,2,walking
1519421565090,-11.867668,-2.6186423,-2.2356598,2,walking
1519421565097,-12.490014,-3.2697124,-2.1111906,2,walking
1519421565101,-12.681505,-3.671844,-2.0058703,2,walking
1519421565106,-12.710229,-4.0069537,-1.79523,2,walking
1519421565116,-12.614484,-4.849515,-1.2111819,2,walking
1519421565120,-12.46129,-5.06973,-1.0101161,2,walking
1519421565126,-12.288948,-5.155901,-0.8186249,2,walking
1519421565148,-10.862339,-4.0069537,-0.93351966,2,walking
1519421565154,-10.785743,-3.8537605,-1.0675635,2,walking
1519421565159,-10.6134,-3.4899273,-1.1058618,2,walking
1519421565164,-10.469782,-3.3080106,-1.14416,2,walking
1519421565169,-10.441058,-3.059072,-1.2303311,2,walking
1519421565174,-10.278291,-2.5516202,-1.2686293,2,walking
1519421565179,-10.278291,-2.5516202,-1.2686293,2,walking
1519421565183,-10.364462,-2.1111906,-1.4026731,2,walking
1519421565189,-10.374036,-1.948423,-1.4313968,2,walking
1519421565194,-10.393186,-1.8335283,-1.4505459,2,walking
1519421565199,-10.517654,-1.4601204,-1.5941644,2,walking
1519421565205,-10.651698,-1.2877784,-1.7282082,2,walking
1519421565209,-10.699572,-1.1633091,-1.8718265,2,walking
1519421565213,-10.804892,-0.93351966,-2.1111906,2,walking
1519421565218,-10.804892,-0.93351966,-2.1111906,2,walking
1519421565223,-10.814466,-0.8090504,-2.3984275,2,walking
1519421565228,-10.82404,-0.83777404,-2.3697038,2,walking
1519421565233,-10.833615,-0.83777404,-2.427151,2,walking
1519421565239,-10.814466,-0.8856468,-2.494173,2,walking
1519421565243,-10.776168,-0.99096704,-2.5707695,2,walking
1519421565249,-10.785743,-1.0867126,-2.5324712,2,walking
1519421565254,-10.766593,-1.2399056,-2.408002,2,walking
1519421565259,-10.709146,-1.2303311,-2.494173,2,walking
1519421565264,-10.594251,-1.2494801,-2.360129,2,walking
1519421565269,-10.354887,-1.4601204,-2.2069361,2,walking
1519421565275,-10.220843,-1.6611862,-2.2739582,2,walking
1519421565279,-10.0868,-1.9101248,-2.2835326,2,walking
1519421565285,-9.847435,-2.3026817,-2.1399143,2,walking
1519421565289,-9.732541,-2.4558747,-2.1207652,2,walking
1519421565295,-9.550624,-2.6856642,-1.9101248,2,walking
1519421565300,-9.54105,-2.7909844,-1.7856555,2,walking
1519421565305,-9.550624,-2.9250283,-1.6516117,2,walking
1519421565315,-9.550624,-3.0111992,-1.2973529,2,walking
1519421565320,-9.608071,-3.0016246,-1.2877784,2,walking
1519421565325,-9.636795,-2.9441774,-1.3165021,2,walking
1519421565330,-9.665519,-2.5707695,-1.1345854,2,walking
1519421565336,-9.732541,-2.3122563,-1.1154363,2,walking
1519421565346,-9.665519,-2.015445,-1.1920328,2,walking
1519421565351,-9.598496,-2.2165108,-1.4888442,2,walking
1519421565356,-9.608071,-2.1590633,-1.6803354,2,walking
1519421565361,-9.359133,-2.101616,-1.6037389,2,walking
1519421565366,-9.31126,-2.0633178,-1.709059,2,walking
1519421565371,-9.244238,-1.9867213,-1.79523,2,walking
1519421565377,-9.119769,-1.9005502,-1.8048047,2,walking
1519421565381,-9.014449,-1.8143792,-1.8718265,2,walking
1519421565387,-8.995299,-1.7282082,-1.9196993,2,walking
1519421565391,-8.909128,-1.6994845,-1.9771467,2,walking
1519421565396,-8.899554,-1.6420372,-2.0728924,2,walking
1519421565405,-8.6697645,-1.4313968,-2.1782124,2,walking
1519421565409,-8.612317,-1.4218222,-2.1973617,2,walking
1519421565414,-8.526146,-1.5367169,-2.2739582,2,walking
1519421565418,-8.44955,-1.5845897,-2.3697038,2,walking
1519421565423,-8.34423,-1.5654407,-2.3122563,2,walking
1519421565428,-8.353804,-1.5750152,-2.254809,2,walking
1519421565433,-8.478273,-1.8143792,-2.3505547,2,walking
1519421565439,-8.497422,-1.862252,-2.321831,2,walking
1519421565443,-8.535721,-1.948423,-2.2643836,2,walking
1519421565448,-8.602742,-1.9771467,-2.2739582,2,walking
1519421565453,-8.631466,-2.0058703,-2.3984275,2,walking
1519421565458,-8.612317,-2.034594,-2.34098,2,walking
1519421565463,-8.66019,-2.034594,-2.408002,2,walking
1519421565468,-8.679339,-2.0633178,-2.3984275,2,walking
1519421565474,-8.650616,-2.0728924,-2.4558747,2,walking
1519421565478,-8.698488,-2.101616,-2.494173,2,walking
1519421565483,-8.698488,-2.101616,-2.561195,2,walking
1519421565488,-8.717637,-2.1207652,-2.6282167,2,walking
1519421565493,-8.6697645,-2.0920415,-2.5899186,2,walking
1519421565498,-8.650616,-2.0824668,-2.6186423,2,walking
1519421565503,-8.621892,-2.168638,-2.6282167,2,walking
1519421565508,-8.564445,-2.2165108,-2.5994933,2,walking
1519421565513,-8.5740185,-2.2069361,-2.580344,2,walking
1519421565518,-8.497422,-2.2643836,-2.5420458,2,walking
1519421565523,-8.487848,-2.321831,-2.494173,2,walking
1519421565528,-8.392102,-2.4175766,-2.360129,2,walking
1519421565533,-8.382527,-2.4463003,-2.360129,2,walking
1519421565538,-8.305931,-2.4654493,-2.254809,2,walking
1519421565543,-8.23891,-2.513322,-2.1973617,2,walking
1519421565548,-8.152739,-2.5420458,-2.1399143,2,walking
1519421565553,-8.056993,-2.5228968,-2.0058703,2,walking
1519421565558,-8.056993,-2.5228968,-2.0058703,2,walking
1519421565563,-7.9325233,-2.5324712,-1.9675722,2,walking
1519421565568,-7.922949,-2.5516202,-1.9579976,2,walking
1519421565573,-7.846352,-2.5228968,-1.8814012,2,walking
1519421565578,-7.7793303,-2.4367256,-1.8814012,2,walking
1519421565583,-7.702734,-2.3984275,-1.8718265,2,walking
1519421565588,-7.654861,-2.3888528,-1.8718265,2,walking
1519421565593,-7.501668,-2.3122563,-1.9101248,2,walking
1519421565598,-7.511243,-2.2835326,-1.8718265,2,walking
1519421565603,-7.4154973,-2.254809,-1.862252,2,walking
1519421565607,-7.4250717,-2.254809,-1.862252,2,walking
1519421565612,-7.3676243,-2.2452345,-1.8239537,2,walking
1519421565616,-7.2910275,-2.1973617,-1.8048047,2,walking
1519421565620,-7.2335806,-2.1973617,-1.7569319,2,walking
1519421565626,-7.0995364,-2.1782124,-1.6994845,2,walking
1519421565636,-6.831449,-2.2260852,-1.469695,2,walking
1519421565640,-6.7261286,-2.2643836,-1.4218222,2,walking
1519421565646,-6.6591067,-2.2931073,-1.3739494,2,walking
1519421565656,-6.5059137,-2.4175766,-1.1154363,2,walking
1519421565661,-6.4963393,-2.4845984,-1.0484143,2,walking
1519421565666,-6.6495323,-2.475024,-0.8664977,2,walking
1519421565671,-6.668681,-2.4845984,-0.83777404,2,walking
1519421565676,-6.7931504,-2.4558747,-0.71330476,2,walking
1519421565681,-7.003791,-2.427151,-0.5313881,2,walking
1519421565686,-7.1186857,-2.408002,-0.3877697,2,walking
1519421565691,-7.2718787,-2.3697038,-0.28244954,2,walking
1519421565697,-7.396348,-2.2739582,-0.23457673,2,walking
1519421565701,-7.4920936,-2.254809,-0.2154276,2,walking
1519421565707,-7.721883,-2.1590633,-0.03351096,2,walking
1519421565712,-7.875076,-2.0250196,0.0,2,walking
1519421565717,-7.9516726,-2.0058703,-0.00478728,2,walking
1519421565722,-8.133589,-1.9005502,0.014361841,2,walking
1519421565727,-8.305931,-1.8239537,-0.03351096,2,walking
1519421565733,-8.478273,-1.709059,-0.023936402,2,walking
1519421565738,-8.478273,-1.709059,-0.023936402,2,walking
1519421565743,-8.650616,-1.5750152,-0.023936402,2,walking
1519421565748,-8.880404,-1.5079932,0.062234644,2,walking
1519421565754,-9.014449,-1.4984187,0.062234644,2,walking
1519421565759,-9.119769,-1.4409714,0.081383765,2,walking
1519421565763,-9.196365,-1.383524,0.11968201,2,walking
1519421565769,-9.2825365,-1.4888442,0.28244954,2,walking
1519421565774,-9.41658,-1.4505459,0.39734426,2,walking
1519421565779,-9.5219,-1.4984187,0.47394073,2,walking
1519421565784,-9.5219,-1.5079932,0.45479164,2,walking
1519421565795,-9.474028,-1.5654407,0.5505372,2,walking
1519421565799,-9.454879,-1.6516117,0.6079846,2,walking
1519421565805,-9.550624,-1.709059,0.61755913,2,walking
1519421565815,-9.904882,-1.8239537,0.59841,2,walking
1519421565820,-9.991054,-1.9005502,0.59841,2,walking
1519421565825,-10.048501,-1.9867213,0.59841,2,walking
1519421565830,-10.220843,-2.187787,0.63670826,2,walking
1519421565836,-10.268716,-2.321831,0.64628285,2,walking
1519421565841,-10.421909,-2.2165108,0.8281995,2,walking
1519421565846,-10.40276,-1.8526775,1.2207564,2,walking
1519421565851,-10.2016945,-1.8431029,1.383524,2,walking
1519421565856,-10.211268,-1.8526775,1.2399056,2,walking
1519421565861,-10.287866,-1.8143792,0.9622433,2,walking
1519421565867,-11.4272375,-1.709059,-0.26330042,2,walking
1519421565872,-13.399597,-1.709059,-1.4026731,2,walking
1519421565880,-15.381532,-1.6707608,-2.2835326,2,walking
1519421565885,-16.09005,-1.7473572,-2.5228968,2,walking
1519421565890,-16.453882,-1.8143792,-2.6760898,2,walking
1519421565895,-16.626225,-2.0058703,-2.5994933,2,walking
1519421565905,-16.147495,-2.9154537,-2.2835326,2,walking
1519421565910,-15.908133,-3.1165195,-2.187787,2,walking
1519421565915,-15.63047,-3.3367343,-1.9867213,2,walking
1519421565931,-13.571939,-3.8824842,-0.9526688,2,walking
1519421565937,-11.992137,-4.303765,-0.359046,2,walking
1519421565976,-9.96233,-4.868664,-0.14840569,2,walking
1519421565985,-10.010203,-4.916537,-0.14840569,2,walking
1519421565991,-10.230418,-4.993133,-0.14840569,2,walking
1519421565997,-10.345312,-5.0122824,-0.12925656,2,walking
1519421566001,-10.575102,-4.8973875,-0.10053288,2,walking
1519421566009,-10.862339,-4.476107,-0.0718092,2,walking
1519421566015,-10.852764,-4.342063,-0.2154276,2,walking
1519421566019,-10.891063,-4.0739756,-0.28244954,2,walking
1519421566025,-10.785743,-3.518651,-0.42606795,2,walking
1519421566029,-10.795317,-3.126094,-0.6271337,2,walking
1519421566035,-10.71872,-2.7814097,-0.751603,2,walking
1519421566045,-10.469782,-1.6994845,-1.3260766,2,walking
1519421566050,-10.307014,-1.4218222,-1.5271424,2,walking
1519421566055,-10.105948,-1.2207564,-1.6611862,2,walking
1519421566066,-9.828286,-0.6750065,-2.034594,2,walking
1519421566070,-9.75169,-0.45479164,-2.0728924,2,walking
1519421566076,-9.5889225,-0.3111732,-2.1303396,2,walking
1519421566081,-9.31126,-0.081383765,-2.0633178,2,walking
1519421566086,-9.158067,0.014361841,-2.0537431,2,walking
1519421566090,-9.091045,0.10053288,-2.015445,2,walking
1519421566095,-8.899554,0.20585304,-1.9962958,2,walking
1519421566099,-8.899554,0.20585304,-1.9962958,2,walking
1519421566104,-8.803808,0.25372586,-1.9101248,2,walking
1519421566108,-8.803808,0.25372586,-1.9101248,2,walking
1519421566112,-8.229335,0.13883112,-1.5462915,2,walking
1519421566120,-7.7984796,-0.081383765,-1.3739494,2,walking
1519421566125,-7.7123084,-0.16755481,-1.3452257,2,walking
1519421566135,-7.348475,-0.5505372,-1.2303311,2,walking
1519421566140,-7.2527294,-0.7228793,-1.2016073,2,walking
1519421566146,-7.176133,-0.91437054,-1.1824582,2,walking
1519421566155,-6.9559183,-1.4313968,-1.0388398,2,walking
1519421566160,-6.8793216,-1.6420372,-0.8952214,2,walking
1519421566165,-6.7740016,-1.8048047,-0.91437054,2,walking
1519421566176,-6.6591067,-2.2260852,-0.8186249,2,walking
1519421566181,-6.6591067,-2.6186423,-0.91437054,2,walking
1519421566186,-6.668681,-2.7814097,-0.91437054,2,walking
1519421566191,-6.7261286,-2.867581,-1.0388398,2,walking
1519421566196,-6.8793216,-2.8484318,-1.0962871,2,walking
1519421566201,-6.9271946,-2.867581,-1.0962871,2,walking
1519421566207,-7.02294,-2.7239625,-1.4026731,2,walking
1519421566211,-7.1186857,-2.647366,-1.622888,2,walking
1519421566217,-7.1186857,-2.647366,-1.622888,2,walking
1519421566222,-7.204857,-2.7048132,-1.8048047,2,walking
1519421566226,-7.2718787,-2.7048132,-1.9388485,2,walking
1519421566231,-7.35805,-2.752686,-2.101616,2,walking
1519421566237,-7.35805,-2.752686,-2.101616,2,walking
1519421566243,-7.6835847,-3.0877957,-2.3888528,2,walking
1519421566250,-7.808054,-3.173967,-2.4367256,2,walking
1519421566255,-7.875076,-3.2601378,-2.4367256,2,walking
1519421566261,-7.9516726,-3.451629,-2.3888528,2,walking
1519421566266,-8.037844,-3.4612036,-2.3888528,2,walking
1519421566272,-8.11444,-3.3941817,-2.2739582,2,walking
1519421566277,-8.171887,-3.3271596,-2.2356598,2,walking
1519421566282,-8.277207,-3.212265,-2.1399143,2,walking
1519421566290,-8.372953,-3.1356685,-2.0728924,2,walking
1519421566295,-8.44955,-3.0973704,-1.9196993,2,walking
1519421566300,-8.535721,-3.0494976,-1.8239537,2,walking
1519421566305,-8.593168,-3.0111992,-1.7856555,2,walking
1519421566310,-8.6697645,-2.8292825,-1.6516117,2,walking
1519421566316,-8.679339,-2.733537,-1.5654407,2,walking
1519421566320,-8.717637,-2.6569405,-1.4409714,2,walking
1519421566325,-8.7750845,-2.5324712,-1.3452257,2,walking
1519421566334,-8.889979,-2.3026817,-1.1250108,2,walking
1519421566339,-8.928278,-2.2165108,-1.0484143,2,walking
1519421566345,-9.033598,-2.015445,-1.0005416,2,walking
1519421566350,-9.052747,-1.8048047,-1.0101161,2,walking
1519421566355,-9.0814705,-1.7377827,-1.0005416,2,walking
1519421566364,-9.272962,-1.469695,-1.0771381,2,walking
1519421566370,-9.29211,-1.4409714,-1.0484143,2,walking
1519421566375,-9.31126,-1.3930986,-1.1250108,2,walking
1519421566385,-9.301685,-1.4026731,-1.1250108,2,walking
1519421566390,-9.29211,-1.3548003,-1.0867126,2,walking
1519421566395,-9.253813,-1.3739494,-1.0771381,2,walking
1519421566404,-9.043172,-1.4888442,-0.9718179,2,walking
1519421566410,-8.9761505,-1.5175679,-0.9526688,2,walking
1519421566415,-8.880404,-1.5079932,-0.8473486,2,walking
1519421566420,-8.717637,-1.6133134,-0.85692316,2,walking
1519421566425,-8.688913,-1.6420372,-0.90479594,2,walking
1519421566430,-8.583593,-1.6899099,-0.8952214,2,walking
1519421566435,-8.497422,-1.7186337,-0.90479594,2,walking
1519421566441,-8.420826,-1.7569319,-0.93351966,2,walking
1519421566445,-8.459125,-1.8143792,-0.9622433,2,walking
1519421566454,-8.545295,-1.8718265,-1.0484143,2,walking
1519421566459,-8.583593,-1.948423,-1.0484143,2,walking
1519421566464,-8.66019,-2.0058703,-0.98139244,2,walking
1519421566474,-8.937852,-2.3026817,-0.8856468,2,walking
1519421566479,-9.043172,-2.3792782,-0.83777404,2,walking
1519421566484,-9.158067,-2.475024,-0.78990126,2,walking
1519421566494,-9.493176,-2.7239625,-0.5888355,2,walking
1519421566500,-9.64637,-2.800559,-0.56011176,2,walking
1519421566504,-9.847435,-2.8388572,-0.512239,2,walking
1519421566511,-10.182545,-3.020774,-0.45479164,2,walking
1519421566516,-10.383611,-3.059072,-0.47394073,2,walking
1519421566520,-10.536804,-3.1069448,-0.45479164,2,walking
1519421566524,-10.709146,-3.1835413,-0.25372586,2,walking
1519421566530,-10.747444,-3.2026904,-0.18670394,2,walking
1519421566535,-10.804892,-3.2218397,-0.13883112,2,walking
1519421566540,-10.852764,-3.193116,0.03351096,2,walking
1519421566544,-10.881488,-3.1452432,0.023936402,2,walking
1519421566549,-10.814466,-3.078221,0.11968201,2,walking
1519421566554,-10.785743,-2.972901,0.110107444,2,walking
1519421566564,-10.498506,-2.4367256,0.18670394,2,walking
1519421566569,-10.450633,-2.187787,0.09095833,2,walking
1519421566574,-10.421909,-2.0058703,-0.023936402,2,walking
1519421566584,-11.197449,-1.2686293,-1.14416,2,walking
1519421566589,-11.838944,-1.1250108,-1.383524,2,walking
1519421566594,-12.528313,-1.0196906,-1.5845897,2,walking
1519421566601,-13.34215,-1.1058618,-1.8143792,2,walking
1519421566605,-13.543216,-1.2303311,-1.7282082,2,walking
1519421566614,-13.150659,-1.9196993,-1.4026731,2,walking
1519421566620,-12.9591675,-2.1111906,-1.2590547,2,walking
1519421566624,-12.729378,-2.2069361,-1.1345854,2,walking
1519421566652,-10.737869,-2.6569405,-1.14416,2,walking
1519421566661,-10.814466,-2.5994933,-1.5079932,2,walking
1519421566670,-11.130426,-2.647366,-1.776081,2,walking
1519421566676,-11.312344,-2.7048132,-1.8526775,2,walking
1519421566680,-11.446387,-2.8101335,-1.8526775,2,walking
1519421566685,-11.647452,-3.0016246,-1.8239537,2,walking
1519421566690,-11.7336235,-3.1356685,-1.8431029,2,walking
1519421566695,-11.791071,-3.2026904,-1.8335283,2,walking
1519421566704,-11.695326,-3.4037561,-1.7856555,2,walking
1519421566709,-11.551707,-3.4324799,-1.7665064,2,walking
1519421566714,-11.360216,-3.4324799,-1.7186337,2,walking
1519421566724,-10.603826,-3.346309,-1.6516117,2,walking
1519421566729,-10.345312,-3.2409887,-1.6420372,2,walking
1519421566735,-10.048501,-3.1548176,-1.6707608,2,walking
1519421566744,-9.196365,-2.8963046,-1.6037389,2,walking
1519421566749,-8.928278,-2.8101335,-1.6037389,2,walking
1519421566754,-8.688913,-2.752686,-1.6133134,2,walking
1519421566760,-8.21976,-2.6569405,-1.5558661,2,walking
1519421566765,-8.076141,-2.561195,-1.5750152,2,walking
1519421566774,-7.7793303,-2.3026817,-1.7186337,2,walking
1519421566779,-7.7793303,-2.2452345,-1.7856555,2,walking
1519421566784,-7.8176284,-2.1590633,-1.8143792,2,walking
1519421566794,-7.9708214,-2.168638,-1.8431029,2,walking
1519421566799,-8.095291,-2.1782124,-1.8814012,2,walking
1519421566805,-8.229335,-2.187787,-1.8718265,2,walking
1519421566809,-8.382527,-2.2452345,-1.8526775,2,walking
1519421566815,-8.411251,-2.2931073,-1.929274,2,walking
1519421566820,-8.497422,-2.3984275,-1.9388485,2,walking
1519421566825,-8.650616,-2.5516202,-1.8718265,2,walking
1519421566830,-8.9761505,-2.6952388,-1.6611862,2,walking
1519421566835,-9.100619,-2.7431116,-1.4313968,2,walking
1519421566840,-9.368708,-2.9633265,-1.1633091,2,walking
1519421566846,-9.368708,-2.9633265,-1.1633091,2,walking
1519421566850,-9.732541,-3.2218397,-0.98139244,2,walking
1519421566856,-9.924032,-3.3175852,-0.92394507,2,walking
1519421566860,-10.010203,-3.518651,-0.9526688,2,walking
1519421566866,-10.249567,-3.7005677,-1.0292653,2,walking
1519421566870,-10.211268,-3.5090764,-1.0101161,2,walking
1519421566876,-10.211268,-3.5090764,-1.0101161,2,walking
1519421566880,-10.029352,-3.2218397,-0.9718179,2,walking
1519421566884,-9.885734,-3.1069448,-1.0005416,2,walking
1519421566889,-9.799562,-3.039923,-1.0579889,2,walking
1519421566894,-9.703817,-2.9824755,-1.0962871,2,walking
1519421566904,-9.512326,-2.6952388,-1.2399056,2,walking
1519421566908,-9.407005,-2.513322,-1.3069274,2,walking
1519421566914,-9.3878565,-2.3697038,-1.3548003,2,walking
1519421566920,-9.148493,-2.101616,-1.4792696,2,walking
1519421566925,-9.052747,-2.0250196,-1.5845897,2,walking
1519421566930,-8.899554,-1.9196993,-1.6611862,2,walking
1519421566935,-8.899554,-1.9196993,-1.6611862,2,walking
1519421566940,-8.861256,-1.8526775,-1.8526775,2,walking
1519421566944,-8.842107,-1.8239537,-2.0250196,2,walking
1519421566953,-8.899554,-1.7186337,-2.187787,2,walking
1519421566959,-8.899554,-1.6420372,-2.2165108,2,walking
1519421566965,-8.899554,-1.6324625,-2.2643836,2,walking
1519421566970,-8.9761505,-1.4984187,-2.254809,2,walking
1519421566975,-9.033598,-1.5079932,-2.2260852,2,walking
1519421566980,-9.091045,-1.5079932,-2.2452345,2,walking
1519421566985,-9.196365,-1.5462915,-2.254809,2,walking
1519421566990,-9.359133,-1.7665064,-2.2069361,2,walking
1519421566996,-9.407005,-1.862252,-2.2356598,2,walking
1519421567001,-9.445304,-2.0058703,-2.2069361,2,walking
1519421567006,-9.445304,-2.0058703,-2.2069361,2,walking
1519421567011,-9.445304,-2.2643836,-2.149489,2,walking
1519421567016,-9.5219,-2.2643836,-2.1303396,2,walking
1519421567021,-9.474028,-2.321831,-2.0728924,2,walking
1519421567029,-9.598496,-2.3792782,-2.034594,2,walking
1519421567035,-9.608071,-2.427151,-2.0920415,2,walking
1519421567040,-9.531475,-2.5324712,-1.948423,2,walking
1519421567045,-9.493176,-2.5707695,-1.948423,2,walking
1519421567050,-9.483603,-2.5994933,-1.9579976,2,walking
1519421567055,-9.454879,-2.580344,-1.9867213,2,walking
1519421567061,-9.349558,-2.561195,-1.9867213,2,walking
1519421567066,-9.349558,-2.5994933,-1.9675722,2,walking
1519421567071,-9.244238,-2.5994933,-1.9867213,2,walking
1519421567076,-9.071896,-2.5420458,-1.9867213,2,walking
1519421567081,-8.995299,-2.5228968,-1.9675722,2,walking
1519421567088,-8.832532,-2.4463003,-1.9675722,2,walking
1519421567094,-8.7750845,-2.427151,-1.9867213,2,walking
1519421567101,-8.621892,-2.34098,-1.9579976,2,walking
1519421567106,-8.583593,-2.2931073,-2.0058703,2,walking
1519421567111,-8.516571,-2.1782124,-2.0633178,2,walking
1519421567119,-8.420826,-2.1111906,-1.9962958,2,walking
1519421567124,-8.372953,-2.034594,-2.0633178,2,walking
1519421567129,-8.2676325,-1.9675722,-2.0058703,2,walking
1519421567134,-8.286782,-1.9196993,-1.9771467,2,walking
1519421567139,-8.258059,-1.8718265,-1.9579976,2,walking
1519421567145,-8.210186,-1.8526775,-1.9388485,2,walking
1519421567149,-8.248484,-1.7665064,-1.862252,2,walking
1519421567155,-8.229335,-1.7856555,-1.8239537,2,walking
1519421567160,-8.248484,-1.776081,-1.7856555,2,walking
1519421567165,-8.248484,-1.776081,-1.7856555,2,walking
1519421567170,-8.258059,-1.79523,-1.709059,2,walking
1519421567175,-8.2676325,-1.7665064,-1.709059,2,walking
1519421567180,-8.277207,-1.7665064,-1.622888,2,walking
1519421567184,-8.277207,-1.7665064,-1.622888,2,walking
1519421567189,-8.2676325,-1.7473572,-1.5175679,2,walking
1519421567194,-8.23891,-1.79523,-1.4409714,2,walking
1519421567199,-8.229335,-1.7665064,-1.4026731,2,walking
1519421567205,-8.200611,-1.709059,-1.3452257,2,walking
1519421567209,-8.21976,-1.6803354,-1.3452257,2,walking
1519421567215,-8.248484,-1.6611862,-1.3165021,2,walking
1519421567220,-8.200611,-1.5941644,-1.2494801,2,walking
1519421567225,-8.191036,-1.5750152,-1.2782038,2,walking
1519421567230,-8.21976,-1.5654407,-1.2686293,2,walking
1519421567235,-8.21976,-1.5654407,-1.2686293,2,walking
1519421567240,-8.171887,-1.5558661,-1.2399056,2,walking
1519421567244,-8.181462,-1.5558661,-1.2207564,2,walking
1519421567248,-8.124015,-1.5750152,-1.2111819,2,walking
1519421567254,-8.085716,-1.5845897,-1.2016073,2,walking
1519421567259,-7.9899707,-1.6611862,-1.2016073,2,walking
1519421567264,-7.9420977,-1.6324625,-1.2303311,2,walking
1519421567269,-7.875076,-1.6803354,-1.1920328,2,walking
1519421567274,-7.8367777,-1.6994845,-1.14416,2,walking
1519421567279,-7.7793303,-1.7377827,-1.1058618,2,walking
1519421567284,-7.7314577,-1.7377827,-1.1154363,2,walking
1519421567293,-7.7123084,-1.8335283,-1.0484143,2,walking
1519421567299,-7.7123084,-1.9005502,-1.0101161,2,walking
1519421567303,-7.702734,-1.929274,-0.93351966,2,walking
1519421567313,-7.7793303,-2.1303396,-0.70373017,2,walking
1519421567318,-7.808054,-2.2356598,-0.5888355,2,walking
1519421567323,-7.846352,-2.3122563,-0.45479164,2,walking
1519421567329,-7.999545,-2.475024,-0.20585304,2,walking
1519421567335,-8.037844,-2.513322,-0.0718092,2,walking
1519421567339,-8.028269,-2.5994933,0.014361841,2,walking
1519421567343,-8.00912,-2.6569405,0.23457673,2,walking
1519421567349,-8.124015,-2.647366,0.5218136,2,walking
1519421567354,-8.133589,-2.7048132,0.5888355,2,walking
1519421567363,-8.382527,-2.5516202,0.63670826,2,walking
1519421567368,-8.602742,-2.3792782,0.4835153,2,walking
1519421567374,-8.918703,-2.254809,0.22500217,2,walking
1519421567379,-9.866585,-1.9771467,-0.043085523,2,walking
1519421567384,-10.345312,-1.9196993,-0.110107444,2,walking
1519421567389,-10.785743,-1.8239537,-0.2154276,2,walking
1519421567394,-11.092129,-1.8526775,-0.26330042,2,walking
1519421567399,-11.36979,-1.8431029,-0.33032233,2,walking
1519421567403,-11.436812,-1.9005502,-0.2920241,2,walking
1519421567408,-11.49426,-1.9196993,-0.27287498,2,walking
1519421567413,-11.590006,-1.9005502,-0.26330042,2,walking
1519421567419,-11.858093,-1.8909757,-0.40691882,2,walking
1519421567424,-11.992137,-1.9388485,-0.54096264,2,walking
1519421567428,-12.164479,-1.9005502,-0.6750065,2,walking
1519421567433,-12.260224,-1.9579976,-0.6845811,2,walking
1519421567439,-12.480439,-2.015445,-0.8473486,2,walking
1519421567444,-12.5474615,-1.9962958,-0.78990126,2,walking
1519421567449,-12.595334,-2.0633178,-0.76117754,2,walking
1519421567454,-12.595334,-2.1782124,-0.78032666,2,walking
1519421567458,-12.595334,-2.2931073,-0.77075213,2,walking
1519421567463,-12.46129,-2.4654493,-0.751603,2,walking
1519421567472,-12.221927,-2.867581,-0.70373017,2,walking
1519421567478,-12.078308,-2.9441774,-0.59841,2,walking
1519421567483,-12.020861,-3.059072,-0.56968635,2,walking
1519421567488,-11.972988,-3.2697124,-0.59841,2,walking
1519421567493,-11.992137,-3.4133308,-0.56968635,2,walking
1519421567498,-12.001712,-3.518651,-0.56011176,2,walking
1519421567503,-11.905966,-3.690993,-0.5218136,2,walking
1519421567509,-11.848518,-4.0356774,-0.5505372,2,walking
1519421567514,-11.82937,-4.2271686,-0.6845811,2,walking
1519421567522,-11.446387,-4.3995104,-0.4164934,2,walking
1519421567529,-11.05383,-4.198445,-0.023936402,2,walking
1519421567534,-10.910212,-4.045252,-0.062234644,2,walking
1519421567538,-10.814466,-3.930357,-0.110107444,2,walking
1519421567543,-10.622974,-3.8729098,-0.3111732,2,walking
1519421567548,-10.536804,-3.8154624,-0.36862057,2,walking
1519421567553,-10.393186,-3.777164,-0.3877697,2,walking
1519421567558,-10.287866,-3.384607,-0.5218136,2,walking
1519421567563,-10.172971,-3.2026904,-0.6558574,2,walking
1519421567568,-10.058076,-2.9633265,-0.78032666,2,walking
1519421567573,-9.96233,-2.7239625,-0.8760723,2,walking
1519421567578,-9.75169,-2.3314054,-1.1154363,2,walking
1519421567583,-9.655944,-2.1782124,-1.1537346,2,walking
1519421567588,-9.579348,-1.9675722,-1.2877784,2,walking
1519421567594,-9.445304,-1.9101248,-1.3356512,2,walking
1519421567598,-9.244238,-1.7856555,-1.5079932,2,walking
1519421567604,-9.18679,-1.8048047,-1.5175679,2,walking
1519421567608,-9.091045,-1.862252,-1.5462915,2,walking
1519421567613,-9.071896,-1.8909757,-1.622888,2,walking
1519421567618,-9.215514,-1.9579976,-1.6707608,2,walking
1519421567624,-9.2825365,-2.015445,-1.6899099,2,walking
1519421567628,-9.3878565,-2.149489,-1.7377827,2,walking
1519421567634,-9.320834,-2.2260852,-1.6707608,2,walking
1519421567639,-9.272962,-2.2931073,-1.6324625,2,walking
1519421567644,-9.263388,-2.321831,-1.6994845,2,walking
1519421567649,-9.177217,-2.513322,-1.6037389,2,walking
1519421567654,-9.100619,-2.666515,-1.622888,2,walking
1519421567659,-9.100619,-2.7909844,-1.5750152,2,walking
1519421567664,-9.100619,-2.8963046,-1.469695,2,walking
1519421567669,-9.119769,-3.0877957,-1.4218222,2,walking
1519421567674,-9.100619,-3.173967,-1.3930986,2,walking
1519421567682,-9.024023,-3.3367343,-1.383524,2,walking
1519421567688,-8.947427,-3.499502,-1.2207564,2,walking
1519421567694,-8.861256,-3.5569491,-1.1920328,2,walking
1519421567699,-8.650616,-3.7101421,-1.0388398,3,walking
1519421567704,-8.55487,-3.7484405,-0.9622433,3,walking
1519421567713,-8.353804,-3.825037,-0.93351966,3,walking
1519421567722,-8.181462,-3.8058877,-0.92394507,3,walking
1519421567727,-8.076141,-3.8058877,-0.92394507,3,walking
1519421567733,-8.037844,-3.7388659,-0.9718179,3,walking
1519421567738,-7.922949,-3.6239712,-1.0579889,3,walking
1519421567743,-7.9133744,-3.5569491,-1.0962871,3,walking
1519421567747,-7.9133744,-3.4324799,-1.1250108,3,walking
1519421567752,-7.8846507,-3.3367343,-1.1058618,3,walking
1519421567758,-7.9037995,-3.231414,-1.2111819,3,walking
1519421567763,-7.9325233,-3.2218397,-1.2207564,3,walking
1519421567768,-7.9516726,-3.193116,-1.2686293,3,walking
1519421567772,-7.9899707,-3.212265,-1.3165021,3,walking
1519421567778,-8.143164,-3.126094,-1.2111819,3,walking
1519421567784,-8.171887,-3.0877957,-1.2303311,3,walking
1519421567788,-8.32508,-3.0303483,-1.1250108,3,walking
1519421567794,-8.401677,-2.972901,-1.1154363,3,walking
1519421567798,-8.497422,-2.9441774,-1.0771381,3,walking
1519421567804,-8.621892,-2.9633265,-1.0962871,3,walking
1519421567809,-8.813383,-2.9441774,-1.0388398,3,walking
1519421567814,-8.870831,-2.8963046,-1.0388398,3,walking
1519421567819,-9.024023,-2.8101335,-1.0579889,3,walking
1519421567824,-9.0814705,-2.8292825,-1.0867126,3,walking
1519421567830,-9.138918,-2.752686,-1.1345854,3,walking
1519421567835,-9.20594,-2.7239625,-1.14416,3,walking
1519421567840,-9.244238,-2.6760898,-1.2494801,3,walking
1519421567845,-9.368708,-2.6090677,-1.2782038,3,walking
1519421567850,-9.426155,-2.5516202,-1.4122477,3,walking
1519421567855,-9.426155,-2.5516202,-1.4122477,3,walking
1519421567860,-9.483603,-2.4558747,-1.469695,3,walking
1519421567865,-9.493176,-2.4845984,-1.4409714,3,walking
1519421567870,-9.531475,-2.4654493,-1.4218222,3,walking
1519421567877,-9.5219,-2.408002,-1.4313968,3,walking
1519421567883,-9.483603,-2.427151,-1.3643749,3,walking
1519421567888,-9.474028,-2.3888528,-1.2877784,3,walking
1519421567894,-9.445304,-2.4175766,-1.2590547,3,walking
1519421567898,-9.397431,-2.3888528,-1.1633091,3,walking
1519421567904,-9.41658,-2.3792782,-1.1154363,3,walking
1519421567909,-9.368708,-2.360129,-1.1154363,3,walking
1519421567914,-9.378282,-2.34098,-1.0579889,3,walking
1519421567919,-9.330409,-2.3122563,-1.0196906,3,walking
1519421567924,-9.330409,-2.3026817,-0.99096704,3,walking
1519421567929,-9.263388,-2.2835326,-1.0196906,3,walking
1519421567935,-9.2825365,-2.2260852,-1.0005416,3,walking
1519421567940,-9.215514,-2.1399143,-1.0292653,3,walking
1519421567945,-9.215514,-2.1399143,-1.0292653,3,walking
1519421567950,-9.20594,-2.0824668,-1.0005416,3,walking
1519421567957,-9.167642,-2.015445,-1.0101161,3,walking
1519421567963,-9.148493,-2.0058703,-1.0484143,3,walking
1519421567972,-9.148493,-1.8909757,-1.1154363,3,walking
1519421567977,-9.119769,-1.8718265,-1.1058618,3,walking
1519421567983,-9.091045,-1.862252,-1.14416,3,walking
1519421567988,-9.062322,-1.862252,-1.1058618,3,walking
1519421567994,-9.110194,-1.8526775,-1.0962871,3,walking
1519421567998,-9.100619,-1.862252,-1.0675635,3,walking
1519421568004,-9.071896,-1.8335283,-1.14416,3,walking
1519421568008,-9.071896,-1.8718265,-1.1058618,3,walking
1519421568013,-9.110194,-1.8814012,-1.1154363,3,walking
1519421568022,-9.110194,-1.948423,-1.1250108,3,walking
1519421568028,-9.129343,-1.9867213,-1.1537346,3,walking
1519421568033,-9.110194,-2.0633178,-1.2016073,3,walking
1519421568037,-9.177217,-2.101616,-1.2207564,3,walking
1519421568042,-9.20594,-2.149489,-1.2399056,3,walking
1519421568048,-9.253813,-2.1973617,-1.2303311,3,walking
1519421568053,-9.29211,-2.2260852,-1.2590547,3,walking
1519421568058,-9.31126,-2.2739582,-1.2111819,3,walking
1519421568064,-9.320834,-2.3122563,-1.2686293,3,walking
1519421568068,-9.368708,-2.321831,-1.2590547,3,walking
1519421568073,-9.3878565,-2.360129,-1.2877784,3,walking
1519421568078,-9.407005,-2.3792782,-1.3260766,3,walking
1519421568083,-9.445304,-2.4463003,-1.2973529,3,walking
1519421568088,-9.483603,-2.4845984,-1.3069274,3,walking
1519421568093,-9.483603,-2.494173,-1.3069274,3,walking
1519421568098,-9.435729,-2.5899186,-1.3260766,3,walking
1519421568103,-9.397431,-2.647366,-1.3260766,3,walking
1519421568108,-9.339984,-2.6856642,-1.3930986,3,walking
1519421568114,-9.339984,-2.6856642,-1.3930986,3,walking
1519421568118,-9.29211,-2.752686,-1.4409714,3,walking
1519421568124,-9.263388,-2.7814097,-1.5079932,3,walking
1519421568129,-9.407005,-2.8580062,-1.776081,3,walking
1519421568134,-9.608071,-2.9154537,-1.8909757,3,walking
1519421568139,-9.761265,-2.9633265,-1.9005502,3,walking
1519421568144,-10.010203,-3.0877957,-1.7665064,3,walking
1519421568149,-10.029352,-3.1643922,-1.6994845,3,walking
1519421568155,-10.019777,-3.1835413,-1.6707608,3,walking
1519421568160,-10.06765,-3.2026904,-1.6899099,3,walking
1519421568165,-10.383611,-3.193116,-1.6324625,3,walking
1519421568170,-10.584677,-3.212265,-1.6133134,3,walking
1519421568175,-10.814466,-3.2505634,-1.4026731,3,walking
1519421568180,-10.843189,-3.2984362,-1.2782038,3,walking
1519421568185,-10.833615,-3.4037561,-1.1920328,3,walking
1519421568190,-10.680422,-3.518651,-0.92394507,3,walking
1519421568197,-10.536804,-3.5378,-0.91437054,3,walking
1519421568202,-10.441058,-3.5569491,-0.8473486,3,walking
1519421568208,-10.345312,-3.4229054,-0.8281995,3,walking
1519421568213,-10.354887,-3.2984362,-0.8664977,3,walking
1519421568218,-10.364462,-3.126094,-0.9718179,3,walking
1519421568224,-10.383611,-3.020774,-1.1345854,3,walking
1519421568228,-10.383611,-2.905879,-1.2303311,3,walking
1519421568234,-10.431483,-2.7622607,-1.383524,3,walking
1519421568239,-10.603826,-2.5037475,-1.6420372,3,walking
1519421568244,-10.689997,-2.4558747,-1.8814012,3,walking
1519421568249,-10.958084,-2.187787,-2.0537431,3,walking
1519421568254,-11.092129,-2.0728924,-2.2260852,3,walking
1519421568259,-11.207023,-1.9388485,-2.360129,3,walking
1519421568264,-11.302769,-1.7569319,-2.5228968,3,walking
1519421568269,-11.408089,-1.6324625,-2.647366,3,walking
1519421568274,-11.465536,-1.6133134,-2.6856642,3,walking
1519421568280,-11.465536,-1.7186337,-2.666515,3,walking
1519421568285,-11.417664,-1.8048047,-2.6282167,3,walking
1519421568290,-11.312344,-1.8814012,-2.6856642,3,walking
1519421568300,-10.833615,-2.0441687,-2.475024,3,walking
1519421568306,-10.6134,-2.1399143,-2.4175766,3,walking
1519421568312,-10.125097,-2.2452345,-2.3314054,3,walking
1519421568317,-9.847435,-2.34098,-2.2356598,3,walking
1519421568323,-9.5889225,-2.4367256,-2.2356598,3,walking
1519421568327,-9.167642,-2.6282167,-2.1782124,3,walking
1519421568333,-8.889979,-2.6856642,-2.1207652,3,walking
1519421568338,-8.564445,-2.7909844,-1.9867213,3,walking
1519421568343,-8.34423,-2.8580062,-1.9101248,3,walking
1519421568348,-7.9516726,-2.972901,-1.8718265,3,walking
1519421568353,-7.788905,-3.0016246,-1.8431029,3,walking
1519421568359,-7.4729443,-3.078221,-1.7569319,3,walking
1519421568364,-7.35805,-3.0877957,-1.79523,3,walking
1519421568368,-7.243155,-3.126094,-1.7186337,3,walking
1519421568373,-7.1186857,-3.2026904,-1.776081,3,walking
1519421568377,-7.1186857,-3.212265,-1.8526775,3,walking
1519421568381,-7.0612383,-3.3175852,-1.8814012,3,walking
1519421568387,-7.0133657,-3.346309,-1.9005502,3,walking
1519421568392,-7.0803876,-3.3558834,-1.8526775,3,walking
1519421568397,-7.0995364,-3.3941817,-1.9388485,3,walking
1519421568402,-7.2527294,-3.384607,-1.9867213,3,walking
1519421568407,-7.329326,-3.365458,-2.0250196,3,walking
1519421568412,-7.396348,-3.451629,-2.0920415,3,walking
1519421568417,-7.664436,-3.5282254,-2.1590633,3,walking
1519421568423,-7.7984796,-3.5378,-2.2069361,3,walking
1519421568427,-7.894225,-3.5473747,-2.2835326,3,walking
1519421568432,-7.999545,-3.518651,-2.3026817,3,walking
1519421568437,-8.200611,-3.4037561,-2.3122563,3,walking
1519421568441,-8.286782,-3.4229054,-2.3697038,3,walking
1519421568446,-8.372953,-3.4229054,-2.3697038,3,walking
1519421568451,-8.44955,-3.384607,-2.427151,3,walking
1519421568457,-8.602742,-3.346309,-2.5037475,3,walking
1519421568462,-8.650616,-3.3175852,-2.5037475,3,walking
1519421568467,-8.698488,-3.2409887,-2.6090677,3,walking
1519421568472,-8.784659,-3.1069448,-2.6282167,3,walking
1519421568477,-8.813383,-3.0303483,-2.647366,3,walking
1519421568482,-8.880404,-2.9346027,-2.6760898,3,walking
1519421568487,-8.909128,-2.800559,-2.6282167,3,walking
1519421568491,-8.928278,-2.7431116,-2.561195,3,walking
1519421568497,-8.928278,-2.7048132,-2.5516202,3,walking
1519421568501,-8.918703,-2.6952388,-2.494173,3,walking
1519421568507,-8.899554,-2.6952388,-2.427151,3,walking
1519421568512,-8.937852,-2.733537,-2.3888528,3,walking
1519421568516,-8.937852,-2.733537,-2.3888528,3,walking
1519421568521,-8.985725,-2.819708,-2.2739582,3,walking
1519421568527,-9.024023,-2.88673,-2.1782124,3,walking
1519421568532,-9.062322,-2.9154537,-2.149489,3,walking
1519421568540,-9.129343,-3.0016246,-2.0441687,3,walking
1519421568547,-9.20594,-3.126094,-2.034594,3,walking
1519421568551,-9.244238,-3.193116,-2.034594,3,walking
1519421568557,-9.320834,-3.2697124,-2.0441687,3,walking
1519421568561,-9.435729,-3.3941817,-2.1207652,3,walking
1519421568566,-9.483603,-3.4612036,-2.1111906,3,walking
1519421568571,-9.483603,-3.518651,-2.187787,3,walking
1519421568577,-9.579348,-3.6239712,-2.1973617,3,walking
1519421568582,-9.5889225,-3.671844,-2.2835326,3,walking
1519421568586,-9.608071,-3.7005677,-2.3314054,3,walking
1519421568591,-9.560199,-3.7484405,-2.360129,3,walking
1519421568597,-9.560199,-3.7675896,-2.513322,3,walking
1519421568601,-9.579348,-3.7292912,-2.6282167,3,walking
1519421568606,-9.550624,-3.7388659,-2.714388,3,walking
1519421568611,-9.502751,-3.7388659,-2.8388572,3,walking
1519421568617,-9.483603,-3.7292912,-2.9824755,3,walking
1519421568621,-9.483603,-3.671844,-3.0973704,3,walking
1519421568626,-9.407005,-3.604822,-3.1069448,3,walking
1519421568631,-9.397431,-3.5665238,-3.126094,3,walking
1519421568637,-9.339984,-3.4133308,-3.173967,3,walking
1519421568642,-9.29211,-3.346309,-3.2409887,3,walking
1519421568647,-9.253813,-3.2218397,-3.231414,3,walking
1519421568651,-9.234664,-3.2218397,-3.2218397,3,walking
1519421568656,-9.225089,-3.1643922,-3.1643922,3,walking
1519421568661,-9.225089,-3.0973704,-3.173967,3,walking
1519421568667,-9.225089,-3.059072,-3.0877957,3,walking
1519421568672,-9.253813,-3.0303483,-2.9920502,3,walking
1519421568677,-9.225089,-3.020774,-2.9154537,3,walking
1519421568682,-9.244238,-3.0686467,-2.8580062,3,walking
1519421568689,-9.215514,-3.0973704,-2.6760898,3,walking
1519421568693,-9.244238,-3.1069448,-2.5994933,3,walking
1519421568698,-9.215514,-3.1548176,-2.3314054,3,walking
1519421568702,-9.215514,-3.1548176,-2.3314054,3,walking
1519421568707,-9.18679,-3.231414,-2.254809,3,walking
1519421568712,-9.244238,-3.231414,-2.187787,3,walking
1519421568716,-9.244238,-3.231414,-2.1303396,3,walking
1519421568721,-9.2825365,-3.2601378,-2.2356598,3,walking
1519421568727,-9.320834,-3.231414,-2.2069361,3,walking
1519421568732,-9.349558,-3.2218397,-2.187787,3,walking
1519421568737,-9.407005,-3.193116,-2.1973617,3,walking
1519421568742,-9.426155,-3.1165195,-2.2165108,3,walking
1519421568747,-9.397431,-3.126094,-2.2356598,3,walking
1519421568751,-9.3878565,-3.078221,-2.2356598,3,walking
1519421568757,-9.397431,-3.0111992,-2.254809,3,walking
1519421568761,-9.3878565,-2.9633265,-2.2643836,3,walking
1519421568766,-9.407005,-2.9346027,-2.2835326,3,walking
1519421568771,-9.435729,-2.8580062,-2.34098,3,walking
1519421568776,-9.531475,-2.733537,-2.3697038,3,walking
1519421568782,-9.569773,-2.6952388,-2.408002,3,walking
1519421568786,-9.64637,-2.6377914,-2.4463003,3,walking
1519421568791,-9.703817,-2.5707695,-2.4558747,3,walking
1519421568797,-9.885734,-2.475024,-2.475024,3,walking
1519421568801,-9.98148,-2.475024,-2.4654493,3,walking
1519421568806,-10.105948,-2.408002,-2.4845984,3,walking
1519421568811,-10.326163,-2.3314054,-2.494173,3,walking
1519421568816,-10.460207,-2.2931073,-2.5228968,3,walking
1519421568821,-10.594251,-2.2739582,-2.4175766,3,walking
1519421568827,-10.82404,-2.2835326,-2.427151,3,walking
1519421568832,-10.986808,-2.321831,-2.3505547,3,walking
1519421568836,-11.072979,-2.3505547,-2.3122563,3,walking
1519421568841,-11.178299,-2.3505547,-2.2356598,3,walking
1519421568847,-11.331492,-2.475024,-2.0824668,3,walking
1519421568851,-11.331492,-2.513322,-1.9962958,3,walking
1519421568856,-11.341067,-2.5707695,-1.9101248,3,walking
1519421568861,-11.331492,-2.5994933,-1.8431029,3,walking
1519421568866,-11.245321,-2.647366,-1.7282082,3,walking
1519421568872,-11.187874,-2.6186423,-1.6803354,3,walking
1519421568877,-10.94851,-2.5420458,-1.622888,3,walking
1519421568882,-10.94851,-2.5420458,-1.622888,3,walking
1519421568887,-10.737869,-2.408002,-1.6324625,3,walking
1519421568892,-10.622974,-2.34098,-1.622888,3,walking
1519421568897,-10.393186,-2.2356598,-1.6133134,3,walking
1519421568903,-10.316589,-2.168638,-1.6516117,3,walking
1519421568907,-10.211268,-2.0728924,-1.6707608,3,walking
1519421568913,-10.048501,-1.948423,-1.6899099,3,walking
1519421568918,-9.971905,-1.8718265,-1.7186337,3,walking
1519421568923,-9.924032,-1.8048047,-1.709059,3,walking
1519421568928,-9.7899885,-1.6707608,-1.6707608,3,walking
1519421568932,-9.7899885,-1.6707608,-1.6707608,3,walking
1519421568936,-9.732541,-1.6324625,-1.6324625,3,walking
1519421568941,-9.6942425,-1.5079932,-1.6803354,3,walking
1519421568946,-9.64637,-1.469695,-1.6133134,3,walking
1519421568951,-9.64637,-1.4218222,-1.6037389,3,walking
1519421568956,-9.579348,-1.3643749,-1.5271424,3,walking
1519421568961,-9.5889225,-1.3069274,-1.5079932,3,walking
1519421568966,-9.569773,-1.2590547,-1.4409714,3,walking
1519421568972,-9.569773,-1.1824582,-1.4122477,3,walking
1519421568976,-9.5889225,-1.2016073,-1.4122477,3,walking
1519421568982,-9.5889225,-1.1920328,-1.3356512,3,walking
1519421568987,-9.550624,-1.2207564,-1.3452257,3,walking
1519421568992,-9.493176,-1.2686293,-1.2686293,3,walking
1519421568997,-9.493176,-1.3165021,-1.2686293,3,walking
1519421569002,-9.5219,-1.3165021,-1.2303311,3,walking
1519421569007,-9.445304,-1.3165021,-1.1728836,3,walking
1519421569012,-9.454879,-1.3165021,-1.1345854,3,walking
1519421569018,-9.320834,-1.3548003,-1.0675635,3,walking
1519421569023,-9.272962,-1.3739494,-0.98139244,3,walking
1519421569028,-9.196365,-1.4026731,-0.98139244,3,walking
1519421569033,-9.129343,-1.5079932,-0.98139244,3,walking
1519421569038,-9.052747,-1.5175679,-0.83777404,3,walking
1519421569043,-8.995299,-1.5750152,-0.8473486,3,walking
1519421569048,-8.918703,-1.622888,-0.78032666,3,walking
1519421569054,-8.870831,-1.6611862,-0.6750065,3,walking
1519421569059,-8.842107,-1.6803354,-0.71330476,3,walking
1519421569063,-8.870831,-1.6516117,-0.665432,3,walking
1519421569069,-8.957002,-1.5750152,-0.7420284,3,walking
1519421569074,-9.024023,-1.5462915,-0.751603,3,walking
1519421569079,-9.138918,-1.4984187,-0.8664977,3,walking
1519421569084,-9.426155,-1.4984187,-0.9622433,3,walking
1519421569089,-9.560199,-1.5654407,-0.99096704,3,walking
1519421569100,-9.493176,-1.948423,-0.69415563,3,walking
1519421569105,-9.29211,-2.0537431,-0.47394073,3,walking
1519421569110,-9.129343,-2.168638,-0.2154276,3,walking
1519421569116,-8.755936,-2.2835326,0.0718092,3,walking
1519421569121,-8.506997,-2.2931073,0.23457673,3,walking
1519421569130,-8.037844,-2.360129,0.6750065,3,walking
1519421569136,-7.7984796,-2.2931073,0.76117754,3,walking
1519421569140,-7.693159,-2.2069361,0.8281995,3,walking
1519421569146,-7.501668,-2.034594,0.9430942,3,walking
1519421569151,-7.4250717,-1.948423,0.99096704,3,walking
1519421569156,-7.348475,-1.8431029,1.0388398,3,walking
1519421569162,-7.3389006,-1.79523,1.0484143,3,walking
1519421569166,-7.511243,-1.6324625,0.91437054,3,walking
1519421569171,-7.5782647,-1.5654407,0.9430942,3,walking
1519421569175,-7.7506065,-1.5558661,0.7994758,3,walking
1519421569181,-7.9516726,-1.4218222,0.70373017,3,walking
1519421569186,-8.248484,-1.2686293,0.5505372,3,walking
1519421569192,-8.32508,-1.2207564,0.5313881,3,walking
1519421569197,-8.506997,-1.2399056,0.3877697,3,walking
1519421569202,-8.621892,-1.1824582,0.36862057,3,walking
1519421569208,-8.7750845,-1.1728836,0.30159867,3,walking
1519421569212,-8.966576,-1.2782038,0.19627848,3,walking
1519421569218,-9.119769,-1.3260766,0.00478728,3,walking
1519421569223,-9.215514,-1.4026731,0.05266008,3,walking
1519421569228,-9.368708,-1.6037389,-0.110107444,3,walking
1519421569233,-9.41658,-1.6899099,-0.10053288,3,walking
1519421569238,-9.445304,-1.7665064,-0.13883112,3,walking
1519421569243,-9.464453,-1.862252,-0.17712937,3,walking
1519421569248,-9.426155,-1.9388485,-0.20585304,3,walking
1519421569253,-9.407005,-2.034594,-0.05266008,3,walking
1519421569259,-9.368708,-2.0441687,-0.00478728,3,walking
1519421569264,-9.359133,-2.0920415,0.014361841,3,walking
1519421569269,-9.378282,-2.168638,-0.12925656,3,walking
1519421569279,-9.359133,-2.3792782,-0.10053288,3,walking
1519421569284,-9.359133,-2.3792782,-0.10053288,3,walking
1519421569290,-9.378282,-2.4845984,-0.26330042,3,walking
1519421569296,-9.368708,-2.4463003,-0.2154276,3,walking
1519421569301,-9.426155,-2.5324712,-0.4356425,3,walking
1519421569306,-9.397431,-2.6952388,-0.40691882,3,walking
1519421569311,-9.378282,-2.6569405,-0.3398969,3,walking
1519421569316,-9.339984,-2.6760898,-0.37819514,3,walking
1519421569322,-9.3878565,-2.6760898,-0.44521707,3,walking
1519421569327,-9.464453,-2.7622607,-0.47394073,3,walking
1519421569332,-9.512326,-2.8580062,-0.56011176,3,walking
1519421569337,-9.5889225,-3.0973704,-0.6558574,3,walking
1519421569342,-9.598496,-3.1548176,-0.665432,3,walking
1519421569348,-9.598496,-3.173967,-0.6558574,3,walking
1519421569353,-9.636795,-3.193116,-0.70373017,3,walking
1519421569358,-9.62722,-3.1643922,-0.7420284,3,walking
1519421569362,-9.617646,-3.2026904,-0.751603,3,walking
1519421569367,-9.5889225,-3.2984362,-0.7994758,3,walking
1519421569372,-9.62722,-3.3558834,-0.8281995,3,walking
1519421569378,-9.5889225,-3.4707782,-0.8473486,3,walking
1519421569383,-9.64637,-3.518651,-0.85692316,3,walking
1519421569388,-9.75169,-3.5378,-0.91437054,3,walking
1519421569393,-9.7899885,-3.5569491,-0.9718179,3,walking
1519421569398,-9.828286,-3.6239712,-0.9526688,3,walking
1519421569403,-9.866585,-3.6622694,-1.0005416,3,walking
1519421569408,-9.885734,-3.690993,-1.0292653,3,walking
1519421569412,-9.991054,-3.7101421,-1.14416,3,walking
1519421569418,-10.048501,-3.7388659,-1.1920328,3,walking
1519421569423,-10.096374,-3.7197168,-1.2016073,3,walking
1519421569428,-10.144247,-3.5952475,-1.2686293,3,walking
1519421569432,-10.125097,-3.5665238,-1.2399056,3,walking
1519421569438,-10.172971,-3.5378,-1.2590547,3,walking
1519421569442,-10.105948,-3.4899273,-1.1537346,3,walking
1519421569448,-10.239992,-3.4899273,-1.2686293,3,walking
1519421569453,-10.230418,-3.4324799,-1.1537346,3,walking
1519421569458,-10.29744,-3.451629,-1.0101161,3,walking
1519421569463,-10.259142,-3.4612036,-0.83777404,3,walking
1519421569468,-10.230418,-3.3750327,-0.71330476,3,walking
1519421569478,-10.163396,-3.2026904,-0.46436617,3,walking
1519421569483,-10.0868,-3.1548176,-0.37819514,3,walking
1519421569488,-10.029352,-3.2026904,-0.359046,3,walking
1519421569492,-10.000628,-3.2409887,-0.36862057,3,walking
1519421569497,-10.000628,-3.2697124,-0.40691882,3,walking
1519421569501,-9.971905,-3.3175852,-0.3877697,3,walking
1519421569507,-9.847435,-3.3367343,-0.37819514,3,walking
1519421569511,-9.799562,-3.2505634,-0.359046,3,walking
1519421569520,-9.809137,-3.126094,-0.3877697,3,walking
1519421569525,-9.7899885,-3.0877957,-0.359046,3,walking
1519421569530,-9.722966,-2.9920502,-0.2154276,3,walking
1519421569534,-9.6942425,-2.9346027,-0.2154276,3,walking
1519421569539,-9.684668,-2.8388572,-0.15798025,3,walking
1519421569545,-9.62722,-2.7239625,-0.14840569,3,walking
1519421569550,-9.598496,-2.6377914,-0.19627848,3,walking
1519421569556,-9.512326,-2.6282167,-0.20585304,3,walking
1519421569560,-9.474028,-2.6282167,-0.22500217,3,walking
1519421569565,-9.359133,-2.7048132,-0.32074776,3,walking
1519421569570,-9.330409,-2.7048132,-0.40691882,3,walking
1519421569576,-9.2825365,-2.7048132,-0.6079846,3,walking
1519421569580,-9.29211,-2.6760898,-0.6845811,3,walking
1519421569585,-9.29211,-2.6760898,-0.6845811,3,walking
1519421569590,-9.426155,-2.6952388,-0.83777404,3,walking
1519421569595,-9.54105,-2.6952388,-0.8856468,3,walking
1519421569600,-9.799562,-2.714388,-1.0292653,3,walking
1519421569605,-9.971905,-2.6760898,-1.1633091,3,walking
1519421569610,-10.125097,-2.6760898,-1.2399056,3,walking
1519421569615,-10.29744,-2.6856642,-1.2016073,3,walking
1519421569620,-10.584677,-2.714388,-1.2207564,3,walking
1519421569629,-10.757019,-2.7431116,-1.0867126,3,walking
1519421569635,-10.785743,-2.7909844,-0.93351966,3,walking
1519421569641,-10.737869,-2.819708,-0.85692316,3,walking
1519421569646,-10.651698,-2.88673,-0.56968635,3,walking
1519421569651,-10.594251,-2.867581,-0.5313881,3,walking
1519421569656,-10.488931,-2.867581,-0.42606795,3,walking
1519421569661,-10.421909,-2.88673,-0.34947145,3,walking
1519421569666,-10.307014,-2.88673,-0.32074776,3,walking
1519421569670,-10.06765,-2.8963046,-0.30159867,3,walking
1519421569675,-9.943181,-2.88673,-0.3111732,3,walking
1519421569680,-9.85701,-2.88673,-0.27287498,3,walking
1519421569685,-9.742115,-2.8292825,-0.25372586,3,walking
1519421569690,-9.483603,-2.752686,-0.36862057,3,walking
1519421569694,-9.378282,-2.714388,-0.40691882,3,walking
1519421569700,-9.301685,-2.6377914,-0.45479164,3,walking
1519421569705,-9.167642,-2.5516202,-0.49308985,3,walking
1519421569711,-9.100619,-2.513322,-0.56011176,3,walking
1519421569716,-8.995299,-2.408002,-0.6558574,3,walking
1519421569720,-8.995299,-2.408002,-0.6558574,3,walking
1519421569725,-8.9761505,-2.2739582,-0.7324539,3,walking
1519421569730,-9.024023,-2.0920415,-0.78990126,3,walking
1519421569735,-9.004874,-1.8048047,-0.8090504,3,walking
1519421569741,-8.957002,-1.6516117,-0.8664977,3,walking
1519421569746,-8.928278,-1.5271424,-0.8856468,3,walking
1519421569751,-8.918703,-1.4409714,-0.83777404,3,walking
1519421569756,-8.870831,-1.2973529,-0.751603,3,walking
1519421569761,-8.918703,-1.2399056,-0.77075213,3,walking
1519421569766,-9.004874,-1.1728836,-0.77075213,3,walking
1519421569771,-9.052747,-1.1250108,-0.8186249,3,walking
1519421569777,-9.091045,-1.1058618,-0.90479594,3,walking
1519421569781,-9.100619,-1.1058618,-0.8664977,3,walking
1519421569787,-9.052747,-1.2494801,-0.8473486,3,walking
1519421569792,-9.043172,-1.3165021,-0.8760723,3,walking
1519421569797,-9.043172,-1.3739494,-0.8952214,3,walking
1519421569802,-9.004874,-1.4888442,-0.99096704,3,walking
1519421569807,-8.957002,-1.5462915,-0.99096704,3,walking
1519421569812,-8.957002,-1.5462915,-0.99096704,3,walking
1519421569817,-8.870831,-1.7473572,-1.1537346,3,walking
1519421569822,-8.870831,-1.79523,-1.2494801,3,walking
1519421569827,-8.803808,-1.8335283,-1.2494801,3,walking
1519421569832,-8.803808,-1.8718265,-1.2782038,3,walking
1519421569838,-8.755936,-1.8909757,-1.4409714,3,walking
1519421569843,-8.7750845,-1.8431029,-1.4505459,3,walking
1519421569848,-8.765511,-1.79523,-1.5845897,3,walking
1519421569853,-8.765511,-1.7473572,-1.622888,3,walking
1519421569858,-8.794233,-1.7569319,-1.6420372,3,walking
1519421569863,-8.842107,-1.7186337,-1.6994845,3,walking
1519421569868,-8.909128,-1.6707608,-1.7377827,3,walking
1519421569873,-8.937852,-1.6899099,-1.7473572,3,walking
1519421569878,-8.9761505,-1.6803354,-1.7473572,3,walking
1519421569887,-9.043172,-1.6037389,-1.79523,3,walking
1519421569891,-9.052747,-1.6037389,-1.7569319,3,walking
1519421569895,-9.071896,-1.622888,-1.7473572,3,walking
1519421569899,-9.091045,-1.622888,-1.6133134,3,walking
1519421569905,-9.110194,-1.6420372,-1.6611862,3,walking
1519421569909,-9.138918,-1.6611862,-1.6611862,3,walking
1519421569915,-9.100619,-1.6899099,-1.5367169,3,walking
1519421569920,-9.0814705,-1.7282082,-1.5079932,3,walking
1519421569925,-9.129343,-1.7377827,-1.469695,3,walking
1519421569930,-9.158067,-1.7569319,-1.3643749,3,walking
1519421569935,-9.138918,-1.7856555,-1.3069274,3,walking
1519421569939,-9.091045,-1.8335283,-1.2877784,3,walking
1519421569944,-9.110194,-1.8431029,-1.2303311,3,walking
1519421569949,-9.062322,-1.8526775,-1.2111819,3,walking
1519421569955,-9.004874,-1.8239537,-1.2303311,3,walking
1519421569960,-9.004874,-1.7856555,-1.2207564,3,walking
1519421569965,-9.024023,-1.7856555,-1.2590547,3,walking
1519421569970,-9.014449,-1.7856555,-1.2494801,3,walking
1519421569975,-9.024023,-1.7473572,-1.3165021,3,walking
1519421569979,-9.052747,-1.7569319,-1.3165021,3,walking
1519421569985,-9.062322,-1.709059,-1.3643749,3,walking
1519421569991,-9.052747,-1.7186337,-1.4313968,3,walking
1519421569996,-9.033598,-1.7377827,-1.4313968,3,walking
1519421570001,-9.0814705,-1.7569319,-1.4601204,3,walking
1519421570006,-9.091045,-1.7569319,-1.5558661,3,walking
1519421570011,-9.062322,-1.776081,-1.5462915,3,walking
1519421570016,-9.052747,-1.8143792,-1.5941644,3,walking
1519421570021,-9.091045,-1.8526775,-1.5558661,3,walking
1519421570026,-9.014449,-1.9101248,-1.5845897,3,walking
1519421570031,-8.985725,-1.9388485,-1.5845897,3,walking
1519421570037,-8.937852,-1.9962958,-1.5750152,3,walking
1519421570041,-8.947427,-2.034594,-1.5462915,3,walking
1519421570046,-8.937852,-2.0537431,-1.4888442,3,walking
1519421570052,-8.889979,-2.1111906,-1.4122477,3,walking
1519421570057,-8.928278,-2.101616,-1.4409714,3,walking
1519421570067,-8.947427,-2.1782124,-1.4026731,3,walking
1519421570072,-8.937852,-2.2452345,-1.383524,3,walking
1519421570077,-8.909128,-2.2452345,-1.3356512,3,walking
1519421570082,-8.899554,-2.2643836,-1.3165021,3,walking
1519421570087,-8.861256,-2.2643836,-1.3069274,3,walking
1519421570093,-8.870831,-2.2931073,-1.2973529,3,walking
1519421570098,-8.918703,-2.360129,-1.383524,3,walking
1519421570103,-8.918703,-2.4175766,-1.3548003,3,walking
1519421570108,-8.899554,-2.4654493,-1.3739494,3,walking
1519421570118,-8.870831,-2.5037475,-1.383524,3,walking
1519421570123,-8.880404,-2.5228968,-1.4505459,3,walking
1519421570128,-8.851681,-2.561195,-1.383524,3,walking
1519421570133,-8.842107,-2.6186423,-1.3739494,3,walking
1519421570138,-8.870831,-2.647366,-1.3930986,3,walking
1519421570144,-8.870831,-2.666515,-1.3548003,3,walking
1519421570150,-8.870831,-2.666515,-1.3548003,3,walking
1519421570155,-8.861256,-2.714388,-1.3643749,3,walking
1519421570160,-8.842107,-2.7048132,-1.3548003,3,walking
1519421570165,-8.842107,-2.7431116,-1.3165021,3,walking
1519421570170,-8.784659,-2.7718353,-1.3260766,3,walking
1519421570175,-8.822957,-2.7909844,-1.2877784,3,walking
1519421570180,-8.803808,-2.8101335,-1.3165021,3,walking
1519421570185,-8.794233,-2.8292825,-1.3452257,3,walking
1519421570190,-8.861256,-2.800559,-1.4218222,3,walking
1519421570195,-8.957002,-2.7718353,-1.5367169,3,walking
1519421570200,-9.100619,-2.666515,-1.6707608,3,walking
1519421570205,-9.64637,-2.6569405,-1.8526775,3,walking
1519421570210,-9.971905,-2.6952388,-1.8718265,3,walking
1519421570215,-10.421909,-2.905879,-1.709059,3,walking
1519421570220,-10.421909,-2.905879,-1.709059,3,walking
1519421570225,-10.661273,-3.2409887,-1.5462915,3,walking
1519421570230,-10.689997,-3.451629,-1.3452257,3,walking
1519421570234,-10.699572,-3.604822,-1.1345854,3,walking
1519421570239,-10.661273,-3.6239712,-1.0196906,3,walking
1519421570245,-10.584677,-3.5665238,-0.90479594,3,walking
1519421570250,-10.421909,-3.5473747,-0.8473486,3,walking
1519421570255,-10.239992,-3.5378,-0.76117754,3,walking
1519421570259,-9.780414,-3.499502,-0.6845811,3,walking
1519421570264,-9.608071,-3.4612036,-0.70373017,3,walking
1519421570269,-9.464453,-3.365458,-0.83777404,3,walking
1519421570275,-9.320834,-3.3271596,-1.0101161,3,walking
1519421570279,-9.263388,-3.126094,-1.1250108,3,walking
1519421570284,-9.244238,-2.9537518,-1.2207564,3,walking
1519421570289,-9.225089,-2.7718353,-1.3165021,3,walking
1519421570294,-9.225089,-2.427151,-1.6037389,3,walking
1519421570299,-9.234664,-2.2643836,-1.6899099,3,walking
1519421570305,-9.493176,-1.929274,-1.8909757,3,walking
1519421570310,-9.493176,-1.929274,-1.8909757,3,walking
1519421570315,-9.828286,-1.709059,-2.1399143,3,walking
1519421570320,-10.019777,-1.6611862,-2.168638,3,walking
1519421570325,-10.374036,-1.5845897,-2.254809,3,walking
1519421570329,-10.536804,-1.622888,-2.2739582,3,walking
1519421570334,-10.728295,-1.6994845,-2.254809,3,walking
1519421570339,-10.891063,-1.8239537,-2.2069361,3,walking
1519421570344,-11.034681,-1.9962958,-2.149489,3,walking
1519421570350,-11.293194,-2.408002,-2.168638,3,walking
1519421570355,-11.321918,-2.5707695,-2.0728924,3,walking
1519421570360,-11.350641,-2.7431116,-2.0537431,3,walking
1519421570365,-11.350641,-3.0494976,-2.034594,3,walking
1519421570370,-11.379365,-3.1548176,-2.034594,3,walking
1519421570375,-11.331492,-3.4229054,-1.948423,3,walking
1519421570381,-11.321918,-3.5473747,-1.9196993,3,walking
1519421570386,-11.235746,-3.6526947,-1.8718265,3,walking
1519421570391,-11.111278,-3.7197168,-1.8048047,3,walking
1519421570396,-11.063405,-3.6622694,-1.79523,3,walking
1519421570401,-10.996383,-3.6335456,-1.7569319,3,walking
1519421570406,-10.862339,-3.5856729,-1.7569319,3,walking
1519421570411,-10.661273,-3.4229054,-1.8048047,3,walking
1519421570417,-10.546378,-3.3175852,-1.8143792,3,walking
1519421570421,-10.374036,-3.193116,-1.8335283,3,walking
1519421570427,-10.096374,-3.039923,-1.8048047,3,walking
1519421570432,-9.96233,-2.9633265,-1.8431029,3,walking
1519421570437,-9.722966,-2.800559,-1.8431029,3,walking
1519421570442,-9.579348,-2.752686,-1.862252,3,walking
1519421570447,-9.474028,-2.6760898,-1.8526775,3,walking
1519421570458,-9.244238,-2.5037475,-1.9101248,3,walking
1519421570462,-9.20594,-2.4845984,-1.9388485,3,walking
1519421570468,-9.148493,-2.475024,-1.9675722,3,walking
1519421570473,-9.167642,-2.427151,-2.0633178,3,walking
1519421570478,-9.158067,-2.4367256,-2.1207652,3,walking
1519421570483,-9.167642,-2.4558747,-2.1590633,3,walking
1519421570488,-9.234664,-2.427151,-2.2069361,3,walking
1519421570492,-9.339984,-2.427151,-2.2739582,3,walking
1519421570496,-9.445304,-2.4175766,-2.360129,3,walking
1519421570501,-9.474028,-2.427151,-2.3792782,3,walking
1519421570505,-9.550624,-2.4845984,-2.3792782,3,walking
1519421570510,-9.64637,-2.6569405,-2.4463003,3,walking
1519421570519,-9.971905,-2.7431116,-2.2165108,3,walking
1519421570524,-10.0868,-2.7239625,-2.168638,3,walking
1519421570529,-10.40276,-2.6282167,-2.1207652,3,walking
1519421570535,-10.517654,-2.5516202,-2.1207652,3,walking
1519421570540,-10.632549,-2.5037475,-2.0728924,3,walking
1519421570544,-10.737869,-2.6090677,-2.0250196,3,walking
1519421570549,-10.843189,-2.647366,-2.034594,3,walking
1519421570554,-10.833615,-2.5994933,-2.034594,3,walking
1519421570558,-10.910212,-2.6186423,-2.0250196,3,walking
1519421570564,-10.776168,-2.752686,-2.1399143,3,walking
1519421570568,-10.670848,-2.7718353,-2.2643836,3,walking
1519421570574,-10.450633,-2.6090677,-2.5420458,3,walking
1519421570579,-10.431483,-2.3792782,-2.5228968,3,walking
1519421570584,-10.335738,-2.149489,-2.3984275,3,walking
1519421570589,-10.220843,-2.034594,-2.2452345,3,walking
1519421570594,-9.85701,-1.7473572,-1.9101248,3,walking
1519421570598,-9.780414,-1.709059,-1.8239537,3,walking
1519421570604,-9.732541,-1.7282082,-1.9101248,3,walking
1519421570609,-9.62722,-1.7665064,-2.0728924,3,walking
1519421570614,-9.5219,-1.7282082,-2.1303396,3,walking
1519421570620,-9.31126,-1.7473572,-2.2260852,3,walking
1519421570625,-9.0814705,-1.5079932,-2.254809,3,walking
1519421570630,-8.9761505,-1.3452257,-2.2643836,3,walking
1519421570635,-8.794233,-1.2782038,-2.2356598,3,walking
1519421570640,-8.66019,-1.2877784,-2.2356598,3,walking
1519421570646,-8.545295,-1.3069274,-2.1782124,3,walking
1519421570651,-8.621892,-1.4313968,-2.168638,3,walking
1519421570656,-8.727212,-1.4601204,-2.2356598,3,walking
1519421570660,-8.755936,-1.4984187,-2.254809,3,walking
1519421570664,-8.918703,-1.6037389,-2.4463003,3,walking
1519421570669,-8.909128,-1.5462915,-2.3792782,3,walking
1519421570674,-8.842107,-1.5750152,-2.3314054,3,walking
1519421570679,-8.842107,-1.709059,-2.3888528,3,walking
1519421570684,-8.822957,-1.79523,-2.3505547,3,walking
1519421570688,-8.918703,-1.929274,-2.5037475,3,walking
1519421570694,-8.957002,-1.9771467,-2.494173,3,walking
1519421570699,-8.966576,-2.0537431,-2.3984275,3,walking
1519421570704,-8.947427,-2.1111906,-2.3792782,3,walking
1519421570709,-8.889979,-2.2260852,-2.360129,3,walking
1519421570714,-8.861256,-2.2643836,-2.34098,3,walking
1519421570719,-8.794233,-2.3314054,-2.360129,3,walking
1519421570724,-8.679339,-2.321831,-2.360129,3,walking
1519421570728,-8.6697645,-2.321831,-2.360129,3,walking
1519421570734,-8.727212,-2.1973617,-2.3792782,3,walking
1519421570739,-8.650616,-2.2260852,-2.3314054,3,walking
1519421570744,-8.6697645,-2.1590633,-2.3314054,3,walking
1519421570750,-8.679339,-2.1111906,-2.3697038,3,walking
1519421570755,-8.593168,-2.0537431,-2.321831,3,walking
1519421570760,-8.641041,-1.9388485,-2.3122563,3,walking
1519421570765,-8.641041,-1.929274,-2.254809,3,walking
1519421570770,-8.727212,-1.7856555,-2.1973617,3,walking
1519421570775,-8.7750845,-1.7377827,-2.254809,3,walking
1519421570780,-8.784659,-1.7473572,-2.34098,3,walking
1519421570784,-8.746361,-1.7569319,-2.3697038,3,walking
1519421570789,-8.717637,-1.7665064,-2.3505547,3,walking
1519421570794,-8.641041,-1.79523,-2.2452345,3,walking
1519421570798,-8.535721,-1.8143792,-2.2643836,3,walking
1519421570804,-8.487848,-1.7665064,-2.2260852,3,walking
1519421570809,-8.420826,-1.776081,-2.168638,3,walking
1519421570814,-8.34423,-1.7186337,-2.168638,3,walking
1519421570818,-8.2676325,-1.6994845,-2.1303396,3,walking
1519421570824,-8.171887,-1.709059,-2.149489,3,walking
1519421570828,-8.133589,-1.709059,-2.149489,3,walking
1519421570834,-8.124015,-1.7186337,-2.1590633,3,walking
1519421570839,-8.152739,-1.6994845,-2.168638,3,walking
1519421570844,-8.210186,-1.6324625,-2.2835326,3,walking
1519421570848,-8.2676325,-1.6516117,-2.2739582,3,walking
1519421570853,-8.296356,-1.6516117,-2.2739582,3,walking
1519421570858,-8.286782,-1.6420372,-2.2356598,3,walking
1519421570864,-8.191036,-1.7282082,-2.1590633,3,walking
1519421570869,-8.1623125,-1.7282082,-2.0920415,3,walking
1519421570874,-8.028269,-1.7569319,-1.948423,3,walking
1519421570879,-8.028269,-1.7569319,-1.948423,3,walking
1519421570884,-8.018694,-1.776081,-1.9005502,3,walking
1519421570889,-8.037844,-1.7665064,-1.8431029,3,walking
1519421570893,-8.018694,-1.7473572,-1.79523,3,walking
1519421570898,-7.9899707,-1.7856555,-1.7856555,3,walking
1519421570903,-8.085716,-1.8431029,-1.7569319,3,walking
1519421570909,-8.11444,-1.8431029,-1.7282082,3,walking
1519421570914,-8.200611,-1.8909757,-1.7282082,3,walking
1519421570918,-8.315506,-1.8909757,-1.6133134,3,walking
1519421570923,-8.34423,-1.9101248,-1.6420372,3,walking
1519421570928,-8.430401,-1.929274,-1.6420372,3,walking
1519421570933,-8.55487,-1.9675722,-1.5750152,3,walking
1519421570938,-8.631466,-2.015445,-1.5367169,3,walking
1519421570943,-8.631466,-2.015445,-1.5367169,3,walking
1519421570948,-8.832532,-2.0537431,-1.4409714,3,walking
1519421570953,-9.004874,-2.1399143,-1.3260766,3,walking
1519421570958,-9.062322,-2.187787,-1.3356512,3,walking
1519421570963,-9.138918,-2.1782124,-1.2782038,3,walking
1519421570968,-9.215514,-2.1303396,-1.1824582,3,walking
1519421570973,-9.368708,-2.1207652,-1.2207564,3,walking
1519421570978,-9.837861,-1.9962958,-1.3930986,3,walking
1519421570983,-10.172971,-1.9771467,-1.4792696,3,walking
1519421570988,-10.479357,-1.9196993,-1.5941644,3,walking
1519421570993,-11.034681,-1.8335283,-1.6994845,3,walking
1519421570999,-11.245321,-1.8526775,-1.7569319,3,walking
1519421571004,-11.590006,-1.9196993,-1.7377827,3,walking
1519421571009,-11.637878,-1.9579976,-1.6803354,3,walking
1519421571013,-11.695326,-2.0824668,-1.6516117,3,walking
1519421571019,-11.743198,-2.1782124,-1.6516117,3,walking
1519421571023,-11.867668,-2.2643836,-1.6133134,3,walking
1519421571029,-11.925115,-2.360129,-1.5558661,3,walking
1519421571034,-11.877242,-2.3888528,-1.5271424,3,walking
1519421571039,-11.771922,-2.3888528,-1.4505459,3,walking
1519421571044,-11.542132,-2.2452345,-1.14416,3,walking
1519421571049,-11.360216,-2.2931073,-1.0771381,3,walking
1519421571054,-11.130426,-2.5324712,-1.0867126,3,walking
1519421571059,-11.130426,-2.5324712,-1.0867126,3,walking
1519421571064,-10.94851,-2.4367256,-0.8186249,3,walking
1519421571069,-10.757019,-2.3314054,-0.6845811,3,walking
1519421571074,-10.575102,-2.2165108,-0.5888355,3,walking
1519421571079,-10.335738,-2.2165108,-0.50266445,3,walking
1519421571084,-10.393186,-2.360129,-0.59841,3,walking
1519421571089,-10.527229,-2.5037475,-0.6271337,3,walking
1519421571094,-10.6134,-2.8101335,-0.64628285,3,walking
1519421571098,-10.622974,-2.88673,-0.6558574,3,walking
1519421571103,-10.622974,-2.88673,-0.6558574,3,walking
1519421571108,-10.488931,-2.9441774,-0.59841,3,walking
1519421571113,-10.479357,-3.020774,-0.5888355,3,walking
1519421571118,-10.450633,-3.126094,-0.5792609,3,walking
1519421571123,-10.488931,-3.1548176,-0.59841,3,walking
1519421571128,-10.421909,-3.126094,-0.54096264,3,walking
1519421571134,-10.326163,-3.126094,-0.4835153,3,walking
1519421571139,-10.268716,-3.0973704,-0.5792609,3,walking
1519421571144,-10.06765,-2.972901,-0.47394073,3,walking
1519421571149,-10.06765,-2.972901,-0.47394073,3,walking
1519421571154,-9.8953085,-2.800559,-0.44521707,3,walking
1519421571159,-9.780414,-2.6952388,-0.49308985,3,walking
1519421571163,-9.684668,-2.6569405,-0.5505372,3,walking
1519421571168,-9.493176,-2.494173,-0.6079846,3,walking
1519421571173,-9.368708,-2.4845984,-0.7228793,3,walking
1519421571179,-9.368708,-2.3888528,-0.77075213,3,walking
1519421571183,-9.272962,-2.2835326,-0.8473486,3,walking
1519421571188,-9.071896,-2.168638,-0.9430942,3,walking
1519421571194,-8.985725,-2.0920415,-0.9718179,3,walking
1519421571199,-8.851681,-2.015445,-1.0579889,3,walking
1519421571204,-8.842107,-1.8909757,-1.2399056,3,walking
1519421571209,-8.717637,-1.8526775,-1.1824582,3,walking
1519421571214,-8.688913,-1.9005502,-1.3356512,3,walking
1519421571219,-8.688913,-1.9005502,-1.3356512,3,walking
1519421571223,-8.698488,-2.015445,-1.2686293,3,walking
1519421571228,-8.755936,-2.1399143,-1.2494801,3,walking
1519421571234,-8.947427,-2.2739582,-1.1920328,3,walking
1519421571238,-8.947427,-2.2739582,-1.1920328,3,walking
1519421571243,-9.014449,-2.4558747,-1.1728836,3,walking
1519421571248,-9.091045,-2.5037475,-1.0771381,3,walking
1519421571253,-9.196365,-2.513322,-1.0675635,3,walking
1519421571258,-9.29211,-2.6282167,-0.9526688,3,walking
1519421571263,-9.29211,-2.6856642,-0.92394507,3,walking
1519421571268,-9.320834,-2.714388,-0.8760723,3,walking
1519421571274,-9.349558,-2.752686,-0.92394507,3,walking
1519421571278,-9.445304,-2.8580062,-0.8952214,3,walking
1519421571283,-9.41658,-2.8771553,-0.8186249,3,walking
1519421571288,-9.378282,-2.9250283,-0.76117754,3,walking
1519421571294,-9.29211,-2.9346027,-0.7994758,3,walking
1519421571298,-9.215514,-2.8963046,-0.78032666,3,walking
1519421571303,-9.148493,-2.88673,-0.77075213,3,walking
1519421571308,-9.062322,-2.8771553,-0.751603,3,walking
1519421571313,-8.870831,-2.8388572,-0.7324539,3,walking
1519421571319,-8.755936,-2.752686,-0.7324539,3,walking
1519421571323,-8.66019,-2.7048132,-0.7420284,3,walking
1519421571328,-8.631466,-2.7239625,-0.85692316,3,walking
1519421571334,-8.545295,-2.5707695,-0.90479594,3,walking
1519421571338,-8.459125,-2.513322,-0.91437054,3,walking
1519421571343,-8.334655,-2.34098,-1.0388398,3,walking
1519421571348,-8.296356,-2.2260852,-1.0484143,3,walking
1519421571353,-8.2676325,-2.1782124,-1.0388398,3,walking
1519421571358,-8.258059,-2.1207652,-1.0867126,3,walking
1519421571363,-8.315506,-2.0824668,-1.0771381,3,walking
1519421571368,-8.411251,-2.0441687,-1.0962871,3,walking
1519421571373,-8.4686985,-1.948423,-0.98139244,3,walking
1519421571379,-8.545295,-1.948423,-0.9718179,3,walking
1519421571384,-8.717637,-1.8239537,-1.0101161,3,walking
1519421571389,-8.822957,-1.8048047,-0.99096704,3,walking
1519421571394,-9.043172,-1.8335283,-1.0196906,3,walking
1519421571399,-9.043172,-1.8335283,-1.0196906,3,walking
1519421571404,-9.167642,-1.862252,-0.99096704,3,walking
1519421571409,-9.234664,-1.929274,-0.99096704,3,walking
1519421571414,-9.2825365,-1.948423,-0.9718179,3,walking
1519421571418,-9.3878565,-2.0058703,-0.92394507,3,walking
1519421571423,-9.445304,-2.0250196,-0.9622433,3,walking
1519421571428,-9.474028,-2.034594,-1.0196906,3,walking
1519421571433,-9.512326,-2.015445,-1.0101161,3,walking
1519421571438,-9.531475,-1.9196993,-1.0196906,3,walking
1519421571444,-9.569773,-1.9196993,-1.0292653,3,walking
1519421571448,-9.62722,-1.8718265,-1.0388398,3,walking
1519421571453,-9.6942425,-1.7569319,-1.0484143,3,walking
1519421571458,-9.703817,-1.6899099,-1.1154363,3,walking
1519421571463,-9.722966,-1.5941644,-1.1920328,3,walking
1519421571468,-9.722966,-1.5367169,-1.1537346,3,walking
1519421571473,-9.742115,-1.3643749,-1.14416,3,walking
1519421571478,-9.655944,-1.3165021,-1.0005416,3,walking
1519421571484,-9.742115,-1.2111819,-0.98139244,3,walking
1519421571489,-9.742115,-1.2111819,-0.98139244,3,walking
1519421571494,-9.7899885,-1.1633091,-1.0101161,3,walking
1519421571499,-9.780414,-1.1345854,-1.0196906,3,walking
1519421571503,-9.732541,-1.0675635,-0.98139244,3,walking
1519421571508,-9.684668,-1.0484143,-0.98139244,3,walking
1519421571513,-9.684668,-1.0484143,-0.98139244,3,walking
1519421571518,-9.62722,-1.0005416,-0.9718179,3,walking
1519421571523,-9.636795,-0.98139244,-0.9430942,3,walking
1519421571527,-9.560199,-0.92394507,-0.93351966,3,walking
1519421571533,-9.579348,-0.8664977,-0.8856468,3,walking
1519421571538,-9.531475,-0.7994758,-0.8856468,3,walking
1519421571544,-9.464453,-0.78990126,-0.8952214,3,walking
1519421571549,-9.41658,-0.76117754,-0.83777404,3,walking
1519421571553,-9.397431,-0.78032666,-0.8186249,3,walking
1519421571558,-9.349558,-0.8281995,-0.78032666,3,walking
1519421571563,-9.301685,-0.8760723,-0.78032666,3,walking
1519421571569,-9.244238,-0.8664977,-0.76117754,3,walking
1519421571573,-9.244238,-0.9430942,-0.7324539,3,walking
1519421571577,-9.244238,-0.93351966,-0.76117754,3,walking
1519421571583,-9.196365,-1.0579889,-0.78032666,3,walking
1519421571588,-9.196365,-1.0962871,-0.78032666,3,walking
1519421571592,-9.148493,-1.2016073,-0.8664977,3,walking
1519421571598,-9.148493,-1.2877784,-0.8952214,3,walking
1519421571604,-9.148493,-1.3643749,-0.92394507,3,walking
1519421571608,-9.110194,-1.383524,-0.99096704,3,walking
1519421571613,-9.071896,-1.5271424,-1.0867126,3,walking
1519421571617,-9.052747,-1.5558661,-1.1058618,3,walking
1519421571623,-9.043172,-1.5845897,-1.2207564,3,walking
1519421571628,-9.014449,-1.6037389,-1.2494801,3,walking
1519421571633,-9.004874,-1.6707608,-1.2973529,3,walking
1519421571638,-8.9761505,-1.7186337,-1.3643749,3,walking
1519421571644,-8.957002,-1.8239537,-1.383524,3,walking
1519421571648,-8.957002,-1.8239537,-1.383524,3,walking
1519421571653,-8.909128,-1.9867213,-1.4026731,3,walking
1519421571658,-8.937852,-2.0537431,-1.4505459,3,walking
1519421571662,-8.937852,-2.1207652,-1.5175679,3,walking
1519421571668,-8.937852,-2.1590633,-1.4313968,3,walking
1519421571673,-8.880404,-2.1782124,-1.3643749,3,walking
1519421571677,-8.870831,-2.1782124,-1.4409714,3,walking
1519421571683,-8.803808,-2.1973617,-1.3643749,3,walking
1519421571688,-8.803808,-2.1399143,-1.2686293,3,walking
1519421571693,-8.765511,-2.1111906,-1.2590547,3,walking
1519421571698,-8.755936,-2.0920415,-1.2207564,3,walking
1519421571703,-8.727212,-2.0824668,-1.2973529,3,walking
1519421571707,-8.7750845,-2.0920415,-1.2877784,3,walking
1519421571713,-8.708063,-2.0920415,-1.2590547,3,walking
1519421571718,-8.6697645,-2.0824668,-1.2686293,3,walking
1519421571723,-8.602742,-2.0537431,-1.2686293,3,walking
1519421571729,-8.5740185,-2.015445,-1.2399056,3,walking
1519421571733,-8.535721,-2.0058703,-1.2303311,3,walking
1519421571738,-8.535721,-2.0058703,-1.2303311,3,walking
1519421571743,-8.545295,-2.034594,-1.1920328,3,walking
1519421571748,-8.526146,-2.0537431,-1.1728836,3,walking
1519421571753,-8.516571,-2.101616,-1.14416,3,walking
1519421571758,-8.497422,-2.1399143,-1.1633091,3,walking
1519421571763,-8.506997,-2.1207652,-1.1345854,3,walking
1519421571768,-8.478273,-2.101616,-1.1250108,3,walking
1519421571773,-8.430401,-2.1303396,-1.1154363,3,walking
1519421571778,-8.392102,-2.1782124,-1.0292653,3,walking
1519421571783,-8.382527,-2.2165108,-1.0771381,3,walking
1519421571788,-8.401677,-2.254809,-1.0579889,3,walking
1519421571793,-8.392102,-2.3314054,-1.0771381,3,walking
1519421571798,-8.334655,-2.3505547,-1.0867126,3,walking
1519421571803,-8.315506,-2.321831,-1.0771381,3,walking
1519421571807,-8.305931,-2.3792782,-1.14416,3,walking
1519421571813,-8.305931,-2.360129,-1.14416,3,walking
1519421571818,-8.315506,-2.3505547,-1.1537346,3,walking
1519421571823,-8.286782,-2.3505547,-1.1728836,3,walking
1519421571827,-8.286782,-2.3505547,-1.1728836,3,walking
1519421571833,-8.296356,-2.321831,-1.1537346,3,walking
1519421571838,-8.296356,-2.3122563,-1.1728836,3,walking
1519421571843,-8.2676325,-2.3122563,-1.1345854,3,walking
1519421571848,-8.315506,-2.2739582,-1.14416,3,walking
1519421571853,-8.353804,-2.2739582,-1.1537346,3,walking
1519421571858,-8.411251,-2.2835326,-1.1633091,3,walking
1519421571862,-8.401677,-2.254809,-1.0579889,3,walking
1519421571868,-8.459125,-2.254809,-1.1250108,3,walking
1519421571873,-8.526146,-2.2643836,-1.0675635,3,walking
1519421571878,-8.526146,-2.2643836,-1.0675635,3,walking
1519421571883,-8.621892,-2.2069361,-1.0292653,3,walking
1519421571889,-8.66019,-2.2452345,-1.0771381,3,walking
1519421571894,-8.803808,-2.187787,-1.0962871,3,walking
1519421571899,-8.870831,-2.254809,-1.1058618,3,walking
1519421571904,-8.995299,-2.3122563,-1.1633091,3,walking
1519421571909,-9.110194,-2.360129,-1.1537346,3,walking
1519421571915,-9.196365,-2.4367256,-1.1824582,3,walking
1519421571919,-9.29211,-2.4367256,-1.1633091,3,walking
1519421571925,-9.445304,-2.5228968,-1.2303311,3,walking
1519421571930,-9.502751,-2.580344,-1.2111819,3,walking
1519421571935,-9.569773,-2.5899186,-1.2782038,3,walking
1519421571940,-9.713391,-2.6282167,-1.2207564,3,walking
1519421571945,-9.780414,-2.666515,-1.2494801,3,walking
1519421571950,-9.837861,-2.7239625,-1.3069274,3,walking
1519421571955,-9.8953085,-2.6856642,-1.3452257,3,walking
1519421571960,-9.991054,-2.7239625,-1.383524,3,walking
1519421571965,-10.058076,-2.7048132,-1.4026731,3,walking
1519421571975,-10.220843,-2.6569405,-1.4601204,3,walking
1519421571979,-10.259142,-2.5994933,-1.469695,3,walking
1519421571984,-10.287866,-2.5899186,-1.4888442,3,walking
1519421571988,-10.287866,-2.5899186,-1.4888442,3,walking
1519421571992,-10.383611,-2.5707695,-1.4218222,3,walking
1519421571998,-10.431483,-2.561195,-1.4409714,3,walking
1519421572003,-10.479357,-2.5228968,-1.469695,3,walking
1519421572007,-10.584677,-2.513322,-1.3548003,3,walking
1519421572012,-10.603826,-2.494173,-1.3260766,3,walking
1519421572017,-10.632549,-2.494173,-1.2494801,3,walking
1519421572022,-10.680422,-2.4845984,-1.2303311,3,walking
1519421572028,-10.661273,-2.4175766,-1.0867126,3,walking
1519421572033,-10.651698,-2.3792782,-1.0292653,3,walking
1519421572038,-10.6134,-2.3122563,-0.92394507,3,walking
1519421572042,-10.469782,-2.149489,-0.751603,3,walking
1519421572048,-10.40276,-2.034594,-0.6845811,3,walking
1519421572053,-10.249567,-1.7473572,-0.6558574,3,walking
1519421572058,-10.249567,-1.7473572,-0.6558574,3,walking
1519421572063,-10.230418,-1.5271424,-0.7420284,3,walking
1519421572068,-10.326163,-1.469695,-0.8856468,3,walking
1519421572073,-10.766593,-1.4218222,-1.383524,3,walking
1519421572078,-10.766593,-1.4218222,-1.383524,3,walking
1519421572082,-11.676176,-1.6803354,-2.0250196,3,walking
1519421572088,-12.183628,-1.8814012,-2.1590633,3,walking
1519421572095,-12.949593,-2.3697038,-2.168638,3,walking
1519421572100,-13.648536,-2.7622607,-2.2452345,3,walking
1519421572105,-13.897474,-2.9441774,-2.1973617,3,walking
1519421572115,-14.299606,-3.2697124,-2.0250196,3,walking
1519421572147,-12.872996,-2.666515,-2.187787,3,walking
1519421572156,-12.748528,-2.475024,-2.3122563,3,walking
1519421572164,-12.451715,-2.149489,-2.666515,3,walking
1519421572169,-12.298523,-1.8814012,-2.7814097,3,walking
1519421572174,-11.992137,-1.1728836,-2.8388572,3,walking
1519421572178,-11.992137,-1.1728836,-2.8388572,3,walking
1519421572184,-11.570856,-0.59841,-2.800559,3,walking
1519421572188,-11.350641,-0.4164934,-2.8101335,3,walking
1519421572193,-11.1208515,-0.3398969,-2.800559,3,walking
1519421572197,-11.015532,-0.30159867,-2.9633265,3,walking
1519421572202,-10.852764,-0.19627848,-3.0016246,3,walking
1519421572207,-10.766593,-0.0718092,-3.0111992,3,walking
1519421572213,-10.527229,0.22500217,-2.9537518,3,walking
1519421572218,-10.441058,0.36862057,-2.8771553,3,walking
1519421572224,-10.278291,0.56968635,-2.7622607,3,walking
1519421572228,-10.0868,0.6845811,-2.6569405,3,walking
1519421572233,-9.62722,0.76117754,-2.5228968,3,walking
1519421572237,-9.62722,0.76117754,-2.5228968,3,walking
1519421572242,-9.263388,0.78990126,-2.1399143,3,walking
1519421572248,-9.119769,0.7228793,-2.1111906,3,walking
1519421572253,-8.9761505,0.6558574,-2.168638,3,walking
1519421572258,-8.765511,0.37819514,-2.427151,3,walking
1519421572263,-8.286782,-0.13883112,-2.5037475,3,walking
1519421572268,-8.00912,-0.33032233,-2.3122563,3,walking
1519421572274,-7.7984796,-0.46436617,-2.034594,3,walking
1519421572279,-7.9037995,-0.5313881,-2.0728924,3,walking
1519421572284,-7.9325233,-0.76117754,-1.9962958,3,walking
1519421572289,-7.855927,-0.8664977,-1.9388485,3,walking
1519421572294,-7.922949,-0.85692316,-1.7377827,3,walking
1519421572299,-8.056993,-0.8281995,-1.5750152,3,walking
1519421572304,-8.363379,-0.98139244,-1.9962958,3,walking
1519421572315,-8.842107,-1.929274,-2.2260852,3,walking
1519421572319,-9.110194,-1.929274,-2.0824668,3,walking
1519421572325,-9.320834,-1.8814012,-2.1303396,3,walking
1519421572335,-9.770839,-1.5941644,-2.3792782,3,walking
1519421572340,-9.904882,-1.4409714,-2.2835326,3,walking
1519421572345,-10.019777,-1.2973529,-2.015445,3,walking
1519421572350,-10.230418,-1.1824582,-1.7282082,3,walking
1519421572356,-10.230418,-1.2494801,-2.0058703,3,walking
1519421572360,-10.29744,-1.4026731,-2.1207652,3,walking
1519421572366,-10.709146,-1.6611862,-2.2260852,3,walking
1519421572371,-10.766593,-1.8526775,-2.321831,3,walking
1519421572376,-10.747444,-1.8048047,-2.3888528,3,walking
1519421572381,-10.374036,-1.4218222,-2.2260852,3,walking
1519421572386,-10.230418,-1.2303311,-2.2356598,3,walking
1519421572391,-10.144247,-1.0675635,-2.3026817,3,walking
1519421572396,-10.163396,-0.8952214,-2.3026817,3,walking
1519421572401,-10.144247,-0.76117754,-2.360129,3,walking
1519421572406,-10.0868,-0.5505372,-2.5324712,3,walking
1519421572411,-10.000628,-0.42606795,-2.5420458,3,walking
1519421572415,-10.000628,-0.23457673,-2.6377914,3,walking
1519421572419,-10.000628,-0.023936402,-2.6856642,3,walking
1519421572424,-9.943181,0.18670394,-2.6090677,3,walking
1519421572428,-9.991054,0.30159867,-2.5516202,3,walking
1519421572433,-9.933606,0.3111732,-2.5324712,3,walking
1519421572437,-9.96233,0.27287498,-2.5037475,3,walking
1519421572442,-10.038927,0.26330042,-2.4463003,3,walking
1519421572448,-10.038927,0.2154276,-2.4463003,3,walking
1519421572453,-10.153821,0.081383765,-2.4175766,3,walking
1519421572458,-10.19212,0.023936402,-2.4463003,3,walking
1519421572463,-10.172971,-0.15798025,-2.4175766,3,walking
1519421572467,-10.172971,-0.15798025,-2.4175766,3,walking
1519421572472,-10.038927,-0.4835153,-2.4845984,3,walking
1519421572478,-10.010203,-0.56011176,-2.475024,3,walking
1519421572482,-9.924032,-0.6750065,-2.4175766,3,walking
1519421572487,-9.7899885,-0.83777404,-2.4175766,3,walking
1519421572492,-9.684668,-1.0675635,-2.4175766,3,walking
1519421572497,-9.64637,-1.14416,-2.4175766,3,walking
1519421572502,-9.703817,-1.2016073,-2.4845984,3,walking
1519421572507,-9.722966,-1.3069274,-2.4654493,3,walking
1519421572513,-9.7899885,-1.383524,-2.5516202,3,walking
1519421572518,-9.732541,-1.4218222,-2.5707695,3,walking
1519421572524,-9.703817,-1.4409714,-2.5994933,3,walking
1519421572528,-9.64637,-1.5175679,-2.5994933,3,walking
1519421572533,-9.598496,-1.5367169,-2.666515,3,walking
1519421572537,-9.483603,-1.5367169,-2.7239625,3,walking
1519421572542,-9.349558,-1.5175679,-2.7431116,3,walking
1519421572548,-9.320834,-1.4505459,-2.733537,3,walking
1519421572553,-9.234664,-1.3930986,-2.800559,3,walking
1519421572558,-9.148493,-1.383524,-2.8101335,3,walking
1519421572563,-9.0814705,-1.3548003,-2.6569405,3,walking
1519421572567,-9.024023,-1.2782038,-2.6760898,3,walking
1519421572573,-9.033598,-1.2207564,-2.5994933,3,walking
1519421572577,-9.033598,-1.2207564,-2.5994933,3,walking
1519421572582,-9.0814705,-1.1824582,-2.733537,3,walking
1519421572587,-9.014449,-1.2303311,-2.7048132,3,walking
1519421572592,-8.937852,-1.3069274,-2.5994933,3,walking
1519421572597,-8.880404,-1.3452257,-2.6090677,3,walking
1519421572602,-8.880404,-1.3930986,-2.580344,3,walking
1519421572607,-8.822957,-1.4505459,-2.5420458,3,walking
1519421572612,-8.832532,-1.4792696,-2.5420458,3,walking
1519421572617,-8.784659,-1.5462915,-2.494173,3,walking
1519421572622,-8.746361,-1.6611862,-2.427151,3,walking
1519421572627,-8.746361,-1.6611862,-2.427151,3,walking
1519421572632,-8.650616,-1.776081,-2.2739582,3,walking
1519421572637,-8.641041,-1.8335283,-2.2165108,3,walking
1519421572642,-8.612317,-1.8909757,-2.015445,3,walking
1519421572647,-8.612317,-1.8909757,-2.015445,3,walking
1519421572652,-8.411251,-1.8909757,-1.8239537,3,walking
1519421572657,-8.401677,-1.8814012,-1.776081,3,walking
1519421572662,-8.392102,-1.8526775,-1.7569319,3,walking
1519421572667,-8.248484,-1.8814012,-1.6994845,3,walking
1519421572672,-8.200611,-1.862252,-1.7473572,3,walking
1519421572677,-8.171887,-1.8526775,-1.7569319,3,walking
1519421572682,-8.143164,-1.8239537,-1.7856555,3,walking
1519421572687,-7.9420977,-1.7377827,-1.6899099,3,walking
1519421572692,-7.894225,-1.5654407,-1.5750152,3,walking
1519421572697,-7.894225,-1.5654407,-1.5750152,3,walking
1519421572702,-7.7506065,-1.3739494,-1.4313968,3,walking
1519421572707,-7.721883,-1.2494801,-1.4026731,3,walking
1519421572712,-7.7314577,-1.0962871,-1.3356512,3,walking
1519421572717,-7.7314577,-1.0962871,-1.3356512,3,walking
1519421572722,-7.6452866,-1.0005416,-1.2782038,3,walking
1519421572727,-7.616563,-0.9622433,-1.2303311,3,walking
1519421572731,-7.5782647,-0.9622433,-1.2303311,3,walking
1519421572737,-7.6069884,-0.9526688,-1.14416,3,walking
1519421572742,-7.616563,-0.9430942,-1.14416,3,walking
1519421572747,-7.664436,-0.9526688,-1.0867126,3,walking
1519421572752,-7.664436,-1.0292653,-1.0388398,3,walking
1519421572758,-7.769756,-1.0579889,-0.92394507,3,walking
1519421572763,-7.808054,-1.1920328,-0.8760723,3,walking
1519421572768,-7.8272033,-1.2207564,-0.83777404,3,walking
1519421572773,-7.8846507,-1.2686293,-0.85692316,3,walking
1519421572778,-7.9037995,-1.3452257,-0.8186249,3,walking
1519421572783,-7.961247,-1.5079932,-0.8760723,3,walking
1519421572788,-7.9708214,-1.5845897,-0.8760723,3,walking
1519421572794,-7.961247,-1.6707608,-0.90479594,3,walking
1519421572798,-7.9803963,-1.7473572,-0.9526688,3,walking
1519421572804,-7.999545,-1.79523,-0.9526688,3,walking
1519421572808,-8.037844,-1.8909757,-1.0101161,3,walking
1519421572814,-8.143164,-2.015445,-1.1728836,3,walking
1519421572819,-8.200611,-2.0633178,-1.2111819,3,walking
1519421572824,-8.181462,-2.1207652,-1.2686293,3,walking
1519421572834,-8.34423,-2.1399143,-1.3165021,3,walking
1519421572839,-8.401677,-2.0058703,-1.1345854,3,walking
1519421572844,-8.459125,-2.0058703,-1.0962871,3,walking
1519421572849,-8.535721,-2.101616,-1.1537346,3,walking
1519421572855,-8.698488,-2.149489,-1.1250108,3,walking
1519421572865,-9.033598,-2.2260852,-0.9718179,3,walking
1519421572870,-9.062322,-2.1782124,-1.0101161,3,walking
1519421572875,-9.119769,-2.1303396,-0.9430942,3,walking
1519421572880,-9.31126,-2.1111906,-1.0388398,3,walking
1519421572885,-9.320834,-2.0920415,-1.0579889,3,walking
1519421572890,-9.464453,-2.101616,-1.1058618,3,walking
1519421572896,-9.5889225,-2.0824668,-1.1537346,3,walking
1519421572900,-9.655944,-2.1590633,-1.3643749,3,walking
1519421572906,-9.732541,-2.1590633,-1.5079932,3,walking
1519421572911,-9.904882,-2.1207652,-1.7282082,3,walking
1519421572916,-10.0868,-1.9867213,-1.8335283,3,walking
1519421572922,-10.259142,-1.9005502,-2.0441687,3,walking
1519421572928,-10.555953,-1.79523,-2.4654493,3,walking
1519421572933,-10.766593,-1.709059,-2.6377914,3,walking
1519421572938,-11.015532,-1.6133134,-2.8771553,3,walking
1519421572943,-11.848518,-1.6037389,-3.518651,3,walking
1519421572948,-12.451715,-1.6420372,-3.9399316,3,walking
1519421572953,-12.997466,-1.7186337,-4.2463174,3,walking
1519421572960,-14.050668,-1.8431029,-4.610151,3,walking
1519421572965,-14.261308,-2.0250196,-4.648449,3,walking
1519421572970,-14.366628,-2.647366,-4.5622783,3,walking
1519421572975,-14.32833,-2.9824755,-4.4186597,3,walking
1519421572980,-14.242159,-3.384607,-4.2558923,3,walking
1519421572985,-13.974071,-3.758015,-4.1026993,3,walking
1519421572994,-13.083637,-4.696322,-3.4420545,3,walking
1519421573011,-11.484685,-5.2707953,-2.9346027,3,walking
1519421573016,-11.1208515,-5.28037,-2.8484318,3,walking
1519421573021,-10.871913,-5.328243,-2.8292825,3,walking
1519421573027,-10.268716,-5.28037,-2.8101335,3,walking
1519421573032,-9.924032,-5.1367517,-2.9154537,3,walking
1519421573038,-9.780414,-5.0314317,-2.9824755,3,walking
1519421573043,-9.675094,-4.954835,-3.059072,3,walking
1519421573048,-9.502751,-4.9835587,-3.1452432,3,walking
1519421573054,-9.445304,-5.079304,-3.1643922,3,walking
1519421573064,-9.41658,-5.366541,-3.231414,3,walking
1519421573068,-9.483603,-5.4239883,-3.2409887,3,walking
1519421573074,-9.569773,-5.538883,-3.1835413,3,walking
1519421573084,-9.550624,-5.9314404,-2.7814097,3,walking
1519421573088,-9.531475,-6.0367603,-2.5994933,3,walking
1519421573093,-9.550624,-6.132506,-2.5037475,3,walking
1519421573102,-9.54105,-6.1612296,-2.1973617,3,walking
1519421573107,-9.62722,-6.0463347,-2.0441687,3,walking
1519421573112,-9.560199,-5.9027166,-1.6899099,3,walking
1519421573116,-9.474028,-5.7495236,-1.5654407,3,walking
1519421573121,-9.177217,-5.2420716,-1.3165021,3,walking
1519421573126,-9.177217,-5.2420716,-1.3165021,3,walking
1519421573131,-8.909128,-4.6675982,-1.1154363,3,walking
1519421573137,-8.813383,-4.3612123,-1.0579889,3,walking
1519421573142,-8.612317,-3.825037,-0.99096704,3,walking
1519421573146,-8.612317,-3.825037,-0.99096704,3,walking
1519421573151,-8.583593,-3.3080106,-1.0962871,3,walking
1519421573156,-8.545295,-3.0686467,-1.0101161,3,walking
1519421573161,-8.55487,-2.8292825,-1.0579889,3,walking
1519421573167,-8.612317,-2.408002,-1.0101161,3,walking
1519421573172,-8.593168,-2.0824668,-0.91437054,3,walking
1519421573177,-8.593168,-2.0824668,-0.91437054,3,walking
1519421573182,-8.755936,-1.8718265,-0.9622433,3,walking
1519421573187,-8.832532,-1.8718265,-0.9526688,3,walking
1519421573192,-8.889979,-1.8431029,-0.9430942,3,walking
1519421573197,-9.024023,-1.8718265,-0.9622433,3,walking
1519421573202,-9.158067,-1.9962958,-0.9430942,3,walking
1519421573207,-9.368708,-2.1111906,-1.0675635,3,walking
1519421573212,-9.531475,-2.34098,-1.1154363,3,walking
1519421573217,-9.531475,-2.34098,-1.1154363,3,walking
1519421573222,-9.742115,-2.5037475,-1.0196906,3,walking
1519421573227,-9.732541,-2.6377914,-0.98139244,3,walking
1519421573232,-9.828286,-2.752686,-0.99096704,3,walking
1519421573237,-9.904882,-3.0686467,-0.98139244,3,walking
1519421573243,-10.019777,-3.2888615,-1.0101161,3,walking
1519421573247,-10.105948,-3.3367343,-0.9622433,3,walking
1519421573253,-10.105948,-3.3941817,-0.99096704,3,walking
1519421573258,-10.115523,-3.4133308,-0.93351966,3,walking
1519421573263,-10.0868,-3.451629,-0.92394507,3,walking
1519421573268,-10.029352,-3.4707782,-0.85692316,3,walking
1519421573273,-9.952756,-3.4612036,-0.85692316,3,walking
1519421573278,-9.684668,-3.4133308,-0.751603,3,walking
1519421573283,-9.512326,-3.3750327,-0.7420284,3,walking
1519421573288,-9.3878565,-3.2888615,-0.71330476,3,walking
1519421573294,-9.119769,-3.059072,-0.5888355,3,walking
1519421573298,-8.985725,-2.9346027,-0.54096264,3,walking
1519421573304,-8.889979,-2.800559,-0.5313881,3,walking
1519421573314,-8.602742,-2.6186423,-0.40691882,3,walking
1519421573319,-8.545295,-2.5516202,-0.34947145,3,walking
1519421573324,-8.545295,-2.561195,-0.25372586,3,walking
1519421573335,-8.641041,-2.408002,-0.11968201,3,walking
1519421573339,-8.717637,-2.408002,-0.10053288,3,walking
1519421573345,-8.861256,-2.3697038,0.0,3,walking
1519421573349,-8.928278,-2.360129,0.0718092,3,walking
1519421573355,-8.9761505,-2.3505547,0.13883112,3,walking
1519421573360,-9.052747,-2.4463003,0.23457673,3,walking
1519421573365,-9.110194,-2.494173,0.22500217,3,walking
1519421573370,-9.18679,-2.4845984,0.2441513,3,walking
1519421573375,-9.18679,-2.5228968,0.2920241,3,walking
1519421573380,-9.167642,-2.475024,0.34947145,3,walking
1519421573386,-9.100619,-2.3505547,0.47394073,3,walking
1519421573391,-8.957002,-2.254809,0.5218136,3,walking
1519421573396,-8.957002,-2.254809,0.5218136,3,walking
1519421573401,-8.918703,-2.1303396,0.6079846,3,walking
1519421573407,-8.918703,-1.9771467,0.6271337,3,walking
1519421573412,-8.880404,-1.7569319,0.6271337,3,walking
1519421573417,-8.957002,-1.622888,0.63670826,3,walking
1519421573422,-9.119769,-1.5175679,0.5888355,3,walking
1519421573427,-9.20594,-1.5367169,0.54096264,3,walking
1519421573433,-9.349558,-1.5271424,0.45479164,3,walking
1519421573438,-9.483603,-1.5367169,0.3398969,3,walking
1519421573443,-9.75169,-1.5367169,0.22500217,3,walking
1519421573448,-9.876159,-1.4792696,0.15798025,3,walking
1519421573453,-10.172971,-1.4122477,0.014361841,3,walking
1519421573458,-10.239992,-1.383524,0.0,3,walking
1519421573465,-10.374036,-1.3165021,-0.09095833,3,walking
1519421573470,-10.565528,-1.2303311,-0.13883112,3,walking
1519421573476,-10.642124,-1.1633091,-0.27287498,3,walking
1519421573480,-10.785743,-1.0675635,-0.3877697,3,walking
1519421573486,-10.785743,-1.0675635,-0.3877697,3,walking
1519421573492,-10.910212,-0.98139244,-0.44521707,3,walking
1519421573498,-10.996383,-0.9718179,-0.47394073,3,walking
1519421573503,-10.986808,-0.98139244,-0.44521707,3,walking
1519421573508,-11.05383,-0.90479594,-0.40691882,3,walking
1519421573513,-11.05383,-0.91437054,-0.4164934,3,walking
1519421573518,-10.967659,-0.85692316,-0.40691882,3,walking
1519421573524,-10.938935,-0.8186249,-0.3398969,3,walking
1519421573528,-10.852764,-0.70373017,-0.28244954,3,walking
1519421573534,-10.814466,-0.6079846,-0.2154276,3,walking
1519421573539,-10.699572,-0.5505372,-0.20585304,3,walking
1519421573544,-10.498506,-0.44521707,-0.22500217,3,walking
1519421573549,-10.431483,-0.42606795,-0.2920241,3,walking
1519421573554,-10.364462,-0.37819514,-0.27287498,3,walking
1519421573563,-10.115523,-0.25372586,-0.3398969,3,walking
1519421573568,-10.019777,-0.20585304,-0.34947145,3,walking
1519421573573,-9.943181,-0.14840569,-0.36862057,3,walking
1519421573582,-9.770839,-0.2154276,-0.49308985,3,walking
1519421573586,-9.713391,-0.25372586,-0.45479164,3,walking
1519421573591,-9.655944,-0.2920241,-0.54096264,3,walking
1519421573596,-9.579348,-0.46436617,-0.5792609,3,walking
1519421573601,-9.474028,-0.5218136,-0.56968635,3,walking
1519421573606,-9.339984,-0.59841,-0.5505372,3,walking
1519421573611,-9.129343,-0.83777404,-0.5505372,3,walking
1519421573617,-9.0814705,-0.9526688,-0.61755913,3,walking
1519421573622,-9.004874,-1.0675635,-0.61755913,3,walking
1519421573626,-8.947427,-1.2303311,-0.6558574,3,walking
1519421573631,-8.851681,-1.4218222,-0.71330476,3,walking
1519421573636,-8.7750845,-1.4984187,-0.7324539,3,walking
1519421573641,-8.765511,-1.6037389,-0.77075213,3,walking
1519421573646,-8.746361,-1.6324625,-0.8090504,3,walking
1519421573651,-8.688913,-1.7377827,-0.8281995,3,walking
1519421573656,-8.736787,-1.7665064,-0.8952214,3,walking
1519421573661,-8.765511,-1.79523,-0.9526688,3,walking
1519421573666,-8.889979,-1.8526775,-1.0196906,3,walking
1519421573671,-8.947427,-1.9005502,-1.0292653,3,walking
1519421573676,-8.9761505,-1.948423,-1.1345854,3,walking
1519421573681,-9.0814705,-1.948423,-1.1824582,3,walking
1519421573686,-9.110194,-2.0920415,-1.2686293,3,walking
1519421573691,-9.148493,-2.168638,-1.3069274,3,walking
1519421573696,-9.244238,-2.1973617,-1.3260766,3,walking
1519421573701,-9.320834,-2.3314054,-1.3452257,3,walking
1519421573707,-9.31126,-2.3697038,-1.3548003,3,walking
1519421573711,-9.272962,-2.494173,-1.3260766,3,walking
1519421573716,-9.272962,-2.494173,-1.3260766,3,walking
1519421573721,-9.301685,-2.580344,-1.4218222,3,walking
1519421573726,-9.29211,-2.580344,-1.383524,3,walking
1519421573731,-9.244238,-2.6569405,-1.3930986,3,walking
1519421573736,-9.263388,-2.647366,-1.4601204,3,walking
1519421573742,-9.368708,-2.7431116,-1.4888442,3,walking
1519421573747,-9.407005,-2.8292825,-1.5558661,3,walking
1519421573751,-9.454879,-2.8484318,-1.5462915,3,walking
1519421573756,-9.62722,-2.9920502,-1.6420372,3,walking
1519421573761,-9.828286,-3.0973704,-1.6994845,3,walking
1519421573767,-9.952756,-3.2409887,-1.7569319,3,walking
1519421573772,-10.048501,-3.3175852,-1.79523,3,walking
1519421573777,-10.172971,-3.384607,-1.7665064,3,walking
1519421573782,-10.383611,-3.5856729,-1.6803354,3,walking
1519421573787,-10.479357,-3.6431203,-1.6803354,3,walking
1519421573793,-10.555953,-3.777164,-1.5175679,3,walking
1519421573797,-10.555953,-3.825037,-1.4792696,3,walking
1519421573803,-10.565528,-3.8729098,-1.4888442,3,walking
1519421573814,-10.527229,-3.9686553,-1.3739494,3,walking
1519421573818,-10.517654,-3.9782298,-1.3452257,3,walking
1519421573824,-10.527229,-3.9590807,-1.3260766,3,walking
1519421573834,-10.469782,-3.8729098,-1.383524,3,walking
1519421573839,-10.498506,-3.844186,-1.4026731,3,walking
1519421573844,-10.584677,-3.7388659,-1.4313968,3,walking
1519421573849,-10.651698,-3.7101421,-1.469695,3,walking
1519421573854,-10.785743,-3.6335456,-1.5941644,3,walking
1519421573859,-10.996383,-3.4707782,-1.622888,3,walking
1519421573865,-11.130426,-3.4324799,-1.6611862,3,walking
1519421573869,-11.216598,-3.4229054,-1.6899099,3,walking
1519421573875,-11.331492,-3.3367343,-1.7282082,3,walking
1519421573879,-11.532558,-3.231414,-1.8048047,3,walking
1519421573885,-11.561282,-3.2409887,-1.8143792,3,walking
1519421573890,-11.551707,-3.2218397,-1.8431029,3,walking
1519421573895,-11.551707,-3.1643922,-1.9196993,3,walking
1519421573901,-11.398514,-3.0877957,-1.8335283,3,walking
1519421573907,-11.197449,-3.0111992,-1.8909757,3,walking
1519421573912,-11.082554,-2.9824755,-1.8718265,3,walking
1519421573917,-10.910212,-2.9250283,-1.862252,3,walking
1519421573922,-10.555953,-2.88673,-1.8239537,3,walking
1519421573927,-10.345312,-2.8292825,-1.776081,3,walking
1519421573933,-10.163396,-2.7718353,-1.7473572,3,walking
1519421573937,-9.799562,-2.6856642,-1.6803354,3,walking
1519421573943,-9.636795,-2.647366,-1.6516117,3,walking
1519421573947,-9.474028,-2.6569405,-1.5654407,3,walking
1519421573953,-9.2825365,-2.733537,-1.5175679,3,walking
1519421573958,-9.138918,-2.7431116,-1.5079932,3,walking
1519421573963,-9.043172,-2.8292825,-1.5271424,3,walking
1519421573973,-8.889979,-2.9346027,-1.5941644,3,walking
1519421573978,-8.947427,-2.9537518,-1.6803354,3,walking
1519421573984,-8.937852,-2.972901,-1.6803354,3,walking
1519421573988,-9.100619,-2.88673,-1.8718265,3,walking
1519421573994,-9.196365,-2.8963046,-1.948423,3,walking
1519421573999,-9.339984,-2.8771553,-1.9962958,3,walking
1519421574004,-9.579348,-2.8963046,-2.168638,3,walking
1519421574009,-9.675094,-2.9250283,-2.1973617,3,walking
1519421574014,-9.837861,-2.9537518,-2.2643836,3,walking
1519421574019,-10.06765,-2.9441774,-2.3026817,3,walking
1519421574025,-10.163396,-2.9250283,-2.3314054,3,walking
1519421574029,-10.278291,-2.9154537,-2.3697038,3,walking
1519421574035,-10.335738,-2.9250283,-2.3697038,3,walking
1519421574039,-10.441058,-2.9633265,-2.34098,3,walking
1519421574045,-10.517654,-3.020774,-2.2643836,3,walking
1519421574050,-10.498506,-3.0686467,-2.1782124,3,walking
1519421574055,-10.565528,-3.0877957,-2.1303396,3,walking
1519421574061,-10.536804,-3.0494976,-2.0824668,3,walking
1519421574066,-10.527229,-3.0016246,-2.0537431,3,walking
1519421574071,-10.479357,-2.972901,-1.929274,3,walking
1519421574076,-10.479357,-2.972901,-1.929274,3,walking
1519421574081,-10.287866,-2.7718353,-1.6707608,3,walking
1519421574087,-10.134672,-2.7622607,-1.5750152,3,walking
1519421574092,-10.06765,-2.714388,-1.5079932,3,walking
1519421574097,-9.96233,-2.6952388,-1.5462915,3,walking
1519421574101,-9.732541,-2.6952388,-1.4888442,3,walking
1519421574107,-9.64637,-2.6569405,-1.5175679,3,walking
1519421574112,-9.579348,-2.6377914,-1.4984187,3,walking
1519421574117,-9.31126,-2.5228968,-1.4792696,3,walking
1519421574123,-9.20594,-2.4367256,-1.5175679,3,walking
1519421574133,-8.937852,-2.3792782,-1.5175679,3,walking
1519421574138,-8.899554,-2.3505547,-1.5367169,3,walking
1519421574143,-8.851681,-2.3984275,-1.5558661,3,walking
1519421574152,-8.803808,-2.3314054,-1.5654407,3,walking
1519421574156,-8.803808,-2.3314054,-1.5654407,3,walking
1519421574160,-8.765511,-2.2835326,-1.5462915,3,walking
1519421574165,-8.803808,-2.2643836,-1.5654407,3,walking
1519421574171,-8.842107,-2.2452345,-1.5654407,3,walking
1519421574175,-8.842107,-2.2069361,-1.5462915,3,walking
1519421574181,-8.899554,-2.2165108,-1.5750152,3,walking
1519421574185,-8.947427,-2.1782124,-1.5750152,3,walking
1519421574191,-8.995299,-2.0920415,-1.5558661,3,walking
1519421574196,-8.995299,-2.0920415,-1.5558661,3,walking
1519421574200,-9.033598,-2.0058703,-1.4505459,3,walking
1519421574206,-9.119769,-1.9579976,-1.4313968,3,walking
1519421574210,-9.29211,-2.0250196,-1.5367169,3,walking
1519421574216,-9.29211,-2.0250196,-1.5367169,3,walking
1519421574221,-9.445304,-2.0824668,-1.5750152,3,walking
1519421574225,-9.41658,-2.0441687,-1.469695,3,walking
1519421574230,-9.474028,-1.9675722,-1.4218222,3,walking
1519421574235,-9.474028,-1.9675722,-1.4218222,3,walking
1519421574241,-9.493176,-1.9196993,-1.4122477,3,walking
1519421574246,-9.531475,-1.9196993,-1.3930986,3,walking
1519421574251,-9.550624,-1.9388485,-1.4026731,3,walking
1519421574255,-9.502751,-1.9101248,-1.3260766,3,walking
1519421574260,-9.464453,-1.929274,-1.2877784,3,walking
1519421574265,-9.435729,-1.8814012,-1.2590547,3,walking
1519421574270,-9.378282,-1.8814012,-1.2590547,3,walking
1519421574276,-9.2825365,-1.7665064,-1.1728836,3,walking
1519421574280,-9.272962,-1.6899099,-1.1920328,3,walking
1519421574285,-9.234664,-1.6420372,-1.1345854,3,walking
1519421574290,-9.091045,-1.5558661,-1.1537346,3,walking
1519421574295,-9.052747,-1.5079932,-1.1058618,3,walking
1519421574300,-8.995299,-1.4409714,-1.1345854,3,walking
1519421574305,-8.928278,-1.4218222,-1.1058618,3,walking
1519421574311,-8.861256,-1.3165021,-1.0867126,3,walking
1519421574316,-8.822957,-1.2686293,-1.0292653,3,walking
1519421574320,-8.698488,-1.1824582,-1.0292653,3,walking
1519421574325,-8.698488,-1.1824582,-1.0292653,3,walking
1519421574331,-8.593168,-1.1345854,-1.0292653,3,walking
1519421574335,-8.526146,-1.1058618,-0.9430942,3,walking
1519421574340,-8.44955,-1.1058618,-0.9622433,3,walking
1519421574345,-8.363379,-1.0579889,-0.9718179,3,walking
1519421574350,-8.296356,-1.0292653,-0.99096704,3,walking
1519421574355,-8.248484,-1.0579889,-0.9718179,3,walking
1519421574360,-8.133589,-1.0196906,-0.98139244,3,walking
1519421574366,-8.085716,-1.0388398,-0.9622433,3,walking
1519421574370,-8.037844,-1.0388398,-0.98139244,3,walking
1519421574376,-7.9803963,-1.0771381,-0.9718179,3,walking
1519421574381,-7.846352,-1.1154363,-0.9526688,3,walking
1519421574386,-7.7984796,-1.1633091,-0.9430942,3,walking
1519421574390,-7.7506065,-1.2207564,-0.91437054,3,walking
1519421574395,-7.7506065,-1.2207564,-0.91437054,3,walking
1519421574401,-7.654861,-1.3165021,-0.91437054,3,walking
1519421574406,-7.654861,-1.3069274,-0.8760723,3,walking
1519421574410,-7.5782647,-1.3452257,-0.85692316,3,walking
1519421574415,-7.501668,-1.4505459,-0.8760723,3,walking
1519421574420,-7.4729443,-1.4792696,-0.8186249,3,walking
1519421574426,-7.434646,-1.5367169,-0.7420284,3,walking
1519421574431,-7.396348,-1.5845897,-0.69415563,3,walking
1519421574436,-7.3771987,-1.6803354,-0.70373017,3,walking
1519421574440,-7.35805,-1.7569319,-0.6845811,3,walking
1519421574446,-7.35805,-1.7569319,-0.6845811,3,walking
1519421574450,-7.329326,-1.79523,-0.6750065,3,walking
1519421574455,-7.329326,-1.8335283,-0.70373017,3,walking
1519421574460,-7.35805,-1.8909757,-0.64628285,3,walking
1519421574465,-7.4059224,-1.929274,-0.69415563,3,walking
1519421574470,-7.511243,-1.9579976,-0.78032666,3,walking
1519421574475,-7.6069884,-1.9867213,-0.7228793,3,walking
1519421574480,-7.6261373,-2.0058703,-0.78032666,3,walking
1519421574485,-7.6261373,-2.0058703,-0.78032666,3,walking
1519421574491,-7.8367777,-1.9867213,-0.8473486,3,walking
1519421574495,-7.875076,-1.9867213,-0.85692316,3,walking
1519421574500,-7.9516726,-1.9962958,-0.8664977,3,walking
1519421574505,-8.1623125,-1.9388485,-0.8664977,3,walking
1519421574510,-8.286782,-1.929274,-0.90479594,3,walking
1519421574515,-8.420826,-1.9005502,-0.8952214,3,walking
1519421574520,-8.641041,-1.9005502,-0.91437054,3,walking
1519421574526,-8.794233,-1.8718265,-1.0005416,3,walking
1519421574531,-8.889979,-1.8718265,-1.0005416,3,walking
1519421574536,-9.033598,-1.8526775,-1.0962871,3,walking
1519421574541,-9.359133,-1.8239537,-1.2494801,3,walking
1519421574546,-9.608071,-1.79523,-1.3452257,3,walking
1519421574550,-9.809137,-1.79523,-1.4601204,3,walking
1519421574556,-10.287866,-1.7665064,-1.6994845,3,walking
1519421574561,-10.728295,-1.8239537,-1.9579976,3,walking
1519421574566,-10.919786,-1.8814012,-2.0250196,3,walking
1519421574572,-10.92936,-1.9675722,-2.034594,3,walking
1519421574582,-10.814466,-2.3122563,-1.8909757,3,walking
1519421574587,-10.71872,-2.3792782,-1.8909757,3,walking
1519421574591,-10.622974,-2.513322,-1.79523,3,walking
1519421574596,-10.536804,-2.5324712,-1.7473572,3,walking
1519421574600,-10.307014,-2.6186423,-1.6133134,3,walking
1519421574605,-10.307014,-2.6186423,-1.6133134,3,walking
1519421574610,-10.163396,-2.7622607,-1.622888,3,walking
1519421574616,-10.163396,-2.8963046,-1.6133134,3,walking
1519421574620,-10.096374,-3.020774,-1.5654407,3,walking
1519421574625,-10.144247,-3.0877957,-1.6516117,3,walking
1519421574630,-10.316589,-3.231414,-1.776081,3,walking
1519421574635,-10.498506,-3.2888615,-1.8239537,3,walking
1519421574640,-10.699572,-3.3367343,-1.8909757,3,walking
1519421574645,-10.938935,-3.4037561,-1.9196993,3,walking
1519421574650,-11.398514,-3.6526947,-1.9771467,3,walking
1519421574655,-11.609155,-3.8058877,-2.0824668,3,walking
1519421574660,-11.771922,-4.0261025,-2.0728924,3,walking
1519421574665,-12.068733,-4.4186597,-2.0441687,3,walking
1519421574670,-12.097457,-4.619725,-1.9962958,3,walking
1519421574675,-12.135756,-4.801642,-1.948423,3,walking
1519421574680,-12.126181,-5.1271772,-1.948423,3,walking
1519421574686,-12.059159,-5.2516465,-1.9196993,3,walking
1519421574690,-11.944264,-5.309094,-1.8814012,3,walking
1519421574695,-11.781497,-5.2899446,-1.8048047,3,walking
1519421574700,-11.38894,-5.261221,-1.8431029,3,walking
1519421574705,-11.207023,-5.222923,-1.8335283,3,walking
1519421574710,-10.881488,-4.8782387,-1.79523,3,walking
1519421574715,-10.881488,-4.8782387,-1.79523,3,walking
1519421574720,-10.431483,-4.5527034,-1.6994845,3,walking
1519421574725,-10.239992,-4.4090853,-1.6803354,3,walking
1519421574730,-10.125097,-4.2654667,-1.6994845,3,walking
1519421574735,-10.125097,-4.2654667,-1.6994845,3,walking
1519421574740,-9.722966,-3.8346114,-1.5845897,3,walking
1519421574745,-9.665519,-3.758015,-1.5750152,3,walking
1519421574750,-9.5219,-3.4899273,-1.4122477,3,walking
1519421574755,-9.512326,-3.2888615,-1.3069274,3,walking
1519421574761,-9.464453,-3.0303483,-1.1920328,3,walking
1519421574765,-9.464453,-3.0303483,-1.1920328,3,walking
1519421574770,-9.502751,-3.020774,-1.0484143,3,walking
1519421574776,-9.636795,-3.0016246,-0.99096704,3,walking
1519421574780,-9.675094,-3.020774,-0.90479594,3,walking
1519421574785,-9.75169,-3.039923,-0.8186249,3,walking
1519421574790,-9.703817,-3.126094,-0.63670826,3,walking
1519421574795,-9.703817,-3.126094,-0.5313881,3,walking
1519421574800,-9.655944,-3.0973704,-0.40691882,3,walking
1519421574805,-9.655944,-3.0973704,-0.40691882,3,walking
1519421574811,-9.579348,-2.9633265,-0.20585304,3,walking
1519421574816,-9.54105,-3.039923,-0.13883112,3,walking
1519421574821,-9.569773,-3.0877957,-0.11968201,3,walking
1519421574832,-9.560199,-3.3750327,-0.14840569,3,walking
1519421574837,-9.493176,-3.4707782,-0.11968201,3,walking
1519421574842,-9.426155,-3.518651,-0.11968201,3,walking
1519421574847,-9.330409,-3.451629,0.023936402,3,walking
1519421574852,-9.29211,-3.4229054,0.00478728,3,walking
1519421574861,-9.129343,-3.4229054,-0.00478728,3,walking
1519421574866,-9.100619,-3.5282254,-0.062234644,3,walking
1519421574870,-9.167642,-3.604822,-0.11968201,3,walking
1519421574875,-9.167642,-3.604822,-0.11968201,3,walking
1519421574880,-9.158067,-3.6622694,-0.110107444,3,walking
1519421574885,-9.110194,-3.6143966,-0.12925656,3,walking
1519421574890,-9.148493,-3.6143966,-0.19627848,3,walking
1519421574897,-9.148493,-3.6143966,-0.19627848,3,walking
1519421574902,-9.225089,-3.6526947,-0.081383765,3,walking
1519421574907,-9.253813,-3.690993,-0.0718092,3,walking
1519421574912,-9.215514,-3.6335456,-0.00478728,3,walking
1519421574922,-9.301685,-3.5473747,0.081383765,3,walking
1519421574926,-9.339984,-3.518651,0.12925656,3,walking
1519421574931,-9.407005,-3.451629,0.15798025,3,walking
1519421574935,-9.474028,-3.3750327,0.22500217,3,walking
1519421574940,-9.502751,-3.3367343,0.23457673,3,walking
1519421574946,-9.598496,-3.1835413,0.3111732,3,walking
1519421574951,-9.608071,-3.173967,0.30159867,3,walking
1519421574956,-9.7899885,-2.9920502,0.2441513,3,walking
1519421574961,-9.885734,-2.972901,0.2154276,3,walking
1519421574966,-9.924032,-2.8771553,0.2441513,3,walking
1519421574971,-10.077225,-2.7622607,0.18670394,3,walking
1519421574976,-10.163396,-2.666515,0.20585304,3,walking
1519421574982,-10.259142,-2.6282167,0.10053288,3,walking
1519421574992,-10.5080805,-2.5037475,0.023936402,3,walking
1519421574997,-10.546378,-2.4463003,-0.023936402,3,walking
1519421575002,-10.584677,-2.3984275,-0.05266008,3,walking
1519421575007,-10.584677,-2.3122563,-0.09095833,3,walking
1519421575012,-10.622974,-2.1973617,-0.12925656,3,walking
1519421575023,-10.5080805,-1.8718265,-0.2920241,3,walking
1519421575027,-10.479357,-1.79523,-0.26330042,3,walking
1519421575033,-10.5080805,-1.6516117,-0.32074776,3,walking
1519421575043,-10.335738,-1.2877784,-0.36862057,3,walking
1519421575048,-10.220843,-1.2782038,-0.40691882,3,walking
1519421575053,-10.134672,-1.2207564,-0.45479164,3,walking
1519421575058,-10.019777,-1.0962871,-0.36862057,3,walking
1519421575063,-9.971905,-1.0005416,-0.3398969,3,walking
1519421575068,-9.799562,-0.77075213,-0.37819514,3,walking
1519421575074,-9.799562,-0.77075213,-0.37819514,3,walking
1519421575078,-9.713391,-0.5792609,-0.27287498,3,walking
1519421575084,-9.703817,-0.4835153,-0.3111732,3,walking
1519421575089,-9.64637,-0.37819514,-0.3111732,3,walking
1519421575094,-9.608071,-0.3111732,-0.26330042,3,walking
1519421575103,-9.579348,-0.4164934,-0.45479164,3,walking
1519421575112,-9.54105,-0.61755913,-0.50266445,3,walking
1519421575117,-9.512326,-0.6845811,-0.64628285,3,walking
1519421575122,-9.636795,-0.8090504,-0.90479594,3,walking
1519421575133,-9.62722,-1.3356512,-1.2877784,3,walking
1519421575139,-9.722966,-1.3548003,-1.2303311,3,walking
1519421575145,-9.722966,-1.3548003,-1.2303311,3,walking
1519421575150,-9.62722,-1.3643749,-1.4218222,3,walking
1519421575156,-9.579348,-1.3548003,-1.4122477,3,walking
1519421575161,-9.608071,-1.3930986,-1.4409714,3,walking
1519421575171,-9.531475,-1.4026731,-1.5271424,3,walking
1519421575176,-9.531475,-1.3930986,-1.4984187,3,walking
1519421575181,-9.5219,-1.4026731,-1.5462915,3,walking
1519421575187,-9.464453,-1.3739494,-1.4888442,3,walking
1519421575192,-9.359133,-1.3739494,-1.4218222,3,walking
1519421575202,-9.2825365,-1.6994845,-1.6037389,3,walking
1519421575207,-9.29211,-1.8335283,-1.622888,3,walking
1519421575213,-9.272962,-1.9388485,-1.6611862,3,walking
1519421575221,-9.119769,-2.015445,-1.6324625,3,walking
1519421575226,-9.071896,-2.0728924,-1.6803354,3,walking
1519421575230,-9.062322,-2.0728924,-1.6803354,3,walking
1519421575235,-9.062322,-2.0728924,-1.6803354,3,walking
1519421575240,-9.100619,-2.168638,-1.6324625,3,walking
1519421575245,-9.263388,-2.2739582,-1.6324625,3,walking
1519421575249,-9.483603,-2.3314054,-1.5845897,3,walking
1519421575256,-9.531475,-2.34098,-1.5654407,3,walking
1519421575260,-9.531475,-2.3122563,-1.5175679,3,walking
1519421575265,-9.617646,-2.3026817,-1.5462915,3,walking
1519421575270,-9.837861,-2.34098,-1.5271424,3,walking
1519421575275,-9.933606,-2.3792782,-1.5367169,3,walking
1519421575279,-10.105948,-2.4175766,-1.5079932,3,walking
1519421575284,-10.105948,-2.4175766,-1.5079932,3,walking
1519421575290,-10.2016945,-2.408002,-1.5079932,3,walking
1519421575294,-10.230418,-2.360129,-1.5367169,3,walking
1519421575300,-10.259142,-2.3314054,-1.5750152,3,walking
1519421575305,-10.259142,-2.3314054,-1.5750152,3,walking
1519421575311,-10.2016945,-2.101616,-1.7377827,3,walking
1519421575316,-10.211268,-2.0250196,-1.8335283,3,walking
1519421575321,-10.153821,-1.9771467,-1.9771467,3,walking
1519421575331,-10.125097,-1.8814012,-2.4367256,3,walking
1519421575336,-10.163396,-1.8718265,-2.6090677,3,walking
1519421575341,-10.249567,-1.929274,-2.733537,3,walking
1519421575346,-10.479357,-1.9867213,-3.039923,3,walking
1519421575351,-10.699572,-2.034594,-3.231414,3,walking
1519421575362,-11.513409,-2.1207652,-3.5090764,3,walking
1519421575366,-11.838944,-2.1973617,-3.5282254,3,walking
1519421575371,-12.135756,-2.3792782,-3.4324799,3,walking
1519421575381,-12.56661,-2.905879,-2.9250283,3,walking
1519421575385,-12.58576,-3.1643922,-2.7814097,3,walking
1519421575391,-12.614484,-3.3750327,-2.6090677,3,walking
1519421575401,-12.480439,-3.7197168,-2.0633178,3,walking
1519421575406,-12.432567,-3.7675896,-1.929274,3,walking
1519421575411,-12.35597,-3.7005677,-1.79523,3,walking
1519421575421,-12.116607,-3.3750327,-1.8143792,3,walking
1519421575426,-12.059159,-3.1835413,-1.8909757,3,walking
1519421575432,-11.752773,-2.9250283,-1.9962958,3,walking
1519421575438,-11.570856,-2.800559,-2.0633178,3,walking
1519421575443,-11.455961,-2.666515,-2.1207652,3,walking
1519421575448,-11.168725,-2.3888528,-2.2165108,3,walking
1519421575453,-11.005958,-2.254809,-2.321831,3,walking
1519421575458,-10.82404,-2.0920415,-2.3792782,3,walking
1519421575464,-10.6134,-2.015445,-2.408002,3,walking
1519421575468,-10.230418,-1.8143792,-2.5037475,3,walking
1519421575474,-10.000628,-1.7569319,-2.513322,3,walking
1519421575479,-9.770839,-1.7569319,-2.5037475,3,walking
1519421575484,-9.608071,-1.7473572,-2.561195,3,walking
1519421575489,-9.359133,-1.8335283,-2.5994933,3,walking
1519421575497,-9.301685,-1.948423,-2.5899186,3,walking
1519421575502,-9.359133,-2.0250196,-2.5037475,3,walking
1519421575508,-9.426155,-2.0250196,-2.494173,3,walking
1519421575514,-9.41658,-2.0537431,-2.4845984,3,walking
1519421575518,-9.560199,-2.1207652,-2.360129,3,walking
1519421575524,-9.579348,-2.168638,-2.2931073,3,walking
1519421575528,-9.6942425,-2.187787,-2.2165108,3,walking
1519421575534,-9.818711,-2.2260852,-2.149489,3,walking
1519421575539,-9.818711,-2.2260852,-2.149489,3,walking
1519421575544,-10.058076,-2.3792782,-2.034594,3,walking
1519421575548,-10.096374,-2.3984275,-2.015445,3,walking
1519421575553,-10.153821,-2.4463003,-2.015445,3,walking
1519421575561,-10.134672,-2.3122563,-1.7569319,3,walking
1519421575567,-10.115523,-2.2069361,-1.7473572,3,walking
1519421575573,-10.038927,-2.1303396,-1.709059,3,walking
1519421575578,-9.96233,-1.8909757,-1.6707608,3,walking
1519421575583,-9.904882,-1.776081,-1.6516117,3,walking
1519421575588,-9.770839,-1.5558661,-1.5462915,3,walking
1519421575594,-9.722966,-1.4792696,-1.5462915,3,walking
1519421575598,-9.5889225,-1.4122477,-1.6037389,3,walking
1519421575604,-9.54105,-1.3356512,-1.4792696,3,walking
1519421575609,-9.407005,-1.2973529,-1.4313968,3,walking
1519421575613,-9.20594,-1.2399056,-1.3165021,3,walking
1519421575622,-8.861256,-1.1920328,-1.2111819,3,walking
1519421575631,-8.296356,-1.1058618,-0.92394507,3,walking
1519421575636,-8.085716,-1.0579889,-0.83777404,3,walking
1519421575641,-7.961247,-0.99096704,-0.7420284,3,walking
1519421575652,-7.587839,-0.61755913,-0.64628285,3,walking
1519421575661,-7.3676243,-0.359046,-0.69415563,3,walking
1519421575667,-7.2144313,-0.110107444,-0.6845811,3,walking
1519421575672,-7.2718787,-0.03351096,-0.76117754,3,walking
1519421575681,-7.195282,0.09095833,-0.8281995,3,walking
1519421575687,-7.137835,0.19627848,-0.8664977,3,walking
1519421575692,-7.1186857,0.23457673,-0.85692316,3,walking
1519421575701,-7.2144313,0.20585304,-0.8760723,3,walking
1519421575706,-7.3006024,0.13883112,-0.8952214,3,walking
1519421575711,-7.348475,0.023936402,-0.90479594,3,walking
1519421575721,-7.56869,-0.46436617,-0.76117754,3,walking
1519421575726,-7.693159,-0.64628285,-0.751603,3,walking
1519421575732,-7.7793303,-0.7994758,-0.665432,3,walking
1519421575741,-8.037844,-1.5175679,-0.39734426,3,walking
1519421575747,-8.133589,-1.7473572,-0.33032233,3,walking
1519421575751,-8.363379,-2.034594,-0.17712937,3,walking
1519421575758,-8.4686985,-2.1207652,-0.20585304,3,walking
1519421575762,-8.621892,-2.168638,-0.26330042,3,walking
1519421575771,-8.755936,-2.168638,-0.25372586,3,walking
1519421575777,-8.803808,-2.1399143,-0.28244954,3,walking
1519421575782,-8.736787,-2.0824668,-0.2920241,3,walking
1519421575787,-8.842107,-1.929274,-0.40691882,3,walking
1519421575793,-8.899554,-1.8909757,-0.42606795,3,walking
1519421575797,-8.947427,-1.8239537,-0.40691882,3,walking
1519421575802,-9.004874,-1.7665064,-0.45479164,3,walking
1519421575807,-9.091045,-1.5750152,-0.5505372,3,walking
1519421575811,-9.071896,-1.5079932,-0.63670826,3,walking
1519421575817,-9.129343,-1.3930986,-0.6750065,3,walking
1519421575821,-9.148493,-1.3452257,-0.69415563,3,walking
1519421575831,-9.091045,-1.2399056,-0.7420284,3,walking
1519421575836,-9.0814705,-1.2016073,-0.78032666,3,walking
1519421575841,-9.100619,-1.2303311,-0.76117754,3,walking
1519421575847,-9.0814705,-1.2494801,-0.76117754,3,walking
1519421575853,-9.071896,-1.2303311,-0.8090504,3,walking
1519421575858,-9.100619,-1.3452257,-0.8760723,3,walking
1519421575863,-9.138918,-1.4601204,-0.9622433,3,walking
1519421575868,-9.301685,-1.622888,-1.1250108,3,walking
1519421575874,-9.301685,-1.622888,-1.1250108,3,walking
1519421575879,-9.320834,-1.7282082,-1.1537346,3,walking
1519421575884,-9.2825365,-1.9005502,-1.2016073,3,walking
1519421575889,-9.320834,-2.0728924,-1.3165021,3,walking
1519421575896,-9.454879,-2.3888528,-1.4505459,3,walking
1519421575902,-9.445304,-2.4558747,-1.4601204,3,walking
1519421575912,-9.464453,-2.6856642,-1.6420372,3,walking
1519421575919,-9.608071,-2.8101335,-1.8239537,3,walking
1519421575926,-9.598496,-2.8388572,-1.8909757,3,walking
1519421575931,-9.675094,-3.0111992,-1.9196993,3,walking
1519421575937,-9.780414,-3.1069448,-1.9771467,3,walking
1519421575942,-9.809137,-3.193116,-1.9867213,3,walking
1519421575947,-9.85701,-3.2792869,-2.015445,3,walking
1519421575952,-9.991054,-3.4324799,-1.9771467,3,walking
1519421575957,-10.000628,-3.518651,-2.0441687,3,walking
1519421575962,-10.000628,-3.604822,-2.0058703,3,walking
1519421575967,-10.115523,-3.6335456,-1.9867213,3,walking
1519421575972,-10.153821,-3.604822,-1.9675722,3,walking
1519421575977,-10.220843,-3.5665238,-2.0441687,3,walking
1519421575982,-10.29744,-3.5569491,-2.0920415,3,walking
1519421575987,-10.498506,-3.4324799,-2.2165108,3,walking
1519421575992,-10.594251,-3.3941817,-2.2739582,3,walking
1519421575997,-10.689997,-3.3750327,-2.3505547,3,walking
1519421576002,-10.757019,-3.2984362,-2.427151,3,walking
1519421576007,-10.862339,-3.0973704,-2.513322,3,walking
1519421576012,-10.843189,-2.972901,-2.5228968,3,walking
1519421576017,-10.766593,-2.752686,-2.647366,3,walking
1519421576022,-10.71872,-2.7048132,-2.6856642,3,walking
1519421576027,-10.670848,-2.6090677,-2.714388,3,walking
1519421576032,-10.709146,-2.5228968,-2.8101335,3,walking
1519421576037,-10.910212,-2.3505547,-3.1356685,3,walking
1519421576042,-11.063405,-2.254809,-3.3175852,3,walking
1519421576047,-11.293194,-2.149489,-3.5569491,3,walking
1519421576053,-11.59958,-2.0633178,-3.777164,3,walking
1519421576057,-12.193203,-1.9579976,-4.1122737,3,walking
1519421576062,-12.403843,-1.9579976,-4.2175937,3,walking
1519421576067,-12.710229,-2.0728924,-4.303765,3,walking
1519421576073,-12.710229,-2.0728924,-4.303765,3,walking
1519421576077,-12.6527815,-2.4367256,-4.131423,3,walking
1519421576082,-12.403843,-2.647366,-4.0356774,3,walking
1519421576087,-11.896391,-3.2218397,-3.6431203,3,walking
1519421576092,-11.59958,-3.499502,-3.518651,3,walking
1519421576097,-11.28362,-3.758015,-3.3367343,3,walking
1519421576103,-10.900637,-4.045252,-3.1643922,3,walking
1519421576107,-10.374036,-4.3324885,-2.9250283,3,walking
1519421576112,-10.105948,-4.437809,-2.8101335,3,walking
1519421576117,-9.914457,-4.4856815,-2.7431116,3,walking
1519421576123,-9.75169,-4.504831,-2.7622607,3,walking
1519421576127,-9.560199,-4.5527034,-2.867581,3,walking
1519421576133,-9.54105,-4.5527034,-2.8101335,3,walking
1519421576138,-9.464453,-4.5239797,-2.819708,3,walking
1519421576143,-9.464453,-4.5239797,-2.819708,3,walking
1519421576148,-9.301685,-4.3324885,-2.8771553,3,walking
1519421576156,-9.215514,-4.284616,-2.8101335,3,walking
1519421576161,-9.167642,-4.2941904,-2.752686,3,walking
1519421576167,-9.119769,-4.3612123,-2.7048132,3,walking
1519421576172,-9.062322,-4.3612123,-2.6569405,3,walking
1519421576177,-8.995299,-4.3612123,-2.513322,3,walking
1519421576183,-8.918703,-4.351638,-2.4463003,3,walking
1519421576187,-8.842107,-4.284616,-2.408002,3,walking
1519421576193,-8.803808,-4.1888704,-2.3314054,3,walking
1519421576198,-8.698488,-3.997379,-2.1973617,3,walking
1519421576203,-8.688913,-3.8920588,-2.101616,3,walking
1519421576208,-8.564445,-3.5952475,-1.9579976,3,walking
1519421576213,-8.564445,-3.5952475,-1.9579976,3,walking
1519421576219,-8.478273,-3.346309,-1.776081,3,walking
1519421576226,-8.363379,-3.078221,-1.5654407,3,walking
1519421576231,-8.392102,-2.9824755,-1.4122477,3,walking
1519421576241,-8.305931,-2.8292825,-1.0292653,3,walking
1519421576251,-8.229335,-2.7239625,-0.76117754,3,walking
1519421576257,-8.305931,-2.666515,-0.5505372,3,walking
1519421576262,-8.23891,-2.6569405,-0.46436617,3,walking
1519421576270,-8.229335,-2.6090677,-0.25372586,3,walking
1519421576276,-8.133589,-2.6186423,-0.11968201,3,walking
1519421576282,-8.085716,-2.6090677,-0.12925656,3,walking
1519421576287,-8.095291,-2.580344,-0.03351096,3,walking
1519421576293,-8.11444,-2.5324712,0.03351096,3,walking
1519421576297,-8.085716,-2.494173,0.0,3,walking
1519421576303,-8.085716,-2.494173,0.0,3,walking
1519421576307,-8.23891,-2.4175766,-0.062234644,3,walking
1519421576313,-8.229335,-2.4175766,-0.023936402,3,walking
1519421576318,-8.34423,-2.3792782,-0.081383765,3,walking
1519421576322,-8.44955,-2.360129,-0.081383765,3,walking
1519421576327,-8.641041,-2.2931073,-0.10053288,3,walking
1519421576332,-8.679339,-2.2356598,-0.00478728,3,walking
1519421576336,-8.870831,-2.187787,-0.17712937,3,walking
1519421576342,-8.966576,-2.1399143,-0.12925656,3,walking
1519421576347,-9.244238,-2.1399143,-0.12925656,3,walking
1519421576352,-9.445304,-2.1590633,-0.15798025,3,walking
1519421576357,-9.579348,-2.2835326,-0.18670394,3,walking
1519421576361,-9.866585,-2.4175766,-0.20585304,3,walking
1519421576366,-9.991054,-2.475024,-0.15798025,3,walking
1519421576371,-10.096374,-2.561195,-0.15798025,3,walking
1519421576380,-10.40276,-2.7048132,-0.12925656,3,walking
1519421576386,-10.546378,-2.752686,-0.13883112,3,walking
1519421576390,-10.680422,-2.7622607,-0.062234644,3,walking
1519421576400,-10.843189,-2.7814097,0.03351096,3,walking
1519421576405,-10.814466,-2.7718353,0.12925656,3,walking
1519421576410,-10.862339,-2.733537,0.0718092,3,walking
1519421576417,-10.900637,-2.6090677,0.17712937,3,walking
1519421576422,-10.852764,-2.4845984,0.20585304,3,walking
1519421576427,-10.795317,-2.2931073,0.37819514,3,walking
1519421576432,-10.728295,-2.1973617,0.39734426,3,walking
1519421576437,-10.757019,-2.0633178,0.37819514,3,walking
1519421576441,-10.766593,-1.9579976,0.4356425,3,walking
1519421576450,-10.747444,-1.6994845,0.5505372,3,walking
1519421576456,-10.642124,-1.6707608,0.56011176,3,walking
1519421576461,-10.670848,-1.5367169,0.512239,3,walking
1519421576470,-10.603826,-1.3548003,0.4356425,3,walking
1519421576476,-10.565528,-1.3548003,0.40691882,3,walking
1519421576481,-10.6134,-1.3260766,0.32074776,3,walking
1519421576491,-10.441058,-1.1345854,0.2920241,3,walking
1519421576496,-10.450633,-1.0484143,0.16755481,3,walking
1519421576501,-10.5080805,-1.0101161,-0.023936402,3,walking
1519421576506,-10.488931,-0.9430942,-0.110107444,3,walking
1519421576512,-10.450633,-0.93351966,-0.22500217,3,walking
1519421576516,-10.364462,-0.93351966,-0.2441513,3,walking
1519421576521,-10.2016945,-1.0579889,-0.32074776,3,walking
1519421576526,-10.115523,-1.1537346,-0.4356425,3,walking
1519421576531,-10.0868,-1.2590547,-0.5313881,3,walking
1519421576538,-10.077225,-1.3356512,-0.70373017,3,walking
1519421576542,-10.029352,-1.4026731,-0.78990126,3,walking
1519421576546,-9.914457,-1.4313968,-0.8760723,3,walking
1519421576551,-9.818711,-1.4792696,-0.91437054,3,walking
1519421576560,-9.483603,-1.709059,-1.0579889,3,walking
1519421576565,-9.359133,-1.8239537,-1.0962871,3,walking
1519421576570,-9.29211,-1.9005502,-1.1250108,3,walking
1519421576576,-9.148493,-2.0728924,-1.14416,3,walking
1519421576581,-9.043172,-2.0728924,-1.1728836,3,walking
1519421576590,-8.851681,-2.0537431,-1.1633091,3,walking
1519421576596,-8.6697645,-1.9771467,-1.14416,3,walking
1519421576602,-8.612317,-1.9388485,-1.0962871,3,walking
1519421576607,-8.545295,-1.8909757,-1.1250108,3,walking
1519421576612,-8.545295,-1.8814012,-1.1728836,3,walking
1519421576616,-8.497422,-1.8431029,-1.2494801,3,walking
1519421576621,-8.44955,-1.8239537,-1.2877784,3,walking
1519421576630,-8.34423,-1.776081,-1.5558661,3,walking
1519421576635,-8.32508,-1.776081,-1.7473572,3,walking
1519421576640,-8.353804,-1.776081,-1.8526775,3,walking
1519421576650,-8.497422,-1.8718265,-2.1590633,3,walking
1519421576655,-8.545295,-1.8814012,-2.2931073,3,walking
1519421576660,-8.641041,-1.9101248,-2.3984275,3,walking
1519421576666,-8.822957,-2.101616,-2.6856642,3,walking
1519421576671,-9.004874,-2.1590633,-2.800559,3,walking
1519421576680,-9.339984,-2.2931073,-3.039923,3,walking
1519421576686,-9.598496,-2.513322,-3.2505634,3,walking
1519421576691,-9.761265,-2.561195,-3.365458,3,walking
1519421576699,-10.000628,-2.6856642,-3.5856729,3,walking
1519421576705,-10.163396,-2.752686,-3.6622694,3,walking
1519421576710,-10.2016945,-2.7814097,-3.690993,3,walking
1519421576720,-10.335738,-2.867581,-3.7292912,3,walking
1519421576725,-10.374036,-2.867581,-3.7005677,3,walking
1519421576730,-10.383611,-2.819708,-3.7005677,3,walking
1519421576736,-10.278291,-2.7718353,-3.6526947,3,walking
1519421576740,-10.211268,-2.7814097,-3.6143966,3,walking
1519421576745,-10.19212,-2.7814097,-3.6143966,3,walking
1519421576749,-10.115523,-2.7718353,-3.6239712,3,walking
1519421576756,-10.000628,-2.7718353,-3.5952475,3,walking
1519421576761,-9.924032,-2.733537,-3.5760984,3,walking
1519421576770,-9.75169,-2.7048132,-3.4612036,3,walking
1519421576776,-9.54105,-2.7048132,-3.3750327,3,walking
1519421576780,-9.426155,-2.6952388,-3.3175852,3,walking
1519421576785,-9.320834,-2.666515,-3.2505634,3,walking
1519421576790,-9.29211,-2.752686,-3.212265,3,walking
1519421576795,-9.320834,-2.7909844,-3.212265,3,walking
1519421576800,-9.426155,-2.8580062,-3.231414,3,walking
1519421576810,-9.799562,-3.173967,-3.3080106,3,walking
1519421576815,-10.010203,-3.2792869,-3.384607,3,walking
1519421576820,-10.220843,-3.4037561,-3.2984362,3,walking
1519421576826,-10.661273,-3.6143966,-3.3558834,3,walking
1519421576830,-10.833615,-3.7867386,-3.3367343,3,walking
1519421576839,-11.187874,-4.1026993,-3.173967,3,walking
1519421576846,-11.542132,-4.437809,-3.078221,3,walking
1519421576852,-11.714475,-4.6005764,-3.020774,3,walking
1519421576857,-12.097457,-5.0314317,-2.972901,3,walking
1519421576862,-12.183628,-5.2420716,-2.88673,3,walking
1519421576867,-12.221927,-5.4239883,-2.7814097,3,walking
1519421576872,-12.202777,-5.5963306,-2.733537,3,walking
1519421576878,-12.049584,-5.806971,-2.6760898,3,walking
1519421576882,-11.963413,-5.82612,-2.647366,3,walking
1519421576888,-11.886817,-5.787822,-2.6186423,3,walking
1519421576895,-11.532558,-5.222923,-2.7622607,3,walking
1519421576900,-11.341067,-5.0122824,-2.7814097,3,walking
1519421576905,-11.168725,-4.772918,-2.867581,3,walking
1519421576911,-11.044255,-4.5718527,-3.0494976,3,walking
1519421576915,-10.785743,-4.2080193,-3.1165195,3,walking
1519421576921,-10.555953,-4.0356774,-3.1165195,3,walking
1519421576926,-10.383611,-3.7867386,-3.1548176,3,walking
1519421576931,-10.211268,-3.5665238,-3.173967,3,walking
1519421576936,-9.904882,-3.1835413,-3.2026904,3,walking
1519421576941,-9.799562,-3.0016246,-3.193116,3,walking
1519421576946,-9.665519,-2.7814097,-3.231414,3,walking
1519421576951,-9.62722,-2.6856642,-3.1548176,3,walking
1519421576955,-9.617646,-2.561195,-3.1643922,3,walking
1519421576960,-9.6942425,-2.427151,-3.1643922,3,walking
1519421576965,-9.971905,-2.187787,-3.1548176,3,walking
1519421576970,-10.134672,-2.101616,-3.1356685,3,walking
1519421576975,-10.307014,-2.0537431,-3.1165195,3,walking
1519421576981,-10.5080805,-2.015445,-3.0973704,3,walking
1519421576986,-10.900637,-1.862252,-2.972901,3,walking
1519421576991,-10.977234,-1.8239537,-2.9920502,3,walking
1519421576996,-11.05383,-1.8048047,-2.9346027,3,walking
1519421577001,-11.140001,-1.8048047,-2.9537518,3,walking
1519421577006,-11.312344,-1.8431029,-2.800559,3,walking
1519421577011,-11.350641,-1.8718265,-2.7431116,3,walking
1519421577016,-11.465536,-1.9771467,-2.733537,3,walking
1519421577021,-11.465536,-1.9771467,-2.733537,3,walking
1519421577026,-11.561282,-1.9771467,-2.647366,3,walking
1519421577032,-11.590006,-1.9962958,-2.6569405,3,walking
1519421577037,-11.59958,-1.9675722,-2.561195,3,walking
1519421577042,-11.59958,-1.9579976,-2.5516202,3,walking
1519421577047,-11.570856,-2.034594,-2.6186423,3,walking
1519421577052,-11.570856,-2.034594,-2.6186423,3,walking
1519421577057,-11.38894,-2.0728924,-2.580344,3,walking
1519421577062,-11.235746,-2.1207652,-2.666515,3,walking
1519421577067,-11.111278,-2.1111906,-2.6760898,3,walking
1519421577071,-10.900637,-2.1207652,-2.6282167,3,walking
1519421577076,-10.460207,-2.101616,-2.647366,3,walking
1519421577080,-10.230418,-2.1207652,-2.6856642,3,walking
1519421577084,-9.933606,-2.1303396,-2.7239625,3,walking
1519421577089,-9.703817,-2.1207652,-2.6952388,3,walking
1519421577095,-9.244238,-2.101616,-2.7718353,3,walking
1519421577100,-9.052747,-2.1111906,-2.7718353,3,walking
1519421577109,-8.650616,-2.0824668,-2.7622607,3,walking
1519421577115,-8.32508,-2.101616,-2.7718353,3,walking
1519421577120,-8.181462,-2.0920415,-2.714388,3,walking
1519421577125,-8.066567,-2.0058703,-2.7239625,3,walking
1519421577129,-7.8655014,-1.8718265,-2.714388,3,walking
1519421577135,-7.741032,-1.79523,-2.714388,3,walking
1519421577139,-7.6835847,-1.7665064,-2.6760898,3,walking
1519421577150,-7.769756,-1.7186337,-2.427151,3,walking
1519421577155,-7.8367777,-1.6803354,-2.3697038,3,walking
1519421577160,-7.922949,-1.6420372,-2.254809,3,walking
1519421577166,-8.056993,-1.5367169,-2.2643836,3,walking
1519421577171,-8.152739,-1.5271424,-2.2739582,3,walking
1519421577176,-8.23891,-1.5845897,-2.2835326,3,walking
1519421577181,-8.305931,-1.6037389,-2.3122563,3,walking
1519421577187,-8.4686985,-1.6803354,-2.34098,3,walking
1519421577192,-8.4686985,-1.6803354,-2.34098,3,walking
1519421577197,-8.55487,-1.776081,-2.3888528,3,walking
1519421577202,-8.593168,-1.8143792,-2.34098,3,walking
1519421577207,-8.5740185,-1.862252,-2.3984275,3,walking
1519421577212,-8.5740185,-1.862252,-2.3984275,3,walking
1519421577217,-8.459125,-1.8143792,-2.3792782,3,walking
1519421577222,-8.430401,-1.79523,-2.3984275,3,walking
1519421577227,-8.334655,-1.7282082,-2.360129,3,walking
1519421577232,-8.229335,-1.6133134,-2.3122563,3,walking
1519421577237,-8.152739,-1.5271424,-2.34098,3,walking
1519421577244,-7.999545,-1.4218222,-2.1973617,3,walking
1519421577250,-7.8655014,-1.4409714,-2.1782124,3,walking
1519421577255,-7.7123084,-1.4601204,-2.0058703,3,walking
1519421577261,-7.6740103,-1.469695,-2.015445,3,walking
1519421577266,-7.587839,-1.4792696,-1.9867213,3,walking
1519421577271,-7.482519,-1.4792696,-1.9005502,3,walking
1519421577276,-7.243155,-1.5367169,-1.8048047,3,walking
1519421577281,-7.1857076,-1.5462915,-1.7377827,3,walking
1519421577287,-7.003791,-1.6133134,-1.6611862,3,walking
1519421577291,-6.9176197,-1.6803354,-1.6324625,3,walking
1519421577296,-6.764427,-1.7856555,-1.6133134,3,walking
1519421577301,-6.764427,-1.7856555,-1.6133134,3,walking
1519421577307,-6.7069798,-1.8431029,-1.5654407,3,walking
1519421577312,-6.639958,-1.8526775,-1.5845897,3,walking
1519421577317,-6.611234,-1.8718265,-1.6037389,3,walking
1519421577325,-6.668681,-1.9962958,-1.5941644,3,walking
1519421577331,-6.783576,-1.9867213,-1.6133134,3,walking
1519421577336,-6.8410234,-2.0250196,-1.6037389,3,walking
1519421577341,-6.9080453,-2.015445,-1.5750152,3,walking
1519421577346,-7.1091113,-2.0537431,-1.5175679,3,walking
1519421577351,-7.1857076,-2.0728924,-1.4792696,3,walking
1519421577357,-7.3389006,-2.0058703,-1.3739494,3,walking
1519421577361,-7.46337,-1.9675722,-1.2877784,3,walking
1519421577367,-7.6069884,-1.8814012,-1.2111819,3,walking
1519421577372,-7.6069884,-1.8814012,-1.2111819,3,walking
1519421577377,-7.7984796,-1.9101248,-1.14416,3,walking
1519421577382,-7.8846507,-1.9196993,-1.0484143,3,walking
1519421577387,-7.9803963,-1.9101248,-1.0101161,3,walking
1519421577392,-8.171887,-1.948423,-0.93351966,3,walking
1519421577398,-8.334655,-1.9388485,-0.92394507,3,walking
1519421577404,-8.583593,-1.929274,-0.8473486,3,walking
1519421577409,-8.66019,-1.9101248,-0.8664977,3,walking
1519421577415,-8.870831,-1.9005502,-0.8281995,3,walking
1519421577420,-8.937852,-1.862252,-0.8090504,3,walking
1519421577425,-8.995299,-1.8143792,-0.7994758,3,walking
1519421577430,-9.043172,-1.8239537,-0.78990126,3,walking
1519421577435,-9.148493,-1.7569319,-0.76117754,3,walking
1519421577439,-9.234664,-1.7473572,-0.78990126,3,walking
1519421577448,-9.263388,-1.6899099,-0.78032666,3,walking
1519421577455,-9.330409,-1.6420372,-0.7324539,3,walking
1519421577459,-9.359133,-1.6611862,-0.70373017,3,walking
1519421577468,-9.426155,-1.6899099,-0.6079846,3,walking
1519421577474,-9.531475,-1.7377827,-0.5218136,3,walking
1519421577479,-9.560199,-1.7665064,-0.47394073,3,walking
1519421577484,-9.7899885,-1.79523,-0.44521707,3,walking
1519421577489,-9.914457,-1.7856555,-0.4356425,3,walking
1519421577494,-10.163396,-1.7665064,-0.5218136,3,walking
1519421577499,-10.441058,-1.776081,-0.5505372,3,walking
1519421577505,-11.072979,-1.7282082,-0.8664977,3,walking
1519421577510,-11.475111,-1.7377827,-1.0005416,3,walking
1519421577515,-12.2410755,-1.776081,-1.1537346,3,walking
1519421577520,-12.2410755,-1.776081,-1.1537346,3,walking
1519421577525,-12.892146,-1.8335283,-1.2016073,3,walking
1519421577529,-13.1602335,-1.9196993,-1.2686293,3,walking
1519421577538,-13.524067,-2.1303396,-1.1728836,3,walking
1519421577544,-13.696408,-2.3888528,-1.0388398,3,walking
1519421577549,-13.725132,-2.427151,-0.9526688,3,walking
1519421577554,-13.504917,-2.3697038,-0.6750065,3,walking
1519421577559,-13.246405,-2.3314054,-0.4835153,3,walking
1519421577564,-12.949593,-2.4367256,-0.36862057,3,walking
1519421577569,-12.614484,-2.6282167,-0.3398969,3,walking
1519421577575,-12.087883,-2.7909844,-0.014361841,3,walking
1519421577579,-11.810221,-2.9346027,0.13883112,3,walking
1519421577584,-11.618729,-2.9537518,0.19627848,3,walking
1519421577589,-11.417664,-2.8771553,0.22500217,3,walking
1519421577595,-10.852764,-2.7048132,0.512239,3,walking
1519421577599,-10.651698,-2.7048132,0.56011176,3,walking
1519421577609,-10.421909,-2.800559,0.40691882,3,walking
1519421577615,-10.287866,-2.8388572,0.20585304,3,walking
1519421577620,-10.326163,-2.8580062,0.11968201,3,walking
1519421577625,-10.383611,-2.7431116,-0.0718092,3,walking
1519421577630,-10.5080805,-2.7048132,-0.3111732,3,walking
1519421577635,-10.603826,-2.6760898,-0.5313881,3,walking
1519421577639,-10.680422,-2.6377914,-0.70373017,3,walking
1519421577644,-10.986808,-2.4463003,-1.1537346,3,walking
1519421577649,-11.187874,-2.321831,-1.3930986,3,walking
1519421577654,-11.187874,-2.321831,-1.3930986,3,walking
1519421577658,-11.570856,-2.1207652,-1.9101248,3,walking
1519421577664,-11.743198,-1.948423,-2.2165108,3,walking
1519421577669,-11.858093,-1.9101248,-2.427151,3,walking
1519421577674,-11.915541,-1.9005502,-2.6090677,3,walking
1519421577679,-11.858093,-1.8718265,-2.7048132,3,walking
1519421577685,-11.657027,-1.8431029,-2.7814097,3,walking
1519421577689,-11.59958,-1.8431029,-2.7909844,3,walking
1519421577698,-11.274045,-1.9962958,-2.867581,3,walking
1519421577704,-10.996383,-2.101616,-2.819708,3,walking
1519421577709,-10.881488,-2.1303396,-2.7048132,3,walking
1519421577718,-10.555953,-2.1973617,-2.5228968,3,walking
1519421577724,-10.29744,-2.187787,-2.4175766,3,walking
1519421577728,-10.182545,-2.2165108,-2.3122563,3,walking
1519421577734,-9.866585,-2.321831,-2.0728924,3,walking
1519421577739,-9.713391,-2.4367256,-1.948423,3,walking
1519421577743,-9.512326,-2.5228968,-1.8143792,3,walking
1519421577748,-9.31126,-2.6856642,-1.6899099,3,walking
1519421577755,-8.937852,-2.9250283,-1.4218222,3,walking
1519421577759,-8.746361,-3.039923,-1.3260766,3,walking
1519421577764,-8.593168,-3.1548176,-1.3356512,3,walking
1519421577769,-8.401677,-3.2409887,-1.1633091,3,walking
1519421577774,-7.9708214,-3.4324799,-1.0771381,3,walking
1519421577780,-7.875076,-3.4803526,-0.9718179,3,walking
1519421577784,-7.654861,-3.451629,-0.9430942,3,walking
1519421577789,-7.654861,-3.451629,-0.9430942,3,walking
1519421577794,-7.3771987,-3.3367343,-0.9718179,3,walking
1519421577799,-7.2240057,-3.2505634,-0.99096704,3,walking
1519421577804,-7.089962,-3.1548176,-1.0867126,3,walking
1519421577808,-6.9176197,-2.9346027,-1.2494801,3,walking
1519421577813,-6.8410234,-2.8484318,-1.3548003,3,walking
1519421577818,-6.7931504,-2.7431116,-1.4313968,3,walking
1519421577824,-6.745278,-2.5420458,-1.6420372,3,walking
1519421577829,-6.7357035,-2.5037475,-1.7377827,3,walking
1519421577834,-6.7357035,-2.4654493,-1.8431029,3,walking
1519421577838,-6.7069798,-2.408002,-1.8431029,3,walking
1519421577844,-6.7261286,-2.34098,-1.8431029,3,walking
1519421577848,-6.716554,-2.360129,-1.8526775,3,walking
1519421577853,-6.821874,-2.3122563,-1.8909757,3,walking
1519421577858,-6.869747,-2.3122563,-1.948423,3,walking
1519421577864,-7.137835,-2.3314054,-1.948423,3,walking
1519421577869,-7.2718787,-2.3697038,-1.9579976,3,walking
1519421577874,-7.4920936,-2.4558747,-1.9771467,3,walking
1519421577879,-7.5591154,-2.5037475,-1.9579976,3,walking
1519421577884,-7.702734,-2.5037475,-1.9196993,3,walking
1519421577889,-7.769756,-2.561195,-1.8814012,3,walking
1519421577894,-7.9516726,-2.5994933,-1.8143792,3,walking
1519421577899,-8.066567,-2.6569405,-1.7186337,3,walking
1519421577904,-8.152739,-2.6760898,-1.6803354,3,walking
1519421577910,-8.258059,-2.733537,-1.6324625,3,walking
1519421577915,-8.372953,-2.6952388,-1.5558661,3,walking
1519421577920,-8.420826,-2.6856642,-1.622888,3,walking
1519421577925,-8.526146,-2.6760898,-1.4888442,3,walking
1519421577930,-8.602742,-2.6569405,-1.4409714,3,walking
1519421577935,-8.621892,-2.5899186,-1.4026731,3,walking
1519421577941,-8.66019,-2.5324712,-1.3739494,3,walking
1519421577946,-8.641041,-2.427151,-1.3930986,3,walking
1519421577951,-8.641041,-2.4558747,-1.383524,3,walking
1519421577956,-8.698488,-2.3697038,-1.4313968,3,walking
1519421577961,-8.698488,-2.3697038,-1.4313968,3,walking
1519421577966,-8.7750845,-2.254809,-1.4313968,3,walking
1519421577971,-8.755936,-2.187787,-1.4122477,3,walking
1519421577977,-8.717637,-2.101616,-1.4026731,3,walking
1519421577984,-8.698488,-1.929274,-1.4026731,3,walking
1519421577989,-8.698488,-1.8526775,-1.383524,3,walking
1519421577995,-8.708063,-1.8048047,-1.3548003,3,walking
1519421578000,-8.717637,-1.7377827,-1.3739494,3,walking
1519421578005,-8.832532,-1.6994845,-1.3260766,3,walking
1519421578010,-8.937852,-1.709059,-1.3069274,3,walking
1519421578015,-9.119769,-1.7473572,-1.2303311,3,walking
1519421578020,-9.110194,-1.7665064,-1.1824582,3,walking
1519421578026,-9.158067,-1.8048047,-1.1250108,3,walking
1519421578030,-9.158067,-1.8335283,-1.0579889,3,walking
1519421578036,-9.272962,-1.9101248,-1.0579889,3,walking
1519421578046,-9.445304,-1.929274,-1.0771381,3,walking
1519421578051,-9.598496,-1.8431029,-1.1058618,3,walking
1519421578056,-9.64637,-1.79523,-1.1537346,3,walking
1519421578060,-9.713391,-1.7665064,-1.2111819,3,walking
1519421578065,-9.904882,-1.7569319,-1.3069274,3,walking
1519421578069,-10.029352,-1.7665064,-1.3165021,3,walking
1519421578074,-10.412334,-1.7569319,-1.3452257,3,walking
1519421578079,-10.622974,-1.79523,-1.3356512,3,walking
1519421578084,-10.776168,-1.8239537,-1.3260766,3,walking
1519421578089,-11.015532,-1.8718265,-1.2207564,3,walking
1519421578094,-11.38894,-1.8814012,-0.9718179,3,walking
1519421578101,-11.465536,-1.8431029,-0.90479594,3,walking
1519421578107,-11.714475,-1.7569319,-0.78990126,3,walking
1519421578117,-11.905966,-1.7282082,-0.6271337,3,walking
1519421578123,-11.905966,-1.6994845,-0.6079846,3,walking
1519421578128,-11.915541,-1.6133134,-0.59841,3,walking
1519421578134,-11.7336235,-1.5367169,-0.59841,3,walking
1519421578139,-11.590006,-1.4601204,-0.5505372,3,walking
1519421578144,-11.245321,-1.3643749,-0.56968635,3,walking
1519421578149,-11.15915,-1.2877784,-0.6079846,3,walking
1519421578154,-10.977234,-1.2782038,-0.63670826,3,walking
1519421578159,-10.833615,-1.2494801,-0.6750065,3,walking
1519421578164,-10.565528,-1.2686293,-0.8473486,3,walking
1519421578170,-10.441058,-1.4122477,-0.85692316,3,walking
1519421578175,-10.354887,-1.5558661,-0.90479594,3,walking
1519421578180,-10.374036,-1.5941644,-1.0292653,3,walking
1519421578185,-10.460207,-1.6420372,-1.1250108,3,walking
1519421578190,-10.622974,-1.6994845,-1.2207564,3,walking
1519421578195,-11.082554,-1.9962958,-1.5462915,3,walking
1519421578200,-11.417664,-2.1973617,-1.622888,3,walking
1519421578206,-11.992137,-2.8484318,-1.5941644,3,walking
1519421578210,-12.221927,-3.173967,-1.4984187,3,walking
1519421578216,-12.365545,-3.4899273,-1.4313968,3,walking
1519421578220,-12.413418,-3.8058877,-1.3165021,3,walking
1519421578224,-12.480439,-4.0644007,-1.2877784,3,walking
1519421578229,-12.518738,-4.2654667,-1.2016073,3,walking
1519421578234,-12.46129,-4.456958,-1.0388398,3,walking
1519421578239,-12.336822,-4.5239797,-0.98139244,3,walking
1519421578244,-12.231501,-4.4473834,-0.93351966,3,walking
1519421578249,-12.116607,-4.3707867,-0.9430942,3,walking
1519421578254,-11.972988,-4.2080193,-1.1250108,3,walking
1519421578259,-11.982562,-4.1122737,-1.1728836,3,walking
1519421578264,-12.068733,-3.9495063,-1.2303311,3,walking
1519421578270,-12.135756,-3.8824842,-1.2877784,3,walking
1519421578275,-12.174053,-3.8633351,-1.3260766,3,walking
1519421578279,-12.202777,-3.7963133,-1.3548003,3,walking
1519421578284,-12.288948,-3.671844,-1.383524,3,walking
1519421578288,-12.298523,-3.5282254,-1.3452257,3,walking
1519421578293,-12.174053,-3.3080106,-1.4601204,3,walking
1519421578299,-12.030436,-3.193116,-1.383524,3,walking
1519421578304,-11.819795,-2.9537518,-1.4122477,3,walking
1519421578309,-11.7049,-2.819708,-1.4409714,3,walking
1519421578314,-11.590006,-2.647366,-1.4218222,3,walking
1519421578319,-11.475111,-2.475024,-1.4026731,3,walking
1519421578324,-11.216598,-2.1207652,-1.5558661,3,walking
1519421578329,-11.034681,-2.0633178,-1.5654407,3,walking
1519421578335,-10.881488,-1.9962958,-1.622888,3,walking
1519421578340,-10.94851,-1.7282082,-1.7569319,3,walking
1519421578345,-11.044255,-1.6037389,-1.79523,3,walking
1519421578350,-11.063405,-1.5845897,-1.7665064,3,walking
1519421578355,-10.977234,-1.5845897,-1.6899099,3,walking
1519421578360,-10.977234,-1.6899099,-1.6707608,3,walking
1519421578365,-11.197449,-1.9005502,-1.7377827,3,walking
1519421578370,-11.293194,-2.0920415,-1.8431029,3,walking
1519421578376,-11.417664,-2.3505547,-1.9005502,3,walking
1519421578385,-11.542132,-2.733537,-2.1207652,3,walking
1519421578389,-11.647452,-2.8292825,-2.1303396,3,walking
1519421578394,-11.72405,-2.9633265,-2.1973617,3,walking
1519421578398,-11.896391,-3.0877957,-2.321831,3,walking
1519421578403,-12.087883,-3.193116,-2.5228968,3,walking
1519421578407,-11.9346895,-3.1356685,-2.6952388,3,walking
1519421578413,-11.714475,-3.078221,-2.9346027,3,walking
1519421578418,-11.886817,-2.8580062,-2.752686,3,walking
1519421578423,-11.685751,-2.7431116,-2.4654493,3,walking
1519421578428,-11.293194,-2.4845984,-1.862252,3,walking
1519421578434,-11.618729,-1.9579976,-1.709059,3,walking
1519421578440,-11.714475,-1.6420372,-1.6037389,3,walking
1519421578445,-11.9346895,-0.6845811,-0.751603,3,walking
1519421578449,-11.9346895,-0.6845811,-0.751603,3,walking
1519421578453,-11.49426,-0.6558574,-1.0962871,3,walking
1519421578492,-10.000628,-1.4792696,-1.7569319,3,walking
1519421578500,-9.598496,-1.4984187,-1.6899099,3,walking
1519421578508,-9.272962,-1.622888,-1.8909757,3,walking
1519421578514,-9.196365,-1.8526775,-2.4558747,3,walking
1519421578519,-9.196365,-1.8526775,-2.4558747,3,walking
1519421578523,-9.110194,-1.9101248,-2.6186423,3,walking
1519421578527,-9.062322,-1.9962958,-2.6856642,3,walking
1519421578532,-9.004874,-2.0824668,-2.7622607,3,walking
1519421578537,-8.9761505,-2.168638,-2.9441774,3,walking
1519421578543,-8.842107,-2.321831,-3.0877957,3,walking
1519421578548,-8.784659,-2.3697038,-3.1548176,3,walking
1519421578553,-8.842107,-2.4175766,-3.2026904,3,walking
1519421578557,-8.842107,-2.4175766,-3.2888615,3,walking
1519421578563,-8.851681,-2.4367256,-3.2601378,3,walking
1519421578568,-8.870831,-2.427151,-3.2888615,3,walking
1519421578573,-8.909128,-2.4558747,-3.2601378,3,walking
1519421578578,-8.928278,-2.4558747,-3.231414,3,walking
1519421578582,-8.937852,-2.494173,-3.212265,3,walking
1519421578588,-8.928278,-2.5228968,-3.1643922,3,walking
1519421578593,-8.928278,-2.3984275,-3.1356685,3,walking
1519421578598,-8.909128,-2.3505547,-3.0686467,3,walking
1519421578602,-8.870831,-2.3314054,-3.0016246,3,walking
1519421578607,-8.822957,-2.3314054,-2.9824755,3,walking
1519421578613,-8.755936,-2.3122563,-2.9250283,3,walking
1519421578618,-8.66019,-2.2931073,-2.7718353,3,walking
1519421578623,-8.583593,-2.2643836,-2.7814097,3,walking
1519421578628,-8.459125,-2.2643836,-2.6856642,3,walking
1519421578633,-8.286782,-2.2069361,-2.5994933,3,walking
1519421578638,-8.152739,-2.2165108,-2.4845984,3,walking
1519421578643,-8.124015,-2.2260852,-2.3792782,3,walking
1519421578647,-7.9325233,-2.1782124,-2.2069361,3,walking
1519421578652,-7.8846507,-2.1782124,-2.149489,3,walking
1519421578657,-7.808054,-2.149489,-2.0824668,3,walking
1519421578663,-7.6069884,-2.1303396,-1.9771467,3,walking
1519421578667,-7.5399666,-2.1590633,-1.8431029,3,walking
1519421578672,-7.4537954,-2.1303396,-1.8526775,3,walking
1519421578677,-7.396348,-2.1399143,-1.8048047,3,walking
1519421578682,-7.2910275,-2.1303396,-1.7473572,3,walking
1519421578687,-7.1665583,-2.1207652,-1.6516117,3,walking
1519421578692,-7.1186857,-2.0920415,-1.6707608,3,walking
1519421578697,-7.0803876,-2.0920415,-1.709059,3,walking
1519421578703,-6.9942164,-2.015445,-1.6803354,3,walking
1519421578707,-7.003791,-2.0058703,-1.6899099,3,walking
1519421578713,-6.975067,-1.948423,-1.7569319,3,walking
1519421578717,-6.9463434,-1.8909757,-1.7186337,3,walking
1519421578723,-6.975067,-1.7856555,-1.7186337,3,walking
1519421578727,-6.984642,-1.79523,-1.7282082,3,walking
1519421578733,-6.9559183,-1.776081,-1.709059,3,walking
1519421578737,-6.9654927,-1.7856555,-1.6707608,3,walking
1519421578742,-6.9463434,-1.7856555,-1.6133134,3,walking
1519421578747,-6.831449,-1.79523,-1.6037389,3,walking
1519421578753,-6.7931504,-1.79523,-1.5271424,3,walking
1519421578757,-6.716554,-1.8239537,-1.3930986,3,walking
1519421578762,-6.678256,-1.8431029,-1.2973529,3,walking
1519421578767,-6.6495323,-1.8239537,-1.2686293,3,walking
1519421578772,-6.6016593,-1.8431029,-1.2016073,3,walking
1519421578777,-6.6016593,-1.8143792,-1.0771381,3,walking
1519421578781,-6.6016593,-1.8143792,-1.0771381,3,walking
1519421578788,-6.639958,-1.8048047,-1.0579889,3,walking
1519421578793,-6.544212,-1.7569319,-0.9622433,3,walking
1519421578797,-6.5059137,-1.7473572,-0.93351966,3,walking
1519421578802,-6.438892,-1.709059,-0.8856468,3,walking
1519421578807,-6.3814445,-1.709059,-0.8760723,3,walking
1519421578812,-6.2952733,-1.6133134,-0.83777404,3,walking
1519421578817,-6.2952733,-1.622888,-0.8760723,3,walking
1519421578823,-6.2761245,-1.5271424,-0.85692316,3,walking
1519421578827,-6.2761245,-1.5271424,-0.8473486,3,walking
1519421578832,-6.2761245,-1.5462915,-0.85692316,3,walking
1519421578838,-6.3431463,-1.5654407,-0.8473486,3,walking
1519421578843,-6.438892,-1.6899099,-0.8186249,3,walking
1519421578847,-6.486765,-1.7377827,-0.78032666,3,walking
1519421578851,-6.544212,-1.8239537,-0.70373017,3,walking
1519421578857,-6.6016593,-1.9005502,-0.5888355,3,walking
1519421578862,-6.7261286,-2.1111906,-0.34947145,3,walking
1519421578868,-6.831449,-2.2165108,-0.2154276,3,walking
1519421578873,-7.0325146,-2.408002,0.0,3,walking
1519421578878,-7.0325146,-2.408002,0.0,3,walking
1519421578883,-7.3676243,-2.5516202,0.110107444,3,walking
1519421578888,-7.5399666,-2.6090677,0.14840569,3,walking
1519421578892,-7.7601814,-2.647366,0.17712937,3,walking
1519421578897,-8.334655,-2.7048132,0.26330042,3,walking
1519421578902,-8.736787,-2.6760898,0.28244954,3,walking
1519421578908,-9.100619,-2.6377914,0.25372586,3,walking
1519421578913,-10.058076,-2.5037475,0.043085523,3,walking
1519421578918,-10.584677,-2.475024,-0.081383765,3,walking
1519421578923,-11.436812,-2.475024,-0.23457673,3,walking
1519421578931,-12.001712,-2.5324712,-0.26330042,3,walking
1519421578937,-12.25065,-2.494173,-0.33032233,3,walking
1519421578941,-12.403843,-2.427151,-0.3398969,3,walking
1519421578947,-12.509163,-2.3505547,-0.39734426,3,walking
1519421578982,-13.112361,-1.5558661,-1.0388398,3,walking
1519421578991,-13.169807,-1.4218222,-1.1633091,3,walking
1519421578999,-13.351725,-1.383524,-1.2399056,3,walking
1519421579005,-13.437896,-1.3930986,-1.2973529,3,walking
1519421579009,-13.495343,-1.4409714,-1.1920328,3,walking
1519421579014,-13.715558,-1.5845897,-1.1537346,3,walking
1519421579018,-13.715558,-1.5845897,-1.1537346,3,walking
1519421579023,-13.907049,-1.8143792,-0.8856468,3,walking
1519421579027,-13.964497,-2.015445,-0.69415563,3,walking
1519421579036,-14.213435,-2.2931073,-0.4356425,3,walking
1519421579042,-14.519821,-2.5516202,-0.40691882,3,walking
1519421579047,-14.529395,-2.7048132,-0.36862057,3,walking
1519421579052,-14.577269,-2.9250283,-0.47394073,3,walking
1519421579058,-14.577269,-2.9250283,-0.47394073,3,walking
1519421579063,-14.481523,-3.0303483,-0.70373017,3,walking
1519421579068,-14.43365,-2.9441774,-0.8090504,3,walking
1519421579072,-14.155988,-2.752686,-0.98139244,3,walking
1519421579077,-13.945347,-2.7239625,-1.2016073,3,walking
1519421579082,-13.734707,-2.580344,-1.2973529,3,walking
1519421579087,-13.524067,-2.427151,-1.4313968,3,walking
1519421579093,-13.169807,-1.9005502,-1.5462915,3,walking
1519421579098,-12.940019,-1.622888,-1.5462915,3,walking
1519421579103,-12.403843,-1.3260766,-1.6899099,3,walking
1519421579108,-12.403843,-1.3260766,-1.6899099,3,walking
1519421579113,-11.953838,-1.0292653,-1.5941644,3,walking
1519421579118,-11.752773,-0.92394507,-1.4984187,3,walking
1519421579124,-11.36979,-1.0579889,-1.5175679,3,walking
1519421579128,-11.274045,-1.2399056,-1.6133134,3,walking
1519421579134,-11.178299,-1.4218222,-1.5941644,3,walking
1519421579139,-10.814466,-1.6994845,-1.5271424,3,walking
1519421579144,-10.555953,-1.8143792,-1.4026731,3,walking
1519421579154,-9.924032,-2.0058703,-1.2016073,3,walking
1519421579159,-9.722966,-2.1303396,-1.2973529,3,walking
1519421579165,-9.550624,-2.3122563,-1.3643749,3,walking
1519421579169,-9.3878565,-2.408002,-1.3739494,3,walking
1519421579175,-8.9761505,-2.6760898,-1.2973529,3,walking
1519421579179,-8.746361,-2.800559,-1.2877784,3,walking
1519421579185,-8.401677,-3.0877957,-1.4409714,3,walking
1519421579190,-8.401677,-3.0877957,-1.4409714,3,walking
1519421579195,-8.095291,-3.365458,-1.4601204,3,walking
1519421579205,-7.6740103,-3.451629,-1.4026731,3,walking
1519421579210,-7.5208173,-3.3941817,-1.4122477,3,walking
1519421579216,-7.4250717,-3.346309,-1.4122477,3,walking
1519421579222,-7.243155,-3.2409887,-1.3930986,3,walking
1519421579227,-7.1665583,-3.193116,-1.2494801,3,walking
1519421579232,-7.0133657,-3.2409887,-0.9718179,3,walking
1519421579238,-6.9654927,-3.2026904,-1.0101161,3,walking
1519421579243,-6.9559183,-3.1356685,-0.9526688,3,walking
1519421579248,-6.984642,-3.039923,-0.90479594,3,walking
1519421579253,-6.9080453,-2.8388572,-0.8952214,3,walking
1519421579258,-6.8601727,-2.7239625,-0.8090504,3,walking
1519421579263,-6.8410234,-2.6377914,-0.7228793,3,walking
1519421579268,-6.8888965,-2.5420458,-0.751603,3,walking
1519421579274,-6.8793216,-2.561195,-0.665432,3,walking
1519421579279,-6.975067,-2.5228968,-0.78032666,3,walking
1519421579284,-6.9654927,-2.4367256,-0.7420284,3,walking
1519421579289,-6.975067,-2.4175766,-0.8281995,3,walking
1519421579294,-7.0612383,-2.4175766,-0.91437054,3,walking
1519421579299,-7.137835,-2.427151,-0.93351966,3,walking
1519421579304,-7.1665583,-2.427151,-0.90479594,3,walking
1519421579315,-7.3771987,-2.4845984,-1.0484143,3,walking
1519421579319,-7.4920936,-2.4845984,-1.1345854,3,walking
1519421579325,-7.5399666,-2.561195,-1.1058618,3,walking
1519421579329,-7.616563,-2.561195,-1.1633091,3,walking
1519421579335,-7.7314577,-2.7048132,-1.2016073,3,walking
1519421579340,-7.855927,-2.7622607,-1.2303311,3,walking
1519421579345,-8.066567,-2.8292825,-1.1920328,3,walking
1519421579350,-8.152739,-2.800559,-1.2016073,3,walking
1519421579355,-8.200611,-2.7718353,-1.2399056,3,walking
1519421579360,-8.315506,-2.7431116,-1.3356512,3,walking
1519421579366,-8.353804,-2.733537,-1.3069274,3,walking
1519421579372,-8.4686985,-2.7909844,-1.3930986,3,walking
1519421579377,-8.4686985,-2.7909844,-1.3930986,3,walking
1519421579382,-8.545295,-2.8388572,-1.4026731,3,walking
1519421579387,-8.612317,-2.8388572,-1.4122477,3,walking
1519421579392,-8.679339,-2.8101335,-1.3930986,3,walking
1519421579397,-8.679339,-2.8101335,-1.3930986,3,walking
1519421579402,-8.755936,-2.6952388,-1.3260766,3,walking
1519421579407,-8.784659,-2.666515,-1.2590547,3,walking
1519421579412,-8.813383,-2.5037475,-1.2590547,3,walking
1519421579417,-8.851681,-2.4367256,-1.2399056,3,walking
1519421579422,-8.909128,-2.3697038,-1.1920328,3,walking
1519421579427,-8.957002,-2.3026817,-1.1728836,3,walking
1519421579432,-9.110194,-2.187787,-1.0867126,3,walking
1519421579437,-9.148493,-2.1590633,-1.1250108,3,walking
1519421579442,-9.244238,-2.1111906,-1.0771381,3,walking
1519421579447,-9.339984,-2.101616,-1.0196906,3,walking
1519421579452,-9.550624,-2.034594,-0.98139244,3,walking
1519421579457,-9.636795,-2.015445,-0.90479594,3,walking
1519421579462,-9.780414,-1.9771467,-0.85692316,3,walking
1519421579467,-9.780414,-1.9771467,-0.85692316,3,walking
1519421579472,-9.971905,-1.9005502,-0.8760723,3,walking
1519421579477,-10.038927,-1.9579976,-0.8760723,3,walking
1519421579482,-10.182545,-1.862252,-0.91437054,3,walking
1519421579487,-10.182545,-1.862252,-0.91437054,3,walking
1519421579492,-10.211268,-1.8814012,-0.9718179,3,walking
1519421579497,-10.29744,-1.862252,-1.0292653,3,walking
1519421579503,-10.345312,-1.9101248,-1.0771381,3,walking
1519421579507,-10.450633,-1.9196993,-1.1345854,3,walking
1519421579512,-10.517654,-1.9579976,-1.14416,3,walking
1519421579520,-10.632549,-1.948423,-1.1633091,3,walking
1519421579525,-10.757019,-1.9962958,-1.1537346,3,walking
1519421579530,-10.757019,-1.9962958,-1.1537346,3,walking
1519421579535,-10.833615,-2.034594,-1.0579889,3,walking
1519421579541,-10.833615,-1.9867213,-0.9526688,3,walking
1519421579546,-10.814466,-1.9675722,-0.93351966,3,walking
1519421579551,-10.776168,-1.8814012,-0.8760723,3,walking
1519421579556,-10.728295,-1.7856555,-0.7994758,3,walking
1519421579561,-10.651698,-1.5271424,-0.665432,3,walking
1519421579566,-10.594251,-1.4409714,-0.6845811,3,walking
1519421579571,-10.565528,-1.2782038,-0.6558574,3,walking
1519421579576,-10.527229,-1.1728836,-0.6271337,3,walking
1519421579581,-10.412334,-1.1058618,-0.64628285,3,walking
1519421579586,-10.354887,-1.14416,-0.6079846,3,walking
1519421579591,-10.220843,-1.1058618,-0.6079846,3,walking
1519421579596,-10.115523,-1.1250108,-0.6079846,3,walking
1519421579601,-10.000628,-1.0962871,-0.6079846,3,walking
1519421579606,-9.885734,-1.1250108,-0.6079846,3,walking
1519421579611,-9.7899885,-1.14416,-0.59841,3,walking
1519421579616,-9.636795,-1.2016073,-0.64628285,3,walking
1519421579621,-9.512326,-1.2973529,-0.6558574,3,walking
1519421579626,-9.41658,-1.4409714,-0.6558574,3,walking
1519421579631,-9.320834,-1.6324625,-0.78990126,3,walking
1519421579636,-9.339984,-1.7473572,-0.92394507,3,walking
1519421579641,-9.502751,-1.8335283,-1.1345854,3,walking
1519421579646,-9.732541,-1.9196993,-1.3356512,3,walking
1519421579651,-10.642124,-2.0728924,-1.79523,3,walking
1519421579656,-11.168725,-2.2356598,-1.9101248,3,walking
1519421579665,-12.193203,-2.752686,-1.9962958,3,walking
1519421579669,-12.576185,-3.0973704,-1.9101248,3,walking
1519421579674,-13.23683,-3.9016335,-1.6707608,3,walking
1519421579678,-13.418746,-4.2175937,-1.5175679,3,walking
1519421579683,-13.638962,-4.5239797,-1.4122477,3,walking
1519421579687,-13.782579,-4.696322,-1.1824582,3,walking
1519421579696,-13.744282,-4.83994,-0.8473486,3,walking
1519421579701,-13.332576,-4.619725,-0.8186249,3,walking
1519421579706,-13.093211,-4.466532,-0.8473486,3,walking
1519421579711,-12.863422,-4.342063,-0.91437054,3,walking
1519421579716,-12.786825,-4.169721,-1.0484143,3,walking
1519421579721,-12.69108,-4.016528,-1.2303311,3,walking
1519421579725,-12.576185,-3.604822,-1.3069274,3,walking
1519421579731,-12.480439,-3.346309,-1.3739494,3,walking
1519421579736,-12.308098,-3.0686467,-1.4313968,3,walking
1519421579741,-11.992137,-2.5420458,-1.5558661,3,walking
1519421579746,-11.867668,-2.2931073,-1.5558661,3,walking
1519421579751,-11.771922,-2.0633178,-1.5558661,3,walking
1519421579755,-11.657027,-1.6324625,-1.5750152,3,walking
1519421579762,-11.657027,-1.4026731,-1.6803354,3,walking
1519421579766,-11.561282,-1.1824582,-1.6803354,3,walking
1519421579771,-11.49426,-0.85692316,-1.9005502,3,walking
1519421579776,-11.475111,-0.71330476,-2.1207652,3,walking
1519421579782,-11.398514,-0.6271337,-2.168638,3,walking
1519421579786,-11.38894,-0.6079846,-2.254809,3,walking
1519421579791,-11.417664,-0.54096264,-2.4175766,3,walking
1519421579795,-11.465536,-0.5888355,-2.714388,3,walking
1519421579801,-11.49426,-0.665432,-2.7622607,3,walking
1519421579806,-11.570856,-0.7228793,-2.819708,3,walking
1519421579811,-11.637878,-0.7994758,-2.733537,3,walking
1519421579816,-11.590006,-0.7994758,-2.6760898,3,walking
1519421579821,-11.59958,-0.85692316,-2.88673,3,walking
1519421579825,-11.609155,-0.92394507,-2.800559,3,walking
1519421579831,-11.590006,-1.0579889,-2.7622607,3,walking
1519421579836,-11.513409,-1.4984187,-2.819708,3,walking
1519421579841,-11.446387,-1.7473572,-2.647366,3,walking
1519421579845,-11.293194,-1.9771467,-2.5037475,3,walking
1519421579850,-11.216598,-2.168638,-2.4558747,3,walking
1519421579856,-11.130426,-2.3026817,-2.3888528,3,walking
1519421579861,-11.072979,-2.5420458,-2.2739582,3,walking
1519421579866,-10.938935,-2.8484318,-2.3697038,3,walking
1519421579871,-10.6134,-2.972901,-2.254809,3,walking
1519421579876,-10.345312,-3.0686467,-2.3697038,3,walking
1519421579880,-10.0868,-3.2697124,-2.6090677,3,walking
1519421579886,-10.144247,-3.451629,-2.5707695,3,walking
1519421579891,-9.722966,-3.078221,-1.5367169,3,walking
1519421579896,-9.722966,-3.078221,-1.5367169,3,walking
1519421579901,-9.579348,-2.034594,-0.9526688,3,walking
1519421579906,-9.617646,-1.5271424,-0.6079846,3,walking
1519421579911,-9.54105,-1.1345854,-1.0196906,3,walking
1519421579916,-9.54105,-1.1345854,-1.0196906,3,walking
1519421579921,-9.272962,-1.7569319,-1.4122477,3,walking
1519421579926,-9.320834,-2.0537431,-1.2590547,3,walking
1519421579931,-9.378282,-2.360129,-1.4026731,3,walking
1519421579935,-9.263388,-2.3792782,-1.4601204,3,walking
1519421579940,-9.148493,-2.2739582,-1.5462915,3,walking
1519421579946,-9.0814705,-2.187787,-1.6037389,3,walking
1519421579951,-9.062322,-2.1207652,-1.7473572,3,walking
1519421579956,-8.842107,-1.7665064,-1.8048047,3,walking
1519421579961,-8.832532,-2.0058703,-1.9675722,3,walking
1519421579966,-8.832532,-2.0058703,-1.9675722,3,walking
1519421579970,-8.909128,-1.9962958,-2.1399143,3,walking
1519421579975,-8.7750845,-1.8431029,-2.1207652,3,walking
1519421579981,-8.803808,-1.7569319,-2.2643836,3,walking
1519421579987,-8.803808,-1.7569319,-2.2643836,3,walking
1519421579992,-8.813383,-1.4122477,-2.5324712,3,walking
1519421579997,-9.129343,-1.3260766,-2.7622607,3,walking
1519421580003,-9.225089,-1.2973529,-2.733537,3,walking
1519421580008,-9.263388,-1.2973529,-2.7909844,3,walking
1519421580013,-9.349558,-1.4313968,-2.867581,3,walking
1519421580018,-9.320834,-1.5367169,-2.905879,3,walking
1519421580023,-9.301685,-1.622888,-2.9154537,3,walking
1519421580027,-9.29211,-1.7473572,-2.8963046,3,walking
1519421580032,-9.320834,-1.929274,-2.8292825,3,walking
1519421580036,-9.320834,-1.929274,-2.8292825,3,walking
1519421580041,-9.272962,-1.9388485,-2.7431116,3,walking
1519421580045,-9.20594,-1.9196993,-2.7239625,3,walking
1519421580051,-9.100619,-1.9196993,-2.561195,3,walking
1519421580056,-9.100619,-1.9196993,-2.561195,3,walking
1519421580060,-8.947427,-1.9579976,-2.561195,3,walking
1519421580065,-8.928278,-1.9867213,-2.561195,3,walking
1519421580071,-8.813383,-1.9962958,-2.5037475,3,walking
1519421580075,-8.765511,-2.034594,-2.4845984,3,walking
1519421580080,-8.545295,-2.0633178,-2.4654493,3,walking
1519421580086,-8.497422,-2.0441687,-2.5420458,3,walking
1519421580090,-8.430401,-2.015445,-2.4654493,3,walking
1519421580095,-8.372953,-2.0537431,-2.4558747,3,walking
1519421580100,-8.315506,-2.0250196,-2.3888528,3,walking
1519421580105,-8.210186,-2.0250196,-2.3792782,3,walking
1519421580110,-8.229335,-1.9962958,-2.3888528,3,walking
1519421580115,-8.1623125,-1.9771467,-2.3026817,3,walking
1519421580121,-8.076141,-1.9962958,-2.3122563,3,walking
1519421580125,-8.028269,-1.9962958,-2.2643836,3,walking
1519421580130,-7.961247,-2.0058703,-2.2835326,3,walking
1519421580135,-7.922949,-2.0441687,-2.2643836,3,walking
1519421580140,-7.8176284,-2.0824668,-2.168638,3,walking
1519421580145,-7.7314577,-2.0920415,-2.1399143,3,walking
1519421580150,-7.5974135,-2.1590633,-2.0441687,3,walking
1519421580156,-7.5303917,-2.149489,-2.101616,3,walking
1519421580160,-7.4920936,-2.1590633,-2.0058703,3,walking
1519421580165,-7.46337,-2.1207652,-1.9962958,3,walking
1519421580170,-7.4250717,-2.1207652,-1.9388485,3,walking
1519421580175,-7.35805,-2.0920415,-1.8814012,3,walking
1519421580180,-7.329326,-2.0633178,-1.8526775,3,walking
1519421580185,-7.2623043,-2.0250196,-1.7282082,3,walking
1519421580190,-7.2240057,-1.9962958,-1.7282082,3,walking
1519421580195,-7.195282,-1.9867213,-1.6803354,3,walking
1519421580199,-7.1857076,-1.9771467,-1.6324625,3,walking
1519421580204,-7.089962,-1.9005502,-1.6037389,3,walking
1519421580208,-7.0803876,-1.8718265,-1.5079932,3,walking
1519421580213,-7.1186857,-1.8718265,-1.469695,3,walking
1519421580217,-7.0995364,-1.8239537,-1.4601204,3,walking
1519421580222,-7.1186857,-1.8048047,-1.4122477,3,walking
1519421580226,-7.1474094,-1.79523,-1.4026731,3,walking
1519421580230,-7.1857076,-1.7665064,-1.4505459,3,walking
1519421580235,-7.2623043,-1.7473572,-1.383524,3,walking
1519421580240,-7.2910275,-1.6994845,-1.3643749,3,walking
1519421580246,-7.310177,-1.6516117,-1.3452257,3,walking
1519421580250,-7.3771987,-1.6133134,-1.3165021,3,walking
1519421580255,-7.348475,-1.5367169,-1.2686293,3,walking
1519421580260,-7.348475,-1.5367169,-1.2686293,3,walking
1519421580265,-7.3197513,-1.4601204,-1.1728836,3,walking
1519421580270,-7.1474094,-1.4122477,-1.14416,3,walking
1519421580275,-7.0995364,-1.383524,-1.1345854,3,walking
1519421580281,-7.051664,-1.3643749,-1.0962871,3,walking
1519421580285,-7.0133657,-1.3452257,-1.0484143,3,walking
1519421580290,-6.9176197,-1.3739494,-1.0484143,3,walking
1519421580295,-6.8601727,-1.3643749,-0.98139244,3,walking
1519421580300,-6.8601727,-1.4218222,-1.0005416,3,walking
1519421580305,-6.850598,-1.469695,-1.0196906,3,walking
1519421580310,-6.8601727,-1.5079932,-0.9718179,3,walking
1519421580316,-6.9942164,-1.6133134,-0.93351966,3,walking
1519421580320,-7.02294,-1.6707608,-0.85692316,3,walking
1519421580325,-7.12826,-1.7665064,-0.7994758,3,walking
1519421580330,-7.281453,-1.862252,-0.70373017,3,walking
1519421580335,-7.5399666,-2.0250196,-0.5792609,3,walking
1519421580340,-7.702734,-2.149489,-0.54096264,3,walking
1519421580345,-8.066567,-2.3026817,-0.40691882,3,walking
1519421580350,-8.066567,-2.3026817,-0.40691882,3,walking
1519421580355,-8.392102,-2.4845984,-0.28244954,3,walking
1519421580360,-8.641041,-2.5994933,-0.10053288,3,walking
1519421580365,-8.755936,-2.6760898,-0.043085523,3,walking
1519421580371,-8.880404,-2.733537,0.043085523,3,walking
1519421580375,-9.0814705,-2.714388,0.09095833,3,walking
1519421580380,-9.349558,-2.6377914,0.110107444,3,walking
1519421580385,-9.971905,-2.4845984,0.062234644,3,walking
1519421580390,-10.383611,-2.3314054,-0.062234644,3,walking
1519421580396,-10.871913,-2.2069361,-0.28244954,3,walking
1519421580399,-11.360216,-2.0441687,-0.512239,3,walking
1519421580403,-12.193203,-1.7856555,-0.71330476,3,walking
1519421580409,-12.595334,-1.709059,-0.8186249,3,walking
1519421580414,-13.00704,-1.6516117,-1.0771381,3,walking
1519421580422,-13.485768,-1.3069274,-1.2207564,3,walking
1519421580460,-12.844273,-0.6750065,-0.77075213,3,walking
1519421580465,-12.518738,-0.61755913,-0.71330476,3,walking
1519421580470,-12.327247,-0.71330476,-0.8090504,3,walking
1519421580475,-12.413418,-1.1058618,-0.8952214,3,walking
1519421580480,-12.537887,-1.8526775,-1.0867126,3,walking
1519421580485,-12.537887,-1.8526775,-1.0867126,3,walking
1519421580490,-12.365545,-2.408002,-0.9622433,3,walking
1519421580496,-12.231501,-2.5994933,-0.92394507,3,walking
1519421580500,-12.126181,-2.7239625,-0.8090504,3,walking
1519421580505,-12.068733,-2.8388572,-0.78990126,3,walking
1519421580510,-12.068733,-2.8388572,-0.78990126,3,walking
1519421580515,-12.059159,-3.6143966,-0.6750065,3,walking
1519421580520,-12.135756,-3.9686553,-0.6079846,3,walking
1519421580525,-12.375119,-4.5335546,-0.59841,3,walking
1519421580531,-12.422992,-4.811217,-0.5888355,3,walking
1519421580536,-12.394268,-5.041006,-0.59841,3,walking
1519421580540,-12.422992,-5.222923,-0.56011176,3,walking
1519421580545,-12.451715,-5.28037,-0.7420284,3,walking
1519421580550,-12.46129,-5.232497,-0.8952214,3,walking
1519421580555,-12.422992,-5.1367517,-0.99096704,3,walking
1519421580560,-12.298523,-4.83994,-1.0484143,3,walking
1519421580566,-12.174053,-4.6388745,-1.2494801,3,walking
1519421580570,-12.059159,-4.466532,-1.3643749,3,walking
1519421580575,-11.9346895,-4.303765,-1.5462915,3,walking
1519421580580,-11.877242,-3.7484405,-1.8814012,3,walking
1519421580585,-11.685751,-3.499502,-1.9101248,3,walking
1519421580590,-11.36979,-3.0686467,-2.254809,3,walking
1519421580595,-11.149575,-2.8388572,-2.321831,3,walking
1519421580600,-10.967659,-2.647366,-2.34098,3,walking
1519421580605,-10.843189,-2.3984275,-2.3505547,3,walking
1519421580610,-10.460207,-2.0441687,-2.2643836,3,walking
1519421580615,-10.239992,-1.929274,-2.2165108,3,walking
1519421580621,-10.058076,-1.8526775,-2.1207652,3,walking
1519421580625,-9.885734,-1.8718265,-1.9771467,3,walking
1519421580630,-9.761265,-1.9196993,-1.8048047,3,walking
1519421580635,-9.713391,-1.9771467,-1.776081,3,walking
1519421580640,-9.75169,-2.0250196,-1.709059,3,walking
1519421580645,-9.742115,-2.0633178,-1.622888,3,walking
1519421580650,-9.550624,-2.2835326,-1.5175679,3,walking
1519421580655,-9.41658,-2.3792782,-1.3165021,3,walking
1519421580660,-9.225089,-2.4463003,-1.3069274,3,walking
1519421580665,-9.119769,-2.5994933,-1.3069274,3,walking
1519421580670,-8.870831,-2.8963046,-1.0101161,3,walking
1519421580675,-8.698488,-3.078221,-0.90479594,3,walking
1519421580680,-8.5740185,-3.2409887,-0.8473486,3,walking
1519421580685,-8.392102,-3.518651,-0.8281995,3,walking
1519421580691,-8.1623125,-3.7867386,-0.77075213,3,walking
1519421580696,-8.066567,-3.8633351,-0.7420284,3,walking
1519421580702,-7.9516726,-3.9495063,-0.751603,3,walking
1519421580706,-7.8272033,-4.0069537,-0.751603,3,walking
1519421580710,-7.7123084,-4.045252,-0.77075213,3,walking
1519421580715,-7.6452866,-4.0739756,-0.77075213,3,walking
1519421580720,-7.4537954,-4.0739756,-0.7228793,3,walking
1519421580726,-7.4059224,-4.0644007,-0.70373017,3,walking
1519421580730,-7.348475,-4.0548263,-0.71330476,3,walking
1519421580735,-7.3006024,-4.0356774,-0.70373017,3,walking
1519421580740,-7.2718787,-3.9878044,-0.78032666,3,walking
1519421580746,-7.281453,-3.9207826,-0.7994758,3,walking
1519421580750,-7.281453,-3.9495063,-0.8090504,3,walking
1519421580755,-7.281453,-3.9495063,-0.8090504,3,walking
1519421580760,-7.281453,-3.9495063,-0.8090504,3,walking
1519421580765,-7.5591154,-3.7292912,-0.7994758,3,walking
1519421580770,-7.616563,-3.7005677,-0.83777404,3,walking
1519421580775,-7.846352,-3.6239712,-0.78032666,3,walking
1519421580781,-7.9420977,-3.5569491,-0.7228793,3,walking
1519421580785,-8.056993,-3.5378,-0.6750065,3,walking
1519421580790,-8.171887,-3.4803526,-0.6750065,3,walking
1519421580795,-8.382527,-3.4229054,-0.6079846,3,walking
1519421580800,-8.526146,-3.3750327,-0.56011176,3,walking
1519421580805,-8.621892,-3.3271596,-0.5888355,3,walking
1519421580810,-8.870831,-3.212265,-0.63670826,3,walking
1519421580815,-9.024023,-3.126094,-0.6750065,3,walking
1519421580820,-9.129343,-3.126094,-0.7324539,3,walking
1519421580825,-9.263388,-3.1356685,-0.7420284,3,walking
1519421580830,-9.512326,-3.126094,-0.85692316,3,walking
1519421580835,-9.665519,-3.078221,-0.8760723,3,walking
1519421580840,-9.885734,-3.0494976,-0.98139244,3,walking
1519421580845,-9.885734,-3.0494976,-0.98139244,3,walking
1519421580850,-10.105948,-3.0016246,-1.0292653,3,walking
1519421580855,-10.2016945,-2.9824755,-0.9718179,3,walking
1519421580859,-10.259142,-2.9633265,-1.0196906,3,walking
1519421580865,-10.374036,-2.8963046,-1.0101161,3,walking
1519421580870,-10.421909,-2.8771553,-1.0292653,3,walking
1519421580875,-10.421909,-2.8580062,-1.0292653,3,walking
1519421580880,-10.450633,-2.7909844,-0.9526688,3,walking
1519421580886,-10.469782,-2.7048132,-1.0005416,3,walking
1519421580890,-10.479357,-2.6569405,-1.0196906,3,walking
1519421580895,-10.412334,-2.5994933,-0.9430942,3,walking
1519421580900,-10.345312,-2.4654493,-0.9526688,3,walking
1519421580905,-10.354887,-2.3792782,-0.93351966,3,walking
1519421580910,-10.278291,-2.2739582,-0.9622433,3,walking
1519421580915,-10.278291,-2.2739582,-0.9622433,3,walking
1519421580919,-10.182545,-2.1973617,-0.92394507,3,walking
1519421580925,-10.144247,-2.1782124,-0.8856468,3,walking
1519421580929,-10.077225,-2.0728924,-0.8856468,3,walking
1519421580935,-10.019777,-2.0250196,-0.90479594,3,walking
1519421580940,-10.010203,-1.9675722,-0.8952214,3,walking
1519421580945,-9.96233,-1.929274,-0.91437054,3,walking
1519421580949,-9.876159,-1.8909757,-0.98139244,3,walking
1519421580954,-9.885734,-1.9101248,-0.99096704,3,walking
1519421580960,-9.847435,-1.9771467,-1.0579889,3,walking
1519421580965,-9.7899885,-2.0058703,-1.0771381,3,walking
1519421580970,-9.675094,-2.0441687,-1.0579889,3,walking
1519421580975,-9.62722,-2.0728924,-1.0484143,3,walking
1519421580980,-9.560199,-2.1207652,-1.0867126,3,walking
1519421580987,-9.454879,-2.2069361,-1.0675635,3,walking
1519421580993,-9.339984,-2.3026817,-1.0196906,3,walking
1519421580997,-9.272962,-2.3505547,-1.0292653,3,walking
1519421581003,-9.215514,-2.408002,-1.0484143,3,walking
1519421581011,-8.985725,-2.5420458,-1.0484143,3,walking
1519421581015,-8.985725,-2.5420458,-1.0484143,3,walking
1519421581020,-8.832532,-2.647366,-1.0771381,3,walking
1519421581024,-8.803808,-2.6856642,-1.0675635,3,walking
1519421581030,-8.727212,-2.733537,-1.0962871,3,walking
1519421581035,-8.688913,-2.752686,-1.0867126,3,walking
1519421581039,-8.593168,-2.7909844,-1.0579889,3,walking
1519421581044,-8.602742,-2.800559,-1.0484143,3,walking
1519421581050,-8.545295,-2.800559,-1.1058618,3,walking
1519421581054,-8.583593,-2.7718353,-1.0771381,3,walking
1519421581059,-8.5740185,-2.752686,-1.1345854,3,walking
1519421581065,-8.5740185,-2.6952388,-1.2016073,3,walking
1519421581069,-8.593168,-2.6760898,-1.2399056,3,walking
1519421581075,-8.583593,-2.647366,-1.2973529,3,walking
1519421581079,-8.650616,-2.6760898,-1.4218222,3,walking
1519421581085,-8.708063,-2.6856642,-1.4505459,3,walking
1519421581089,-8.813383,-2.7239625,-1.6037389,3,walking
1519421581095,-8.813383,-2.7239625,-1.6037389,3,walking
1519421581100,-9.024023,-2.752686,-1.8048047,3,walking
1519421581105,-9.368708,-2.800559,-1.9771467,3,walking
1519421581111,-9.608071,-2.8101335,-2.1399143,3,walking
1519421581116,-9.885734,-2.8484318,-2.3122563,3,walking
1519421581120,-10.757019,-2.9537518,-2.714388,3,walking
1519421581125,-11.379365,-3.0303483,-2.9633265,3,walking
1519421581131,-12.087883,-3.0686467,-3.0973704,3,walking
1519421581138,-13.734707,-3.2218397,-3.212265,3,walking
1519421581143,-14.491097,-3.4133308,-3.0494976,3,walking
1519421581148,-15.151742,-3.6431203,-2.8580062,3,walking
1519421581189,-13.562365,-4.7920675,-1.0292653,3,walking
1519421581197,-12.576185,-4.2175937,-1.5175679,3,walking
1519421581209,-11.417664,-3.4899273,-2.0250196,3,walking
1519421581215,-11.207023,-3.2505634,-2.1590633,3,walking
1519421581220,-11.072979,-2.5899186,-2.7431116,3,walking
1519421581225,-11.034681,-2.3792782,-2.905879,3,walking
1519421581230,-11.072979,-2.1207652,-3.059072,3,walking
1519421581234,-11.168725,-1.8431029,-3.2026904,3,walking
1519421581259,-10.996383,-1.1537346,-3.5952475,3,walking
1519421581264,-10.441058,-1.3739494,-3.5569491,3,walking
1519421581272,-10.211268,-1.5271424,-3.5282254,3,walking
1519421581277,-9.665519,-1.8526775,-3.4420545,3,walking
1519421581281,-9.426155,-1.9771467,-3.3175852,3,walking
1519421581286,-9.177217,-2.1207652,-3.3367343,3,walking
1519421581290,-8.966576,-2.1590633,-3.2792869,3,walking
1519421581300,-8.497422,-2.3314054,-3.1643922,3,walking
1519421581305,-8.21976,-2.408002,-2.972901,3,walking
1519421581309,-7.846352,-2.580344,-2.9441774,3,walking
1519421581315,-7.702734,-2.6952388,-2.905879,3,walking
1519421581319,-7.56869,-2.8292825,-2.7718353,3,walking
1519421581325,-7.434646,-2.9441774,-2.7239625,3,walking
1519421581330,-7.2240057,-3.1165195,-2.6856642,3,walking
1519421581334,-7.156984,-3.2505634,-2.6186423,3,walking
1519421581339,-7.0708127,-3.518651,-2.7048132,3,walking
1519421581344,-7.0708127,-3.518651,-2.7048132,3,walking
1519421581350,-7.12826,-3.7963133,-2.752686,3,walking
1519421581355,-7.137835,-4.016528,-2.666515,3,walking
1519421581359,-7.176133,-4.236743,-2.733537,3,walking
1519421581364,-7.281453,-4.648449,-2.6090677,3,walking
1519421581369,-7.46337,-4.7920675,-2.6760898,3,walking
1519421581375,-7.635712,-5.0122824,-2.6856642,3,walking
1519421581380,-7.9037995,-5.4239883,-2.7239625,3,walking
1519421581385,-8.047418,-5.6154795,-2.8388572,3,walking
1519421581390,-8.34423,-5.9697385,-3.0494976,3,walking
1519421581395,-8.497422,-6.1899533,-3.173967,3,walking
1519421581401,-8.7750845,-6.285699,-3.4229054,3,walking
1519421581405,-8.957002,-6.37187,-3.6526947,3,walking
1519421581411,-9.263388,-6.4293175,-4.198445,3,walking
1519421581416,-9.320834,-6.4005938,-4.4186597,3,walking
1519421581421,-9.378282,-6.4197426,-4.9835587,3,walking
1519421581426,-9.41658,-6.438892,-5.0984535,3,walking
1519421581431,-9.407005,-6.458041,-5.2899446,3,walking
1519421581441,-9.330409,-6.2091026,-5.8548436,3,walking
1519421581446,-9.234664,-6.113357,-6.0463347,3,walking
1519421581452,-9.167642,-5.8835673,-6.1420803,3,walking
1519421581457,-8.947427,-5.5771813,-6.1612296,3,walking
1519421581462,-8.813383,-5.376116,-6.180379,3,walking
1519421581472,-8.583593,-4.801642,-6.103782,3,walking
1519421581477,-8.506997,-4.6293,-6.017611,3,walking
1519421581482,-8.497422,-4.389936,-5.9218655,3,walking
1519421581487,-8.478273,-4.045252,-5.7016506,3,walking
1519421581493,-8.516571,-3.8920588,-5.5484576,3,walking
1519421581498,-8.506997,-3.7388659,-5.4718614,3,walking
1519421581503,-8.631466,-3.604822,-5.3378177,3,walking
1519421581508,-8.736787,-3.3941817,-5.0505805,3,walking
1519421581513,-8.813383,-3.346309,-4.9835587,3,walking
1519421581518,-9.024023,-3.212265,-4.782493,3,walking
1519421581524,-9.024023,-3.212265,-4.782493,3,walking
1519421581530,-9.29211,-3.2984362,-4.504831,3,walking
1519421581535,-9.3878565,-3.3271596,-4.476107,3,walking
1519421581540,-9.41658,-3.346309,-4.428234,3,walking
1519421581545,-9.493176,-3.3367343,-4.3612123,3,walking
1519421581550,-9.560199,-3.3175852,-4.2463174,3,walking
1519421581556,-9.5219,-3.3175852,-4.1888704,3,walking
1519421581561,-9.550624,-3.231414,-4.1601467,3,walking
1519421581566,-9.474028,-3.2026904,-4.1409974,3,walking
1519421581571,-9.474028,-3.173967,-4.0261025,3,walking
1519421581581,-9.368708,-3.0494976,-4.016528,3,walking
1519421581586,-9.349558,-2.9920502,-3.9878044,3,walking
1519421581592,-9.301685,-2.9154537,-3.997379,3,walking
1519421581602,-9.272962,-2.7431116,-3.8824842,3,walking
1519421581607,-9.272962,-2.6569405,-3.8633351,3,walking
1519421581612,-9.225089,-2.5420458,-3.8058877,3,walking
1519421581617,-9.18679,-2.4654493,-3.8154624,3,walking
1519421581622,-9.138918,-2.3888528,-3.8154624,3,walking
1519421581629,-9.225089,-2.3026817,-3.7867386,3,walking
1519421581635,-9.263388,-2.254809,-3.7388659,3,walking
1519421581639,-9.2825365,-2.2260852,-3.7388659,3,walking
1519421581644,-9.349558,-2.2452345,-3.7675896,3,walking
1519421581649,-9.512326,-2.2931073,-3.777164,3,walking
1519421581655,-9.550624,-2.3505547,-3.7292912,3,walking
1519421581659,-9.876159,-2.4367256,-3.7101421,3,walking
1519421581664,-9.876159,-2.4367256,-3.7101421,3,walking
1519421581669,-10.144247,-2.5037475,-3.6239712,3,walking
1519421581674,-10.307014,-2.5037475,-3.6526947,3,walking
1519421581679,-10.479357,-2.5228968,-3.671844,3,walking
1519421581684,-10.651698,-2.513322,-3.671844,3,walking
1519421581690,-10.986808,-2.5037475,-3.6622694,3,walking
1519421581695,-11.092129,-2.494173,-3.6335456,3,walking
1519421581699,-11.417664,-2.4558747,-3.6335456,3,walking
1519421581704,-11.551707,-2.3984275,-3.6526947,3,walking
1519421581709,-11.791071,-2.2739582,-3.6239712,3,walking
1519421581714,-11.791071,-2.2739582,-3.6239712,3,walking
1519421581719,-11.896391,-2.0920415,-3.5569491,3,walking
1519421581724,-11.915541,-2.0058703,-3.5090764,3,walking
1519421581729,-11.867668,-1.9101248,-3.4803526,3,walking
1519421581734,-11.877242,-1.7856555,-3.4229054,3,walking
1519421581739,-11.781497,-1.5750152,-3.3175852,3,walking
1519421581744,-11.714475,-1.4601204,-3.2697124,3,walking
1519421581749,-11.590006,-1.3356512,-3.193116,3,walking
1519421581754,-11.522984,-1.1633091,-3.1356685,3,walking
1519421581760,-11.38894,-0.92394507,-3.0303483,3,walking
1519421581764,-11.28362,-0.8186249,-2.972901,3,walking
1519421581769,-11.111278,-0.64628285,-2.8963046,3,walking
1519421581774,-11.111278,-0.64628285,-2.8963046,3,walking
1519421581780,-10.938935,-0.36862057,-2.6856642,3,walking
1519421581785,-10.852764,-0.32074776,-2.6090677,3,walking
1519421581790,-10.776168,-0.25372586,-2.5516202,3,walking
1519421581799,-10.632549,-0.14840569,-2.427151,3,walking
1519421581804,-10.632549,-0.14840569,-2.427151,3,walking
1519421581809,-10.555953,-0.13883112,-2.1973617,3,walking
1519421581814,-10.5080805,-0.09095833,-2.1207652,3,walking
1519421581819,-10.460207,-0.062234644,-2.0824668,3,walking
1519421581824,-10.364462,0.0,-2.015445,3,walking
1519421581829,-10.172971,0.043085523,-1.8909757,3,walking
1519421581834,-10.134672,0.014361841,-1.7665064,3,walking
1519421581839,-10.000628,0.062234644,-1.6803354,3,walking
1519421581844,-10.000628,0.062234644,-1.6803354,3,walking
1519421581849,-9.924032,0.09095833,-1.5845897,3,walking
1519421581854,-9.847435,0.10053288,-1.5462915,3,walking
1519421581859,-9.742115,0.17712937,-1.469695,3,walking
1519421581864,-9.742115,0.17712937,-1.469695,3,walking
1519421581869,-9.569773,0.110107444,-1.383524,3,walking
1519421581874,-9.569773,0.110107444,-1.383524,3,walking
1519421581879,-9.5219,0.0718092,-1.3739494,3,walking
1519421581885,-9.454879,-0.043085523,-1.4122477,3,walking
1519421581889,-9.368708,-0.11968201,-1.383524,3,walking
1519421581894,-9.407005,-0.16755481,-1.3356512,3,walking
1519421581899,-9.368708,-0.30159867,-1.3643749,3,walking
1519421581904,-9.426155,-0.33032233,-1.3356512,3,walking
1519421581909,-9.598496,-0.40691882,-1.469695,3,walking
1519421581914,-9.598496,-0.40691882,-1.469695,3,walking
1519421581920,-9.943181,-0.4356425,-1.5845897,3,walking
1519421581924,-10.19212,-0.512239,-1.6420372,3,walking
1519421581929,-10.728295,-0.64628285,-1.862252,3,walking
1519421581934,-10.728295,-0.64628285,-1.862252,3,walking
1519421581939,-11.207023,-0.85692316,-1.9101248,3,walking
1519421581944,-11.38894,-0.9526688,-1.929274,3,walking
1519421581949,-11.561282,-1.2207564,-1.8718265,3,walking
1519421581954,-11.609155,-1.3165021,-1.7856555,3,walking
1519421581959,-11.408089,-1.5367169,-1.4122477,3,walking
1519421581964,-11.408089,-1.5367169,-1.4122477,3,walking
1519421581969,-10.996383,-1.6707608,-1.0292653,3,walking
1519421581974,-10.766593,-1.7377827,-0.8473486,3,walking
1519421581979,-10.594251,-1.79523,-0.64628285,3,walking
1519421581984,-10.412334,-1.7856555,-0.512239,3,walking
1519421581989,-10.144247,-1.6516117,-0.2441513,3,walking
1519421581994,-9.924032,-1.5367169,-0.110107444,3,walking
1519421581999,-9.531475,-1.0484143,0.00478728,3,walking
1519421582004,-9.531475,-1.0484143,0.00478728,3,walking
1519421582010,-9.31126,-0.50266445,0.09095833,3,walking
1519421582015,-9.177217,-0.23457673,0.13883112,3,walking
1519421582019,-9.119769,0.043085523,0.110107444,3,walking
1519421582023,-9.119769,0.043085523,0.110107444,3,walking
1519421582029,-9.071896,0.8760723,0.110107444,3,walking
1519421582034,-9.062322,1.0675635,0.22500217,3,walking
1519421582039,-9.138918,1.4984187,0.27287498,3,walking
1519421582045,-9.18679,1.6994845,0.25372586,3,walking
1519421582050,-9.253813,1.8335283,0.28244954,3,walking
1519421582055,-9.397431,1.9867213,0.19627848,3,walking
1519421582060,-9.426155,1.9579976,0.22500217,3,walking
1519421582064,-9.5219,1.9388485,0.2154276,3,walking
1519421582069,-9.426155,1.6324625,0.03351096,3,walking
1519421582074,-9.426155,1.6324625,0.03351096,3,walking
1519421582079,-9.234664,1.2590547,-0.10053288,3,walking
1519421582084,-9.119769,1.0771381,-0.13883112,3,walking
1519421582088,-9.052747,0.91437054,-0.19627848,3,walking
1519421582094,-9.052747,0.91437054,-0.19627848,3,walking
1519421582099,-9.177217,-0.023936402,-0.71330476,3,walking
1519421582105,-9.272962,-0.28244954,-0.78032666,3,walking
1519421582110,-9.397431,-0.49308985,-0.77075213,3,walking
1519421582120,-9.742115,-1.2207564,-0.9430942,3,walking
1519421582124,-9.742115,-1.2207564,-0.9430942,3,walking
1519421582129,-10.038927,-1.6611862,-0.99096704,3,walking
1519421582134,-10.163396,-1.8526775,-1.0005416,3,walking
1519421582139,-10.307014,-2.0250196,-1.0101161,3,walking
1519421582144,-10.441058,-2.0728924,-0.9430942,3,walking
1519421582148,-10.986808,-1.6899099,-0.751603,3,walking
1519421582154,-10.92936,-1.7665064,-0.6271337,3,walking
1519421582159,-10.603826,-2.168638,-0.6845811,3,walking
1519421582164,-10.603826,-2.168638,-0.6845811,3,walking
1519421582170,-10.517654,-4.5239797,-0.16755481,3,walking
1519421582175,-10.450633,-4.581427,0.014361841,3,walking
1519421582180,-10.354887,-4.3133397,0.11968201,3,walking
1519421582191,-10.029352,-2.3792782,0.69415563,3,walking
1519421582196,-10.06765,-1.8431029,0.99096704,3,walking
1519421582201,-10.172971,-1.3739494,1.3930986,3,walking
1519421582211,-9.464453,-1.2494801,1.6133134,3,walking
1519421582221,-9.20594,-2.905879,0.05266008,3,walking
1519421582226,-9.301685,-3.1452432,-0.34947145,3,walking
1519421582232,-9.368708,-3.0494976,-0.7228793,3,walking
1519421582236,-9.234664,-2.8388572,-0.9718179,3,walking
1519421582242,-8.957002,-2.6090677,-1.2590547,3,walking
1519421582247,-8.937852,-2.5899186,-1.3356512,3,walking
1519421582252,-8.937852,-2.5899186,-1.4122477,3,walking
1519421582257,-9.129343,-2.666515,-1.6133134,3,walking
1519421582262,-9.148493,-2.7718353,-1.6611862,3,walking
1519421582267,-9.158067,-2.867581,-1.7377827,3,walking
1519421582273,-9.225089,-2.88673,-1.7665064,3,walking
1519421582277,-9.2825365,-2.819708,-1.622888,3,walking
1519421582283,-9.2825365,-2.752686,-1.5845897,3,walking
1519421582287,-9.234664,-2.666515,-1.5367169,3,walking
1519421582293,-9.253813,-2.5324712,-1.4026731,3,walking
1519421582298,-9.272962,-2.494173,-1.4313968,3,walking
1519421582303,-9.31126,-2.4845984,-1.4409714,3,walking
1519421582309,-9.330409,-2.4558747,-1.4122477,3,walking
1519421582317,-9.301685,-2.513322,-1.4505459,3,walking
1519421582322,-9.349558,-2.5324712,-1.383524,3,walking
1519421582327,-9.407005,-2.6282167,-1.469695,3,walking
1519421582333,-9.464453,-2.647366,-1.3643749,3,walking
1519421582337,-9.464453,-2.6856642,-1.3356512,3,walking
1519421582343,-9.464453,-2.6856642,-1.3069274,3,walking
1519421582347,-9.550624,-2.513322,-1.2207564,3,walking
1519421582353,-9.531475,-2.475024,-1.1633091,3,walking
1519421582358,-9.608071,-2.3984275,-1.1633091,3,walking
1519421582362,-9.579348,-2.3314054,-1.0579889,3,walking
1519421582371,-9.598496,-2.0920415,-0.91437054,3,walking
1519421582376,-9.617646,-1.9962958,-0.8281995,3,walking
1519421582381,-9.5889225,-1.8239537,-0.7994758,3,walking
1519421582386,-9.617646,-1.709059,-0.78990126,3,walking
1519421582391,-9.608071,-1.6037389,-0.8186249,3,walking
1519421582401,-9.617646,-1.3548003,-0.8186249,3,walking
1519421582406,-9.655944,-1.2782038,-0.8952214,3,walking
1519421582412,-9.64637,-1.2016073,-0.90479594,3,walking
1519421582416,-9.703817,-1.0962871,-1.0388398,3,walking
1519421582421,-9.64637,-1.0005416,-1.0962871,3,walking
1519421582426,-9.62722,-0.93351966,-1.2111819,3,walking
1519421582431,-9.655944,-0.85692316,-1.2782038,3,walking
1519421582436,-9.579348,-0.751603,-1.5271424,3,walking
1519421582442,-9.569773,-0.71330476,-1.6707608,3,walking
1519421582447,-9.435729,-0.7228793,-1.7665064,3,walking
1519421582452,-9.435729,-0.7228793,-1.7665064,3,walking
1519421582457,-9.301685,-0.8090504,-1.8335283,3,walking
1519421582462,-9.234664,-0.8473486,-1.9101248,3,walking
1519421582467,-9.244238,-0.8952214,-1.9675722,3,walking
1519421582473,-9.196365,-0.9622433,-2.0250196,3,walking
1519421582477,-9.138918,-1.0388398,-2.0058703,3,walking
1519421582483,-9.119769,-1.0675635,-1.9962958,3,walking
1519421582488,-9.014449,-1.2111819,-1.948423,3,walking
1519421582496,-8.947427,-1.3356512,-1.929274,3,walking
1519421582501,-8.889979,-1.3452257,-1.8909757,3,walking
1519421582507,-8.794233,-1.4313968,-1.8431029,3,walking
1519421582512,-8.727212,-1.4601204,-1.8048047,3,walking
1519421582517,-8.679339,-1.469695,-1.7856555,3,walking
1519421582522,-8.650616,-1.469695,-1.7856555,3,walking
1519421582527,-8.526146,-1.4026731,-1.6899099,3,walking
1519421582532,-8.487848,-1.3643749,-1.6803354,3,walking
1519421582537,-8.372953,-1.2782038,-1.6611862,3,walking
1519421582543,-8.372953,-1.2782038,-1.6611862,3,walking
1519421582548,-8.286782,-1.2016073,-1.6324625,3,walking
1519421582556,-8.258059,-1.14416,-1.6037389,3,walking
1519421582561,-8.248484,-1.0771381,-1.6133134,3,walking
1519421582566,-8.2676325,-1.0388398,-1.6420372,3,walking
1519421582572,-8.277207,-0.9622433,-1.6707608,3,walking
1519421582576,-8.286782,-0.9526688,-1.6707608,3,walking
1519421582582,-8.286782,-0.91437054,-1.6324625,3,walking
1519421582586,-8.286782,-0.90479594,-1.6803354,3,walking
1519421582592,-8.277207,-0.8952214,-1.6994845,3,walking
1519421582597,-8.32508,-0.91437054,-1.6611862,3,walking
1519421582602,-8.363379,-0.90479594,-1.6994845,3,walking
1519421582607,-8.459125,-0.91437054,-1.7186337,3,walking
1519421582612,-8.459125,-0.91437054,-1.7186337,3,walking
1519421582617,-8.55487,-0.9622433,-1.7282082,3,walking
1519421582622,-8.612317,-0.9718179,-1.7282082,3,walking
1519421582627,-8.679339,-1.0292653,-1.6994845,3,walking
1519421582632,-8.708063,-1.0771381,-1.6994845,3,walking
1519421582637,-8.7750845,-1.1058618,-1.6611862,3,walking
1519421582642,-8.7750845,-1.1633091,-1.6420372,3,walking
1519421582647,-8.842107,-1.1824582,-1.6420372,3,walking
1519421582653,-9.014449,-1.2590547,-1.6324625,3,walking
1519421582657,-9.20594,-1.2877784,-1.5558661,3,walking
1519421582663,-9.20594,-1.2877784,-1.5558661,3,walking
1519421582668,-9.31126,-1.3260766,-1.5175679,3,walking
1519421582673,-9.3878565,-1.3356512,-1.5175679,3,walking
1519421582678,-9.454879,-1.3069274,-1.5558661,3,walking
1519421582685,-9.598496,-1.2877784,-1.5271424,3,walking
1519421582691,-9.608071,-1.3165021,-1.5271424,3,walking
1519421582700,-9.703817,-1.3356512,-1.5654407,3,walking
1519421582706,-9.62722,-1.4122477,-1.5654407,3,walking
1519421582711,-9.598496,-1.4984187,-1.5271424,3,walking
1519421582716,-9.598496,-1.4601204,-1.5750152,3,walking
1519421582721,-9.493176,-1.5750152,-1.5462915,3,walking
1519421582726,-9.426155,-1.6324625,-1.469695,3,walking
1519421582732,-9.378282,-1.622888,-1.469695,3,walking
1519421582737,-9.167642,-1.622888,-1.4122477,3,walking
1519421582742,-9.100619,-1.6324625,-1.4218222,3,walking
1519421582747,-9.043172,-1.6324625,-1.4026731,3,walking
1519421582752,-9.024023,-1.6611862,-1.4218222,3,walking
1519421582757,-9.119769,-1.6611862,-1.5558661,3,walking
1519421582762,-9.244238,-1.622888,-1.6037389,3,walking
1519421582768,-9.665519,-1.4984187,-1.8431029,3,walking
1519421582775,-10.316589,-1.5845897,-2.1111906,3,walking
1519421582780,-10.728295,-1.6994845,-2.254809,3,walking
1519421582785,-11.05383,-1.862252,-2.3792782,3,walking
1519421582790,-11.341067,-2.1207652,-2.3697038,3,walking
1519421582796,-11.762347,-2.6856642,-2.2643836,3,walking
1519421582802,-11.915541,-2.9824755,-2.2069361,3,walking
1519421582807,-11.972988,-3.5378,-1.9867213,3,walking
1519421582811,-11.992137,-3.7101421,-1.862252,3,walking
1519421582816,-11.953838,-3.8537605,-1.7282082,3,walking
1519421582820,-11.858093,-3.9399316,-1.622888,3,walking
1519421582830,-11.59958,-3.8729098,-1.6037389,3,walking
1519421582835,-11.503835,-3.7963133,-1.6611862,3,walking
1519421582840,-11.436812,-3.7197168,-1.7377827,3,walking
1519421582849,-11.331492,-3.4037561,-1.8335283,3,walking
1519421582855,-11.254896,-3.2888615,-1.8335283,3,walking
1519421582860,-11.26447,-3.1356685,-1.8718265,3,walking
1519421582870,-11.254896,-2.7814097,-1.9579976,3,walking
1519421582875,-11.321918,-2.580344,-1.9388485,3,walking
1519421582879,-11.26447,-2.427151,-1.8718265,3,walking
1519421582886,-11.149575,-2.0441687,-1.8048047,3,walking
1519421582891,-11.05383,-1.8526775,-1.776081,3,walking
1519421582896,-10.814466,-1.5175679,-1.6803354,3,walking
1519421582901,-10.699572,-1.4505459,-1.6707608,3,walking
1519421582906,-10.603826,-1.3643749,-1.6516117,3,walking
1519421582911,-10.5080805,-1.2590547,-1.6037389,3,walking
1519421582919,-10.038927,-1.1633091,-1.6611862,3,walking
1519421582925,-9.847435,-1.2207564,-1.6803354,3,walking
1519421582929,-9.636795,-1.2877784,-1.6516117,3,walking
1519421582940,-9.483603,-1.4026731,-1.5367169,3,walking
1519421582945,-9.474028,-1.3643749,-1.5175679,3,walking
1519421582950,-9.445304,-1.3643749,-1.4984187,3,walking
1519421582956,-9.397431,-1.3930986,-1.5079932,3,walking
1519421582960,-9.41658,-1.4792696,-1.5367169,3,walking
1519421582970,-9.435729,-1.6133134,-1.4984187,3,walking
1519421582976,-9.502751,-1.7186337,-1.4409714,3,walking
1519421582980,-9.502751,-1.7473572,-1.4313968,3,walking
1519421582990,-9.550624,-1.9388485,-1.4984187,3,walking
1519421582995,-9.569773,-2.0058703,-1.5079932,3,walking
1519421583000,-9.608071,-2.0920415,-1.5367169,3,walking
1519421583009,-9.655944,-2.3505547,-1.5654407,3,walking
1519421583015,-9.636795,-2.408002,-1.5558661,3,walking
1519421583019,-9.617646,-2.4845984,-1.6133134,3,walking
1519421583029,-9.608071,-2.580344,-1.7856555,3,walking
1519421583035,-9.64637,-2.561195,-1.776081,3,walking
1519421583039,-9.560199,-2.561195,-1.7377827,3,walking
1519421583046,-9.512326,-2.427151,-1.8526775,3,walking
1519421583051,-9.512326,-2.3122563,-2.0058703,3,walking
1519421583060,-9.483603,-2.2069361,-2.015445,3,walking
1519421583065,-9.435729,-2.2739582,-2.0058703,3,walking
1519421583070,-9.41658,-2.1973617,-1.9962958,3,walking
1519421583075,-9.41658,-2.1111906,-1.9388485,3,walking
1519421583080,-9.244238,-1.9771467,-1.9675722,3,walking
1519421583085,-9.196365,-1.9388485,-2.0250196,3,walking
1519421583090,-9.100619,-1.9675722,-1.9771467,3,walking
1519421583100,-9.033598,-1.7569319,-1.5654407,3,walking
1519421583105,-8.9761505,-1.6324625,-1.4601204,3,walking
1519421583110,-8.995299,-1.4505459,-1.4601204,3,walking
1519421583116,-8.937852,-1.2877784,-1.2973529,3,walking
1519421583121,-8.822957,-1.2973529,-1.2494801,3,walking
1519421583126,-8.851681,-1.2590547,-1.2207564,3,walking
1519421583132,-8.889979,-1.2303311,-1.2016073,3,walking
1519421583137,-8.947427,-1.2111819,-1.469695,3,walking
1519421583145,-8.966576,-1.1824582,-1.5271424,3,walking
1519421583150,-9.043172,-1.1537346,-1.5654407,3,walking
1519421583155,-9.158067,-0.9430942,-1.5079932,3,walking
1519421583160,-9.20594,-0.8186249,-1.469695,3,walking
1519421583169,-9.85701,-0.69415563,-1.2686293,3,walking
1519421583175,-10.048501,-0.76117754,-1.1345854,3,walking
1519421583179,-10.153821,-0.83777404,-1.0388398,3,walking
1519421583189,-10.517654,-0.3877697,-1.1824582,3,walking
1519421583194,-10.517654,-0.3111732,-1.2686293,3,walking
1519421583200,-10.575102,-0.2441513,-1.4409714,3,walking
1519421583206,-10.699572,-0.39734426,-1.622888,3,walking
1519421583211,-10.766593,-0.512239,-1.709059,3,walking
1519421583216,-10.699572,-0.7420284,-1.9962958,3,walking
1519421583221,-10.699572,-0.7420284,-1.9962958,3,walking
1519421583226,-10.517654,-0.7324539,-1.9962958,3,walking
1519421583232,-10.479357,-0.7420284,-1.9771467,3,walking
1519421583237,-10.211268,-0.83777404,-1.9196993,3,walking
1519421583241,-10.096374,-0.8952214,-1.9196993,3,walking
1519421583246,-9.7899885,-0.9430942,-1.8718265,3,walking
1519421583252,-9.7899885,-0.9430942,-1.8718265,3,walking
1519421583257,-9.579348,-1.0196906,-1.8526775,3,walking
1519421583261,-9.41658,-1.0292653,-1.8526775,3,walking
1519421583265,-9.244238,-1.0101161,-1.8431029,3,walking
1519421583270,-9.0814705,-1.0484143,-1.7473572,3,walking
1519421583279,-8.784659,-1.2303311,-1.79523,3,walking
1519421583284,-8.621892,-1.4122477,-1.948423,3,walking
1519421583289,-8.497422,-1.4984187,-1.9196993,3,walking
1519421583295,-8.258059,-1.6037389,-1.9101248,3,walking
1519421583301,-8.1623125,-1.6133134,-2.0058703,3,walking
1519421583305,-8.047418,-1.6037389,-1.9101248,3,walking
1519421583311,-7.8846507,-1.6707608,-1.9196993,3,walking
1519421583316,-7.808054,-1.6707608,-1.9867213,3,walking
1519421583320,-7.7506065,-1.6420372,-1.9771467,3,walking
1519421583326,-7.5208173,-1.6611862,-1.9388485,3,walking
1519421583331,-7.4920936,-1.6803354,-1.9196993,3,walking
1519421583335,-7.46337,-1.7282082,-1.8814012,3,walking
1519421583340,-7.4059224,-1.7569319,-1.8718265,3,walking
1519421583349,-7.3389006,-1.79523,-1.79523,3,walking
1519421583354,-7.3389006,-1.8048047,-1.8048047,3,walking
1519421583359,-7.3676243,-1.7569319,-1.8335283,3,walking
1519421583365,-7.46337,-1.6994845,-1.8335283,3,walking
1519421583370,-7.5303917,-1.6803354,-1.7856555,3,walking
1519421583375,-7.5974135,-1.6899099,-1.8335283,3,walking
1519421583379,-7.6069884,-1.6994845,-1.7665064,3,walking
1519421583385,-7.7123084,-1.709059,-1.7377827,3,walking
1519421583390,-7.741032,-1.7282082,-1.709059,3,walking
1519421583399,-7.8655014,-1.7856555,-1.6420372,3,walking
1519421583405,-7.9325233,-1.8239537,-1.5941644,3,walking
1519421583411,-7.9899707,-1.7856555,-1.6037389,3,walking
1519421583415,-8.056993,-1.8239537,-1.5941644,3,walking
1519421583420,-8.171887,-1.8335283,-1.5845897,3,walking
1519421583424,-8.210186,-1.8335283,-1.622888,3,walking
1519421583429,-8.305931,-1.8239537,-1.6611862,3,walking
1519421583440,-8.55487,-1.8335283,-1.7569319,3,walking
1519421583445,-8.564445,-1.862252,-1.7856555,3,walking
1519421583450,-8.650616,-1.8335283,-1.7665064,3,walking
1519421583455,-8.6697645,-1.8431029,-1.7282082,3,walking
1519421583460,-8.708063,-1.8718265,-1.6803354,3,walking
1519421583465,-8.755936,-1.8909757,-1.6899099,3,walking
1519421583470,-8.765511,-1.9579976,-1.709059,3,walking
1519421583475,-8.784659,-2.0250196,-1.622888,3,walking
1519421583480,-8.7750845,-2.1111906,-1.5941644,3,walking
1519421583485,-8.909128,-2.1399143,-1.6324625,3,walking
1519421583491,-8.909128,-2.2643836,-1.5845897,3,walking
1519421583495,-8.9761505,-2.254809,-1.5750152,3,walking
1519421583501,-9.062322,-2.3122563,-1.622888,3,walking
1519421583505,-9.20594,-2.427151,-1.5462915,3,walking
1519421583511,-9.253813,-2.4367256,-1.5558661,3,walking
1519421583516,-9.445304,-2.5324712,-1.4792696,3,walking
1519421583521,-9.445304,-2.5324712,-1.4792696,3,walking
1519421583526,-9.579348,-2.580344,-1.3739494,3,walking
1519421583531,-9.684668,-2.5707695,-1.3356512,3,walking
1519421583537,-9.85701,-2.647366,-1.2877784,3,walking
1519421583545,-10.153821,-2.6090677,-1.2782038,3,walking
1519421583550,-10.383611,-2.580344,-1.3548003,3,walking
1519421583555,-10.661273,-2.561195,-1.4026731,3,walking
1519421583560,-10.996383,-2.494173,-1.4984187,3,walking
1519421583565,-11.752773,-2.408002,-1.6899099,3,walking
1519421583571,-12.097457,-2.3888528,-1.7473572,3,walking
1519421583576,-12.815549,-2.360129,-1.8814012,3,walking
1519421583581,-13.00704,-2.3792782,-1.9005502,3,walking
1519421583586,-13.169807,-2.360129,-1.8909757,3,walking
1519421583591,-13.227255,-2.360129,-1.8814012,3,walking
1519421583596,-13.323001,-2.2931073,-1.8526775,3,walking
1519421583601,-13.284702,-2.254809,-1.862252,3,walking
1519421583607,-13.121935,-2.1973617,-1.7569319,3,walking
1519421583611,-12.9591675,-2.1973617,-1.709059,3,walking
1519421583617,-12.767676,-2.1782124,-1.6516117,3,walking
1519421583621,-12.624058,-2.168638,-1.5845897,3,walking
1519421583627,-12.384694,-2.1399143,-1.5079932,3,walking
1519421583635,-11.657027,-2.1973617,-1.2973529,3,walking
1519421583640,-11.38894,-2.1973617,-1.2782038,3,walking
1519421583645,-10.843189,-2.2165108,-1.1250108,3,walking
1519421583650,-10.6134,-2.2931073,-1.1058618,3,walking
1519421583655,-10.383611,-2.3792782,-1.0675635,3,walking
1519421583660,-10.220843,-2.4463003,-1.0771381,3,walking
1519421583665,-10.019777,-2.6952388,-1.0005416,3,walking
1519421583671,-9.952756,-2.8101335,-0.99096704,3,walking
1519421583675,-9.98148,-2.8963046,-1.0196906,3,walking
1519421583681,-10.000628,-3.0016246,-1.0005416,3,walking
1519421583686,-10.115523,-3.1548176,-1.0292653,3,walking
1519421583691,-10.096374,-3.2792869,-0.99096704,3,walking
1519421583696,-10.153821,-3.3175852,-0.98139244,3,walking
1519421583701,-10.19212,-3.4420545,-0.92394507,3,walking
1519421583706,-10.211268,-3.4707782,-1.0196906,3,walking
1519421583711,-10.326163,-3.4612036,-1.0867126,3,walking
1519421583717,-10.354887,-3.365458,-1.2111819,3,walking
1519421583721,-10.431483,-3.020774,-1.4122477,3,walking
1519421583727,-10.383611,-2.5420458,-1.6037389,3,walking
1519421583734,-10.287866,-2.2835326,-1.6611862,3,walking
1519421583739,-10.211268,-1.9196993,-1.9005502,3,walking
1519421583744,-10.096374,-1.7569319,-1.8718265,3,walking
1519421583749,-10.019777,-1.6707608,-1.9867213,3,walking
1519421583755,-9.828286,-1.5558661,-2.0058703,3,walking
1519421583760,-9.684668,-1.5558661,-1.9675722,3,walking
1519421583764,-9.493176,-1.5941644,-1.9771467,3,walking
1519421583770,-9.339984,-1.622888,-1.9388485,3,walking
1519421583775,-9.024023,-1.6803354,-1.8814012,3,walking
1519421583780,-8.889979,-1.6611862,-1.8335283,3,walking
1519421583785,-8.6697645,-1.6133134,-1.7665064,3,walking
1519421583791,-8.583593,-1.5654407,-1.7473572,3,walking
1519421583796,-8.478273,-1.5079932,-1.7377827,3,walking
1519421583801,-8.363379,-1.5367169,-1.7186337,3,walking
1519421583806,-8.334655,-1.5175679,-1.6994845,3,walking
1519421583811,-8.1623125,-1.5654407,-1.6803354,3,walking
1519421583816,-8.124015,-1.7282082,-1.6899099,3,walking
1519421583821,-8.124015,-1.7282082,-1.6899099,3,walking
1519421583826,-8.037844,-2.015445,-1.622888,3,walking
1519421583830,-7.9899707,-2.149489,-1.5558661,3,walking
1519421583834,-7.9420977,-2.3122563,-1.4888442,3,walking
1519421583839,-7.9133744,-2.4463003,-1.4505459,3,walking
1519421583848,-7.549541,-2.7431116,-1.2877784,3,walking
1519421583854,-7.4729443,-2.8101335,-1.2686293,3,walking
1519421583858,-7.3771987,-2.8771553,-1.2494801,3,walking
1519421583864,-7.1857076,-2.8771553,-1.2016073,3,walking
1519421583869,-7.1186857,-2.88673,-1.2016073,3,walking
1519421583874,-7.0708127,-2.8771553,-1.2686293,3,walking
1519421583878,-7.0133657,-2.8101335,-1.2877784,3,walking
1519421583884,-6.9559183,-2.6760898,-1.4218222,3,walking
1519421583889,-6.9271946,-2.5994933,-1.5175679,3,walking
1519421583898,-6.975067,-2.4654493,-1.6420372,3,walking
1519421583904,-7.089962,-2.34098,-1.7282082,3,walking
1519421583909,-7.156984,-2.3314054,-1.776081,3,walking
1519421583918,-7.5303917,-2.3888528,-1.8814012,3,walking
1519421583924,-7.664436,-2.3984275,-1.862252,3,walking
1519421583928,-7.8176284,-2.427151,-1.9101248,3,walking
1519421583938,-8.23891,-2.4845984,-1.776081,3,walking
1519421583944,-8.372953,-2.4367256,-1.8239537,3,walking
1519421583948,-8.4686985,-2.3984275,-1.7665064,3,walking
1519421583954,-8.641041,-2.3314054,-1.7186337,3,walking
1519421583959,-8.717637,-2.3026817,-1.6994845,3,walking
1519421583963,-8.755936,-2.3026817,-1.6611862,3,walking
1519421583969,-8.832532,-2.3122563,-1.6420372,3,walking
1519421583975,-8.966576,-2.3026817,-1.5845897,3,walking
1519421583980,-9.014449,-2.2835326,-1.5654407,3,walking
1519421583985,-9.091045,-2.2739582,-1.4888442,3,walking
1519421583989,-9.091045,-2.2739582,-1.4888442,3,walking
1519421583994,-9.119769,-2.2356598,-1.4888442,3,walking
1519421583999,-9.071896,-2.187787,-1.4313968,3,walking
1519421584008,-9.043172,-2.0824668,-1.3548003,3,walking
1519421584014,-9.033598,-2.034594,-1.3739494,3,walking
1519421584018,-8.995299,-1.9867213,-1.3548003,3,walking
1519421584024,-8.966576,-1.9388485,-1.3165021,3,walking
1519421584029,-8.909128,-1.8718265,-1.2877784,3,walking
1519421584034,-8.861256,-1.8718265,-1.2973529,3,walking
1519421584040,-8.899554,-1.8431029,-1.3165021,3,walking
1519421584045,-8.851681,-1.8143792,-1.2686293,3,walking
1519421584049,-8.832532,-1.8335283,-1.2111819,3,walking
1519421584054,-8.822957,-1.8718265,-1.2590547,3,walking
1519421584058,-8.851681,-1.8814012,-1.2016073,3,walking
1519421584064,-8.880404,-1.8718265,-1.1345854,3,walking
1519421584069,-8.880404,-1.776081,-1.1154363,3,walking
1519421584074,-8.803808,-1.7186337,-1.0388398,3,walking
1519421584079,-8.765511,-1.6899099,-1.0579889,3,walking
1519421584084,-8.746361,-1.6611862,-0.9718179,3,walking
1519421584089,-8.736787,-1.6037389,-0.9622433,3,walking
1519421584098,-8.650616,-1.4313968,-0.8952214,3,walking
1519421584102,-8.650616,-1.4313968,-0.8952214,3,walking
1519421584107,-8.679339,-1.2973529,-0.8856468,3,walking
1519421584114,-8.679339,-1.2303311,-0.9622433,3,walking
1519421584118,-8.727212,-1.1633091,-0.91437054,3,walking
1519421584123,-8.717637,-1.1633091,-0.8952214,3,walking
1519421584128,-8.736787,-1.1633091,-0.93351966,3,walking
1519421584134,-8.803808,-1.1728836,-0.9430942,3,walking
1519421584139,-8.880404,-1.1633091,-0.9622433,3,walking
1519421584148,-8.928278,-1.2686293,-0.9430942,3,walking
1519421584154,-8.9761505,-1.4026731,-0.90479594,3,walking
1519421584159,-9.062322,-1.4218222,-0.8856468,3,walking
1519421584168,-9.29211,-1.6420372,-0.98139244,3,walking
1519421584174,-9.407005,-1.6899099,-1.0101161,3,walking
1519421584179,-9.531475,-1.7569319,-1.0388398,3,walking
1519421584184,-9.828286,-1.929274,-1.2111819,3,walking
1519421584190,-10.019777,-2.0058703,-1.2494801,3,walking
1519421584195,-10.2016945,-2.0920415,-1.3260766,3,walking
1519421584199,-10.364462,-2.101616,-1.383524,3,walking
1519421584204,-10.546378,-2.101616,-1.4313968,3,walking
1519421584208,-10.632549,-2.0920415,-1.469695,3,walking
1519421584213,-10.71872,-2.0824668,-1.4888442,3,walking
1519421584218,-10.795317,-2.1207652,-1.4505459,3,walking
1519421584224,-10.910212,-2.0633178,-1.4313968,3,walking
1519421584229,-10.986808,-2.0537431,-1.3260766,3,walking
1519421584234,-11.005958,-1.8431029,-1.2111819,3,walking
1519421584239,-11.005958,-1.8431029,-1.2111819,3,walking
1519421584244,-10.938935,-1.6420372,-1.1154363,3,walking
1519421584249,-10.881488,-1.5271424,-1.0962871,3,walking
1519421584255,-10.852764,-1.3930986,-1.0196906,3,walking
1519421584260,-10.804892,-1.3356512,-0.99096704,3,walking
1519421584265,-10.737869,-1.2686293,-0.9430942,3,walking
1519421584270,-10.565528,-1.2016073,-0.91437054,3,walking
1519421584275,-10.479357,-1.14416,-0.8952214,3,walking
1519421584280,-10.374036,-1.0675635,-0.90479594,3,walking
1519421584286,-10.278291,-0.9718179,-0.9526688,3,walking
1519421584291,-10.038927,-0.8952214,-0.93351966,3,walking
1519421584296,-9.933606,-0.8473486,-0.9526688,3,walking
1519421584301,-9.904882,-1.0005416,-1.0867126,3,walking
1519421584306,-10.058076,-1.0867126,-1.2399056,3,walking
1519421584311,-10.058076,-1.0867126,-1.2399056,3,walking
1519421584316,-10.862339,-1.5845897,-1.8143792,3,walking
1519421584323,-11.178299,-1.8143792,-1.9388485,3,walking
1519421584328,-11.503835,-2.0058703,-2.0441687,3,walking
1519421584334,-11.905966,-2.4845984,-2.1111906,3,walking
1519421584339,-11.972988,-2.6952388,-2.0633178,3,walking
1519421584344,-11.953838,-3.193116,-1.8909757,3,walking
1519421584349,-11.953838,-3.4899273,-1.8143792,3,walking
1519421584354,-11.905966,-3.7197168,-1.7377827,3,walking
1519421584359,-11.877242,-3.9590807,-1.7282082,3,walking
1519421584364,-11.685751,-4.2271686,-1.5367169,3,walking
1519421584369,-11.522984,-4.2080193,-1.5558661,3,walking
1519421584375,-11.417664,-4.121848,-1.4888442,3,walking
1519421584380,-11.15915,-3.8346114,-1.6037389,3,walking
1519421584385,-11.025106,-3.671844,-1.5845897,3,walking
1519421584390,-10.986808,-3.518651,-1.6611862,3,walking
1519421584395,-10.910212,-3.2984362,-1.7377827,3,walking
1519421584400,-10.843189,-3.2026904,-1.7282082,3,walking
1519421584406,-10.776168,-2.9920502,-1.79523,3,walking
1519421584411,-10.709146,-2.8580062,-1.7665064,3,walking
1519421584416,-10.689997,-2.714388,-1.7856555,3,walking
1519421584426,-10.632549,-2.254809,-1.6611862,3,walking
1519421584431,-10.565528,-2.101616,-1.6420372,3,walking
1519421584436,-10.517654,-1.9675722,-1.6611862,3,walking
1519421584443,-10.383611,-1.8239537,-1.5367169,3,walking
1519421584448,-10.374036,-1.79523,-1.5654407,3,walking
1519421584453,-10.230418,-1.5845897,-1.5367169,3,walking
1519421584458,-10.153821,-1.4505459,-1.5462915,3,walking
1519421584463,-10.153821,-1.3356512,-1.6803354,3,walking
1519421584469,-10.144247,-1.2494801,-1.776081,3,walking
1519421584474,-10.163396,-1.14416,-1.8718265,3,walking
1519421584479,-10.239992,-1.14416,-1.9101248,3,walking
1519421584484,-10.354887,-1.1633091,-1.9867213,3,walking
1519421584489,-10.354887,-1.1633091,-1.9867213,3,walking
1519421584494,-10.498506,-1.2590547,-2.1207652,3,walking
1519421584499,-10.498506,-1.2686293,-2.1207652,3,walking
1519421584505,-10.517654,-1.2399056,-2.1782124,3,walking
1519421584509,-10.527229,-1.2686293,-2.168638,3,walking
1519421584515,-10.469782,-1.3069274,-2.1590633,3,walking
1519421584520,-10.450633,-1.4313968,-2.2069361,3,walking
1519421584525,-10.383611,-1.5558661,-2.1782124,3,walking
1519421584530,-10.345312,-1.622888,-2.2260852,3,walking
1519421584535,-10.268716,-1.7569319,-2.2739582,3,walking
1519421584540,-10.048501,-1.9388485,-2.2931073,3,walking
1519421584546,-9.914457,-2.0920415,-2.3026817,3,walking
1519421584550,-9.703817,-2.3888528,-2.34098,3,walking
1519421584556,-9.617646,-2.4845984,-2.4463003,3,walking
1519421584561,-9.617646,-2.4845984,-2.4463003,3,walking
1519421584566,-9.579348,-2.1590633,-2.4845984,3,walking
1519421584572,-9.483603,-2.034594,-2.34098,3,walking
1519421584578,-9.368708,-1.8718265,-2.321831,3,walking
1519421584583,-9.100619,-1.6133134,-2.1590633,3,walking
1519421584588,-8.966576,-1.5079932,-2.1207652,3,walking
1519421584594,-8.7750845,-1.5175679,-2.0824668,3,walking
1519421584599,-8.66019,-1.5367169,-2.0633178,3,walking
1519421584604,-8.545295,-1.5654407,-1.9771467,3,walking
1519421584609,-8.439975,-1.6133134,-1.9867213,3,walking
1519421584614,-8.21976,-1.5750152,-1.929274,3,walking
1519421584619,-8.047418,-1.469695,-1.8718265,3,walking
1519421584624,-7.894225,-1.3739494,-1.8143792,3,walking
1519421584629,-7.7984796,-1.3069274,-1.7377827,3,walking
1519421584635,-7.7984796,-1.3069274,-1.7186337,3,walking
1519421584639,-7.855927,-1.5367169,-1.8143792,3,walking
1519421584645,-7.922949,-1.9771467,-2.3122563,3,walking
1519421584650,-7.7793303,-1.7569319,-2.0920415,3,walking
1519421584655,-7.56869,-1.5654407,-1.9388485,3,walking
1519421584660,-7.587839,-1.4792696,-2.015445,3,walking
1519421584665,-7.7123084,-1.4792696,-2.0441687,3,walking
1519421584676,-7.999545,-1.6133134,-2.1973617,3,walking
1519421584680,-8.095291,-1.6037389,-2.2165108,3,walking
1519421584686,-8.143164,-1.6707608,-2.2643836,3,walking
1519421584691,-8.210186,-1.7569319,-2.2356598,3,walking
1519421584696,-8.248484,-1.8718265,-2.2069361,3,walking
1519421584703,-8.535721,-2.1303396,-2.3697038,3,walking
1519421584708,-8.621892,-2.1782124,-2.3314054,3,walking
1519421584714,-8.593168,-2.1782124,-2.2739582,3,walking
1519421584719,-8.5740185,-2.168638,-2.2356598,3,walking
1519421584724,-8.593168,-2.0824668,-2.168638,3,walking
1519421584729,-8.602742,-2.034594,-2.1207652,3,walking
1519421584734,-8.6697645,-1.948423,-2.0537431,3,walking
1519421584738,-8.6697645,-1.948423,-2.0537431,3,walking
1519421584743,-8.583593,-1.8718265,-2.0441687,3,walking
1519421584747,-8.535721,-1.8239537,-2.0633178,3,walking
1519421584756,-8.392102,-1.7473572,-2.015445,3,walking
1519421584763,-8.286782,-1.7473572,-2.0537431,3,walking
1519421584767,-8.21976,-1.7665064,-2.0537431,3,walking
1519421584773,-8.076141,-1.7473572,-1.9867213,3,walking
1519421584778,-8.018694,-1.7282082,-1.9771467,3,walking
1519421584782,-7.9708214,-1.7186337,-1.948423,3,walking
1519421584787,-7.922949,-1.6803354,-1.948423,3,walking
1519421584793,-7.808054,-1.6611862,-1.8814012,3,walking
1519421584798,-7.788905,-1.6420372,-1.8335283,3,walking
1519421584803,-7.741032,-1.6133134,-1.8335283,3,walking
1519421584809,-7.741032,-1.6133134,-1.8335283,3,walking
1519421584814,-7.788905,-1.6516117,-1.8048047,3,walking
1519421584819,-7.808054,-1.6324625,-1.8048047,3,walking
1519421584824,-7.8176284,-1.6994845,-1.8143792,3,walking
1519421584829,-7.855927,-1.6899099,-1.8431029,3,walking
1519421584835,-7.894225,-1.6994845,-1.862252,3,walking
1519421584839,-7.9420977,-1.6994845,-1.929274,3,walking
1519421584844,-8.124015,-1.709059,-1.929274,3,walking
1519421584848,-8.229335,-1.7282082,-1.9579976,3,walking
1519421584853,-8.315506,-1.7856555,-1.9867213,3,walking
1519421584858,-8.4686985,-1.7473572,-2.0441687,3,walking
1519421584863,-8.765511,-1.79523,-2.0537431,3,walking
1519421584867,-8.889979,-1.8335283,-2.0920415,3,walking
1519421584873,-9.004874,-1.8526775,-2.1111906,3,walking
1519421584878,-9.071896,-1.8814012,-2.034594,3,walking
1519421584883,-9.177217,-1.8814012,-2.0633178,3,walking
1519421584887,-9.2825365,-1.9196993,-1.948423,3,walking
1519421584891,-9.368708,-1.9196993,-1.9675722,3,walking
1519421584897,-9.41658,-1.8814012,-1.929274,3,walking
1519421584902,-9.464453,-1.8718265,-1.9101248,3,walking
1519421584907,-9.617646,-1.8431029,-1.8431029,3,walking
1519421584917,-9.713391,-1.8239537,-1.8143792,3,walking
1519421584923,-9.780414,-1.7856555,-1.8526775,3,walking
1519421584927,-9.780414,-1.79523,-1.8526775,3,walking
1519421584933,-9.847435,-1.6803354,-1.79523,3,walking
1519421584937,-9.7899885,-1.6324625,-1.8048047,3,walking
1519421584942,-9.809137,-1.5845897,-1.7665064,3,walking
1519421584947,-9.818711,-1.5558661,-1.7665064,3,walking
1519421584952,-9.809137,-1.469695,-1.6899099,3,walking
1519421584957,-9.828286,-1.4792696,-1.6803354,3,walking
1519421584962,-9.847435,-1.4792696,-1.6803354,3,walking
1519421584967,-9.818711,-1.4888442,-1.6324625,3,walking
1519421584973,-9.85701,-1.4792696,-1.5654407,3,walking
1519421584977,-9.866585,-1.5079932,-1.469695,3,walking
1519421584982,-9.837861,-1.5654407,-1.4026731,3,walking
1519421584987,-9.818711,-1.6324625,-1.3356512,3,walking
1519421584992,-9.761265,-1.6803354,-1.2782038,3,walking
1519421584998,-9.780414,-1.7282082,-1.2303311,3,walking
1519421585003,-9.8953085,-1.8239537,-1.2686293,3,walking
1519421585008,-9.8953085,-1.8239537,-1.2686293,3,walking
1519421585013,-10.316589,-1.8143792,-1.3260766,3,walking
1519421585018,-10.565528,-1.8335283,-1.4409714,3,walking
1519421585022,-11.207023,-1.8239537,-1.6037389,3,walking
1519421585027,-11.532558,-1.9005502,-1.709059,3,walking
1519421585032,-11.838944,-1.9962958,-1.7665064,3,walking
1519421585036,-12.097457,-2.0250196,-1.8239537,3,walking
1519421585042,-12.260224,-2.1399143,-1.79523,3,walking
1519421585047,-12.537887,-2.2835326,-1.8143792,3,walking
1519421585051,-12.624058,-2.3697038,-1.7377827,3,walking
1519421585057,-12.643207,-2.408002,-1.6037389,3,walking
1519421585062,-12.46129,-2.3984275,-1.3548003,3,walking
1519421585067,-12.25065,-2.408002,-1.2494801,3,walking
1519421585072,-12.001712,-2.3888528,-1.14416,3,walking
1519421585076,-11.7336235,-2.3697038,-1.1154363,3,walking
1519421585082,-11.26447,-2.2739582,-0.92394507,3,walking
1519421585087,-11.072979,-2.1973617,-0.85692316,3,walking
1519421585092,-10.670848,-2.1207652,-0.78032666,3,walking
1519421585098,-10.670848,-2.1207652,-0.78032666,3,walking
1519421585103,-10.125097,-2.0728924,-0.665432,3,walking
1519421585108,-9.876159,-2.101616,-0.6271337,3,walking
1519421585113,-9.474028,-2.1111906,-0.6558574,3,walking
1519421585118,-9.339984,-2.1111906,-0.5792609,3,walking
1519421585123,-9.20594,-2.1207652,-0.5792609,3,walking
1519421585128,-9.177217,-2.187787,-0.61755913,3,walking
1519421585134,-9.100619,-2.2260852,-0.5888355,3,walking
1519421585138,-9.138918,-2.2643836,-0.61755913,3,walking
1519421585143,-9.18679,-2.4654493,-0.5888355,3,walking
1519421585148,-9.359133,-2.5994933,-0.6750065,3,walking
1519421585154,-9.569773,-2.7048132,-0.6845811,3,walking
1519421585158,-9.780414,-2.7718353,-0.751603,3,walking
1519421585162,-10.038927,-2.819708,-0.7228793,3,walking
1519421585167,-10.19212,-2.8388572,-0.7420284,3,walking
1519421585172,-10.5080805,-2.7814097,-0.8186249,3,walking
1519421585177,-10.709146,-2.6760898,-0.8473486,3,walking
1519421585182,-10.986808,-2.360129,-0.9430942,3,walking
1519421585187,-11.044255,-2.2739582,-0.9622433,3,walking
1519421585192,-11.130426,-2.1399143,-1.1633091,3,walking
1519421585197,-11.168725,-2.034594,-1.2207564,3,walking
1519421585202,-11.082554,-1.8239537,-1.3643749,3,walking
1519421585207,-11.034681,-1.7186337,-1.4601204,3,walking
1519421585212,-10.92936,-1.622888,-1.5750152,3,walking
1519421585217,-10.852764,-1.5845897,-1.622888,3,walking
1519421585222,-10.584677,-1.383524,-1.6324625,3,walking
1519421585228,-10.450633,-1.2973529,-1.6611862,3,walking
1519421585233,-10.06765,-1.2686293,-1.6899099,3,walking
1519421585238,-10.06765,-1.2686293,-1.6899099,3,walking
1519421585242,-9.770839,-1.2686293,-1.7186337,3,walking
1519421585246,-9.64637,-1.3260766,-1.6516117,3,walking
1519421585252,-9.531475,-1.3548003,-1.622888,3,walking
1519421585257,-9.426155,-1.4218222,-1.6324625,3,walking
1519421585262,-9.272962,-1.4409714,-1.6037389,3,walking
1519421585267,-9.215514,-1.4984187,-1.5750152,3,walking
1519421585272,-8.880404,-1.6324625,-1.4984187,3,walking
1519421585277,-8.727212,-1.6324625,-1.5079932,3,walking
1519421585282,-8.55487,-1.7377827,-1.3930986,3,walking
1519421585287,-8.401677,-1.7665064,-1.4218222,3,walking
1519421585293,-8.11444,-1.929274,-1.3548003,3,walking
1519421585298,-7.9899707,-2.0633178,-1.3165021,3,walking
1519421585302,-7.8846507,-2.1973617,-1.3165021,3,walking
1519421585306,-7.8176284,-2.3505547,-1.383524,3,walking
1519421585312,-7.5303917,-2.494173,-1.2973529,3,walking
1519421585317,-7.3197513,-2.5420458,-1.2494801,3,walking
1519421585326,-7.089962,-2.494173,-1.2686293,3,walking
1519421585332,-6.9080453,-2.494173,-1.3643749,3,walking
1519421585338,-6.850598,-2.5228968,-1.4409714,3,walking
1519421585343,-6.716554,-2.580344,-1.5271424,3,walking
1519421585348,-6.716554,-2.580344,-1.5271424,3,walking
1519421585353,-6.6878304,-2.5899186,-1.6420372,3,walking
1519421585358,-6.6878304,-2.5899186,-1.6899099,3,walking
1519421585362,-6.7357035,-2.5994933,-1.709059,3,walking
1519421585367,-6.783576,-2.5899186,-1.7377827,3,walking
1519421585372,-6.8410234,-2.5420458,-1.7186337,3,walking
1519421585377,-6.8601727,-2.5228968,-1.7282082,3,walking
1519421585382,-7.0133657,-2.4845984,-1.6899099,3,walking
1519421585388,-7.0803876,-2.4463003,-1.6611862,3,walking
1519421585393,-7.2910275,-2.4654493,-1.5845897,3,walking
1519421585398,-7.2910275,-2.4654493,-1.5845897,3,walking
1519421585403,-7.5303917,-2.5516202,-1.5750152,3,walking
1519421585408,-7.6452866,-2.5899186,-1.5845897,3,walking
1519421585413,-7.8846507,-2.5994933,-1.4984187,3,walking
1519421585418,-7.8846507,-2.5994933,-1.4984187,3,walking
1519421585423,-8.018694,-2.647366,-1.4505459,3,walking
1519421585427,-8.104865,-2.6282167,-1.4122477,3,walking
1519421585432,-8.21976,-2.494173,-1.3548003,3,walking
1519421585437,-8.21976,-2.494173,-1.3548003,3,walking
1519421585442,-8.32508,-2.4845984,-1.3165021,3,walking
1519421585447,-8.382527,-2.475024,-1.3069274,3,walking
1519421585452,-8.506997,-2.475024,-1.2877784,3,walking
1519421585457,-8.526146,-2.475024,-1.2590547,3,walking
1519421585462,-8.593168,-2.494173,-1.2494801,3,walking
1519421585467,-8.641041,-2.408002,-1.2016073,3,walking
1519421585472,-8.631466,-2.321831,-1.1537346,3,walking
1519421585477,-8.621892,-2.2835326,-1.0867126,3,walking
1519421585482,-8.688913,-2.2643836,-1.0962871,3,walking
1519421585487,-8.727212,-2.2165108,-1.0771381,3,walking
1519421585492,-8.813383,-2.187787,-1.0101161,3,walking
1519421585497,-8.832532,-2.1590633,-0.9622433,3,walking
1519421585502,-8.899554,-2.0728924,-0.8856468,3,walking
1519421585507,-8.899554,-2.0728924,-0.8856468,3,walking
1519421585512,-8.966576,-1.9579976,-0.8856468,3,walking
1519421585517,-8.995299,-1.929274,-0.83777404,3,walking
1519421585522,-9.119769,-1.8335283,-0.77075213,3,walking
1519421585527,-9.138918,-1.7665064,-0.78032666,3,walking
1519421585532,-9.20594,-1.7569319,-0.76117754,3,walking
1519421585537,-9.253813,-1.6994845,-0.8186249,3,walking
1519421585542,-9.3878565,-1.6324625,-0.83777404,3,walking
1519421585547,-9.41658,-1.6037389,-0.83777404,3,walking
1519421585552,-9.474028,-1.5941644,-0.8664977,3,walking
1519421585557,-9.502751,-1.5654407,-0.93351966,3,walking
1519421585562,-9.579348,-1.5175679,-0.93351966,3,walking
1519421585567,-9.5889225,-1.5558661,-0.90479594,3,walking
1519421585572,-9.550624,-1.6133134,-0.9526688,3,walking
1519421585578,-9.550624,-1.6133134,-0.9526688,3,walking
1519421585582,-9.579348,-1.6994845,-0.9718179,3,walking
1519421585587,-9.579348,-1.7856555,-0.91437054,3,walking
1519421585592,-9.608071,-1.8431029,-0.93351966,3,walking
1519421585598,-9.608071,-1.8431029,-0.93351966,3,walking
1519421585603,-9.598496,-1.862252,-0.8952214,3,walking
1519421585610,-9.617646,-1.9196993,-0.93351966,3,walking
1519421585615,-9.722966,-2.0250196,-1.0101161,3,walking
1519421585621,-9.828286,-2.0920415,-1.0579889,3,walking
1519421585627,-9.914457,-2.1303396,-1.1058618,3,walking
1519421585632,-10.19212,-2.2356598,-1.1920328,3,walking
1519421585637,-10.268716,-2.2739582,-1.2111819,3,walking
1519421585646,-10.441058,-2.2835326,-1.2016073,3,walking
1519421585651,-10.632549,-2.2260852,-1.1345854,3,walking
1519421585656,-10.709146,-2.1590633,-1.0579889,3,walking
1519421585665,-10.82404,-1.9196993,-1.0005416,3,walking
1519421585671,-10.871913,-1.7856555,-0.9622433,3,walking
1519421585677,-10.919786,-1.5558661,-0.8760723,3,walking
1519421585681,-10.938935,-1.4409714,-0.85692316,3,walking
1519421585687,-10.938935,-1.4409714,-0.85692316,3,walking
1519421585692,-10.919786,-1.3356512,-0.90479594,3,walking
1519421585697,-10.871913,-1.2590547,-0.9622433,3,walking
1519421585701,-10.776168,-1.2303311,-0.9526688,3,walking
1519421585706,-10.565528,-1.0962871,-1.0196906,3,walking
1519421585711,-10.488931,-1.0292653,-1.0292653,3,walking
1519421585716,-10.316589,-1.0579889,-1.0292653,3,walking
1519421585721,-10.144247,-1.0675635,-1.0962871,3,walking
1519421585727,-10.134672,-1.1154363,-1.1824582,3,walking
1519421585732,-10.163396,-1.1537346,-1.2590547,3,walking
1519421585737,-10.278291,-1.2111819,-1.469695,3,walking
1519421585742,-10.785743,-1.3930986,-1.9101248,3,walking
1519421585747,-11.149575,-1.5654407,-2.0537431,3,walking
1519421585752,-11.762347,-1.948423,-2.187787,3,walking
1519421585757,-11.762347,-1.948423,-2.187787,3,walking
1519421585763,-11.953838,-2.475024,-2.101616,3,walking
1519421585767,-11.972988,-3.1069448,-1.9101248,3,walking
1519421585773,-11.944264,-3.3941817,-1.79523,3,walking
1519421585778,-11.925115,-3.5760984,-1.7473572,3,walking
1519421585783,-11.886817,-3.8154624,-1.6420372,3,walking
1519421585788,-11.743198,-4.121848,-1.5462915,3,walking
1519421585793,-11.666602,-4.1888704,-1.5271424,3,walking
1519421585798,-11.618729,-4.150572,-1.5654407,3,walking
1519421585803,-11.561282,-3.844186,-1.7377827,3,walking
1519421585808,-11.570856,-3.6526947,-1.8718265,3,walking
1519421585814,-11.551707,-3.4612036,-1.948423,3,walking
1519421585819,-11.542132,-3.1548176,-1.9867213,3,walking
1519421585824,-11.542132,-3.0686467,-1.9675722,3,walking
1519421585829,-11.542132,-3.0686467,-1.9675722,3,walking
1519421585834,-11.398514,-2.714388,-1.9962958,3,walking
1519421585839,-11.38894,-2.580344,-2.0250196,3,walking
1519421585844,-11.379365,-2.3984275,-1.9771467,3,walking
1519421585855,-10.958084,-1.9005502,-1.776081,3,walking
1519421585859,-10.795317,-1.7377827,-1.6994845,3,walking
1519421585863,-10.661273,-1.622888,-1.6420372,3,walking
1519421585868,-10.431483,-1.5367169,-1.6133134,3,walking
1519421585872,-10.259142,-1.4409714,-1.6037389,3,walking
1519421585877,-10.077225,-1.3643749,-1.5941644,3,walking
1519421585881,-9.924032,-1.2782038,-1.6611862,3,walking
1519421585886,-9.617646,-1.14416,-1.709059,3,walking
1519421585891,-9.512326,-1.0962871,-1.8239537,3,walking
1519421585896,-9.407005,-1.0579889,-1.862252,3,walking
1519421585901,-9.320834,-1.0388398,-1.929274,3,walking
1519421585906,-9.320834,-1.0388398,-1.9579976,3,walking
1519421585911,-9.31126,-1.0484143,-1.9771467,3,walking
1519421585916,-9.320834,-1.0771381,-1.9675722,3,walking
1519421585921,-9.320834,-1.1058618,-1.9388485,3,walking
1519421585926,-9.253813,-1.1824582,-1.9005502,3,walking
1519421585931,-9.244238,-1.2686293,-1.9675722,3,walking
1519421585935,-9.31126,-1.3930986,-1.929274,3,walking
1519421585941,-9.464453,-1.7473572,-1.8718265,3,walking
1519421585946,-9.502751,-1.948423,-1.862252,3,walking
1519421585951,-9.608071,-2.2643836,-1.7569319,3,walking
1519421585955,-9.569773,-2.494173,-1.79523,3,walking
1519421585961,-9.617646,-2.6569405,-1.862252,3,walking
1519421585966,-9.742115,-2.8101335,-1.8335283,3,walking
1519421585971,-9.7899885,-2.8963046,-1.862252,3,walking
1519421585976,-9.971905,-2.9824755,-1.862252,3,walking
1519421585981,-10.077225,-2.8963046,-1.9579976,3,walking
1519421585986,-10.0868,-2.6952388,-1.9675722,3,walking
1519421585991,-10.019777,-2.321831,-2.2356598,3,walking
1519421585996,-9.96233,-2.1782124,-2.2643836,3,walking
1519421586001,-10.010203,-1.9771467,-2.2643836,3,walking
1519421586006,-9.971905,-1.8909757,-2.2356598,3,walking
1519421586011,-9.924032,-1.7473572,-2.1111906,3,walking
1519421586015,-9.770839,-1.4409714,-2.0250196,3,walking
1519421586021,-9.5219,-1.0867126,-1.9005502,3,walking
1519421586026,-9.5219,-1.0867126,-1.9005502,3,walking
1519421586031,-9.138918,-0.9526688,-1.79523,3,walking
1519421586036,-9.024023,-0.76117754,-1.7665064,3,walking
1519421586041,-8.727212,-0.4356425,-1.5941644,3,walking
1519421586047,-8.641041,-0.30159867,-1.5941644,3,walking
1519421586052,-8.5740185,-0.30159867,-1.5941644,3,walking
1519421586057,-8.506997,-0.36862057,-1.5845897,3,walking
1519421586062,-8.478273,-0.751603,-1.9101248,3,walking
1519421586067,-8.44955,-0.8090504,-1.8431029,3,walking
1519421586073,-8.23891,-0.8952214,-1.8335283,3,walking
1519421586077,-8.047418,-0.9430942,-1.7569319,3,walking
1519421586083,-7.9899707,-1.0771381,-1.776081,3,walking
1519421586088,-8.085716,-1.3165021,-1.9101248,3,walking
1519421586093,-8.124015,-1.4122477,-1.862252,3,walking
1519421586098,-8.200611,-1.4505459,-1.9101248,3,walking
1519421586103,-8.21976,-1.5079932,-1.929274,3,walking
1519421586108,-8.200611,-1.7377827,-1.9771467,3,walking
1519421586113,-8.23891,-1.8335283,-2.0441687,3,walking
1519421586118,-8.210186,-2.015445,-2.015445,3,walking
1519421586124,-8.34423,-2.3505547,-2.2643836,3,walking
1519421586128,-8.392102,-2.427151,-2.2356598,3,walking
1519421586134,-8.334655,-2.4654493,-2.2356598,3,walking
1519421586138,-8.286782,-2.4463003,-2.168638,3,walking
1519421586144,-8.334655,-2.427151,-2.168638,3,walking
1519421586153,-8.372953,-2.2835326,-2.149489,3,walking
1519421586157,-8.34423,-2.187787,-2.1111906,3,walking
1519421586161,-8.305931,-2.1111906,-2.1303396,3,walking
1519421586165,-8.277207,-2.0250196,-2.101616,3,walking
1519421586171,-8.181462,-1.862252,-2.1303396,3,walking
1519421586175,-8.124015,-1.8431029,-2.1111906,3,walking
1519421586180,-8.124015,-1.8048047,-2.149489,3,walking
1519421586185,-8.028269,-1.8143792,-2.1207652,3,walking
1519421586190,-7.9708214,-1.7665064,-2.1111906,3,walking
1519421586195,-7.9133744,-1.7856555,-2.0824668,3,walking
1519421586200,-7.7984796,-1.7186337,-2.0058703,3,walking
1519421586205,-7.741032,-1.6707608,-1.929274,3,walking
1519421586210,-7.702734,-1.6803354,-1.8909757,3,walking
1519421586215,-7.702734,-1.6707608,-1.8526775,3,walking
1519421586220,-7.664436,-1.7186337,-1.8335283,3,walking
1519421586226,-7.6261373,-1.776081,-1.8431029,3,walking
1519421586230,-7.6452866,-1.8048047,-1.8048047,3,walking
1519421586236,-7.654861,-1.8335283,-1.8143792,3,walking
1519421586241,-7.693159,-1.862252,-1.7856555,3,walking
1519421586246,-7.664436,-1.862252,-1.79523,3,walking
1519421586251,-7.7506065,-1.9101248,-1.7856555,3,walking
1519421586255,-7.741032,-1.8814012,-1.8048047,3,walking
1519421586261,-7.855927,-1.9388485,-1.8431029,3,walking
1519421586266,-7.9133744,-1.9579976,-1.8526775,3,walking
1519421586270,-7.9899707,-1.948423,-1.862252,3,walking
1519421586275,-8.076141,-1.9579976,-1.8718265,3,walking
1519421586280,-8.191036,-1.9675722,-1.8718265,3,walking
1519421586286,-8.23891,-1.9962958,-1.8909757,3,walking
1519421586291,-8.286782,-2.015445,-1.8526775,3,walking
1519421586296,-8.506997,-1.9579976,-1.8909757,3,walking
1519421586300,-8.621892,-1.9579976,-1.9005502,3,walking
1519421586305,-8.708063,-1.9867213,-1.948423,3,walking
1519421586310,-8.909128,-1.9962958,-1.9101248,3,walking
1519421586315,-8.995299,-2.015445,-1.9196993,3,walking
1519421586320,-8.995299,-2.015445,-1.9196993,3,walking
1519421586325,-9.18679,-2.0441687,-1.8909757,3,walking
1519421586330,-9.263388,-2.0633178,-1.8909757,3,walking
1519421586335,-9.435729,-2.034594,-1.9101248,3,walking
1519421586340,-9.454879,-2.0250196,-1.9005502,3,walking
1519421586345,-9.5219,-2.015445,-1.8814012,3,walking
1519421586350,-9.598496,-1.9962958,-1.8909757,3,walking
1519421586355,-9.560199,-1.9005502,-1.862252,3,walking
1519421586360,-9.502751,-1.8526775,-1.8526775,3,walking
1519421586366,-9.502751,-1.8526775,-1.8526775,3,walking
1519421586371,-9.483603,-1.8239537,-1.8239537,3,walking
1519421586376,-9.483603,-1.776081,-1.79523,3,walking
1519421586381,-9.454879,-1.7377827,-1.709059,3,walking
1519421586386,-9.426155,-1.7377827,-1.6994845,3,walking
1519421586391,-9.435729,-1.6803354,-1.5941644,3,walking
1519421586397,-9.359133,-1.709059,-1.5271424,3,walking
1519421586402,-9.349558,-1.7665064,-1.4505459,3,walking
1519421586407,-9.301685,-1.8335283,-1.3069274,3,walking
1519421586412,-9.301685,-2.0250196,-1.1920328,3,walking
1519421586417,-9.339984,-2.1399143,-1.0579889,3,walking
1519421586422,-9.378282,-2.2739582,-0.98139244,3,walking
1519421586427,-9.502751,-2.3888528,-0.8856468,3,walking
1519421586431,-9.722966,-2.5228968,-0.7420284,3,walking
1519421586436,-9.722966,-2.5228968,-0.7420284,3,walking
1519421586440,-10.029352,-2.580344,-0.5888355,3,walking
1519421586446,-10.211268,-2.6282167,-0.6750065,3,walking
1519421586451,-11.005958,-2.6377914,-0.8664977,3,walking
1519421586456,-11.446387,-2.6569405,-0.99096704,3,walking
1519421586461,-11.896391,-2.6569405,-1.1633091,3,walking
1519421586466,-12.3463955,-2.6377914,-1.2973529,3,walking
1519421586474,-13.284702,-2.494173,-1.6133134,3,walking
1519421586479,-13.418746,-2.513322,-1.7473572,3,walking
1519421586484,-13.504917,-2.4367256,-1.776081,3,walking
1519421586525,-10.747444,-1.6420372,-0.93351966,3,walking
1519421586534,-9.952756,-1.5941644,-0.85692316,3,walking
1519421586542,-9.359133,-1.6516117,-0.77075213,3,walking
1519421586550,-8.9761505,-1.776081,-0.8090504,3,walking
1519421586556,-8.947427,-1.79523,-0.8090504,3,walking
1519421586560,-9.014449,-1.79523,-0.8952214,3,walking
1519421586565,-9.359133,-1.8335283,-0.8664977,3,walking
1519421586570,-9.579348,-1.9196993,-0.8952214,3,walking
1519421586575,-9.933606,-2.034594,-0.9622433,3,walking
1519421586580,-10.326163,-2.168638,-1.0005416,3,walking
1519421586585,-11.072979,-2.4175766,-1.0484143,3,walking
1519421586590,-11.398514,-2.475024,-1.0292653,3,walking
1519421586595,-11.657027,-2.5037475,-0.9718179,3,walking
1519421586600,-12.107032,-2.561195,-1.1824582,3,walking
1519421586606,-12.279374,-2.4654493,-1.2016073,3,walking
1519421586611,-12.403843,-2.2739582,-1.2494801,3,walking
1519421586616,-12.403843,-2.2739582,-1.2494801,3,walking
1519421586621,-12.0400095,-1.929274,-1.2590547,3,walking
1519421586626,-11.810221,-1.7377827,-1.3452257,3,walking
1519421586631,-11.274045,-1.2877784,-1.4122477,3,walking
1519421586636,-11.05383,-1.0579889,-1.5558661,3,walking
1519421586641,-10.804892,-0.8952214,-1.6324625,3,walking
1519421586646,-10.594251,-0.7994758,-1.622888,3,walking
1519421586651,-10.058076,-0.6558574,-1.5271424,3,walking
1519421586656,-9.847435,-0.5313881,-1.469695,3,walking
1519421586662,-9.349558,-0.46436617,-1.4313968,3,walking
1519421586667,-9.148493,-0.44521707,-1.383524,3,walking
1519421586672,-8.9761505,-0.4164934,-1.4026731,3,walking
1519421586677,-8.784659,-0.44521707,-1.3643749,3,walking
1519421586682,-8.66019,-0.5218136,-1.383524,3,walking
1519421586687,-8.545295,-0.5888355,-1.3739494,3,walking
1519421586693,-8.4686985,-0.6558574,-1.2686293,3,walking
1519421586698,-8.124015,-0.93351966,-1.2303311,3,walking
1519421586703,-7.9708214,-1.0484143,-1.3452257,3,walking
1519421586708,-7.8655014,-1.2590547,-1.3643749,3,walking
1519421586713,-7.5399666,-1.862252,-1.4313968,3,walking
1519421586718,-7.4250717,-2.1590633,-1.4122477,3,walking
1519421586724,-7.2527294,-2.513322,-1.4505459,3,walking
1519421586728,-7.195282,-2.6569405,-1.4888442,3,walking
1519421586734,-7.156984,-2.6952388,-1.5367169,3,walking
1519421586739,-6.9942164,-2.733537,-1.4984187,3,walking
1519421586744,-6.9080453,-2.6569405,-1.4505459,3,walking
1519421586750,-6.7931504,-2.6090677,-1.469695,3,walking
1519421586756,-6.7931504,-2.6090677,-1.469695,3,walking
1519421586760,-6.764427,-2.494173,-1.4984187,3,walking
1519421586764,-6.764427,-2.4654493,-1.5750152,3,walking
1519421586770,-6.8027253,-2.360129,-1.6037389,3,walking
1519421586775,-6.8027253,-2.360129,-1.6037389,3,walking
1519421586780,-6.8410234,-2.360129,-1.7282082,3,walking
1519421586785,-6.8410234,-2.360129,-1.7473572,3,walking
1519421586790,-6.850598,-2.3697038,-1.8048047,3,walking
1519421586795,-6.8888965,-2.4175766,-1.929274,3,walking
1519421586800,-6.984642,-2.494173,-1.9675722,3,walking
1519421586805,-7.0995364,-2.5228968,-2.0058703,3,walking
1519421586810,-7.243155,-2.5516202,-1.9388485,3,walking
1519421586815,-7.4920936,-2.5324712,-1.8814012,3,walking
1519421586820,-7.635712,-2.561195,-1.79523,3,walking
1519421586826,-7.7123084,-2.5516202,-1.7665064,3,walking
1519421586830,-7.922949,-2.561195,-1.6133134,3,walking
1519421586836,-8.037844,-2.5899186,-1.5079932,3,walking
1519421586841,-8.286782,-2.580344,-1.4601204,3,walking
1519421586846,-8.286782,-2.580344,-1.4601204,3,walking
1519421586850,-8.44955,-2.6186423,-1.3069274,3,walking
1519421586855,-8.526146,-2.6569405,-1.2590547,3,walking
1519421586860,-8.621892,-2.6377914,-1.2303311,3,walking
1519421586864,-8.708063,-2.6090677,-1.2111819,3,walking
1519421586870,-8.880404,-2.4558747,-1.2016073,3,walking
1519421586875,-8.899554,-2.3984275,-1.1250108,3,walking
1519421586880,-8.909128,-2.2931073,-1.0579889,3,walking
1519421586885,-8.899554,-2.168638,-1.0484143,3,walking
1519421586889,-8.909128,-2.0920415,-1.0484143,3,walking
1519421586894,-8.937852,-1.9675722,-1.1154363,3,walking
1519421586900,-8.928278,-1.7569319,-1.0675635,3,walking
1519421586905,-8.880404,-1.6899099,-1.0867126,3,walking
1519421586910,-8.880404,-1.5750152,-1.0962871,3,walking
1519421586915,-8.851681,-1.5175679,-1.1537346,3,walking
1519421586920,-8.889979,-1.4218222,-1.14416,3,walking
1519421586924,-8.832532,-1.3548003,-1.1920328,3,walking
1519421586930,-8.794233,-1.3548003,-1.1920328,3,walking
1519421586935,-8.784659,-1.3739494,-1.1824582,3,walking
1519421586940,-8.746361,-1.3930986,-1.1824582,3,walking
1519421586945,-8.698488,-1.5079932,-1.1824582,3,walking
1519421586950,-8.708063,-1.7473572,-1.1633091,3,walking
1519421586955,-8.708063,-1.7473572,-1.1633091,3,walking
1519421586960,-8.765511,-1.9005502,-1.14416,3,walking
1519421586965,-8.794233,-1.9579976,-1.1633091,3,walking
1519421586969,-8.870831,-1.9579976,-1.1633091,3,walking
1519421586974,-8.928278,-1.9867213,-1.1154363,3,walking
1519421586979,-8.966576,-1.948423,-1.1058618,3,walking
1519421586984,-9.033598,-1.9579976,-1.1154363,3,walking
1519421586989,-9.0814705,-2.034594,-1.1920328,3,walking
1519421586995,-9.033598,-2.0537431,-1.1058618,3,walking
1519421587000,-9.043172,-2.0633178,-1.1345854,3,walking
1519421587005,-8.947427,-2.0633178,-1.1345854,3,walking
1519421587011,-8.957002,-2.0824668,-1.0292653,3,walking
1519421587016,-8.947427,-2.0824668,-1.0196906,3,walking
1519421587020,-8.918703,-2.0920415,-1.0484143,3,walking
1519421587025,-8.937852,-2.1207652,-1.0771381,3,walking
1519421587030,-8.957002,-2.0920415,-0.99096704,3,walking
1519421587035,-9.043172,-2.015445,-1.0388398,3,walking
1519421587039,-9.091045,-1.9771467,-1.0579889,3,walking
1519421587044,-9.339984,-1.9771467,-1.0675635,3,walking
1519421587050,-9.502751,-1.9867213,-1.0867126,3,walking
1519421587055,-9.732541,-2.0728924,-1.0962871,3,walking
1519421587060,-9.933606,-2.1782124,-1.1537346,3,walking
1519421587065,-10.374036,-2.34098,-1.1920328,3,walking
1519421587070,-10.5080805,-2.3792782,-1.1250108,3,walking
1519421587075,-10.661273,-2.427151,-1.0771381,3,walking
1519421587080,-10.785743,-2.4175766,-1.0388398,3,walking
1519421587084,-11.063405,-2.427151,-0.8952214,3,walking
1519421587090,-11.216598,-2.408002,-0.8664977,3,walking
1519421587095,-11.321918,-2.3888528,-0.8281995,3,walking
1519421587099,-11.570856,-2.2356598,-0.8186249,3,walking
1519421587104,-11.590006,-2.1303396,-0.77075213,3,walking
1519421587110,-11.618729,-1.8814012,-0.76117754,3,walking
1519421587115,-11.618729,-1.8814012,-0.76117754,3,walking
1519421587120,-11.465536,-1.5079932,-0.7994758,3,walking
1519421587125,-11.379365,-1.2973529,-0.78032666,3,walking
1519421587130,-11.168725,-1.0579889,-0.8760723,3,walking
1519421587136,-11.111278,-0.91437054,-0.90479594,3,walking
1519421587140,-10.986808,-0.83777404,-0.8856468,3,walking
1519421587146,-10.910212,-0.6558574,-1.0675635,3,walking
1519421587151,-11.015532,-0.5505372,-1.2303311,3,walking
1519421587156,-11.168725,-0.49308985,-1.3739494,3,walking
1519421587161,-11.714475,-0.6558574,-1.7186337,3,walking
1519421587166,-12.078308,-0.83777404,-1.8048047,3,walking
1519421587171,-12.384694,-1.1633091,-1.9196993,3,walking
1519421587176,-12.7964,-1.929274,-1.7856555,3,walking
1519421587182,-12.834699,-2.3505547,-1.6707608,3,walking
1519421587186,-12.7964,-2.752686,-1.6516117,3,walking
1519421587192,-12.614484,-3.3558834,-1.5271424,3,walking
1519421587197,-12.537887,-3.604822,-1.5271424,3,walking
1519421587202,-12.394268,-3.777164,-1.4218222,3,walking
1519421587212,-11.800646,-4.131423,-1.3548003,3,walking
1519421587217,-11.666602,-4.1026993,-1.4409714,3,walking
1519421587221,-11.551707,-3.9590807,-1.5558661,3,walking
1519421587225,-11.522984,-3.7388659,-1.6611862,3,walking
1519421587229,-11.417664,-3.5473747,-1.8048047,3,walking
1519421587234,-11.36979,-3.2888615,-1.8239537,3,walking
1519421587239,-11.38894,-3.1165195,-1.9101248,3,walking
1519421587244,-11.321918,-2.7909844,-1.929274,3,walking
1519421587250,-11.341067,-2.6282167,-1.9771467,3,walking
1519421587254,-11.350641,-2.4558747,-1.9101248,3,walking
1519421587259,-11.4272375,-2.34098,-1.8718265,3,walking
1519421587264,-11.475111,-2.034594,-1.79523,3,walking
1519421587270,-11.379365,-1.7569319,-1.6899099,3,walking
1519421587275,-11.379365,-1.7569319,-1.6899099,3,walking
1519421587279,-11.15915,-1.5175679,-1.6133134,3,walking
1519421587285,-11.005958,-1.3643749,-1.622888,3,walking
1519421587290,-10.852764,-1.2207564,-1.6037389,3,walking
1519421587295,-10.852764,-1.2207564,-1.6037389,3,walking
1519421587300,-10.584677,-0.71330476,-1.8239537,3,walking
1519421587305,-10.527229,-0.54096264,-1.9388485,3,walking
1519421587309,-10.527229,-0.36862057,-2.0441687,3,walking
1519421587314,-10.555953,-0.17712937,-2.187787,3,walking
1519421587320,-10.479357,-0.11968201,-2.3505547,3,walking
1519421587326,-10.421909,-0.110107444,-2.3888528,3,walking
1519421587331,-10.383611,-0.12925656,-2.3888528,3,walking
1519421587336,-10.316589,-0.2920241,-2.4845984,3,walking
1519421587341,-10.268716,-0.30159867,-2.4175766,3,walking
1519421587346,-10.220843,-0.39734426,-2.5324712,3,walking
1519421587351,-10.105948,-0.61755913,-2.5324712,3,walking
1519421587356,-9.98148,-1.0292653,-2.5707695,3,walking
1519421587361,-9.924032,-1.2877784,-2.5324712,3,walking
1519421587371,-9.85701,-1.776081,-2.4845984,3,walking
1519421587375,-9.799562,-1.9579976,-2.4654493,3,walking
1519421587379,-9.636795,-2.408002,-2.6282167,3,walking
1519421587384,-9.617646,-2.5994933,-2.7431116,3,walking
1519421587389,-9.550624,-2.6377914,-2.7718353,3,walking
1519421587395,-9.502751,-2.5899186,-2.5994933,3,walking
1519421587400,-9.368708,-2.3984275,-2.2739582,3,walking
1519421587405,-9.215514,-2.0728924,-2.3792782,3,walking
1519421587410,-9.0814705,-1.9962958,-2.6186423,3,walking
1519421587415,-9.0814705,-1.9962958,-2.6186423,3,walking
1519421587420,-8.842107,-2.034594,-2.6282167,3,walking
1519421587425,-8.698488,-1.9005502,-2.6377914,3,walking
1519421587430,-8.32508,-1.383524,-1.9962958,3,walking
1519421587436,-8.056993,-1.0388398,-1.7473572,3,walking
1519421587441,-7.8367777,-0.8090504,-1.6037389,3,walking
1519421587446,-7.741032,-0.7420284,-1.8526775,3,walking
1519421587451,-7.7793303,-0.8856468,-1.8143792,3,walking
1519421587461,-7.8176284,-1.5175679,-2.2452345,3,walking
1519421587466,-7.6261373,-1.383524,-2.168638,3,walking
1519421587472,-7.4729443,-1.3260766,-2.0824668,3,walking
1519421587477,-7.396348,-1.2590547,-2.0728924,3,walking
1519421587482,-7.3867736,-1.2877784,-2.034594,3,walking
1519421587487,-7.4729443,-1.3930986,-1.9867213,3,walking
1519421587492,-7.6069884,-1.5079932,-2.1207652,3,walking
1519421587497,-7.702734,-1.5271424,-2.1973617,3,walking
1519421587502,-7.6835847,-1.5367169,-2.1782124,3,walking
1519421587513,-7.635712,-1.4888442,-2.149489,3,walking
1519421587517,-7.6740103,-1.4984187,-2.1590633,3,walking
1519421587523,-7.7506065,-1.5271424,-2.1111906,3,walking
1519421587528,-7.961247,-1.6037389,-2.0920415,3,walking
1519421587533,-8.066567,-1.6420372,-2.1303396,3,walking
1519421587538,-8.200611,-1.6611862,-2.168638,3,walking
1519421587543,-8.181462,-1.709059,-2.1399143,3,walking
1519421587548,-8.1623125,-1.6803354,-2.0537431,3,walking
1519421587554,-8.286782,-1.6994845,-2.0058703,3,walking
1519421587558,-8.277207,-1.6899099,-2.034594,3,walking
1519421587564,-8.305931,-1.6803354,-1.9962958,3,walking
1519421587570,-8.372953,-1.709059,-1.9867213,3,walking
1519421587575,-8.382527,-1.7282082,-2.0058703,3,walking
1519421587580,-8.363379,-1.7186337,-1.9675722,3,walking
1519421587585,-8.382527,-1.7186337,-1.9771467,3,walking
1519421587589,-8.334655,-1.6994845,-1.9962958,3,walking
1519421587594,-8.296356,-1.6994845,-2.0058703,3,walking
1519421587599,-8.258059,-1.6994845,-1.9675722,3,walking
1519421587605,-8.200611,-1.6994845,-1.9579976,3,walking
1519421587609,-8.1623125,-1.7282082,-1.9101248,3,walking
1519421587614,-8.1623125,-1.7282082,-1.9101248,3,walking
1519421587619,-8.104865,-1.776081,-1.7856555,3,walking
1519421587625,-8.124015,-1.7856555,-1.7473572,3,walking
1519421587629,-8.133589,-1.8526775,-1.6899099,3,walking
1519421587635,-8.133589,-1.8526775,-1.6899099,3,walking
1519421587640,-8.200611,-1.9196993,-1.6994845,3,walking
1519421587645,-8.200611,-1.9196993,-1.6994845,3,walking
1519421587650,-8.210186,-1.9675722,-1.6899099,3,walking
1519421587654,-8.181462,-1.9579976,-1.6899099,3,walking
1519421587660,-8.171887,-1.948423,-1.6803354,3,walking
1519421587665,-8.181462,-1.9771467,-1.6803354,3,walking
1519421587670,-8.1623125,-1.9005502,-1.6994845,3,walking
1519421587675,-8.191036,-1.8718265,-1.7282082,3,walking
1519421587679,-8.229335,-1.7665064,-1.7282082,3,walking
1519421587685,-8.210186,-1.7569319,-1.7665064,3,walking
1519421587690,-8.23891,-1.6899099,-1.79523,3,walking
1519421587695,-8.277207,-1.6707608,-1.79523,3,walking
1519421587700,-8.401677,-1.622888,-1.862252,3,walking
1519421587705,-8.420826,-1.6516117,-1.8909757,3,walking
1519421587710,-8.526146,-1.6611862,-1.929274,3,walking
1519421587716,-8.641041,-1.7377827,-1.9196993,3,walking
1519421587721,-8.746361,-1.7665064,-1.9388485,3,walking
1519421587725,-8.794233,-1.8335283,-1.9579976,3,walking
1519421587731,-8.985725,-1.948423,-1.948423,3,walking
1519421587736,-9.110194,-2.015445,-1.9771467,3,walking
1519421587741,-9.119769,-2.0633178,-1.929274,3,walking
1519421587746,-9.234664,-2.1303396,-1.9675722,3,walking
1519421587750,-9.31126,-2.1973617,-1.9579976,3,walking
1519421587755,-9.31126,-2.1973617,-1.9579976,3,walking
1519421587759,-9.41658,-2.2165108,-1.9771467,3,walking
1519421587764,-9.359133,-2.2165108,-1.9388485,3,walking
1519421587769,-9.407005,-2.187787,-1.948423,3,walking
1519421587774,-9.407005,-2.187787,-1.948423,3,walking
1519421587779,-9.330409,-2.168638,-1.8814012,3,walking
1519421587784,-9.320834,-2.1399143,-1.8526775,3,walking
1519421587789,-9.320834,-2.0250196,-1.7856555,3,walking
1519421587794,-9.320834,-2.0250196,-1.7856555,3,walking
1519421587799,-9.2825365,-1.9867213,-1.6994845,3,walking
1519421587804,-9.244238,-1.948423,-1.622888,3,walking
1519421587809,-9.263388,-2.015445,-1.5079932,3,walking
1519421587814,-9.272962,-2.0537431,-1.4505459,3,walking
1519421587820,-9.263388,-2.1111906,-1.3643749,3,walking
1519421587824,-9.244238,-2.187787,-1.3069274,3,walking
1519421587829,-9.20594,-2.2452345,-1.2016073,3,walking
1519421587834,-9.196365,-2.321831,-1.0196906,3,walking
1519421587839,-9.20594,-2.3984275,-0.98139244,3,walking
1519421587844,-9.244238,-2.427151,-0.8856468,3,walking
1519421587849,-9.263388,-2.4845984,-0.77075213,3,walking
1519421587854,-9.330409,-2.513322,-0.69415563,3,walking
1519421587859,-9.474028,-2.5899186,-0.6558574,3,walking
1519421587865,-9.474028,-2.5899186,-0.6558574,3,walking
1519421587869,-9.636795,-2.5324712,-0.6558574,3,walking
1519421587874,-9.866585,-2.4463003,-0.70373017,3,walking
1519421587878,-10.144247,-2.3697038,-0.8281995,3,walking
1519421587884,-10.488931,-2.254809,-0.8760723,3,walking
1519421587889,-11.245321,-2.1207652,-1.2207564,3,walking
1519421587894,-11.685751,-2.1303396,-1.3739494,3,walking
1519421587898,-12.46129,-2.0250196,-1.709059,3,walking
1519421587913,-12.777251,-1.948423,-1.862252,3,walking
1519421587919,-12.738953,-1.8814012,-1.8526775,3,walking
1519421587924,-12.614484,-1.79523,-1.7473572,3,walking
1519421587929,-12.490014,-1.7282082,-1.6037389,3,walking
1519421587934,-12.212352,-1.6611862,-1.4313968,3,walking
1519421587939,-11.609155,-1.7186337,-1.2303311,3,walking
1519421587944,-11.350641,-1.7377827,-1.1920328,3,walking
1519421587949,-11.15915,-1.6707608,-1.1250108,3,walking
1519421587953,-10.986808,-1.5367169,-1.0484143,3,walking
1519421587958,-10.527229,-1.3548003,-0.98139244,3,walking
1519421587964,-10.19212,-1.3452257,-0.93351966,3,walking
1519421587968,-9.809137,-1.4218222,-0.9622433,3,walking
1519421587974,-9.809137,-1.4218222,-0.9622433,3,walking
1519421587980,-9.464453,-1.7186337,-0.9526688,3,walking
1519421587987,-9.215514,-2.034594,-1.0005416,3,walking
1519421587991,-9.18679,-2.2260852,-0.9718179,3,walking
1519421587996,-9.2825365,-2.513322,-0.9718179,3,walking
1519421588000,-9.454879,-2.6952388,-1.0005416,3,walking
1519421588005,-9.454879,-2.6952388,-1.0005416,3,walking
1519421588009,-9.933606,-3.0494976,-1.0196906,3,walking
1519421588019,-10.728295,-3.3175852,-1.2973529,3,walking
1519421588024,-10.728295,-3.3175852,-1.2973529,3,walking
1519421588028,-11.274045,-3.2792869,-1.6037389,3,walking
1519421588034,-11.49426,-3.1643922,-1.6899099,3,walking
1519421588039,-11.791071,-2.7622607,-1.929274,3,walking
1519421588044,-11.791071,-2.7622607,-1.929274,3,walking
1519421588049,-11.905966,-2.149489,-2.2739582,3,walking
1519421588054,-11.838944,-1.776081,-2.3888528,3,walking
1519421588058,-11.810221,-1.1345854,-2.666515,3,walking
1519421588063,-11.72405,-0.8090504,-2.7239625,3,walking
1519421588069,-11.417664,-0.2920241,-2.7814097,3,walking
1519421588075,-11.254896,-0.11968201,-2.8388572,3,walking
1519421588080,-11.072979,0.03351096,-2.7814097,3,walking
1519421588085,-10.852764,0.110107444,-2.6952388,3,walking
1519421588090,-10.40276,0.043085523,-2.513322,3,walking
1519421588094,-10.40276,0.043085523,-2.513322,3,walking
1519421588099,-9.96233,-0.014361841,-2.2931073,3,walking
1519421588105,-9.75169,-0.09095833,-2.2739582,3,walking
1519421588110,-9.531475,-0.14840569,-2.2356598,3,walking
1519421588115,-9.158067,-0.4356425,-2.3026817,3,walking
1519421588120,-8.813383,-0.83777404,-2.360129,3,walking
1519421588125,-8.717637,-1.0579889,-2.321831,3,walking
1519421588131,-8.5740185,-1.2303311,-2.34098,3,walking
1519421588141,-7.9803963,-1.5750152,-2.2260852,3,walking
1519421588146,-7.8272033,-1.6994845,-2.2165108,3,walking
1519421588151,-7.693159,-1.79523,-2.2643836,3,walking
1519421588156,-7.4920936,-1.9962958,-2.34098,3,walking
1519421588161,-7.4059224,-2.0920415,-2.427151,3,walking
1519421588166,-7.35805,-2.0920415,-2.494173,3,walking
1519421588172,-7.0612383,-1.9962958,-2.4654493,3,walking
1519421588177,-6.898471,-2.0058703,-2.427151,3,walking
1519421588182,-6.783576,-2.034594,-2.580344,3,walking
1519421588187,-6.8027253,-1.9101248,-2.647366,3,walking
1519421588192,-6.8027253,-1.8909757,-2.6569405,3,walking
1519421588197,-6.716554,-1.9005502,-2.6952388,3,walking
1519421588203,-6.697405,-1.948423,-2.733537,3,walking
1519421588207,-6.668681,-1.9005502,-2.8292825,3,walking
1519421588213,-6.6208086,-1.7473572,-2.7718353,3,walking
1519421588219,-6.592085,-1.6803354,-2.752686,3,walking
1519421588224,-6.592085,-1.6803354,-2.752686,3,walking
1519421588229,-6.5729356,-1.4218222,-2.6760898,3,walking
1519421588235,-6.611234,-1.4026731,-2.6760898,3,walking
1519421588240,-6.6208086,-1.469695,-2.7048132,3,walking
1519421588245,-6.7261286,-1.4792696,-2.7048132,3,walking
1519421588250,-6.850598,-1.5750152,-2.561195,3,walking
1519421588255,-6.9271946,-1.6420372,-2.4845984,3,walking
1519421588260,-6.9942164,-1.6707608,-2.3984275,3,walking
1519421588265,-7.051664,-1.6611862,-2.3314054,3,walking
1519421588269,-7.1091113,-1.7569319,-2.2452345,3,walking
1519421588274,-7.1665583,-1.776081,-2.1590633,3,walking
1519421588279,-7.310177,-1.948423,-2.015445,3,walking
1519421588284,-7.396348,-2.015445,-2.015445,3,walking
1519421588288,-7.5303917,-2.187787,-2.0058703,3,walking
1519421588293,-7.5303917,-2.187787,-2.0058703,3,walking
1519421588298,-7.6261373,-2.2931073,-1.8909757,3,walking
1519421588304,-7.693159,-2.321831,-1.8335283,3,walking
1519421588308,-7.741032,-2.3984275,-1.8048047,3,walking
1519421588313,-7.9037995,-2.5324712,-1.7665064,3,walking
1519421588319,-7.961247,-2.5707695,-1.7377827,3,walking
1519421588324,-8.00912,-2.6090677,-1.6899099,3,walking
1519421588329,-8.181462,-2.6377914,-1.6324625,3,walking
1519421588333,-8.258059,-2.6186423,-1.5462915,3,walking
1519421588339,-8.32508,-2.6186423,-1.5079932,3,walking
1519421588344,-8.497422,-2.580344,-1.3452257,3,walking
1519421588349,-8.535721,-2.5420458,-1.2973529,3,walking
1519421588354,-8.583593,-2.580344,-1.2590547,3,walking
1519421588358,-8.727212,-2.647366,-1.1920328,3,walking
1519421588363,-8.727212,-2.647366,-1.1920328,3,walking
1519421588368,-8.937852,-2.6282167,-1.1728836,3,walking
1519421588374,-9.043172,-2.580344,-1.2016073,3,walking
1519421588378,-9.129343,-2.5420458,-1.1537346,3,walking
1519421588383,-9.20594,-2.475024,-1.14416,3,walking
1519421588389,-9.349558,-2.34098,-1.2303311,3,walking
1519421588394,-9.493176,-2.2069361,-1.1633091,3,walking
1519421588399,-9.636795,-2.1207652,-1.2111819,3,walking
1519421588404,-9.703817,-2.0633178,-1.2399056,3,walking
1519421588409,-9.780414,-2.0250196,-1.0962871,3,walking
1519421588414,-9.8953085,-2.034594,-1.0962871,3,walking
1519421588419,-9.943181,-2.015445,-1.0579889,3,walking
1519421588429,-10.096374,-2.1207652,-0.99096704,3,walking
1519421588433,-10.096374,-2.1207652,-0.99096704,3,walking
1519421588438,-10.249567,-2.2356598,-1.0484143,3,walking
1519421588444,-10.326163,-2.2356598,-0.9718179,3,walking
1519421588448,-10.6134,-2.2356598,-0.8856468,3,walking
1519421588454,-10.6134,-2.2356598,-0.8856468,3,walking
1519421588458,-10.958084,-2.3792782,-0.92394507,3,walking
1519421588463,-11.1208515,-2.513322,-0.9430942,3,walking
1519421588469,-11.331492,-2.6186423,-0.9430942,3,walking
1519421588475,-11.331492,-2.6186423,-0.9430942,3,walking
1519421588482,-11.685751,-2.9250283,-0.7420284,3,walking
1519421588487,-11.7336235,-2.9154537,-0.665432,3,walking
1519421588492,-11.82937,-2.8484318,-0.71330476,3,walking
1519421588497,-11.905966,-2.8101335,-0.7994758,3,walking
1519421588502,-11.858093,-2.733537,-0.8186249,3,walking
1519421588507,-11.886817,-2.5228968,-0.9718179,3,walking
1519421588512,-11.858093,-2.3792782,-1.0771381,3,walking
1519421588517,-11.791071,-2.2739582,-1.1058618,3,walking
1519421588522,-11.791071,-2.0728924,-1.1058618,3,walking
1519421588527,-11.637878,-1.929274,-1.1920328,3,walking
1519421588533,-11.408089,-1.6611862,-1.1537346,3,walking
1519421588537,-11.226172,-1.5175679,-1.2111819,3,walking
1519421588543,-11.15915,-1.4505459,-1.1920328,3,walking
1519421588548,-10.891063,-1.3548003,-1.1537346,3,walking
1519421588554,-10.737869,-1.3165021,-1.3069274,3,walking
1519421588559,-10.728295,-1.3356512,-1.3930986,3,walking
1519421588564,-10.833615,-1.3930986,-1.6133134,3,walking
1519421588569,-11.341067,-1.5558661,-2.0920415,3,walking
1519421588574,-11.72405,-1.709059,-2.187787,3,walking
1519421588580,-12.135756,-1.9675722,-2.2260852,3,walking
1519421588585,-12.6527815,-2.6186423,-2.0824668,3,walking
1519421588593,-12.758101,-2.9920502,-1.9867213,3,walking
1519421588598,-12.815549,-3.6239712,-1.7282082,3,walking
1519421588645,-11.781497,-3.911208,-2.015445,3,walking
1519421588653,-11.59958,-3.7675896,-2.101616,3,walking
1519421588660,-11.618729,-3.5569491,-2.101616,3,walking
1519421588668,-11.59958,-3.2505634,-2.1782124,3,walking
1519421588675,-11.580431,-2.8484318,-2.254809,3,walking
1519421588679,-11.561282,-2.6282167,-2.2643836,3,walking
1519421588684,-11.542132,-2.427151,-2.321831,3,walking
1519421588689,-11.590006,-2.187787,-2.4367256,3,walking
1519421588693,-11.609155,-1.948423,-2.475024,3,walking
1519421588698,-11.609155,-1.6899099,-2.5228968,3,walking
1519421588703,-11.570856,-1.4505459,-2.561195,3,walking
1519421588708,-11.647452,-1.1633091,-2.7431116,3,walking
1519421588713,-11.695326,-1.1154363,-2.733537,3,walking
1519421588718,-11.886817,-1.2111819,-2.88673,3,walking
1519421588723,-11.886817,-1.2111819,-2.88673,3,walking
1519421588728,-12.298523,-1.1154363,-3.0111992,3,walking
1519421588734,-12.35597,-1.0579889,-3.0494976,3,walking
1519421588739,-12.375119,-1.0196906,-3.0016246,3,walking
1519421588744,-12.317672,-1.0867126,-2.9920502,3,walking
1519421588749,-12.518738,-1.3069274,-3.0111992,3,walking
1519421588755,-12.576185,-1.4313968,-3.0494976,3,walking
1519421588760,-12.595334,-1.862252,-3.2409887,3,walking
1519421588765,-12.509163,-2.0920415,-3.2984362,3,walking
1519421588770,-12.384694,-2.1782124,-3.384607,3,walking
1519421588780,-12.011286,-2.2835326,-3.384607,3,walking
1519421588785,-11.781497,-2.254809,-3.5090764,3,walking
1519421588790,-11.647452,-2.3505547,-3.5569491,3,walking
1519421588801,-11.207023,-2.8484318,-4.8207912,3,walking
1519421588805,-11.015532,-2.819708,-4.581427,3,walking
1519421588811,-10.105948,-2.2835326,-3.2218397,3,walking
1519421588816,-9.732541,-1.5654407,-2.4463003,3,walking
1519421588823,-9.684668,-0.7228793,-2.015445,3,walking
1519421588829,-9.971905,-0.023936402,-2.1590633,3,walking
1519421588834,-10.000628,-0.4164934,-2.905879,3,walking
1519421588838,-9.5219,-1.1728836,-2.2835326,3,walking
1519421588844,-9.512326,-1.1058618,-1.9962958,3,walking
1519421588849,-9.31126,-0.9622433,-1.5845897,3,walking
1519421588875,-8.612317,-1.2207564,-1.79523,3,walking
1519421588879,-8.602742,-1.4313968,-1.9962958,3,walking
1519421588884,-8.602742,-1.4313968,-1.9962958,3,walking
1519421588889,-8.34423,-1.5271424,-2.254809,3,walking
1519421588893,-8.21976,-1.4122477,-2.2260852,3,walking
1519421588898,-8.124015,-1.5558661,-2.580344,3,walking
1519421588903,-8.00912,-1.4984187,-2.6569405,3,walking
1519421588908,-7.7601814,-1.4026731,-2.6090677,3,walking
1519421588913,-7.7123084,-1.2877784,-2.561195,3,walking
1519421588918,-7.769756,-1.14416,-2.8101335,3,walking
1519421588924,-7.7123084,-1.1345854,-2.7239625,3,walking
1519421588929,-7.8367777,-1.2303311,-2.714388,3,walking
1519421588934,-7.961247,-1.4218222,-2.7622607,3,walking
1519421588938,-7.9325233,-1.6133134,-2.88673,3,walking
1519421588943,-7.8367777,-1.8048047,-2.905879,3,walking
1519421588948,-7.846352,-1.9101248,-2.8771553,3,walking
1519421588953,-7.8367777,-1.9962958,-2.8580062,3,walking
1519421588958,-7.7506065,-2.0250196,-2.819708,3,walking
1519421588963,-7.7793303,-2.0537431,-2.8771553,3,walking
1519421588968,-7.808054,-2.0633178,-2.8484318,3,walking
1519421588973,-7.808054,-2.0633178,-2.8484318,3,walking
1519421588978,-7.7314577,-2.0728924,-2.7239625,3,walking
1519421588983,-7.5974135,-2.0728924,-2.561195,3,walking
1519421588988,-7.549541,-2.0441687,-2.5420458,3,walking
1519421588993,-7.5399666,-1.929274,-2.4463003,3,walking
1519421588998,-7.5208173,-1.9005502,-2.3984275,3,walking
1519421589003,-7.5399666,-1.8239537,-2.427151,3,walking
1519421589008,-7.511243,-1.7377827,-2.408002,3,walking
1519421589014,-7.46337,-1.709059,-2.4175766,3,walking
1519421589018,-7.511243,-1.6803354,-2.4367256,3,walking
1519421589023,-7.501668,-1.6707608,-2.4654493,3,walking
1519421589027,-7.5399666,-1.6707608,-2.408002,3,walking
1519421589033,-7.501668,-1.6516117,-2.4463003,3,walking
1519421589038,-7.4729443,-1.6420372,-2.4367256,3,walking
1519421589043,-7.4729443,-1.6420372,-2.4367256,3,walking
1519421589049,-7.3867736,-1.6324625,-2.3984275,3,walking
1519421589054,-7.2527294,-1.6324625,-2.3026817,3,walking
1519421589058,-7.1186857,-1.6420372,-2.254809,3,walking
1519421589063,-7.0708127,-1.6516117,-2.1590633,3,walking
1519421589068,-6.850598,-1.6516117,-1.9579976,3,walking
1519421589074,-6.7740016,-1.6899099,-1.9579976,3,walking
1519421589079,-6.716554,-1.6803354,-1.8431029,3,walking
1519421589084,-6.697405,-1.6420372,-1.8143792,3,walking
1519421589089,-6.639958,-1.6133134,-1.709059,3,walking
1519421589093,-6.639958,-1.6133134,-1.709059,3,walking
1519421589098,-6.6495323,-1.79523,-1.862252,3,walking
1519421589104,-6.7357035,-1.8239537,-1.862252,3,walking
1519421589108,-6.8888965,-1.79523,-1.9101248,3,walking
1519421589114,-6.9271946,-1.79523,-1.948423,3,walking
1519421589119,-7.02294,-1.8143792,-2.034594,3,walking
1519421589124,-7.2240057,-1.8048047,-2.149489,3,walking
1519421589129,-7.3676243,-1.79523,-2.2069361,3,walking
1519421589134,-7.3676243,-1.79523,-2.2069361,3,walking
1519421589139,-7.7793303,-1.6994845,-2.2835326,3,walking
1519421589144,-7.894225,-1.6420372,-2.3026817,3,walking
1519421589149,-8.047418,-1.6420372,-2.3314054,3,walking
1519421589154,-8.277207,-1.6611862,-2.2835326,3,walking
1519421589160,-8.372953,-1.622888,-2.2356598,3,walking
1519421589167,-8.411251,-1.622888,-2.1782124,3,walking
1519421589172,-8.372953,-1.622888,-1.9675722,3,walking
1519421589177,-8.353804,-1.5941644,-1.8048047,3,walking
1519421589183,-8.32508,-1.6037389,-1.6611862,3,walking
1519421589187,-8.32508,-1.6037389,-1.6611862,3,walking
1519421589193,-8.104865,-1.6133134,-1.3643749,3,walking
1519421589197,-7.9325233,-1.6037389,-1.2111819,3,walking
1519421589202,-7.9325233,-1.6037389,-1.2111819,3,walking
1519421589207,-7.808054,-1.6037389,-1.1824582,3,walking
1519421589212,-7.741032,-1.6133134,-1.14416,3,walking
1519421589217,-7.6261373,-1.6324625,-0.99096704,3,walking
1519421589222,-7.6261373,-1.6324625,-0.99096704,3,walking
1519421589228,-7.635712,-1.7377827,-0.92394507,3,walking
1519421589233,-7.693159,-1.776081,-0.91437054,3,walking
1519421589237,-7.8272033,-1.7665064,-0.90479594,3,walking
1519421589242,-8.047418,-1.8431029,-0.7994758,3,walking
1519421589248,-8.143164,-1.9101248,-0.7324539,3,walking
1519421589253,-8.258059,-1.9771467,-0.71330476,3,walking
1519421589258,-8.545295,-2.149489,-0.63670826,3,walking
1519421589263,-8.727212,-2.187787,-0.5888355,3,walking
1519421589268,-9.320834,-2.0824668,-0.8856468,3,walking
1519421589273,-9.320834,-2.0824668,-0.8856468,3,walking
1519421589277,-9.320834,-2.0824668,-0.8856468,3,walking
1519421589280,-11.781497,-1.6324625,-1.7377827,3,walking
1519421589286,-12.710229,-1.5462915,-1.9388485,3,walking
1519421589290,-13.399597,-1.6420372,-2.0728924,3,walking
1519421589299,-14.09854,-2.2835326,-2.1782124,3,walking
1519421589337,-13.418746,-2.427151,-1.0675635,3,walking
1519421589343,-13.418746,-2.427151,-1.0675635,3,walking
1519421589347,-13.00704,-2.427151,-0.92394507,3,walking
1519421589353,-12.700654,-2.513322,-0.92394507,3,walking
1519421589357,-12.56661,-2.714388,-1.0771381,3,walking
1519421589363,-12.56661,-2.714388,-1.0771381,3,walking
1519421589367,-12.56661,-2.714388,-1.0771381,3,walking
1519421589372,-12.595334,-2.2069361,-0.7324539,3,walking
1519421589377,-12.786825,-2.1303396,-0.751603,3,walking
1519421589382,-12.786825,-2.1303396,-0.751603,3,walking
1519421589388,-13.208106,-2.2165108,-0.6845811,3,walking
1519421589393,-13.437896,-2.2643836,-0.71330476,3,walking
1519421589397,-13.638962,-2.2835326,-0.63670826,3,walking
1519421589402,-13.954922,-2.647366,-0.69415563,3,walking
1519421589408,-14.041093,-2.7814097,-0.83777404,3,walking
1519421589412,-14.165563,-2.8484318,-0.8856468,3,walking
1519421589417,-14.232584,-2.7239625,-1.1154363,3,walking
1519421589423,-14.184711,-2.561195,-1.2782038,3,walking
1519421589427,-14.117689,-2.3697038,-1.4409714,3,walking
1519421589432,-13.99322,-2.1973617,-1.5654407,3,walking
1519421589437,-13.820878,-1.9101248,-2.0058703,3,walking
1519421589442,-13.744282,-1.8431029,-2.2069361,3,walking
1519421589447,-13.638962,-1.5079932,-2.4654493,3,walking
1519421589452,-13.638962,-1.5079932,-2.4654493,3,walking
1519421589457,-13.23683,-1.3930986,-2.7239625,3,walking
1519421589462,-12.863422,-1.3165021,-2.5324712,3,walking
1519421589466,-12.442142,-1.1728836,-2.3792782,3,walking
1519421589469,-11.982562,-1.2494801,-2.3314054,3,walking
1519421589476,-11.168725,-1.4888442,-2.0441687,3,walking
1519421589480,-10.757019,-1.6420372,-1.7473572,3,walking
1519421589489,-10.048501,-1.8239537,-1.4409714,3,walking
1519421589493,-9.780414,-1.8143792,-1.3356512,3,walking
1519421589498,-9.502751,-1.8048047,-1.2686293,3,walking
1519421589502,-9.18679,-1.8048047,-1.2016073,3,walking
1519421589507,-8.909128,-1.7665064,-1.1728836,3,walking
1519421589513,-8.478273,-1.8335283,-1.1345854,3,walking
1519421589517,-8.258059,-1.8909757,-1.0962871,3,walking
1519421589522,-8.028269,-1.9101248,-1.1920328,3,walking
1519421589527,-7.5591154,-1.9005502,-1.1920328,3,walking
1519421589532,-7.4154973,-2.0058703,-1.2590547,3,walking
1519421589537,-7.2240057,-2.015445,-1.2686293,3,walking
1519421589542,-7.2240057,-2.015445,-1.2686293,3,walking
1519421589548,-7.0133657,-2.254809,-1.2973529,3,walking
1519421589553,-7.0325146,-2.3026817,-1.3260766,3,walking
1519421589557,-6.9176197,-2.3984275,-1.4026731,3,walking
1519421589562,-6.9176197,-2.3984275,-1.4026731,3,walking
1519421589568,-6.821874,-2.4463003,-1.3739494,3,walking
1519421589572,-6.7931504,-2.4367256,-1.4026731,3,walking
1519421589577,-6.678256,-2.5037475,-1.4026731,3,walking
1519421589583,-6.515488,-2.5899186,-1.3452257,3,walking
1519421589587,-6.5346375,-2.6186423,-1.3165021,3,walking
1519421589592,-6.525063,-2.6569405,-1.3930986,3,walking
1519421589597,-6.5537868,-2.7622607,-1.3548003,3,walking
1519421589603,-6.563361,-2.8292825,-1.3548003,3,walking
1519421589607,-6.563361,-2.905879,-1.4409714,3,walking
1519421589612,-6.592085,-2.867581,-1.4601204,3,walking
1519421589617,-6.4676156,-2.7814097,-1.4601204,3,walking
1519421589622,-6.4293175,-2.8101335,-1.4888442,3,walking
1519421589627,-6.37187,-2.8580062,-1.5845897,3,walking
1519421589632,-6.37187,-2.8580062,-1.5845897,3,walking
1519421589638,-6.391019,-2.800559,-1.6133134,3,walking
1519421589642,-6.391019,-2.8388572,-1.622888,3,walking
1519421589647,-6.391019,-2.8580062,-1.709059,3,walking
1519421589652,-6.4197426,-2.8484318,-1.776081,3,walking
1519421589657,-6.410168,-2.867581,-1.8143792,3,walking
1519421589662,-6.438892,-2.8580062,-1.7665064,3,walking
1519421589671,-6.486765,-2.88673,-1.776081,3,walking
1519421589676,-6.525063,-2.9537518,-1.8239537,3,walking
1519421589680,-6.5537868,-3.0111992,-1.7377827,3,walking
1519421589688,-6.592085,-3.1356685,-1.7186337,3,walking
1519421589693,-6.6208086,-3.1643922,-1.6994845,3,walking
1519421589697,-6.678256,-3.2601378,-1.709059,3,walking
1519421589702,-6.678256,-3.2601378,-1.709059,3,walking
1519421589708,-6.8027253,-3.2505634,-1.6324625,3,walking
1519421589713,-6.984642,-3.2792869,-1.6420372,3,walking
1519421589718,-6.984642,-3.2792869,-1.6420372,3,walking
1519421589722,-6.984642,-3.2792869,-1.6420372,3,walking
1519421589727,-7.2623043,-3.2792869,-1.7856555,3,walking
1519421589732,-7.348475,-3.2984362,-1.9005502,3,walking
1519421589737,-7.3771987,-3.2888615,-1.9675722,3,walking
1519421589742,-7.3006024,-3.2792869,-1.9005502,3,walking
1519421589747,-7.2623043,-3.3367343,-1.8526775,3,walking
1519421589752,-7.1857076,-3.3175852,-1.7856555,3,walking
1519421589757,-7.1186857,-3.384607,-1.5845897,3,walking
1519421589762,-7.1186857,-3.4420545,-1.4409714,3,walking
1519421589767,-7.156984,-3.5090764,-1.2782038,3,walking
1519421589772,-7.2144313,-3.5569491,-1.14416,3,walking
1519421589777,-7.501668,-3.7197168,-0.751603,3,walking
1519421589782,-7.6740103,-3.8346114,-0.512239,3,walking
1519421589787,-8.056993,-3.997379,-0.081383765,3,walking
1519421589792,-8.056993,-3.997379,-0.081383765,3,walking
1519421589798,-8.487848,-4.150572,0.39734426,3,walking
1519421589802,-8.746361,-4.1601467,0.59841,3,walking
1519421589807,-9.301685,-3.9495063,0.665432,3,walking
1519421589812,-9.301685,-3.9495063,0.665432,3,walking
1519421589817,-9.8953085,-3.5569491,0.56011176,3,walking
1519421589822,-10.230418,-3.193116,0.33032233,3,walking
1519421589827,-10.498506,-2.8484318,0.20585304,3,walking
1519421589833,-11.245321,-2.0633178,-0.12925656,3,walking
1519421589837,-11.657027,-1.6899099,-0.2441513,3,walking
1519421589842,-12.030436,-1.2494801,-0.32074776,3,walking
1519421589847,-12.872996,-0.5313881,-0.63670826,3,walking
1519421589851,-13.217681,-0.22500217,-0.77075213,3,walking
1519421589860,-13.811303,0.49308985,-0.9526688,3,walking
1519421589866,-14.060242,0.92394507,-1.0196906,3,walking
1519421589871,-14.30918,1.4505459,-1.0196906,3,walking
1519421589875,-14.424075,1.6037389,-1.0005416,3,walking
1519421589880,-14.510246,1.6803354,-1.0292653,3,walking
1519421589888,-14.491097,1.4122477,-1.2877784,3,walking
1519421589893,-14.491097,1.4122477,-1.2877784,3,walking
1519421589897,-14.299606,1.14416,-1.4888442,3,walking
1519421589902,-14.299606,1.14416,-1.4888442,3,walking
1519421589907,-13.849602,0.9622433,-1.4888442,3,walking
1519421589912,-13.591088,0.93351966,-1.5367169,3,walking
1519421589917,-13.303852,0.8281995,-1.5941644,3,walking
1519421589922,-12.7964,0.6845811,-1.7377827,3,walking
1519421589927,-12.56661,0.6079846,-1.7377827,3,walking
1519421589932,-12.336822,0.5505372,-1.7282082,3,walking
1519421589937,-11.752773,0.4835153,-1.7282082,3,walking
1519421589942,-11.455961,0.47394073,-1.6994845,3,walking
1519421589947,-10.910212,0.46436617,-1.5558661,3,walking
1519421589952,-10.910212,0.46436617,-1.5558661,3,walking
1519421589958,-10.383611,0.5313881,-1.2686293,3,walking
1519421589962,-10.19212,0.5792609,-1.14416,3,walking
1519421589967,-10.211268,0.6845811,-1.469695,3,walking
1519421589972,-10.555953,0.7994758,-1.9388485,3,walking
1519421589977,-12.030436,0.70373017,-2.561195,3,walking
1519421589982,-12.834699,0.44521707,-2.733537,3,walking
1519421589987,-13.610238,0.12925656,-2.8388572,3,walking
1519421589992,-14.567694,-1.0867126,-2.8388572,3,walking
1519421589997,-14.9985485,-1.7377827,-2.752686,3,walking
1519421590002,-15.199615,-2.408002,-2.647366,3,walking
1519421590007,-15.314509,-3.3175852,-2.1973617,3,walking
1519421590012,-15.046422,-3.499502,-1.8048047,3,walking
1519421590017,-14.510246,-3.7005677,-1.6516117,3,walking
1519421590022,-13.983645,-3.7101421,-1.6611862,3,walking
1519421590027,-12.719804,-3.0877957,-1.5654407,3,walking
1519421590032,-12.174053,-2.580344,-1.7282082,3,walking
1519421590037,-11.36979,-1.4792696,-2.1782124,3,walking
1519421590042,-11.36979,-1.4792696,-2.1782124,3,walking
1519421590047,-10.517654,-0.4356425,-2.5994933,3,walking
1519421590052,-10.29744,0.062234644,-2.9250283,3,walking
1519421590057,-10.125097,0.5792609,-3.1835413,3,walking
1519421590062,-9.971905,1.0771381,-3.5473747,3,walking
1519421590067,-9.98148,2.2069361,-4.3612123,3,walking
1519421590072,-10.096374,2.8292825,-4.811217,3,walking
1519421590077,-10.383611,3.518651,-5.3378177,3,walking
1519421590083,-11.341067,4.7920675,-6.285699,3,walking
1519421590087,-11.982562,5.538883,-6.8888965,3,walking
1519421590092,-12.518738,6.2091026,-7.12826,3,walking
1519421590097,-12.758101,6.8027253,-7.3867736,3,walking
1519421590102,-12.90172,7.4537954,-7.4729443,3,walking
1519421590107,-12.758101,7.46337,-7.501668,3,walking
1519421590112,-12.604909,7.348475,-7.654861,3,walking
1519421590117,-12.403843,6.975067,-7.6740103,3,walking
1519421590122,-12.317672,6.5825105,-7.654861,3,walking
1519421590127,-12.135756,5.7016506,-8.11444,3,walking
1519421590132,-12.135756,5.7016506,-8.11444,3,walking
1519421590137,-11.187874,4.3612123,-7.741032,3,walking
1519421590142,-10.757019,3.758015,-7.5591154,3,walking
1519421590147,-10.393186,3.1069448,-7.4154973,3,walking
1519421590152,-9.991054,2.5037475,-7.35805,3,walking
1519421590157,-9.272962,1.4026731,-7.1091113,3,walking
1519421590161,-8.985725,1.0196906,-6.8793216,3,walking
1519421590167,-8.909128,1.0005416,-6.6591067,3,walking
1519421590172,-8.612317,1.2782038,-6.5537868,3,walking
1519421590177,-8.602742,1.7569319,-6.4197426,3,walking
1519421590181,-8.459125,2.2739582,-6.3622956,3,walking
1519421590187,-8.401677,3.1165195,-6.5537868,3,walking
1519421590192,-8.363379,3.4420545,-6.6016593,3,walking
1519421590197,-8.143164,3.9207826,-6.592085,3,walking
1519421590202,-8.143164,3.9207826,-6.592085,3,walking
1519421590207,-7.9133744,4.2080193,-6.6016593,3,walking
1519421590212,-7.8272033,4.303765,-6.563361,3,walking
1519421590216,-7.7314577,4.437809,-6.4005938,3,walking
1519421590224,-7.549541,4.6293,-5.82612,3,walking
1519421590229,-7.5208173,4.6675982,-5.4431376,3,walking
1519421590234,-7.4154973,4.5527034,-5.366541,3,walking
1519421590238,-7.3389006,4.4186597,-5.366541,3,walking
1519421590245,-7.3006024,3.997379,-5.0984535,3,walking
1519421590249,-7.3197513,3.7101421,-4.916537,3,walking
1519421590261,-7.5303917,3.0016246,-4.495256,3,walking
1519421590266,-7.587839,2.88673,-4.389936,3,walking
1519421590270,-7.664436,2.88673,-4.303765,3,walking
1519421590279,-7.8846507,2.972901,-4.5335546,3,walking
1519421590284,-8.018694,2.9824755,-4.581427,3,walking
1519421590289,-8.143164,2.867581,-4.610151,3,walking
1519421590298,-8.679339,2.2739582,-4.8207912,3,walking
1519421590304,-8.765511,1.9867213,-4.887813,3,walking
1519421590308,-8.851681,1.6803354,-4.935686,3,walking
1519421590319,-9.138918,0.7324539,-4.954835,3,walking
1519421590324,-9.253813,0.4356425,-4.9452605,3,walking
1519421590328,-9.349558,0.17712937,-4.83994,3,walking
1519421590335,-9.435729,-0.23457673,-4.619725,3,walking
1519421590339,-9.445304,-0.4356425,-4.495256,3,walking
1519421590348,-9.397431,-0.70373017,-4.198445,3,walking
1519421590354,-9.41658,-0.9622433,-3.9590807,3,walking
1519421590359,-9.41658,-1.0484143,-3.9207826,3,walking
1519421590369,-9.483603,-1.3165021,-3.8154624,3,walking
1519421590374,-9.502751,-1.383524,-3.8058877,3,walking
1519421590378,-9.493176,-1.4888442,-3.777164,3,walking
1519421590388,-9.397431,-1.6994845,-3.6239712,3,walking
1519421590394,-9.397431,-1.7282082,-3.5760984,3,walking
1519421590398,-9.397431,-1.776081,-3.5856729,3,walking
1519421590408,-9.339984,-1.79523,-3.5665238,3,walking
1519421590414,-9.330409,-1.8718265,-3.6239712,3,walking
1519421590418,-9.330409,-1.948423,-3.7292912,3,walking
1519421590424,-9.244238,-2.2452345,-3.9495063,3,walking
1519421590429,-9.215514,-2.3984275,-4.0644007,3,walking
1519421590439,-8.995299,-2.9537518,-4.428234,3,walking
1519421590444,-8.909128,-3.1452432,-4.466532,3,walking
1519421590448,-8.755936,-3.3175852,-4.5239797,3,walking
1519421590458,-8.085716,-3.7963133,-4.3133397,3,walking
1519421590464,-7.8176284,-3.8729098,-4.198445,3,walking
1519421590468,-7.5208173,-3.9878044,-4.1122737,3,walking
1519421590478,-6.8601727,-4.236743,-3.8537605,3,walking
1519421590484,-6.7261286,-4.322914,-3.7292912,3,walking
1519421590488,-6.6016593,-4.3803616,-3.6143966,3,walking
1519421590495,-6.37187,-4.3803616,-3.4707782,3,walking
1519421590499,-6.2761245,-4.351638,-3.3750327,3,walking
1519421590508,-6.2282515,-4.1792955,-3.346309,3,walking
1519421590514,-6.3144226,-4.0548263,-3.2505634,3,walking
1519421590519,-6.391019,-3.9590807,-3.193116,3,walking
1519421590528,-6.4676156,-3.930357,-3.0877957,3,walking
1519421590532,-6.4676156,-3.930357,-3.0877957,3,walking
1519421590537,-6.4484663,-3.9686553,-3.1452432,3,walking
1519421590544,-6.4484663,-3.9686553,-3.1165195,3,walking
1519421590548,-6.4197426,-4.0356774,-3.0494976,3,walking
1519421590553,-6.410168,-4.08355,-3.0877957,3,walking
1519421590558,-6.4005938,-4.08355,-3.059072,3,walking
1519421590568,-6.544212,-4.0931244,-2.9441774,3,walking
1519421590573,-6.6208086,-4.0548263,-2.8771553,3,walking
1519421590578,-6.6591067,-4.0069537,-2.8484318,3,walking
1519421590584,-6.7931504,-3.844186,-2.8484318,3,walking
1519421590589,-6.9271946,-3.8058877,-2.9250283,3,walking
1519421590598,-7.2240057,-3.6622694,-3.0303483,3,walking
1519421590604,-7.434646,-3.499502,-2.972901,3,walking
1519421590609,-7.5399666,-3.4420545,-2.972901,3,walking
1519421590618,-7.808054,-3.4037561,-2.9824755,3,walking
1519421590623,-8.00912,-3.4420545,-2.905879,3,walking
1519421590628,-8.037844,-3.5090764,-2.8580062,3,walking
1519421590638,-7.8176284,-3.6622694,-2.4558747,3,walking
1519421590643,-7.635712,-3.7005677,-2.2835326,3,walking
1519421590648,-7.4729443,-3.6814184,-2.149489,3,walking
1519421590658,-7.042089,-3.5760984,-1.9579976,3,walking
1519421590663,-7.0612383,-3.451629,-1.9196993,3,walking
1519421590668,-7.1665583,-3.2888615,-1.948423,3,walking
1519421590674,-7.769756,-2.733537,-2.2931073,3,walking
1519421590679,-8.21976,-2.427151,-2.475024,3,walking
1519421590688,-9.301685,-1.8048047,-2.8292825,3,walking
1519421590692,-10.096374,-1.4888442,-3.0973704,3,walking
1519421590695,-11.101703,-1.1345854,-3.4899273,3,walking
1519421590701,-12.403843,-0.77075213,-4.0356774,3,walking
1519421590705,-15.266637,-0.4164934,-4.868664,3,walking
1519421590709,-16.607075,-0.50266445,-5.155901,3,walking
1519421590714,-17.516659,-0.90479594,-5.366541,3,walking
1519421590718,-18.004961,-1.4601204,-5.3186684,3,walking
1519421590728,-16.348562,-4.1888704,-4.169721,3,walking
1519421590733,-15.247487,-5.108028,-3.8154624,3,walking
1519421590738,-14.242159,-5.6250544,-3.6335456,3,walking
1519421590744,-12.911295,-5.5484576,-3.5473747,3,walking
1519421590749,-12.336822,-5.261221,-3.604822,3,walking
1519421590758,-11.293194,-4.6005764,-3.671844,3,walking
1519421590764,-10.316589,-3.9495063,-3.4229054,3,walking
1519421590770,-9.933606,-3.6622694,-3.1835413,3,walking
1519421590775,-9.359133,-3.0016246,-2.6760898,3,walking
1519421590779,-9.301685,-2.6856642,-2.3888528,3,walking
1519421590822,-13.150659,-0.014361841,1.622888,3,walking
1519421590826,-13.13151,0.11968201,1.7186337,3,walking
1519421590834,-12.815549,0.56011176,1.8048047,3,walking
1519421590838,-12.528313,0.8473486,1.8431029,3,walking
1519421590862,-10.900637,1.9101248,0.5888355,3,walking
1519421590867,-10.498506,1.862252,0.110107444,3,walking
1519421590873,-10.058076,1.6899099,-0.26330042,3,walking
1519421590878,-9.828286,1.5462915,-0.50266445,3,walking
1519421590887,-9.253813,0.6750065,-1.1250108,3,walking
1519421590893,-9.272962,0.30159867,-1.3930986,3,walking
1519421590897,-9.225089,-0.043085523,-1.5654407,3,walking
1519421590907,-9.091045,-1.0771381,-1.6420372,3,walking
1519421590913,-9.004874,-1.2973529,-1.6037389,3,walking
1519421590917,-8.937852,-1.4122477,-1.5079932,3,walking
1519421590924,-8.6697645,-1.709059,-1.2016073,3,walking
1519421590928,-8.4686985,-1.8239537,-0.91437054,3,walking
1519421590938,-8.210186,-1.9675722,-0.54096264,3,walking
1519421590943,-7.9516726,-2.034594,-0.2154276,3,walking
1519421590948,-7.8176284,-2.015445,-0.09095833,3,walking
1519421590957,-7.511243,-1.9388485,0.32074776,3,walking
1519421590963,-7.4729443,-1.8718265,0.49308985,3,walking
1519421590967,-7.4920936,-1.7473572,0.6079846,3,walking
1519421590977,-7.6069884,-1.5175679,0.90479594,3,walking
1519421590983,-7.721883,-1.4601204,0.99096704,3,walking
1519421590987,-7.8846507,-1.3739494,1.1058618,3,walking
1519421590994,-8.200611,-1.2207564,1.1537346,3,walking
1519421590999,-8.382527,-1.1633091,1.1250108,3,walking
1519421591007,-8.727212,-1.0292653,0.98139244,3,walking
1519421591014,-9.004874,-0.93351966,0.77075213,3,walking
1519421591018,-9.148493,-0.8473486,0.71330476,3,walking
1519421591027,-9.339984,-0.71330476,0.39734426,3,walking
1519421591034,-9.483603,-0.6558574,0.12925656,3,walking
1519421591038,-9.550624,-0.5888355,-0.03351096,3,walking
1519421591047,-9.636795,-0.42606795,-0.3877697,3,walking
1519421591053,-9.617646,-0.23457673,-0.665432,3,walking
1519421591057,-9.617646,-0.13883112,-0.7994758,3,walking
1519421591067,-9.54105,0.00478728,-1.1633091,3,walking
1519421591073,-9.560199,-0.023936402,-1.3069274,3,walking
1519421591077,-9.579348,-0.09095833,-1.383524,3,walking
1519421591084,-9.655944,-0.32074776,-1.4409714,3,walking
1519421591088,-9.713391,-0.33032233,-1.4026731,3,walking
1519421591097,-9.885734,-0.34947145,-1.469695,3,walking
1519421591104,-9.971905,-0.37819514,-1.4792696,3,walking
1519421591108,-10.048501,-0.44521707,-1.4409714,3,walking
1519421591113,-10.134672,-0.665432,-1.4122477,3,walking
1519421591118,-10.144247,-0.8473486,-1.3739494,3,walking
1519421591123,-10.182545,-0.9430942,-1.3930986,3,walking
1519421591128,-10.268716,-1.0962871,-1.4409714,3,walking
1519421591133,-10.2016945,-1.3165021,-1.383524,3,walking
1519421591138,-10.230418,-1.3548003,-1.4218222,3,walking
1519421591143,-10.230418,-1.4026731,-1.3260766,3,walking
1519421591148,-10.259142,-1.4505459,-1.2877784,3,walking
1519421591154,-10.29744,-1.4313968,-1.2686293,3,walking
1519421591159,-10.335738,-1.3452257,-1.3069274,3,walking
1519421591168,-10.326163,-1.0579889,-1.4026731,3,walking
1519421591174,-10.29744,-0.7420284,-1.4601204,3,walking
1519421591179,-10.259142,-0.64628285,-1.5271424,3,walking
1519421591184,-10.230418,-0.47394073,-1.6037389,3,walking
1519421591189,-10.172971,-0.32074776,-1.7186337,3,walking
1519421591194,-10.115523,-0.26330042,-1.79523,3,walking
1519421591199,-10.125097,-0.17712937,-1.8431029,3,walking
1519421591203,-10.048501,-0.14840569,-1.929274,3,walking
1519421591208,-10.019777,-0.15798025,-1.929274,3,walking
1519421591213,-10.019777,-0.17712937,-1.9771467,3,walking
1519421591218,-9.98148,-0.19627848,-1.9101248,3,walking
1519421591225,-9.96233,-0.2441513,-1.8431029,3,walking
1519421591231,-9.828286,-0.28244954,-1.7186337,3,walking
1519421591236,-9.75169,-0.27287498,-1.709059,3,walking
1519421591244,-9.569773,-0.36862057,-1.7569319,3,walking
1519421591248,-9.502751,-0.4835153,-1.79523,3,walking
1519421591257,-9.31126,-0.7324539,-1.9579976,3,walking
1519421591264,-9.138918,-1.1250108,-2.2260852,3,walking
1519421591268,-9.119769,-1.1824582,-2.3122563,3,walking
1519421591273,-9.119769,-1.2973529,-2.4654493,3,walking
1519421591278,-9.196365,-1.2207564,-2.4367256,3,walking
1519421591283,-9.272962,-1.0196906,-2.4175766,3,walking
1519421591289,-9.407005,-0.751603,-2.4558747,3,walking
1519421591294,-9.598496,-0.25372586,-2.5994933,3,walking
1519421591299,-9.770839,0.00478728,-2.647366,3,walking
1519421591304,-9.991054,0.26330042,-2.752686,3,walking
1519421591309,-10.172971,0.50266445,-2.9154537,3,walking
1519421591314,-10.575102,0.9526688,-3.365458,3,walking
1519421591319,-10.776168,1.0484143,-3.518651,3,walking
1519421591324,-11.044255,1.0292653,-3.777164,3,walking
1519421591329,-11.044255,1.0292653,-3.777164,3,walking
1519421591334,-11.216598,0.7228793,-3.9878044,3,walking
1519421591340,-11.26447,0.46436617,-4.016528,3,walking
1519421591345,-11.293194,0.23457673,-4.0069537,3,walking
1519421591353,-10.900637,-0.22500217,-3.7388659,3,walking
1519421591358,-10.632549,-0.20585304,-3.5952475,3,walking
1519421591367,-10.010203,-0.023936402,-3.365458,3,walking
1519421591373,-9.31126,0.45479164,-3.2888615,3,walking
1519421591378,-8.880404,0.7420284,-3.3175852,3,walking
1519421591383,-7.9133744,1.3452257,-3.5090764,3,walking
1519421591389,-7.3867736,1.6611862,-3.6335456,3,walking
1519421591394,-6.8793216,1.948423,-3.758015,3,walking
1519421591399,-6.333572,2.2739582,-3.7963133,3,walking
1519421591404,-5.481436,2.9920502,-3.9590807,3,walking
1519421591409,-5.146326,3.346309,-4.08355,3,walking
1519421591415,-4.8782387,3.6814184,-4.1792955,3,walking
1519421591419,-4.8782387,3.6814184,-4.1792955,3,walking
1519421591424,-5.0314317,4.198445,-4.2654667,3,walking
1519421591428,-5.462287,4.150572,-4.3133397,3,walking
1519421591437,-6.6208086,3.7484405,-4.5622783,3,walking
1519421591443,-8.1623125,2.7048132,-5.0984535,3,walking
1519421591448,-8.985725,2.0920415,-5.261221,3,walking
1519421591453,-10.584677,0.59841,-5.605905,3,walking
1519421591461,-11.628304,-0.7994758,-6.0367603,3,walking
1519421591465,-11.628304,-0.7994758,-6.0367603,3,walking
1519421591472,-11.886817,-2.1207652,-6.170804,3,walking
1519421591477,-11.637878,-2.3026817,-6.113357,3,walking
1519421591482,-11.312344,-2.3026817,-6.0846334,3,walking
1519421591487,-10.958084,-2.1973617,-6.0846334,3,walking
1519421591493,-10.19212,-1.709059,-5.9314404,3,walking
1519421591497,-9.885734,-1.3452257,-5.7495236,3,walking
1519421591502,-9.550624,-0.9622433,-5.5484576,3,walking
1519421591507,-9.18679,-0.5505372,-5.376116,3,walking
1519421591513,-8.688913,0.17712937,-5.108028,3,walking
1519421591517,-8.602742,0.54096264,-4.993133,3,walking
1519421591527,-8.545295,1.2494801,-4.715471,3,walking
1519421591533,-8.688913,1.948423,-4.5527034,3,walking
1519421591537,-8.794233,2.254809,-4.4186597,3,walking
1519421591547,-9.234664,2.4463003,-4.1792955,3,walking
1519421591569,-9.560199,0.9718179,-3.8920588,3,walking
1519421591574,-9.493176,0.3111732,-3.7484405,3,walking
1519421591578,-9.493176,0.3111732,-3.7484405,3,walking
1519421591583,-9.301685,-0.25372586,-3.6622694,3,walking
1519421591587,-9.177217,-0.5792609,-3.6239712,3,walking
1519421591597,-9.071896,-0.85692316,-3.4803526,3,walking
1519421591603,-8.937852,-0.92394507,-3.4037561,3,walking
1519421591607,-8.899554,-0.85692316,-3.4420545,3,walking
1519421591616,-8.861256,-0.64628285,-3.4229054,3,walking
1519421591622,-8.842107,-0.4835153,-3.346309,3,walking
1519421591627,-8.870831,-0.37819514,-3.3271596,3,walking
1519421591637,-8.947427,-0.023936402,-3.3367343,3,walking
1519421591642,-9.014449,0.10053288,-3.3080106,3,walking
1519421591647,-9.091045,0.2154276,-3.365458,3,walking
1519421591653,-9.138918,0.37819514,-3.3558834,3,walking
1519421591657,-9.2825365,0.359046,-3.4899273,3,walking
1519421591662,-9.330409,0.39734426,-3.5282254,3,walking
1519421591666,-9.330409,0.49308985,-3.4803526,3,walking
1519421591673,-9.493176,0.5218136,-3.7101421,3,walking
1519421591677,-9.579348,0.5888355,-3.844186,3,walking
1519421591687,-9.732541,0.54096264,-4.0261025,3,walking
1519421591693,-9.847435,0.33032233,-4.1601467,3,walking
1519421591698,-9.799562,0.26330042,-4.131423,3,walking
1519421591703,-9.598496,0.05266008,-4.08355,3,walking
1519421591708,-9.445304,-0.043085523,-3.9878044,3,walking
1519421591713,-9.253813,-0.12925656,-3.8824842,3,walking
1519421591718,-9.158067,-0.19627848,-3.758015,3,walking
1519421591722,-9.004874,-0.25372586,-3.5569491,3,walking
1519421591727,-8.880404,-0.2441513,-3.2984362,3,walking
1519421591732,-8.631466,-0.25372586,-3.1643922,3,walking
1519421591738,-8.401677,-0.30159867,-3.0111992,3,walking
1519421591743,-8.056993,-0.4356425,-2.7622607,3,walking
1519421591748,-8.00912,-0.42606795,-2.6569405,3,walking
1519421591753,-7.9420977,-0.5313881,-2.5899186,3,walking
1519421591758,-7.855927,-0.5888355,-2.5994933,3,walking
1519421591763,-7.9325233,-0.5218136,-2.7718353,3,walking
1519421591768,-7.9899707,-0.40691882,-2.800559,3,walking
1519421591773,-8.11444,-0.42606795,-2.9633265,3,walking
1519421591779,-8.21976,-0.49308985,-3.1165195,3,walking
1519421591784,-8.353804,-0.6750065,-3.2505634,3,walking
1519421591789,-8.535721,-0.6558574,-3.4324799,3,walking
1519421591794,-8.851681,-0.6558574,-3.5090764,3,walking
1519421591799,-8.928278,-0.69415563,-3.5665238,3,walking
1519421591804,-8.880404,-0.7324539,-3.6335456,3,walking
1519421591809,-8.995299,-0.83777404,-3.7963133,3,walking
1519421591815,-8.985725,-0.8952214,-3.7484405,3,walking
1519421591819,-8.928278,-0.91437054,-3.6431203,3,walking
1519421591823,-8.899554,-0.93351966,-3.6239712,3,walking
1519421591828,-8.957002,-0.93351966,-3.8154624,3,walking
1519421591833,-8.7750845,-0.78032666,-3.8537605,3,walking
1519421591837,-8.727212,-0.6845811,-3.930357,3,walking
1519421591846,-8.688913,-0.7228793,-4.045252,3,walking
1519421591853,-8.746361,-0.7994758,-4.0356774,3,walking
1519421591858,-8.746361,-0.92394507,-4.0548263,3,walking
1519421591863,-8.6697645,-1.0388398,-4.045252,3,walking
1519421591868,-8.583593,-1.0388398,-3.9878044,3,walking
1519421591874,-8.526146,-1.0962871,-3.9016335,3,walking
1519421591878,-8.478273,-1.0962871,-3.8729098,3,walking
1519421591883,-8.535721,-1.0579889,-3.690993,3,walking
1519421591887,-8.535721,-1.0292653,-3.6335456,3,walking
1519421591892,-8.516571,-0.99096704,-3.6814184,3,walking
1519421591898,-8.506997,-0.93351966,-3.6814184,3,walking
1519421591903,-8.392102,-0.6845811,-3.758015,3,walking
1519421591908,-8.334655,-0.5505372,-3.7963133,3,walking
1519421591913,-8.229335,-0.4356425,-3.8537605,3,walking
1519421591918,-8.104865,-0.42606795,-3.911208,3,walking
1519421591923,-8.066567,-0.4835153,-4.045252,3,walking
1519421591928,-8.191036,-0.61755913,-4.121848,3,walking
1519421591933,-8.382527,-0.8090504,-4.016528,3,walking
1519421591938,-8.382527,-0.8090504,-4.016528,3,walking
1519421591943,-8.641041,-0.76117754,-4.045252,3,walking
1519421591947,-8.803808,-0.76117754,-4.0261025,3,walking
1519421591957,-9.29211,-0.78990126,-4.284616,3,walking
1519421591962,-9.426155,-0.8281995,-4.284616,3,walking
1519421591968,-9.5889225,-0.83777404,-4.3324885,3,walking
1519421591973,-9.732541,-0.8952214,-4.342063,3,walking
1519421591978,-9.780414,-0.8281995,-4.3803616,3,walking
1519421591983,-9.85701,-0.69415563,-4.4856815,3,walking
1519421591988,-9.8953085,-0.512239,-4.466532,3,walking
1519421591993,-9.943181,-0.110107444,-4.476107,3,walking
1519421591998,-9.991054,0.110107444,-4.466532,3,walking
1519421592003,-10.058076,0.42606795,-4.4186597,3,walking
1519421592008,-10.038927,0.78032666,-4.466532,3,walking
1519421592013,-10.211268,1.3548003,-4.648449,3,walking
1519421592019,-10.287866,1.5845897,-4.73462,3,walking
1519421592024,-9.98148,2.101616,-4.428234,3,walking
1519421592029,-9.85701,2.321831,-4.428234,3,walking
1519421592034,-9.8953085,2.88673,-4.428234,3,walking
1519421592039,-9.8953085,2.88673,-4.428234,3,walking
1519421592044,-9.818711,3.231414,-4.5144053,3,walking
1519421592049,-9.617646,3.2218397,-4.5335546,3,walking
1519421592054,-9.3878565,3.212265,-4.868664,3,walking
1519421592058,-9.177217,3.039923,-4.8590894,3,walking
1519421592063,-8.995299,2.3984275,-4.935686,3,walking
1519421592067,-8.899554,2.0537431,-4.935686,3,walking
1519421592072,-8.794233,1.8143792,-4.83994,3,walking
1519421592076,-8.545295,1.4984187,-4.8303657,3,walking
1519421592083,-8.200611,1.2782038,-4.610151,3,walking
1519421592087,-8.00912,1.1058618,-4.715471,3,walking
1519421592092,-7.961247,1.0101161,-4.619725,3,walking
1519421592097,-8.047418,0.8856468,-4.6005764,3,walking
1519421592102,-8.23891,0.54096264,-4.73462,3,walking
1519421592107,-8.372953,0.4356425,-4.8782387,3,walking
1519421592113,-8.353804,0.17712937,-5.002708,3,walking
1519421592118,-8.353804,0.13883112,-5.06973,3,walking
1519421592122,-8.420826,0.13883112,-5.06973,3,walking
1519421592127,-8.315506,0.03351096,-5.222923,3,walking
1519421592136,-8.55487,0.0,-5.452712,3,walking
1519421592142,-8.717637,0.014361841,-5.6250544,3,walking
1519421592147,-8.851681,0.0,-5.567607,3,walking
1519421592152,-8.746361,-0.014361841,-5.644203,3,walking
1519421592157,-8.650616,-0.043085523,-5.634629,3,walking
1519421592166,-8.506997,-0.00478728,-5.567607,3,walking
1519421592172,-8.2676325,-0.09095833,-5.586756,3,walking
1519421592177,-8.124015,-0.11968201,-5.519734,3,walking
1519421592186,-8.066567,-0.081383765,-5.28037,3,walking
1519421592192,-7.9516726,0.03351096,-5.108028,3,walking
1519421592198,-7.9133744,0.081383765,-5.041006,3,walking
1519421592203,-7.7793303,0.25372586,-4.83994,3,walking
1519421592208,-7.7123084,0.32074776,-4.772918,3,walking
1519421592213,-7.635712,0.42606795,-4.7920675,3,walking
1519421592218,-7.635712,0.42606795,-4.7920675,3,walking
1519421592224,-7.5782647,0.4164934,-4.8590894,3,walking
1519421592228,-7.587839,0.3877697,-4.9452605,3,walking
1519421592234,-7.635712,0.359046,-5.041006,3,walking
1519421592238,-7.7314577,0.32074776,-5.1271772,3,walking
1519421592243,-7.7793303,0.19627848,-5.366541,3,walking
1519421592247,-7.875076,0.10053288,-5.4431376,3,walking
1519421592257,-8.076141,-0.11968201,-5.481436,3,walking
1519421592262,-8.143164,-0.30159867,-5.366541,3,walking
1519421592268,-8.143164,-0.37819514,-5.3378177,3,walking
1519421592273,-7.9708214,-0.3877697,-5.2516465,3,walking
1519421592278,-7.894225,-0.37819514,-5.1846247,3,walking
1519421592284,-7.7793303,-0.359046,-5.1271772,3,walking
1519421592288,-7.635712,-0.30159867,-5.0314317,3,walking
1519421592294,-7.4250717,-0.09095833,-4.772918,3,walking
1519421592298,-7.3006024,0.10053288,-4.648449,3,walking
1519421592303,-7.0995364,0.3111732,-4.495256,3,walking
1519421592307,-6.9271946,0.47394073,-4.3707867,3,walking
1519421592312,-6.7069798,0.8090504,-4.1026993,3,walking
1519421592318,-6.697405,0.99096704,-3.9686553,3,walking
1519421592323,-6.6878304,1.14416,-3.8537605,3,walking
1519421592328,-6.783576,1.3356512,-3.7197168,3,walking
1519421592333,-7.051664,1.5367169,-3.499502,3,walking
1519421592338,-7.2623043,1.6420372,-3.365458,3,walking
1519421592343,-7.6740103,1.7473572,-3.020774,3,walking
1519421592348,-7.894225,1.7377827,-2.8580062,3,walking
1519421592354,-8.047418,1.6420372,-2.8580062,3,walking
1519421592358,-8.277207,1.469695,-2.9441774,3,walking
1519421592364,-8.727212,1.1250108,-3.5760984,3,walking
1519421592368,-8.937852,0.99096704,-3.930357,3,walking
1519421592373,-9.119769,0.59841,-4.610151,3,walking
1519421592379,-9.119769,0.59841,-4.610151,3,walking
1519421592384,-8.813383,0.11968201,-4.9452605,3,walking
1519421592388,-8.516571,-0.14840569,-5.002708,3,walking
1519421592394,-8.133589,-0.45479164,-5.021857,3,walking
1519421592399,-7.4059224,-0.83777404,-4.916537,3,walking
1519421592404,-7.2144313,-0.8090504,-4.8973875,3,walking
1519421592409,-7.4250717,-0.6558574,-5.1271772,3,walking
1519421592414,-7.8655014,-0.45479164,-5.519734,3,walking
1519421592419,-7.8655014,-0.45479164,-5.519734,3,walking
1519421592423,-9.3878565,-0.6079846,-5.835695,3,walking
1519421592447,-7.8272033,-2.3888528,-3.777164,3,walking
1519421592453,-7.5591154,-2.0537431,-3.1452432,3,walking
1519421592458,-7.702734,-1.7856555,-2.905879,3,walking
1519421592467,-8.641041,-1.1058618,-2.7718353,3,walking
1519421592472,-10.211268,-0.27287498,-2.9537518,3,walking
1519421592477,-11.1208515,0.16755481,-3.126094,3,walking
1519421592481,-11.953838,0.61755913,-3.3175852,3,walking
1519421592486,-12.719804,1.1250108,-3.4803526,3,walking
1519421592491,-13.849602,2.0824668,-3.825037,3,walking
1519421592496,-14.395351,2.408002,-4.2175937,3,walking
1519421592501,-14.854931,2.666515,-4.581427,3,walking
1519421592523,-15.362382,2.494173,-4.83994,3,walking
1519421592528,-15.362382,2.494173,-4.83994,3,walking
1519421592532,-14.596417,2.1207652,-4.3707867,3,walking
1519421592536,-14.031518,1.9196993,-4.1792955,3,walking
1519421592569,-9.158067,1.14416,-2.2165108,3,walking
1519421592577,-7.9803963,0.6845811,-1.622888,3,walking
1519421592584,-7.7123084,0.37819514,-1.4218222,3,walking
1519421592588,-7.5208173,0.12925656,-1.3165021,3,walking
1519421592593,-7.243155,-0.359046,-0.9622433,3,walking
1519421592597,-7.243155,-0.359046,-0.9622433,3,walking
1519421592601,-6.9654927,-0.8952214,-0.5505372,3,walking
1519421592606,-6.975067,-1.1250108,-0.4356425,3,walking
1519421592614,-7.0708127,-1.5941644,-0.2441513,3,walking
1519421592624,-7.3676243,-2.494173,-0.2920241,3,walking
1519421592628,-7.3676243,-2.494173,-0.2920241,3,walking
1519421592633,-7.549541,-3.0877957,-0.47394073,3,walking
1519421592637,-7.6452866,-3.2888615,-0.61755913,3,walking
1519421592641,-7.6452866,-3.2888615,-0.61755913,3,walking
1519421592645,-7.7601814,-3.6143966,-1.0196906,3,walking
1519421592651,-7.8655014,-3.8058877,-1.2303311,3,walking
1519421592656,-7.855927,-3.8058877,-1.3548003,3,walking
1519421592661,-7.9420977,-3.7101421,-1.5079932,3,walking
1519421592665,-8.018694,-3.5952475,-1.6037389,3,walking
1519421592671,-8.124015,-3.193116,-1.9005502,3,walking
1519421592676,-8.191036,-2.9441774,-2.0537431,3,walking
1519421592685,-8.23891,-2.475024,-2.2260852,3,walking
1519421592691,-8.286782,-1.9196993,-2.2356598,3,walking
1519421592696,-8.258059,-1.7282082,-2.2931073,3,walking
1519421592705,-8.143164,-1.4122477,-2.1207652,3,walking
1519421592711,-8.095291,-1.2016073,-1.9867213,3,walking
1519421592716,-8.095291,-1.1058618,-1.9005502,3,walking
1519421592721,-8.171887,-1.0196906,-1.6803354,3,walking
1519421592727,-8.229335,-1.0388398,-1.5654407,3,walking
1519421592732,-8.315506,-1.0292653,-1.4792696,3,walking
1519421592737,-8.4686985,-1.0579889,-1.3930986,3,walking
1519421592742,-8.832532,-1.1250108,-1.2207564,3,walking
1519421592747,-8.9761505,-1.1154363,-1.1633091,3,walking
1519421592753,-9.129343,-1.1728836,-1.0675635,3,walking
1519421592758,-9.167642,-1.2016073,-1.1250108,3,walking
1519421592763,-9.148493,-1.2686293,-1.0675635,3,walking
1519421592767,-9.138918,-1.3260766,-1.0962871,3,walking
1519421592772,-9.033598,-1.4026731,-1.1250108,3,walking
1519421592776,-9.033598,-1.4026731,-1.1250108,3,walking
1519421592781,-8.870831,-1.4888442,-1.3069274,3,walking
1519421592787,-8.7750845,-1.5367169,-1.3930986,3,walking
1519421592792,-8.545295,-1.5845897,-1.5845897,3,walking
1519421592797,-8.401677,-1.5654407,-1.6707608,3,walking
1519421592802,-8.286782,-1.5654407,-1.7665064,3,walking
1519421592807,-8.056993,-1.5271424,-1.9579976,3,walking
1519421592813,-7.9708214,-1.4984187,-2.0728924,3,walking
1519421592818,-7.9803963,-1.4984187,-2.187787,3,walking
1519421592823,-8.104865,-1.4505459,-2.4367256,3,walking
1519421592828,-8.2676325,-1.4218222,-2.5707695,3,walking
1519421592833,-8.459125,-1.3548003,-2.714388,3,walking
1519421592838,-8.66019,-1.3260766,-2.8484318,3,walking
1519421592843,-9.071896,-1.1728836,-3.1643922,3,walking
1519421592848,-9.349558,-1.0771381,-3.3271596,3,walking
1519421592853,-9.7899885,-0.9622433,-3.6143966,3,walking
1519421592858,-9.7899885,-0.9622433,-3.6143966,3,walking
1519421592864,-10.172971,-0.7420284,-3.911208,3,walking
1519421592874,-10.546378,-0.36862057,-4.2463174,3,walking
1519421592879,-10.565528,-0.3111732,-4.284616,3,walking
1519421592884,-10.565528,-0.27287498,-4.351638,3,walking
1519421592891,-10.345312,-0.3111732,-4.2654667,3,walking
1519421592897,-10.172971,-0.34947145,-4.2080193,3,walking
1519421592902,-9.598496,-0.37819514,-4.169721,3,walking
1519421592907,-9.2825365,-0.36862057,-4.1792955,3,walking
1519421592912,-9.014449,-0.30159867,-4.169721,3,walking
1519421592917,-8.7750845,-0.10053288,-4.2271686,3,walking
1519421592923,-8.698488,0.10053288,-4.322914,3,walking
1519421592927,-8.842107,0.3398969,-4.5144053,3,walking
1519421592933,-9.349558,0.8664977,-4.8973875,3,walking
1519421592938,-9.7899885,1.1250108,-5.088879,3,walking
1519421592943,-10.757019,1.2782038,-5.328243,3,walking
1519421592948,-11.274045,1.2303311,-5.376116,3,walking
1519421592956,-11.72405,1.0005416,-5.38569,3,walking
1519421592961,-12.442142,0.39734426,-5.38569,3,walking
1519421592966,-12.67193,0.014361841,-5.366541,3,walking
1519421593008,-11.532558,-2.408002,-4.868664,3,walking
1519421593013,-10.747444,-2.0058703,-4.658024,3,walking
1519421593018,-10.335738,-1.6994845,-4.610151,3,walking
1519421593026,-9.96233,-1.4313968,-4.543129,3,walking
1519421593031,-9.20594,-0.8090504,-4.275041,3,walking
1519421593036,-8.947427,-0.5313881,-4.0548263,3,walking
1519421593044,-8.392102,0.03351096,-3.604822,3,walking
1519421593051,-8.066567,0.56011176,-3.0494976,3,walking
1519421593092,-8.430401,1.3260766,-1.0675635,3,walking
1519421593101,-8.698488,1.2399056,-1.0484143,3,walking
1519421593109,-8.899554,1.1824582,-1.1633091,3,walking
1519421593117,-9.138918,1.0484143,-1.4313968,3,walking
1519421593124,-9.320834,0.8760723,-1.7665064,3,walking
1519421593132,-9.3878565,0.56968635,-2.1399143,3,walking
1519421593140,-9.512326,0.3111732,-2.475024,3,walking
1519421593147,-9.655944,0.19627848,-2.7239625,3,walking
1519421593155,-9.732541,0.10053288,-3.0303483,3,walking
1519421593162,-9.7899885,-0.05266008,-3.1835413,3,walking
1519421593170,-9.885734,-0.26330042,-3.0973704,3,walking
1519421593176,-9.952756,-0.3877697,-3.059072,3,walking
1519421593180,-9.991054,-0.512239,-3.0016246,3,walking
1519421593185,-10.06765,-0.6079846,-2.9633265,3,walking
1519421593191,-10.259142,-0.8664977,-2.8771553,3,walking
1519421593196,-10.335738,-1.0005416,-2.8388572,3,walking
1519421593205,-10.40276,-1.2973529,-2.6760898,3,walking
1519421593210,-10.335738,-1.5941644,-2.475024,3,walking
1519421593216,-10.307014,-1.7377827,-2.3888528,3,walking
1519421593221,-10.2016945,-1.9005502,-2.2260852,3,walking
1519421593225,-10.125097,-1.9196993,-2.2165108,3,walking
1519421593230,-10.000628,-1.9867213,-2.1303396,3,walking
1519421593236,-9.924032,-1.9867213,-2.0824668,3,walking
1519421593240,-9.75169,-1.948423,-1.9675722,3,walking
1519421593245,-9.655944,-1.9196993,-1.8909757,3,walking
1519421593250,-9.636795,-1.9005502,-1.8048047,3,walking
1519421593255,-9.617646,-1.8335283,-1.7377827,3,walking
1519421593261,-9.531475,-1.7186337,-1.5845897,3,walking
1519421593267,-9.512326,-1.6611862,-1.5367169,3,walking
1519421593272,-9.493176,-1.5845897,-1.4409714,3,walking
1519421593277,-9.483603,-1.6133134,-1.3643749,3,walking
1519421593283,-9.454879,-1.622888,-1.2016073,3,walking
1519421593287,-9.454879,-1.622888,-1.2016073,3,walking
1519421593293,-9.3878565,-1.6994845,-1.0388398,3,walking
1519421593302,-9.359133,-1.8143792,-0.8952214,3,walking
1519421593306,-9.378282,-1.8718265,-0.85692316,3,walking
1519421593310,-9.3878565,-1.9196993,-0.78032666,3,walking
1519421593315,-9.3878565,-1.9388485,-0.78990126,3,walking
1519421593320,-9.378282,-1.8814012,-0.77075213,3,walking
1519421593325,-9.349558,-1.8239537,-0.78990126,3,walking
1519421593330,-9.359133,-1.6899099,-0.7420284,3,walking
1519421593336,-9.397431,-1.5845897,-0.7994758,3,walking
1519421593340,-9.445304,-1.4792696,-0.83777404,3,walking
1519421593346,-9.454879,-1.4505459,-0.85692316,3,walking
1519421593350,-9.64637,-1.3452257,-1.0101161,3,walking
1519421593356,-9.732541,-1.383524,-1.0292653,3,walking
1519421593360,-9.828286,-1.4026731,-1.0867126,3,walking
1519421593365,-9.885734,-1.4313968,-1.1058618,3,walking
1519421593370,-10.077225,-1.5654407,-1.1920328,3,walking
1519421593376,-10.105948,-1.5941644,-1.1537346,3,walking
1519421593381,-10.172971,-1.8048047,-1.1537346,3,walking
1519421593386,-10.211268,-1.8814012,-1.1345854,3,walking
1519421593391,-10.230418,-1.929274,-1.1154363,3,walking
1519421593397,-10.2016945,-1.9962958,-1.0388398,3,walking
1519421593402,-10.2016945,-1.9771467,-1.0771381,3,walking
1519421593407,-10.259142,-1.9675722,-1.0484143,3,walking
1519421593411,-10.259142,-2.015445,-1.0675635,3,walking
1519421593417,-10.335738,-2.0250196,-1.0675635,3,walking
1519421593421,-10.354887,-1.9101248,-1.0484143,3,walking
1519421593426,-10.259142,-1.8718265,-1.0675635,3,walking
1519421593430,-10.163396,-1.79523,-1.0579889,3,walking
1519421593435,-10.06765,-1.6803354,-1.0867126,3,walking
1519421593440,-9.85701,-1.4601204,-1.2399056,3,walking
1519421593446,-9.85701,-1.3356512,-1.3643749,3,walking
1519421593451,-10.029352,-1.1633091,-1.5941644,3,walking
1519421593456,-10.029352,-1.1633091,-1.5941644,3,walking
1519421593460,-10.364462,-1.0388398,-1.8239537,3,walking
1519421593465,-10.575102,-1.0771381,-1.9675722,3,walking
1519421593470,-11.044255,-1.2207564,-2.1973617,3,walking
1519421593475,-11.341067,-1.3069274,-2.2739582,3,walking
1519421593480,-11.522984,-1.469695,-2.2643836,3,walking
1519421593484,-11.618729,-1.622888,-2.1782124,3,walking
1519421593490,-11.436812,-2.0728924,-1.9196993,3,walking
1519421593495,-11.101703,-2.3122563,-1.8048047,3,walking
1519421593499,-10.670848,-2.5037475,-1.5941644,3,walking
1519421593504,-10.278291,-2.6856642,-1.4505459,3,walking
1519421593510,-9.924032,-2.800559,-1.2973529,3,walking
1519421593515,-9.531475,-2.7431116,-1.1058618,3,walking
1519421593519,-9.397431,-2.6090677,-1.0388398,3,walking
1519421593524,-9.234664,-2.4367256,-1.0388398,3,walking
1519421593530,-8.899554,-2.0441687,-1.0388398,3,walking
1519421593535,-8.813383,-1.8239537,-1.0675635,3,walking
1519421593544,-8.7750845,-1.3069274,-1.1058618,3,walking
1519421593550,-9.071896,-0.98139244,-1.2590547,3,walking
1519421593555,-9.330409,-0.85692316,-1.2877784,3,walking
1519421593560,-9.7899885,-0.7228793,-1.1920328,3,walking
1519421593565,-9.924032,-0.7324539,-1.14416,3,walking
1519421593569,-10.038927,-0.78990126,-1.0579889,3,walking
1519421593574,-10.230418,-0.8473486,-0.99096704,3,walking
1519421593580,-10.364462,-0.8281995,-0.93351966,3,walking
1519421593585,-10.642124,-0.78990126,-0.8281995,3,walking
1519421593590,-10.747444,-0.7324539,-0.83777404,3,walking
1519421593594,-10.785743,-0.6271337,-0.83777404,3,walking
1519421593600,-10.833615,-0.359046,-0.8186249,3,walking
1519421593604,-10.757019,-0.19627848,-0.8664977,3,walking
1519421593609,-10.699572,-0.03351096,-0.9622433,3,walking
1519421593614,-10.584677,0.16755481,-1.0292653,3,walking
1519421593620,-10.211268,0.59841,-1.0388398,3,walking
1519421593625,-10.058076,0.78032666,-1.0388398,3,walking
1519421593630,-9.943181,0.99096704,-1.0388398,3,walking
1519421593635,-9.847435,1.1920328,-1.0101161,3,walking
1519421593640,-9.684668,1.5462915,-0.8760723,3,walking
1519421593645,-9.62722,1.7473572,-0.8090504,3,walking
1519421593650,-9.454879,2.0441687,-0.6845811,3,walking
1519421593655,-9.397431,2.2356598,-0.64628285,3,walking
1519421593664,-9.29211,2.5899186,-0.5888355,3,walking
1519421593670,-9.2825365,2.8580062,-0.5218136,3,walking
1519421593675,-9.225089,2.9154537,-0.49308985,3,walking
1519421593680,-9.138918,2.8963046,-0.50266445,3,walking
1519421593686,-9.119769,2.8963046,-0.5218136,3,walking
1519421593691,-9.024023,2.7814097,-0.6750065,3,walking
1519421593696,-8.889979,2.6856642,-0.751603,3,walking
1519421593701,-8.641041,2.494173,-0.92394507,3,walking
1519421593706,-8.641041,2.494173,-0.92394507,3,walking
1519421593711,-8.392102,2.1782124,-1.0867126,3,walking
1519421593716,-8.296356,1.9867213,-1.1824582,3,walking
1519421593721,-8.104865,1.4888442,-1.3069274,3,walking
1519421593725,-7.9803963,1.2494801,-1.3260766,3,walking
1519421593730,-7.894225,1.0196906,-1.3930986,3,walking
1519421593735,-7.855927,0.85692316,-1.3930986,3,walking
1519421593740,-7.6261373,0.59841,-1.3165021,3,walking
1519421593746,-7.501668,0.54096264,-1.3260766,3,walking
1519421593750,-7.348475,0.4164934,-1.1537346,3,walking
1519421593756,-7.348475,0.4164934,-1.1537346,3,walking
1519421593760,-7.2527294,0.359046,-1.0388398,3,walking
1519421593764,-7.1474094,0.14840569,-0.9430942,3,walking
1519421593769,-7.12826,0.09095833,-0.90479594,3,walking
1519421593774,-7.137835,-0.023936402,-0.8856468,3,walking
1519421593780,-7.2240057,-0.110107444,-0.90479594,3,walking
1519421593785,-7.2910275,-0.2920241,-0.9430942,3,walking
1519421593790,-7.3197513,-0.37819514,-0.9718179,3,walking
1519421593794,-7.348475,-0.4356425,-0.9430942,3,walking
1519421593800,-7.4920936,-0.47394073,-0.92394507,3,walking
1519421593805,-7.5974135,-0.4356425,-0.93351966,3,walking
1519421593809,-7.846352,-0.2441513,-0.8281995,3,walking
1519421593815,-7.9420977,-0.10053288,-0.83777404,3,walking
1519421593820,-8.143164,-0.00478728,-0.78990126,3,walking
1519421593824,-8.372953,0.00478728,-0.8281995,3,walking
1519421593830,-8.602742,0.0718092,-0.78032666,3,walking
1519421593835,-9.043172,0.081383765,-0.6271337,3,walking
1519421593839,-9.29211,0.03351096,-0.6271337,3,walking
1519421593844,-9.531475,-0.00478728,-0.56968635,3,walking
1519421593850,-9.732541,-0.05266008,-0.45479164,3,walking
1519421593855,-10.058076,-0.00478728,-0.30159867,3,walking
1519421593864,-10.29744,0.081383765,-0.20585304,3,walking
1519421593869,-10.393186,0.22500217,-0.062234644,3,walking
1519421593875,-10.383611,0.33032233,-0.05266008,3,walking
1519421593880,-10.40276,0.6845811,-0.18670394,3,walking
1519421593885,-10.40276,0.6845811,-0.18670394,3,walking
1519421593890,-10.441058,0.9718179,-0.42606795,3,walking
1519421593895,-10.517654,1.0484143,-0.6079846,3,walking
1519421593899,-10.527229,1.1537346,-0.8473486,3,walking
1519421593904,-10.479357,1.0675635,-1.0292653,3,walking
1519421593909,-10.441058,0.99096704,-1.1633091,3,walking
1519421593914,-10.40276,0.90479594,-1.2973529,3,walking
1519421593919,-10.307014,0.78032666,-1.3452257,3,walking
1519421593925,-10.29744,0.54096264,-1.5654407,3,walking
1519421593929,-10.278291,0.44521707,-1.6707608,3,walking
1519421593935,-10.287866,0.26330042,-1.7665064,3,walking
1519421593940,-10.354887,-0.014361841,-1.8909757,3,walking
1519421593945,-10.326163,-0.15798025,-1.9579976,3,walking
1519421593950,-10.2016945,-0.40691882,-1.9675722,3,walking
1519421593955,-10.2016945,-0.40691882,-1.9675722,3,walking
1519421593959,-10.0868,-0.6271337,-1.9867213,3,walking
1519421593964,-9.971905,-0.77075213,-2.015445,3,walking
1519421593969,-9.866585,-0.99096704,-2.0250196,3,walking
1519421593975,-9.799562,-1.1154363,-1.9962958,3,walking
1519421593979,-9.780414,-1.2111819,-2.0728924,3,walking
1519421593985,-9.742115,-1.2399056,-2.0441687,3,walking
1519421593989,-9.64637,-1.3452257,-1.9771467,3,walking
1519421593995,-9.579348,-1.3930986,-1.9579976,3,walking
1519421594005,-9.435729,-1.4122477,-1.9579976,3,walking
1519421594009,-9.349558,-1.4218222,-1.8909757,3,walking
1519421594015,-9.263388,-1.3548003,-1.9771467,3,walking
1519421594020,-9.20594,-1.2973529,-1.9579976,3,walking
1519421594025,-9.177217,-1.2782038,-1.9388485,3,walking
1519421594030,-9.062322,-1.1537346,-2.0537431,3,walking
1519421594035,-9.033598,-1.14416,-2.0920415,3,walking
1519421594040,-8.985725,-0.9526688,-2.2260852,3,walking
1519421594045,-8.985725,-0.9526688,-2.2260852,3,walking
1519421594051,-9.014449,-0.8473486,-2.2835326,3,walking
1519421594056,-8.966576,-0.8473486,-2.3792782,3,walking
1519421594061,-8.928278,-0.8186249,-2.4367256,3,walking
1519421594066,-8.966576,-0.85692316,-2.3984275,3,walking
1519421594071,-8.9761505,-0.8664977,-2.4654493,3,walking
1519421594076,-9.014449,-0.93351966,-2.494173,3,walking
1519421594081,-9.071896,-0.9526688,-2.4845984,3,walking
1519421594086,-9.129343,-0.98139244,-2.513322,3,walking
1519421594092,-9.138918,-1.0484143,-2.4558747,3,walking
1519421594097,-9.272962,-1.0867126,-2.3888528,3,walking
1519421594102,-9.320834,-1.1058618,-2.3888528,3,walking
1519421594107,-9.454879,-1.0675635,-2.3792782,3,walking
1519421594112,-9.483603,-1.0388398,-2.34098,3,walking
1519421594122,-9.5219,-0.9430942,-2.3697038,3,walking
1519421594127,-9.512326,-0.9622433,-2.4367256,3,walking
1519421594133,-9.474028,-0.93351966,-2.408002,3,walking
1519421594143,-9.454879,-1.0005416,-2.4367256,3,walking
1519421594149,-9.483603,-1.0771381,-2.475024,3,walking
1519421594155,-9.445304,-1.0675635,-2.4558747,3,walking
1519421594160,-9.426155,-1.0867126,-2.4558747,3,walking
1519421594165,-9.464453,-1.0962871,-2.427151,3,walking
1519421594170,-9.330409,-1.1154363,-2.427151,3,walking
1519421594175,-9.330409,-1.1537346,-2.3984275,3,walking
1519421594180,-9.301685,-1.1537346,-2.360129,3,walking
1519421594186,-9.29211,-1.1824582,-2.321831,3,walking
1519421594191,-9.272962,-1.1824582,-2.2835326,3,walking
1519421594196,-9.244238,-1.1537346,-2.254809,3,walking
1519421594201,-9.215514,-1.1345854,-2.2260852,3,walking
1519421594206,-9.263388,-1.1250108,-2.2069361,3,walking
1519421594211,-9.225089,-1.0962871,-2.1399143,3,walking
1519421594216,-9.225089,-1.0675635,-2.1973617,3,walking
1519421594221,-9.20594,-1.0388398,-2.1973617,3,walking
1519421594232,-9.301685,-0.8473486,-2.1782124,3,walking
1519421594236,-9.368708,-0.751603,-2.1590633,3,walking
1519421594241,-9.349558,-0.70373017,-2.1111906,3,walking
1519421594245,-9.435729,-0.69415563,-2.0920415,3,walking
1519421594249,-9.464453,-0.665432,-2.0920415,3,walking
1519421594254,-9.464453,-0.665432,-2.0441687,3,walking
1519421594259,-9.512326,-0.59841,-1.9962958,3,walking
1519421594264,-9.560199,-0.5505372,-1.9962958,3,walking
1519421594274,-9.608071,-0.4356425,-2.0250196,3,walking
1519421594279,-9.703817,-0.34947145,-2.034594,3,walking
1519421594285,-9.761265,-0.33032233,-2.0441687,3,walking
1519421594289,-9.809137,-0.32074776,-2.149489,3,walking
1519421594295,-9.809137,-0.32074776,-2.149489,3,walking
1519421594299,-9.75169,-0.3877697,-2.1399143,3,walking
1519421594304,-9.742115,-0.42606795,-2.168638,3,walking
1519421594309,-9.713391,-0.5218136,-2.1111906,3,walking
1519421594314,-9.675094,-0.5218136,-2.0441687,3,walking
1519421594319,-9.5889225,-0.56011176,-2.0250196,3,walking
1519421594324,-9.5219,-0.6271337,-1.9579976,3,walking
1519421594329,-9.378282,-0.69415563,-1.8814012,3,walking
1519421594334,-9.148493,-0.7228793,-1.7569319,3,walking
1519421594339,-8.966576,-0.7228793,-1.6611862,3,walking
1519421594344,-8.822957,-0.6558574,-1.6133134,3,walking
1519421594349,-8.679339,-0.56968635,-1.6037389,3,walking
1519421594354,-8.44955,-0.4356425,-1.5462915,3,walking
1519421594359,-8.334655,-0.3877697,-1.5462915,3,walking
1519421594363,-8.248484,-0.28244954,-1.5750152,3,walking
1519421594369,-8.200611,-0.081383765,-1.7186337,3,walking
1519421594374,-8.181462,0.014361841,-1.7856555,3,walking
1519421594379,-8.200611,0.13883112,-1.9579976,3,walking
1519421594384,-8.200611,0.13883112,-1.9579976,3,walking
1519421594389,-8.21976,0.20585304,-2.0441687,3,walking
1519421594395,-8.21976,0.2154276,-2.0537431,3,walking
1519421594399,-8.277207,0.16755481,-2.0920415,3,walking
1519421594404,-8.305931,0.10053288,-2.1111906,3,walking
1519421594409,-8.392102,-0.023936402,-2.1399143,3,walking
1519421594415,-8.459125,-0.14840569,-2.101616,3,walking
1519421594419,-8.7750845,-0.39734426,-2.1303396,3,walking
1519421594424,-8.957002,-0.4835153,-2.1303396,3,walking
1519421594428,-9.177217,-0.56011176,-2.1399143,3,walking
1519421594433,-9.407005,-0.63670826,-2.1973617,3,walking
1519421594439,-9.62722,-0.7420284,-2.2739582,3,walking
1519421594444,-10.077225,-0.9622433,-2.4654493,3,walking
1519421594449,-10.249567,-1.0675635,-2.4845984,3,walking
1519421594454,-10.517654,-1.2207564,-2.6282167,3,walking
1519421594459,-10.910212,-1.4888442,-2.9250283,3,walking
1519421594464,-11.044255,-1.6133134,-3.039923,3,walking
1519421594469,-11.226172,-1.776081,-3.193116,3,walking
1519421594475,-11.226172,-1.776081,-3.193116,3,walking
1519421594479,-11.28362,-1.8909757,-3.2697124,3,walking
1519421594484,-11.207023,-1.9196993,-3.3271596,3,walking
1519421594489,-11.140001,-1.9867213,-3.3271596,3,walking
1519421594494,-11.149575,-2.0058703,-3.2984362,3,walking
1519421594499,-11.072979,-1.929274,-3.2888615,3,walking
1519421594503,-10.938935,-1.9196993,-3.2984362,3,walking
1519421594508,-10.881488,-1.8239537,-3.2601378,3,walking
1519421594513,-10.622974,-1.6324625,-3.1452432,3,walking
1519421594518,-10.498506,-1.5367169,-3.059072,3,walking
1519421594523,-10.40276,-1.383524,-2.9633265,3,walking
1519421594529,-10.211268,-1.1920328,-2.7048132,3,walking
1519421594534,-10.096374,-1.0484143,-2.5420458,3,walking
1519421594538,-9.96233,-0.90479594,-2.475024,3,walking
1519421594543,-9.924032,-0.78032666,-2.3122563,3,walking
1519421594549,-9.732541,-0.47394073,-2.1303396,3,walking
1519421594554,-9.684668,-0.37819514,-2.0920415,3,walking
1519421594559,-9.665519,-0.19627848,-2.0441687,3,walking
1519421594563,-9.569773,-0.062234644,-1.9675722,3,walking
1519421594568,-9.445304,-0.00478728,-1.9388485,3,walking
1519421594574,-9.407005,-0.081383765,-1.9675722,3,walking
1519421594578,-9.301685,-0.27287498,-2.0537431,3,walking
1519421594583,-9.234664,-0.40691882,-2.101616,3,walking
1519421594588,-9.18679,-0.4835153,-2.1207652,3,walking
1519421594593,-9.0814705,-0.56011176,-2.1111906,3,walking
1519421594598,-8.928278,-0.64628285,-2.1111906,3,walking
1519421594603,-8.545295,-0.93351966,-2.1303396,3,walking
1519421594608,-8.44955,-1.1058618,-2.1590633,3,walking
1519421594613,-8.34423,-1.2494801,-2.187787,3,walking
1519421594619,-8.229335,-1.6037389,-2.2739582,3,walking
1519421594624,-8.210186,-1.776081,-2.360129,3,walking
1519421594629,-8.248484,-2.0920415,-2.513322,3,walking
1519421594634,-8.248484,-2.0920415,-2.513322,3,walking
1519421594638,-8.210186,-2.360129,-2.580344,3,walking
1519421594643,-8.2676325,-2.5707695,-2.6952388,3,walking
1519421594648,-8.44955,-2.972901,-2.88673,3,walking
1519421594653,-8.5740185,-3.1835413,-2.9154537,3,walking
1519421594658,-8.679339,-3.365458,-2.9633265,3,walking
1519421594663,-8.765511,-3.518651,-2.972901,3,walking
1519421594668,-8.899554,-3.825037,-3.020774,3,walking
1519421594673,-8.985725,-3.844186,-2.9346027,3,walking
1519421594678,-9.062322,-3.9207826,-2.8484318,3,walking
1519421594683,-9.071896,-3.930357,-2.867581,3,walking
1519421594688,-9.119769,-3.9686553,-2.8580062,3,walking
1519421594693,-9.119769,-3.8154624,-2.7239625,3,walking
1519421594698,-9.138918,-3.7484405,-2.6186423,3,walking
1519421594703,-9.119769,-3.6335456,-2.5037475,3,walking
1519421594709,-9.100619,-3.3941817,-2.427151,3,walking
1519421594714,-9.043172,-3.2888615,-2.3984275,3,walking
1519421594719,-9.033598,-3.1356685,-2.2835326,3,walking
1519421594724,-9.033598,-3.1356685,-2.2835326,3,walking
1519421594729,-9.043172,-3.0016246,-2.1973617,3,walking
1519421594733,-9.052747,-2.9537518,-2.101616,3,walking
1519421594738,-9.100619,-2.7431116,-1.929274,3,walking
1519421594743,-9.177217,-2.6377914,-1.8431029,3,walking
1519421594748,-9.263388,-2.561195,-1.7856555,3,walking
1519421594754,-9.359133,-2.4367256,-1.7473572,3,walking
1519421594758,-9.445304,-2.321831,-1.6324625,3,walking
1519421594764,-9.665519,-2.1973617,-1.5367169,3,walking
1519421594773,-9.85701,-2.1399143,-1.4313968,3,walking
1519421594778,-10.019777,-2.1303396,-1.4601204,3,walking
1519421594783,-10.153821,-2.0824668,-1.4601204,3,walking
1519421594788,-10.287866,-2.0441687,-1.5367169,3,walking
1519421594793,-10.393186,-2.0250196,-1.5175679,3,walking
1519421594798,-10.450633,-1.8335283,-1.6133134,3,walking
1519421594803,-10.469782,-1.8048047,-1.709059,3,walking
1519421594808,-10.555953,-1.7282082,-1.8048047,3,walking
1519421594813,-10.555953,-1.7282082,-1.8048047,3,walking
1519421594818,-10.622974,-1.5941644,-2.0250196,3,walking
1519421594824,-10.71872,-1.5271424,-2.0441687,3,walking
1519421594829,-10.728295,-1.4984187,-2.1590633,3,walking
1519421594833,-10.642124,-1.4601204,-2.3505547,3,walking
1519421594838,-10.661273,-1.4505459,-2.408002,3,walking
1519421594843,-10.555953,-1.4409714,-2.4175766,3,walking
1519421594848,-10.460207,-1.5271424,-2.5420458,3,walking
1519421594853,-10.364462,-1.5462915,-2.513322,3,walking
1519421594859,-10.19212,-1.5271424,-2.494173,3,walking
1519421594864,-10.19212,-1.5271424,-2.494173,3,walking
1519421594868,-10.19212,-1.5271424,-2.494173,3,walking
1519421594873,-10.077225,-1.3548003,-2.5420458,3,walking
1519421594878,-10.058076,-1.2207564,-2.4845984,3,walking
1519421594883,-10.019777,-1.2111819,-2.5037475,3,walking
1519421594888,-9.933606,-1.0771381,-2.4654493,3,walking
1519421594893,-9.847435,-0.98139244,-2.3984275,3,walking
1519421594898,-9.703817,-0.8760723,-2.427151,3,walking
1519421594904,-9.703817,-0.8760723,-2.427151,3,walking
1519421594908,-9.617646,-0.83777404,-2.5037475,3,walking
1519421594913,-9.493176,-0.90479594,-2.5994933,3,walking
1519421594918,-9.2825365,-0.98139244,-2.752686,3,walking
1519421594923,-9.18679,-1.0292653,-2.8101335,3,walking
1519421594928,-9.110194,-1.0196906,-2.88673,3,walking
1519421594933,-9.033598,-1.0484143,-3.0303483,3,walking
1519421594938,-8.957002,-1.0292653,-3.1165195,3,walking
1519421594942,-8.842107,-0.9430942,-3.193116,3,walking
1519421594948,-8.851681,-0.8952214,-3.193116,3,walking
1519421594953,-8.851681,-0.78990126,-3.2505634,3,walking
1519421594958,-8.842107,-0.63670826,-3.231414,3,walking
1519421594963,-8.784659,-0.5888355,-3.2601378,3,walking
1519421594968,-8.765511,-0.54096264,-3.2409887,3,walking
1519421594973,-8.7750845,-0.512239,-3.2505634,3,walking
1519421594978,-8.822957,-0.49308985,-3.2601378,3,walking
1519421594984,-8.851681,-0.4835153,-3.212265,3,walking
1519421594988,-8.899554,-0.50266445,-3.1069448,3,walking
1519421594994,-8.985725,-0.512239,-3.020774,3,walking
1519421594998,-9.014449,-0.5218136,-3.0016246,3,walking
1519421595003,-9.071896,-0.47394073,-3.020774,3,walking
1519421595008,-9.158067,-0.45479164,-2.972901,3,walking
1519421595013,-9.244238,-0.40691882,-2.9441774,3,walking
1519421595018,-9.29211,-0.34947145,-2.9633265,3,walking
1519421595023,-9.349558,-0.3111732,-3.0111992,3,walking
1519421595028,-9.445304,-0.22500217,-3.0303483,3,walking
1519421595034,-9.54105,-0.19627848,-3.126094,3,walking
1519421595038,-9.636795,-0.14840569,-3.2218397,3,walking
1519421595044,-9.675094,-0.18670394,-3.2505634,3,walking
1519421595048,-9.818711,-0.25372586,-3.2888615,3,walking
1519421595054,-9.876159,-0.26330042,-3.2984362,3,walking
1519421595059,-10.048501,-0.4356425,-3.3367343,3,walking
1519421595064,-10.096374,-0.4835153,-3.3175852,3,walking
1519421595069,-10.19212,-0.56968635,-3.3175852,3,walking
1519421595074,-10.316589,-0.6750065,-3.2697124,3,walking
1519421595080,-10.326163,-0.7420284,-3.2505634,3,walking
1519421595085,-10.307014,-0.77075213,-3.231414,3,walking
1519421595090,-10.239992,-0.83777404,-3.2601378,3,walking
1519421595095,-10.134672,-0.8760723,-3.2409887,3,walking
1519421595100,-10.048501,-0.8952214,-3.2026904,3,walking
1519421595105,-9.799562,-0.91437054,-3.1835413,3,walking
1519421595110,-9.684668,-0.92394507,-3.1452432,3,walking
1519421595115,-9.560199,-0.92394507,-3.1356685,3,walking
1519421595120,-9.407005,-0.8952214,-3.078221,3,walking
1519421595125,-9.20594,-0.92394507,-3.020774,3,walking
1519421595131,-9.0814705,-0.91437054,-2.9920502,3,walking
1519421595141,-8.784659,-0.91437054,-2.9154537,3,walking
1519421595146,-8.688913,-0.92394507,-2.867581,3,walking
1519421595151,-8.650616,-0.90479594,-2.7909844,3,walking
1519421595156,-8.478273,-0.9622433,-2.7909844,3,walking
1519421595161,-8.478273,-1.0292653,-2.8292825,3,walking
1519421595171,-8.392102,-1.2399056,-2.752686,3,walking
1519421595176,-8.392102,-1.2399056,-2.752686,3,walking
1519421595182,-8.296356,-1.3739494,-2.666515,3,walking
1519421595187,-8.2676325,-1.4505459,-2.561195,3,walking
1519421595192,-8.229335,-1.5558661,-2.5324712,3,walking
1519421595198,-8.21976,-1.6324625,-2.475024,3,walking
1519421595204,-8.171887,-1.7569319,-2.4558747,3,walking
1519421595208,-8.1623125,-1.9196993,-2.5707695,3,walking
1519421595214,-8.143164,-1.9867213,-2.6090677,3,walking
1519421595219,-8.171887,-2.0633178,-2.6760898,3,walking
1519421595224,-8.076141,-2.0633178,-2.714388,3,walking
1519421595229,-8.018694,-2.034594,-2.7718353,3,walking
1519421595234,-7.922949,-1.8814012,-2.8292825,3,walking
1519421595240,-7.8655014,-1.8239537,-2.867581,3,walking
1519421595250,-7.7793303,-1.6324625,-2.8963046,3,walking
1519421595255,-7.788905,-1.6037389,-2.9824755,3,walking
1519421595260,-7.7793303,-1.5462915,-3.1356685,3,walking
1519421595265,-7.7601814,-1.4984187,-3.2505634,3,walking
1519421595270,-7.788905,-1.4601204,-3.2792869,3,walking
1519421595275,-7.808054,-1.4026731,-3.3558834,3,walking
1519421595280,-7.846352,-1.4122477,-3.4612036,3,walking
1519421595284,-7.8846507,-1.383524,-3.5952475,3,walking
1519421595289,-8.095291,-1.4601204,-3.6239712,3,walking
1519421595293,-8.095291,-1.4601204,-3.6239712,3,walking
1519421595297,-8.277207,-1.4888442,-3.7101421,3,walking
1519421595302,-8.363379,-1.5271424,-3.7005677,3,walking
1519421595308,-8.459125,-1.7282082,-3.6814184,3,walking
1519421595313,-8.459125,-1.7282082,-3.6814184,3,walking
1519421595317,-8.55487,-2.0728924,-3.5952475,3,walking
1519421595323,-8.650616,-2.2260852,-3.5090764,3,walking
1519421595328,-8.727212,-2.561195,-3.4324799,3,walking
1519421595332,-8.832532,-2.6377914,-3.384607,3,walking
1519421595337,-8.851681,-2.714388,-3.4324799,3,walking
1519421595343,-8.842107,-2.7814097,-3.4037561,3,walking
1519421595348,-8.899554,-2.7909844,-3.384607,3,walking
1519421595353,-9.024023,-2.819708,-3.5282254,3,walking
1519421595358,-9.148493,-2.7239625,-3.6335456,3,walking
1519421595363,-9.29211,-2.666515,-3.7963133,3,walking
1519421595369,-9.914457,-2.3984275,-4.1601467,3,walking
1519421595374,-10.632549,-2.101616,-4.5622783,3,walking
1519421595379,-10.996383,-2.0633178,-4.772918,3,walking
1519421595384,-11.235746,-2.0250196,-4.9452605,3,walking
1519421595389,-11.465536,-2.0441687,-5.041006,3,walking
1519421595394,-11.886817,-2.1590633,-5.1846247,3,walking
1519421595399,-11.886817,-2.2356598,-5.0314317,3,walking
1519421595404,-11.886817,-2.2356598,-5.0314317,3,walking
1519421595409,-11.551707,-2.666515,-4.715471,3,walking
1519421595414,-11.321918,-2.88673,-4.4856815,3,walking
1519421595419,-11.1208515,-3.020774,-4.236743,3,walking
1519421595423,-10.871913,-3.1165195,-3.9686553,3,walking
1519421595432,-10.393186,-3.2026904,-3.4707782,3,walking
1519421595437,-9.971905,-3.384607,-3.020774,3,walking
1519421595443,-9.914457,-3.4707782,-2.733537,3,walking
1519421595448,-9.837861,-3.6143966,-2.5707695,3,walking
1519421595453,-9.847435,-3.7675896,-2.2643836,3,walking
1519421595458,-10.019777,-4.0644007,-1.709059,3,walking
1519421595463,-10.2016945,-4.2463174,-1.4409714,3,walking
1519421595468,-10.871913,-4.3803616,-0.83777404,3,walking
1519421595474,-11.168725,-4.428234,-0.46436617,3,walking
1519421595479,-11.475111,-4.389936,-0.36862057,3,walking
1519421595484,-12.097457,-4.198445,-0.3398969,3,walking
1519421595489,-12.327247,-4.0069537,-0.34947145,3,walking
1519421595500,-12.422992,-2.9441774,-0.61755913,3,walking
1519421595505,-12.212352,-2.4367256,-0.63670826,3,walking
1519421595510,-11.59958,-1.2494801,-0.512239,3,walking
1519421595515,-11.293194,-0.59841,-0.39734426,3,walking
1519421595520,-10.967659,0.00478728,-0.25372586,3,walking
1519421595524,-10.766593,0.64628285,-0.043085523,3,walking
1519421595533,-10.584677,1.9867213,0.3398969,3,walking
1519421595537,-10.6134,2.5420458,0.50266445,3,walking
1519421595542,-10.689997,3.078221,0.59841,3,walking
1519421595547,-10.699572,3.3080106,0.78990126,3,walking
1519421595552,-10.862339,3.1069448,0.98139244,3,walking
1519421595557,-10.958084,2.6856642,0.93351966,3,walking
1519421595562,-11.044255,2.1303396,0.9718179,3,walking
1519421595567,-11.197449,1.6324625,1.0196906,3,walking
1519421595572,-11.274045,0.83777404,1.2207564,3,walking
1519421595577,-11.025106,0.23457673,1.1537346,3,walking
1519421595582,-10.82404,-0.09095833,1.0675635,3,walking
1519421595587,-10.622974,-0.44521707,0.8281995,3,walking
1519421595592,-10.488931,-0.8856468,0.5888355,3,walking
1519421595597,-10.182545,-1.8048047,0.023936402,3,walking
1519421595602,-10.000628,-2.3026817,-0.23457673,3,walking
1519421595608,-9.876159,-2.647366,-0.50266445,3,walking
1519421595613,-9.742115,-2.8963046,-0.6750065,3,walking
1519421595617,-9.64637,-2.9633265,-0.8664977,3,walking
1519421595622,-9.435729,-2.819708,-1.1154363,3,walking
1519421595627,-9.368708,-2.5899186,-1.1824582,3,walking
1519421595632,-9.397431,-2.2260852,-1.1154363,3,walking
1519421595637,-9.359133,-1.4218222,-0.83777404,3,walking
1519421595643,-9.272962,-0.99096704,-0.7228793,3,walking
1519421595647,-9.158067,-0.59841,-0.6079846,3,walking
1519421595652,-9.024023,-0.28244954,-0.54096264,3,walking
1519421595658,-8.870831,0.22500217,-0.40691882,3,walking
1519421595663,-8.861256,0.36862057,-0.36862057,3,walking
1519421595667,-8.784659,0.4835153,-0.359046,3,walking
1519421595672,-8.641041,0.59841,-0.49308985,3,walking
1519421595677,-8.5740185,0.6845811,-0.665432,3,walking
1519421595682,-8.5740185,0.76117754,-0.8760723,3,walking
1519421595687,-8.4686985,0.9526688,-1.0962871,3,walking
1519421595692,-8.430401,1.0388398,-1.2399056,3,walking
1519421595697,-8.439975,1.1250108,-1.3548003,3,walking
1519421595702,-8.497422,1.2207564,-1.4313968,3,walking
1519421595707,-8.506997,1.3643749,-1.5271424,3,walking
1519421595712,-8.602742,1.6707608,-1.7186337,3,walking
1519421595717,-8.6697645,1.8526775,-1.8718265,3,walking
1519421595722,-8.717637,1.9962958,-1.9579976,3,walking
1519421595727,-8.851681,2.1590633,-2.2165108,3,walking
1519421595732,-8.861256,2.1590633,-2.3888528,3,walking
1519421595737,-8.784659,1.862252,-3.0111992,3,walking
1519421595742,-8.784659,1.862252,-3.0111992,3,walking
1519421595747,-8.765511,1.4409714,-3.3271596,3,walking
1519421595752,-8.765511,1.1728836,-3.384607,3,walking
1519421595757,-8.727212,0.70373017,-3.499502,3,walking
1519421595762,-8.765511,0.4835153,-3.499502,3,walking
1519421595768,-8.679339,0.359046,-3.4707782,3,walking
1519421595773,-8.612317,0.20585304,-3.5473747,3,walking
1519421595778,-8.439975,0.043085523,-3.6526947,3,walking
1519421595783,-8.296356,-0.043085523,-3.6431203,3,walking
1519421595787,-8.229335,-0.10053288,-3.6239712,3,walking
1519421595792,-8.1623125,-0.13883112,-3.7005677,3,walking
1519421595797,-8.00912,-0.20585304,-3.8346114,3,walking
1519421595802,-7.9516726,-0.23457673,-3.9495063,3,walking
1519421595807,-7.8655014,-0.2441513,-3.8920588,3,walking
1519421595812,-7.808054,-0.20585304,-3.8633351,3,walking
1519421595817,-7.702734,0.00478728,-3.758015,3,walking
1519421595822,-7.5591154,0.09095833,-3.6526947,3,walking
1519421595827,-7.482519,0.16755481,-3.604822,3,walking
1519421595832,-7.4154973,0.22500217,-3.499502,3,walking
1519421595837,-7.4537954,0.2920241,-3.2601378,3,walking
1519421595842,-7.4059224,0.3111732,-3.1643922,3,walking
1519421595847,-7.396348,0.28244954,-2.9346027,3,walking
1519421595852,-7.3389006,0.2920241,-2.7814097,3,walking
1519421595858,-7.3389006,0.2920241,-2.714388,3,walking
1519421595862,-7.310177,0.3111732,-2.5324712,3,walking
1519421595868,-7.2335806,0.16755481,-2.4367256,3,walking
1519421595873,-7.2144313,0.110107444,-2.3314054,3,walking
1519421595878,-7.1857076,0.014361841,-2.2739582,3,walking
1519421595883,-7.1474094,-0.110107444,-2.168638,3,walking
1519421595888,-7.1474094,-0.15798025,-2.1399143,3,walking
1519421595893,-7.12826,-0.22500217,-2.101616,3,walking
1519421595899,-7.0995364,-0.28244954,-2.1399143,3,walking
1519421595904,-7.0995364,-0.3398969,-2.149489,3,walking
1519421595909,-7.176133,-0.5505372,-2.254809,3,walking
1519421595914,-7.2335806,-0.6271337,-2.321831,3,walking
1519421595919,-7.3389006,-0.69415563,-2.408002,3,walking
1519421595924,-7.511243,-0.83777404,-2.5420458,3,walking
1519421595929,-7.587839,-0.90479594,-2.5707695,3,walking
1519421595934,-7.7123084,-0.9718179,-2.6186423,3,walking
1519421595942,-7.922949,-1.1345854,-2.6952388,3,walking
1519421595947,-8.124015,-1.2877784,-2.6760898,3,walking
1519421595953,-8.229335,-1.383524,-2.6760898,3,walking
1519421595958,-8.420826,-1.4792696,-2.647366,3,walking
1519421595963,-8.535721,-1.5558661,-2.4845984,3,walking
1519421595968,-8.851681,-1.6803354,-2.2931073,3,walking
1519421595973,-8.9761505,-1.7569319,-2.1590633,3,walking
1519421595979,-9.091045,-1.8239537,-1.9675722,3,walking
1519421595983,-9.397431,-1.9771467,-1.79523,3,walking
1519421595989,-9.550624,-2.0633178,-1.6899099,3,walking
1519421595999,-10.000628,-2.2643836,-1.5271424,3,walking
1519421596004,-10.153821,-2.3026817,-1.5175679,3,walking
1519421596009,-10.307014,-2.3314054,-1.5462915,3,walking
1519421596014,-10.479357,-2.2739582,-1.6324625,3,walking
1519421596019,-10.622974,-2.2452345,-1.7473572,3,walking
1519421596024,-10.661273,-2.2452345,-1.8335283,3,walking
1519421596030,-10.795317,-2.2165108,-1.862252,3,walking
1519421596035,-10.958084,-2.2452345,-1.948423,3,walking
1519421596040,-11.034681,-2.2356598,-1.9771467,3,walking
1519421596050,-11.26447,-2.2069361,-2.0633178,3,walking
1519421596055,-11.398514,-2.1303396,-2.168638,3,walking
1519421596060,-11.666602,-1.9771467,-2.4845984,3,walking
1519421596065,-13.102786,-1.5654407,-3.4899273,3,walking
1519421596070,-14.127264,-1.469695,-3.777164,3,walking
1519421596078,-15.908133,-1.7282082,-3.5665238,3,walking
1519421596083,-16.38686,-2.1111906,-3.3080106,3,walking
1519421596088,-16.5975,-2.561195,-2.88673,3,walking
1519421596130,-13.150659,-3.0303483,-3.2026904,3,walking
1519421596138,-12.317672,-2.580344,-3.7484405,3,walking
1519421596146,-12.212352,-2.1207652,-3.8346114,3,walking
1519421596154,-12.375119,-1.5654407,-3.9016335,3,walking
1519421596161,-12.528313,-1.3165021,-3.8729098,3,walking
1519421596166,-12.633633,-1.0579889,-3.7388659,3,walking
1519421596171,-12.700654,-1.0771381,-3.6143966,3,walking
1519421596178,-12.710229,-1.1154363,-3.4707782,3,walking
1519421596182,-12.614484,-1.2494801,-3.2697124,3,walking
1519421596187,-12.470865,-1.3643749,-3.173967,3,walking
1519421596192,-12.164479,-1.7186337,-2.905879,3,walking
1519421596197,-12.020861,-1.8909757,-2.8484318,3,walking
1519421596202,-11.915541,-2.101616,-2.800559,3,walking
1519421596207,-11.551707,-2.4845984,-2.6856642,3,walking
1519421596212,-11.350641,-2.6377914,-2.6377914,3,walking
1519421596217,-10.977234,-2.9154537,-2.5899186,3,walking
1519421596222,-10.977234,-2.9154537,-2.5899186,3,walking
1519421596226,-10.555953,-3.173967,-2.5707695,3,walking
1519421596232,-10.383611,-3.2601378,-2.6569405,3,walking
1519421596236,-10.153821,-3.3175852,-2.666515,3,walking
1519421596242,-9.96233,-3.3750327,-2.819708,3,walking
1519421596247,-9.608071,-3.3558834,-3.059072,3,walking
1519421596252,-9.435729,-3.4229054,-3.1835413,3,walking
1519421596256,-9.148493,-3.2984362,-3.451629,3,walking
1519421596261,-9.024023,-3.2026904,-3.5665238,3,walking
1519421596267,-8.688913,-3.0494976,-3.6526947,3,walking
1519421596273,-8.621892,-2.9824755,-3.6622694,3,walking
1519421596278,-8.478273,-2.9154537,-3.7197168,3,walking
1519421596283,-8.363379,-2.7909844,-3.7292912,3,walking
1519421596288,-8.1623125,-2.647366,-3.6622694,3,walking
1519421596292,-8.1623125,-2.647366,-3.6622694,3,walking
1519421596297,-7.846352,-2.4558747,-3.5665238,3,walking
1519421596302,-7.693159,-2.3792782,-3.451629,3,walking
1519421596308,-7.434646,-2.1973617,-3.3941817,3,walking
1519421596313,-7.3006024,-2.1207652,-3.3750327,3,walking
1519421596318,-7.1474094,-2.0058703,-3.3080106,3,walking
1519421596323,-7.089962,-1.9771467,-3.2792869,3,walking
1519421596328,-7.089962,-1.9579976,-3.2697124,3,walking
1519421596339,-7.1091113,-1.8909757,-3.2218397,3,walking
1519421596344,-7.1665583,-1.8048047,-3.193116,3,walking
1519421596349,-7.156984,-1.7856555,-3.1835413,3,walking
1519421596354,-7.2527294,-1.79523,-3.1452432,3,walking
1519421596359,-7.329326,-1.7856555,-3.1165195,3,walking
1519421596364,-7.3771987,-1.8143792,-3.0686467,3,walking
1519421596369,-7.5399666,-1.9771467,-3.0111992,3,walking
1519421596374,-7.654861,-2.0441687,-3.039923,3,walking
1519421596380,-7.693159,-2.149489,-3.059072,3,walking
1519421596385,-7.8655014,-2.3697038,-3.039923,3,walking
1519421596390,-7.961247,-2.4654493,-3.0973704,3,walking
1519421596395,-8.047418,-2.561195,-3.1548176,3,walking
1519421596400,-8.124015,-2.5994933,-3.193116,3,walking
1519421596405,-8.296356,-2.6856642,-3.2218397,3,walking
1519421596410,-8.334655,-2.7048132,-3.193116,3,walking
1519421596415,-8.401677,-2.7239625,-3.2409887,3,walking
1519421596420,-8.353804,-2.7239625,-3.2601378,3,walking
1519421596425,-8.372953,-2.6952388,-3.2984362,3,walking
1519421596431,-8.32508,-2.666515,-3.3271596,3,walking
1519421596436,-8.248484,-2.5899186,-3.3271596,3,walking
1519421596441,-8.191036,-2.5324712,-3.3367343,3,walking
1519421596447,-8.076141,-2.4654493,-3.3271596,3,walking
1519421596452,-8.085716,-2.4463003,-3.346309,3,walking
1519421596458,-8.037844,-2.4367256,-3.3558834,3,walking
1519421596463,-8.018694,-2.427151,-3.3175852,3,walking
1519421596467,-7.9516726,-2.3505547,-3.3175852,3,walking
1519421596473,-7.961247,-2.321831,-3.3175852,3,walking
1519421596478,-7.9899707,-2.2356598,-3.2792869,3,walking
1519421596483,-8.018694,-2.1973617,-3.3367343,3,walking
1519421596488,-8.085716,-2.187787,-3.365458,3,walking
1519421596499,-8.296356,-2.1303396,-3.3941817,3,walking
1519421596504,-8.382527,-2.1303396,-3.4420545,3,walking
1519421596509,-8.382527,-2.101616,-3.365458,3,walking
1519421596514,-8.545295,-2.0537431,-3.4133308,3,walking
1519421596519,-8.535721,-2.0250196,-3.3750327,3,walking
1519421596524,-8.564445,-2.034594,-3.365458,3,walking
1519421596528,-8.631466,-2.0058703,-3.3558834,3,walking
1519421596533,-8.736787,-1.9388485,-3.3080106,3,walking
1519421596537,-8.861256,-1.9867213,-3.2505634,3,walking
1519421596542,-8.861256,-1.9867213,-3.2505634,3,walking
1519421596546,-8.9761505,-1.8909757,-3.1452432,3,walking
1519421596552,-8.995299,-1.862252,-3.1356685,3,walking
1519421596557,-9.129343,-1.7569319,-3.078221,3,walking
1519421596561,-9.129343,-1.7569319,-3.078221,3,walking
1519421596566,-9.129343,-1.7569319,-3.078221,3,walking
1519421596571,-9.244238,-1.6803354,-3.0111992,3,walking
1519421596576,-9.41658,-1.6037389,-2.9824755,3,walking
1519421596581,-9.41658,-1.6037389,-2.9824755,3,walking
1519421596586,-9.493176,-1.469695,-2.9537518,3,walking
1519421596591,-9.579348,-1.383524,-2.9346027,3,walking
1519421596596,-9.598496,-1.2303311,-2.9346027,3,walking
1519421596601,-9.64637,-1.0484143,-2.9346027,3,walking
1519421596606,-9.617646,-0.9718179,-2.9154537,3,walking
1519421596611,-9.5889225,-0.92394507,-2.9824755,3,walking
1519421596616,-9.579348,-0.8856468,-3.0111992,3,walking
1519421596621,-9.54105,-0.8090504,-3.039923,3,walking
1519421596626,-9.569773,-0.71330476,-3.039923,3,walking
1519421596631,-9.560199,-0.6079846,-3.1356685,3,walking
1519421596636,-9.531475,-0.4356425,-3.1356685,3,walking
1519421596642,-9.502751,-0.30159867,-3.1356685,3,walking
1519421596646,-9.483603,-0.2154276,-3.0877957,3,walking
1519421596651,-9.435729,-0.13883112,-3.0303483,3,walking
1519421596656,-9.397431,0.03351096,-2.88673,3,walking
1519421596661,-9.2825365,0.10053288,-2.8292825,3,walking
1519421596666,-9.225089,0.11968201,-2.5899186,3,walking
1519421596671,-9.225089,0.11968201,-2.5899186,3,walking
1519421596677,-9.129343,0.10053288,-2.3697038,3,walking
1519421596681,-9.158067,0.062234644,-2.2260852,3,walking
1519421596686,-9.320834,0.11968201,-2.0920415,3,walking
1519421596691,-10.230418,0.4356425,-2.2835326,3,walking
1519421596695,-11.005958,0.69415563,-2.5420458,3,walking
1519421596704,-12.767676,0.76117754,-3.1548176,3,walking
1519421596709,-14.117689,0.3398969,-3.4324799,3,walking
1519421596713,-14.395351,-0.023936402,-3.4133308,3,walking
1519421596718,-14.500671,-0.46436617,-3.384607,3,walking
1519421596760,-8.21976,-2.1973617,-1.5941644,3,walking
1519421596769,-7.2527294,-1.7377827,-1.4601204,3,walking
1519421596782,-6.4005938,-0.85692316,-1.4409714,3,walking
1519421596787,-6.5059137,-0.34947145,-1.5079932,3,walking
1519421596791,-6.5059137,-0.34947145,-1.5079932,3,walking
1519421596796,-7.281453,-0.16755481,-1.5462915,3,walking
1519421596831,-11.810221,-2.2356598,-0.16755481,3,walking
1519421596838,-12.834699,-2.7431116,-0.043085523,3,walking
1519421596846,-13.035764,-2.714388,-0.28244954,3,walking
1519421596855,-12.978316,-2.2835326,-0.665432,3,walking
1519421596860,-12.8538475,-1.9196993,-0.83777404,3,walking
1519421596864,-12.719804,-1.5079932,-1.1824582,3,walking
1519421596869,-12.480439,-1.0867126,-1.4313968,3,walking
1519421596908,-9.359133,1.3069274,-1.5654407,3,walking
1519421596916,-8.813383,0.90479594,-1.3260766,3,walking
1519421596924,-8.44955,0.23457673,-1.0101161,3,walking
1519421596932,-8.315506,-0.359046,-0.90479594,3,walking
1519421596940,-8.21976,-0.751603,-0.7994758,3,walking
1519421596945,-8.152739,-0.91437054,-0.665432,3,walking
1519421596950,-8.037844,-1.0484143,-0.54096264,3,walking
1519421596955,-7.7314577,-1.3643749,-0.4164934,3,walking
1519421596959,-7.693159,-1.5558661,-0.25372586,3,walking
1519421596964,-7.6835847,-1.7186337,-0.2154276,3,walking
1519421596968,-7.6835847,-1.8909757,-0.17712937,3,walking
1519421596978,-7.693159,-2.254809,-0.014361841,3,walking
1519421596983,-7.721883,-2.34098,-0.0718092,3,walking
1519421596987,-7.741032,-2.360129,-0.10053288,3,walking
1519421596992,-7.741032,-2.360129,-0.10053288,3,walking
1519421596996,-7.7984796,-2.4463003,-0.26330042,3,walking
1519421597001,-7.788905,-2.4175766,-0.34947145,3,walking
1519421597006,-7.7601814,-2.4463003,-0.5792609,3,walking
1519421597011,-7.7601814,-2.4463003,-0.5792609,3,walking
1519421597016,-7.788905,-2.4463003,-0.8186249,3,walking
1519421597021,-7.855927,-2.4558747,-0.99096704,3,walking
1519421597026,-7.846352,-2.4558747,-1.1154363,3,walking
1519421597031,-7.8846507,-2.5228968,-1.2494801,3,walking
1519421597036,-7.9708214,-2.5324712,-1.4122477,3,walking
1519421597041,-7.9708214,-2.5324712,-1.4122477,3,walking
1519421597046,-8.124015,-2.4558747,-1.469695,3,walking
1519421597051,-8.181462,-2.4367256,-1.4601204,3,walking
1519421597056,-8.229335,-2.3984275,-1.4122477,3,walking
1519421597062,-8.401677,-2.360129,-1.3452257,3,walking
1519421597067,-8.439975,-2.3314054,-1.3165021,3,walking
1519421597072,-8.564445,-2.3314054,-1.1537346,3,walking
1519421597077,-8.602742,-2.3122563,-1.1154363,3,walking
1519421597081,-8.602742,-2.3122563,-1.1154363,3,walking
1519421597087,-8.736787,-2.3984275,-0.9622433,3,walking
1519421597091,-8.803808,-2.4175766,-0.85692316,3,walking
1519421597096,-8.822957,-2.427151,-0.78990126,3,walking
1519421597101,-8.822957,-2.427151,-0.78990126,3,walking
1519421597106,-8.880404,-2.408002,-0.665432,3,walking
1519421597111,-8.899554,-2.3984275,-0.61755913,3,walking
1519421597116,-8.937852,-2.34098,-0.5218136,3,walking
1519421597122,-8.918703,-2.2739582,-0.47394073,3,walking
1519421597127,-8.909128,-2.1782124,-0.512239,3,walking
1519421597133,-8.889979,-2.1207652,-0.50266445,3,walking
1519421597137,-8.870831,-2.0728924,-0.4835153,3,walking
1519421597141,-8.889979,-1.9771467,-0.4835153,3,walking
1519421597146,-8.832532,-1.929274,-0.49308985,3,walking
1519421597151,-8.832532,-1.929274,-0.49308985,3,walking
1519421597156,-8.899554,-1.862252,-0.56011176,3,walking
1519421597161,-8.947427,-1.79523,-0.59841,3,walking
1519421597167,-9.014449,-1.7856555,-0.6558574,3,walking
1519421597172,-9.043172,-1.7665064,-0.6845811,3,walking
1519421597177,-9.167642,-1.8335283,-0.7420284,3,walking
1519421597182,-9.2825365,-1.8909757,-0.78990126,3,walking
1519421597187,-9.330409,-1.929274,-0.7420284,3,walking
1519421597192,-9.397431,-2.0250196,-0.77075213,3,walking
1519421597197,-9.464453,-2.1111906,-0.70373017,3,walking
1519421597202,-9.493176,-2.1303396,-0.6558574,3,walking
1519421597207,-9.512326,-2.1111906,-0.6845811,3,walking
1519421597212,-9.5219,-2.0633178,-0.63670826,3,walking
1519421597217,-9.512326,-2.0250196,-0.6558574,3,walking
1519421597222,-9.550624,-1.9962958,-0.665432,3,walking
1519421597228,-9.703817,-1.9579976,-0.71330476,3,walking
1519421597233,-9.770839,-2.0058703,-0.70373017,3,walking
1519421597238,-9.8953085,-1.9962958,-0.751603,3,walking
1519421597248,-10.335738,-2.0537431,-1.0005416,3,walking
1519421597253,-10.488931,-2.0728924,-1.0771381,3,walking
1519421597258,-10.651698,-2.0920415,-1.1250108,3,walking
1519421597268,-11.187874,-2.1782124,-1.3643749,3,walking
1519421597273,-11.379365,-2.2452345,-1.4026731,3,walking
1519421597279,-11.532558,-2.2835326,-1.469695,3,walking
1519421597285,-11.819795,-2.2931073,-1.5558661,3,walking
1519421597291,-11.925115,-2.321831,-1.5845897,3,walking
1519421597296,-12.011286,-2.2452345,-1.5462915,3,walking
1519421597302,-11.992137,-2.2260852,-1.5367169,3,walking
1519421597307,-11.944264,-2.187787,-1.5558661,3,walking
1519421597312,-11.771922,-2.0728924,-1.5271424,3,walking
1519421597317,-11.475111,-1.9196993,-1.469695,3,walking
1519421597322,-11.274045,-1.8143792,-1.4505459,3,walking
1519421597327,-11.101703,-1.6516117,-1.4218222,3,walking
1519421597337,-10.431483,-1.3452257,-1.3260766,3,walking
1519421597342,-10.278291,-1.2782038,-1.3643749,3,walking
1519421597348,-10.2016945,-1.2016073,-1.4984187,3,walking
1519421597358,-11.140001,-1.0579889,-2.4175766,3,walking
1519421597363,-11.838944,-1.1154363,-2.6569405,3,walking
1519421597368,-13.294277,-1.622888,-2.6377914,3,walking
1519421597375,-13.677259,-2.0824668,-2.3792782,3,walking
1519421597380,-13.868751,-2.5994933,-2.1590633,3,walking
1519421597386,-13.8879,-3.7005677,-1.7377827,3,walking
1519421597426,-11.245321,-3.9207826,-2.5899186,3,walking
1519421597430,-10.910212,-3.5760984,-2.714388,3,walking
1519421597446,-9.866585,-2.1111906,-3.3750327,3,walking
1519421597451,-9.665519,-1.4026731,-3.4707782,3,walking
1519421597456,-9.579348,-1.1537346,-3.451629,3,walking
1519421597490,-10.871913,0.13883112,-3.6431203,3,walking
1519421597498,-11.235746,0.014361841,-3.4803526,3,walking
1519421597506,-11.7049,-0.37819514,-3.4133308,3,walking
1519421597513,-12.154904,-0.9622433,-3.1356685,3,walking
1519421597519,-12.432567,-1.1633091,-3.078221,3,walking
1519421597528,-12.738953,-1.6899099,-2.9920502,3,walking
1519421597532,-12.872996,-1.9196993,-3.0877957,3,walking
1519421597537,-12.987891,-2.2069361,-3.4420545,3,walking
1519421597541,-12.987891,-2.2069361,-3.4420545,3,walking
1519421597545,-12.9591675,-2.254809,-3.8346114,3,walking
1519421597551,-12.786825,-2.1973617,-4.0931244,3,walking
1519421597556,-12.537887,-1.9867213,-4.5910015,3,walking
1519421597560,-12.537887,-1.9867213,-4.5910015,3,walking
1519421597565,-12.480439,-1.6133134,-5.1654754,3,walking
1519421597570,-12.442142,-1.4409714,-5.3186684,3,walking
1519421597575,-12.279374,-1.0675635,-5.5484576,3,walking
1519421597580,-12.279374,-1.0675635,-5.5484576,3,walking
1519421597586,-12.0400095,-0.61755913,-5.739949,3,walking
1519421597592,-11.714475,-0.20585304,-5.912291,3,walking
1519421597596,-11.532558,-0.05266008,-6.0367603,3,walking
1519421597600,-11.532558,-0.05266008,-6.0367603,3,walking
1519421597605,-11.350641,0.28244954,-5.979313,3,walking
1519421597610,-11.274045,0.359046,-5.873993,3,walking
1519421597615,-11.207023,0.3877697,-5.787822,3,walking
1519421597621,-11.187874,0.23457673,-5.605905,3,walking
1519421597626,-11.312344,-0.043085523,-5.5101595,3,walking
1519421597631,-11.312344,-0.043085523,-5.5101595,3,walking
1519421597635,-11.417664,-0.26330042,-5.3378177,3,walking
1519421597641,-11.4272375,-0.20585304,-5.299519,3,walking
1519421597645,-11.36979,0.0718092,-4.868664,3,walking
1519421597650,-11.36979,0.0718092,-4.868664,3,walking
1519421597655,-10.843189,0.18670394,-4.5335546,3,walking
1519421597661,-10.488931,0.014361841,-4.4090853,3,walking
1519421597665,-10.19212,-0.3877697,-4.322914,3,walking
1519421597671,-9.943181,-0.751603,-4.1601467,3,walking
1519421597676,-9.866585,0.6845811,-3.5760984,3,walking
1519421597681,-9.636795,1.3739494,-3.3750327,3,walking
1519421597686,-9.320834,1.6611862,-3.2218397,3,walking
1519421597697,-9.052747,1.0196906,-2.7909844,3,walking
1519421597701,-8.957002,0.8952214,-2.733537,3,walking
1519421597707,-8.755936,0.6750065,-2.733537,3,walking
1519421597711,-8.55487,0.2920241,-2.8101335,3,walking
1519421597715,-8.401677,-0.14840569,-3.0016246,3,walking
1519421597720,-8.248484,-0.54096264,-3.193116,3,walking
1519421597725,-7.875076,-0.98139244,-3.6622694,3,walking
1519421597730,-7.693159,-1.0484143,-3.8920588,3,walking
1519421597735,-7.02294,-1.0867126,-4.3324885,3,walking
1519421597740,-7.02294,-1.0867126,-4.3324885,3,walking
1519421597746,-6.544212,-0.99096704,-4.504831,3,walking
1519421597751,-6.132506,-1.0867126,-4.466532,3,walking
1519421597757,-5.950589,-1.3739494,-4.5910015,3,walking
1519421597767,-5.5580325,-2.9154537,-5.433563,3,walking
1519421597771,-5.5580325,-2.9154537,-5.433563,3,walking
1519421597776,-5.960164,-3.384607,-5.2037735,3,walking
1519421597781,-5.941015,-3.7101421,-4.8782387,3,walking
1519421597786,-5.7782474,-4.284616,-4.935686,3,walking
1519421597790,-5.7782474,-4.284616,-4.935686,3,walking
1519421597795,-5.8644185,-5.1846247,-5.041006,3,walking
1519421597800,-5.8548436,-5.376116,-5.041006,3,walking
1519421597805,-5.8644185,-4.619725,-3.6335456,3,walking
1519421597811,-5.653778,-3.825037,-2.5420458,3,walking
1519421597816,-5.500585,-2.9346027,-1.6037389,3,walking
1519421597823,-5.6633525,-1.1824582,0.09095833,3,walking
1519421597828,-5.835695,-0.4356425,1.383524,3,walking
1519421597837,-5.950589,1.3548003,4.0069537,3,walking
1519421597842,-5.806971,1.3260766,4.1792955,3,walking
1519421597876,-4.198445,-4.045252,-2.9920502,3,walking
1519421597884,-3.9016335,-7.051664,-5.347392,3,walking
1519421597892,-3.930357,-9.138918,-5.7686725,3,walking
1519421597904,-3.7388659,-10.575102,-5.7208,3,walking
1519421597909,-3.9782298,-10.670848,-5.1846247,3,walking
1519421597913,-4.322914,-10.575102,-4.5527034,3,walking
1519421597918,-4.5144053,-10.220843,-4.2654667,3,walking
1519421597953,-5.739949,-6.5825105,-2.5516202,3,walking
1519421597958,-5.960164,-6.7069798,-2.4558747,3,walking
1519421597963,-6.065484,-6.745278,-2.5899186,3,walking
1519421597968,-5.979313,-6.9176197,-2.8101335,3,walking
1519421597977,-6.6591067,-6.9559183,-2.2643836,3,walking
1519421597982,-6.764427,-6.7931504,-2.2739582,3,walking
1519421597987,-6.5537868,-7.0708127,-2.7431116,3,walking
1519421597997,-6.2378263,-9.655944,-4.2175937,3,walking
1519421598004,-5.82612,-11.637878,-4.811217,3,walking
1519421598009,-5.82612,-11.637878,-4.811217,3,walking
1519421598013,-5.38569,-11.771922,-4.7058964,3,walking
1519421598058,-5.538883,-7.4729443,-3.126094,3,walking
1519421598069,-4.993133,-8.334655,-4.763344,3,walking
1519421598077,-5.1367517,-8.794233,-6.132506,3,walking
1519421598084,-5.146326,-9.071896,-5.9218655,3,walking
1519421598091,-4.7250457,-9.426155,-5.605905,3,walking
1519421598096,-4.5335546,-9.349558,-5.2133484,3,walking
1519421598103,-4.275041,-8.832532,-5.366541,3,walking
1519421598142,-5.146326,-4.7441945,-2.2260852,3,walking
1519421598151,-5.7016506,-3.7867386,-2.1973617,3,walking
1519421598159,-6.132506,-2.905879,-2.3984275,3,walking
1519421598165,-6.486765,-2.427151,-2.4558747,3,walking
1519421598172,-7.0612383,-2.1973617,-2.5324712,3,walking
1519421598177,-7.2910275,-2.3122563,-2.5420458,3,walking
1519421598182,-7.702734,-2.2835326,-2.8580062,3,walking
1519421598187,-8.152739,-2.34098,-3.0973704,3,walking
1519421598197,-8.459125,-2.7814097,-3.9207826,3,walking
1519421598207,-8.516571,-3.4803526,-4.763344,3,walking
1519421598213,-8.708063,-4.926111,-5.0984535,3,walking
1519421598217,-9.0814705,-5.4431376,-5.2899446,3,walking
1519421598222,-9.20594,-5.8165455,-5.529309,3,walking
1519421598229,-9.091045,-6.285699,-5.960164,3,walking
1519421598233,-8.889979,-6.2761245,-6.0559096,3,walking
1519421598238,-8.7750845,-6.4293175,-6.027186,3,walking
1519421598247,-8.583593,-6.3622956,-5.414414,3,walking
1519421598252,-8.420826,-6.2665496,-5.194199,3,walking
1519421598257,-8.363379,-6.0750585,-5.06973,3,walking
1519421598281,-7.176133,-5.7016506,-4.619725,3,walking
1519421598288,-6.9559183,-5.7686725,-4.772918,3,walking
1519421598295,-7.0325146,-5.7208,-5.2037735,3,walking
1519421598303,-7.0612383,-5.759098,-5.366541,3,walking
1519421598308,-7.1665583,-5.7016506,-5.5101595,3,walking
1519421598312,-6.8410234,-5.739949,-5.2420716,3,walking
1519421598317,-6.697405,-5.759098,-5.06973,3,walking
1519421598322,-6.639958,-5.5963306,-4.993133,3,walking
1519421598327,-6.639958,-5.4431376,-4.772918,3,walking
1519421598332,-6.7740016,-5.2516465,-4.4856815,3,walking
1519421598337,-6.8410234,-5.0314317,-4.389936,3,walking
1519421598342,-6.898471,-4.7537694,-4.322914,3,walking
1519421598347,-6.745278,-4.466532,-4.2080193,3,walking
1519421598357,-6.323997,-4.016528,-4.016528,3,walking
1519421598362,-6.1420803,-3.9495063,-3.9495063,3,walking
1519421598367,-5.82612,-3.6143966,-3.7484405,3,walking
1519421598373,-5.682502,-3.4133308,-3.7484405,3,walking
1519421598378,-5.5484576,-3.365458,-3.6431203,3,walking
1519421598383,-5.433563,-3.1835413,-3.7388659,3,walking
1519421598388,-5.3952646,-3.1835413,-3.7675896,3,walking
1519421598393,-5.38569,-3.1165195,-3.7963133,3,walking
1519421598399,-5.232497,-2.9824755,-3.758015,3,walking
1519421598404,-5.0601554,-2.8484318,-3.7963133,3,walking
1519421598409,-4.9835587,-2.8388572,-3.8154624,3,walking
1519421598414,-5.021857,-2.8101335,-3.7388659,3,walking
1519421598419,-5.021857,-2.8101335,-3.7388659,3,walking
1519421598424,-5.079304,-2.752686,-3.5282254,3,walking
1519421598432,-5.0314317,-2.5899186,-3.5569491,3,walking
1519421598438,-5.002708,-2.4654493,-3.518651,3,walking
1519421598443,-5.108028,-2.5228968,-3.4707782,3,walking
1519421598448,-5.1367517,-2.5994933,-3.4229054,3,walking
1519421598453,-5.3378177,-2.7622607,-3.4133308,3,walking
1519421598458,-5.376116,-2.9441774,-3.346309,3,walking
1519421598463,-5.376116,-3.059072,-3.2409887,3,walking
1519421598469,-5.299519,-3.173967,-3.2888615,3,walking
1519421598474,-5.299519,-3.173967,-3.2888615,3,walking
1519421598479,-5.232497,-3.5665238,-3.3175852,3,walking
1519421598484,-5.328243,-3.9399316,-3.4133308,3,walking
1519421598489,-5.328243,-3.9399316,-3.4133308,3,walking
1519421598495,-5.4718614,-4.3324885,-3.4037561,3,walking
1519421598502,-5.5963306,-4.9452605,-3.4420545,3,walking
1519421598507,-5.7686725,-5.261221,-3.3558834,3,walking
1519421598517,-5.941015,-6.304848,-3.173967,3,walking
1519421598527,-6.0750585,-6.9942164,-3.059072,3,walking
1519421598533,-6.1612296,-7.693159,-2.9633265,3,walking
1519421598537,-6.132506,-7.875076,-3.0303483,3,walking
1519421598547,-6.285699,-7.9708214,-3.1835413,3,walking
1519421598552,-6.333572,-8.00912,-3.2601378,3,walking
1519421598557,-6.391019,-8.056993,-3.3941817,3,walking
1519421598566,-6.4005938,-8.143164,-3.8154624,3,walking
1519421598572,-6.438892,-8.095291,-3.9878044,3,walking
1519421598577,-6.3814445,-7.8846507,-4.1026993,3,walking
1519421598587,-6.458041,-6.8601727,-4.428234,3,walking
1519421598591,-6.592085,-6.438892,-4.4090853,3,walking
1519421598596,-6.668681,-6.2378263,-4.437809,3,walking
1519421598606,-6.525063,-7.6740103,-4.3995104,3,walking
1519421598612,-6.515488,-8.32508,-4.581427,3,walking
1519421598617,-6.333572,-9.426155,-4.73462,3,walking
1519421598630,-6.285699,-9.98148,-4.772918,3,walking
1519421598635,-6.132506,-10.19212,-4.6388745,3,walking
1519421598642,-6.065484,-10.144247,-4.5622783,3,walking
1519421598647,-6.0750585,-10.029352,-4.5910015,3,walking
1519421598656,-5.9697385,-10.172971,-4.4473834,3,walking
1519421598661,-5.9027166,-10.326163,-4.437809,3,walking
1519421598666,-5.873993,-10.479357,-4.437809,3,walking
1519421598674,-5.941015,-10.804892,-4.389936,3,walking
1519421598681,-5.797396,-10.709146,-4.3995104,3,walking
1519421598686,-5.873993,-10.527229,-4.3324885,3,walking
1519421598692,-5.979313,-10.230418,-4.2175937,3,walking
1519421598697,-5.998462,-10.239992,-4.1888704,3,walking
1519421598706,-5.912291,-10.307014,-4.4473834,3,walking
1519421598710,-5.835695,-10.268716,-4.5335546,3,walking
1519421598716,-5.7782474,-10.058076,-4.7441945,3,walking
1519421598721,-5.7112255,-9.933606,-4.763344,3,walking
1519421598726,-5.462287,-9.512326,-4.849515,3,walking
1519421598732,-5.2516465,-9.29211,-4.8303657,3,walking
1519421598737,-5.0984535,-9.091045,-4.7920675,3,walking
1519421598746,-4.437809,-8.44955,-4.801642,3,walking
1519421598751,-4.2271686,-8.229335,-4.7441945,3,walking
1519421598757,-4.121848,-7.8367777,-4.715471,3,walking
1519421598767,-3.777164,-7.2527294,-4.7537694,3,walking
1519421598772,-3.6814184,-7.6261373,-4.7537694,3,walking
1519421598777,-3.7101421,-7.9133744,-4.619725,3,walking
1519421598782,-3.5952475,-8.9761505,-4.581427,3,walking
1519421598787,-3.518651,-9.29211,-4.811217,3,walking
1519421598796,-4.284616,-9.196365,-6.630383,3,walking
1519421598801,-4.284616,-9.196365,-6.630383,3,walking
1519421598805,-5.500585,-9.41658,-8.430401,3,walking
1519421598812,-6.486765,-9.991054,-8.947427,3,walking
1519421598817,-6.9271946,-9.971905,-8.717637,3,walking
1519421598821,-7.35805,-9.445304,-8.535721,3,walking
1519421598826,-7.702734,-8.478273,-8.2676325,3,walking
1519421598864,-6.3814445,6.017611,-0.3111732,3,walking
1519421598873,-6.094208,6.9176197,-1.0484143,3,walking
1519421598881,-6.5346375,4.763344,-2.6377914,3,walking
1519421598895,-6.8888965,1.3739494,-3.9495063,3,walking
1519421598901,-6.9942164,-1.4505459,-5.6250544,3,walking
1519421598907,-6.9463434,-1.7473572,-5.7495236,3,walking
1519421598912,-6.9463434,-1.8335283,-5.3569665,3,walking
1519421598943,-8.880404,-0.09095833,-6.8793216,3,walking
1519421598949,-9.272962,-0.3877697,-7.5782647,3,walking
1519421598954,-10.249567,-1.3260766,-8.363379,3,walking
1519421598971,-15.266637,-0.33032233,-8.631466,3,walking
1519421598977,-16.38686,0.14840569,-8.708063,3,walking
1519421598982,-17.03793,0.3398969,-8.535721,3,walking
1519421598987,-17.334742,0.2920241,-9.062322,3,walking
1519421599013,-15.707067,-6.7357035,-10.469782,3,walking
1519421599018,-14.730461,-8.143164,-10.670848,3,walking
1519421599023,-13.188957,-10.555953,-11.4272375,3,walking
1519421599027,-13.188957,-10.555953,-11.4272375,3,walking
1519421599032,-11.762347,-12.135756,-10.871913,3,walking
1519421599037,-10.986808,-12.403843,-10.393186,3,walking
1519421599048,-8.7750845,-10.259142,-7.5591154,3,walking
1519421599052,-8.171887,-8.851681,-6.47719,3,walking
1519421599057,-7.6740103,-7.2718787,-5.3378177,3,walking
1519421599066,-6.2091026,-2.9633265,-3.126094,3,walking
1519421599071,-5.8548436,-1.9675722,-2.5516202,3,walking
1519421599099,-5.222923,-0.7228793,-1.8431029,3,walking
1519421599106,-4.2175937,-1.5750152,-1.8335283,3,walking
1519421599114,-4.389936,-2.3792782,-2.3697038,3,walking
1519421599122,-4.887813,-2.647366,-2.0441687,3,walking
1519421599127,-4.935686,-2.5228968,-1.6803354,3,walking
1519421599131,-4.5335546,-1.8335283,-2.2356598,3,walking
1519421599138,-4.342063,-1.5558661,-2.6569405,3,walking
1519421599142,-4.1026993,-1.4409714,-2.8963046,3,walking
1519421599147,-3.9495063,-1.4313968,-3.2505634,3,walking
1519421599156,-4.5239797,-2.321831,-3.4229054,3,walking
1519421599161,-4.811217,-3.020774,-3.758015,3,walking
1519421599166,-5.108028,-3.8633351,-4.648449,3,walking
1519421599172,-5.2516465,-5.519734,-5.912291,3,walking
1519421599177,-4.811217,-5.7112255,-6.132506,3,walking
1519421599186,-3.8729098,-4.2558923,-7.2144313,3,walking
1519421599192,-3.7675896,-1.7377827,-6.7069798,3,walking
1519421599226,-4.5622783,-1.7186337,-6.9176197,3,walking
1519421599231,-4.437809,-2.1782124,-6.975067,3,walking
1519421599237,-4.2271686,-2.5516202,-6.975067,3,walking
1519421599242,-3.7197168,-2.8771553,-6.639958,3,walking
1519421599247,-3.690993,-2.752686,-6.3814445,3,walking
1519421599251,-3.6239712,-2.7718353,-6.37187,3,walking
1519421599256,-3.6814184,-2.8388572,-6.391019,3,walking
1519421599262,-3.825037,-3.1643922,-6.304848,3,walking
1519421599268,-3.997379,-3.0494976,-6.6591067,3,walking
1519421599273,-3.8058877,-2.88673,-6.8793216,3,walking
1519421599278,-3.8058877,-2.88673,-6.8793216,3,walking
1519421599283,-3.2697124,-2.9154537,-7.2144313,3,walking
1519421599291,-3.4133308,-2.6952388,-7.2527294,3,walking
1519421599296,-3.8154624,-1.2399056,-7.0325146,3,walking
1519421599302,-4.016528,-1.0196906,-7.5974135,3,walking
1519421599307,-4.2654667,-1.2016073,-7.4920936,3,walking
1519421599313,-5.021857,-1.3165021,-6.9942164,3,walking
1519421599318,-4.935686,-1.5558661,-6.6878304,3,walking
1519421599323,-4.8782387,-2.0728924,-6.783576,3,walking
1519421599331,-5.108028,-3.5569491,-7.281453,3,walking
1519421599337,-5.17505,-3.8537605,-7.587839,3,walking
1519421599341,-5.328243,-4.1409974,-7.7793303,3,walking
1519421599347,-5.452712,-4.456958,-7.9420977,3,walking
1519421599352,-5.950589,-5.538883,-8.334655,3,walking
1519421599357,-5.797396,-6.0750585,-8.5740185,3,walking
1519421599362,-5.309094,-5.998462,-8.535721,3,walking
1519421599369,-5.3569665,-5.634629,-8.2676325,3,walking
1519421599375,-6.2474008,-5.0601554,-7.9516726,3,walking
1519421599381,-6.3814445,-5.739949,-7.2335806,3,walking
1519421599386,-6.1899533,-6.065484,-6.716554,3,walking
1519421599391,-5.960164,-6.304848,-6.094208,3,walking
1519421599421,-8.937852,-8.34423,-4.3803616,3,walking
1519421599427,-9.272962,-8.047418,-4.2654667,3,walking
1519421599449,-13.725132,-7.02294,-8.478273,3,walking
1519421599454,-15.008123,-7.2144313,-9.579348,3,walking
1519421599458,-15.410255,-7.329326,-9.234664,3,walking
1519421599463,-15.668768,-7.664436,-9.29211,3,walking
1519421599467,-14.902803,-8.602742,-9.703817,3,walking
1519421599472,-12.738953,-9.7899885,-10.92936,3,walking
1519421599476,-11.274045,-10.06765,-11.743198,3,walking
1519421599484,-8.535721,-10.776168,-12.834699,3,walking
1519421599495,-5.519734,-10.29744,-12.624058,3,walking
1519421599538,-5.2516465,-3.518651,-7.1091113,3,walking
1519421599546,-7.0325146,-1.948423,-6.525063,3,walking
1519421599553,-8.085716,-1.2494801,-6.2665496,3,walking
1519421599560,-8.621892,-0.7994758,-6.3527207,3,walking
1519421599565,-9.3878565,0.2154276,-6.563361,3,walking
1519421599571,-9.64637,0.665432,-6.7740016,3,walking
1519421599576,-9.96233,1.1345854,-6.850598,3,walking
1519421599585,-10.335738,1.5654407,-7.2240057,3,walking
1519421599590,-10.239992,1.6707608,-7.4059224,3,walking
1519421599595,-10.06765,1.8814012,-7.5974135,3,walking
1519421599601,-9.5219,2.149489,-7.846352,3,walking
1519421599606,-9.464453,2.149489,-7.855927,3,walking
1519421599615,-9.904882,1.7377827,-7.9325233,3,walking
1519421599621,-11.130426,0.7994758,-7.721883,3,walking
1519421599626,-12.145329,0.6079846,-8.152739,3,walking
1519421599638,-12.786825,0.5888355,-10.594251,3,walking
1519421599642,-11.714475,0.3111732,-11.810221,3,walking
1519421599646,-11.1208515,0.56011176,-12.260224,3,walking
1519421599651,-11.168725,1.9388485,-10.670848,3,walking
1519421599655,-10.977234,2.714388,-9.98148,3,walking
1519421599660,-10.71872,3.5569491,-8.861256,3,walking
1519421599665,-10.364462,4.2080193,-7.846352,3,walking
1519421599671,-9.598496,5.309094,-7.1091113,3,walking
1519421599676,-9.426155,5.309094,-6.7740016,3,walking
1519421599689,-7.8655014,4.1409974,-5.5101595,3,walking
1519421599695,-6.831449,3.3367343,-3.8633351,3,walking
1519421599699,-6.831449,3.3367343,-3.8633351,3,walking
1519421599703,-6.5729356,3.1548176,-4.2271686,3,walking
1519421599738,-7.587839,3.0877957,-0.15798025,3,walking
1519421599743,-7.8272033,2.6090677,0.2154276,3,walking
1519421599747,-7.9037995,2.3792782,0.34947145,3,walking
1519421599761,-7.511243,1.8909757,-1.0867126,3,walking
1519421599766,-7.434646,1.8143792,-1.3548003,3,walking
1519421599770,-7.2910275,1.7377827,-1.4888442,3,walking
1519421599775,-7.12826,1.6133134,-1.5271424,3,walking
1519421599781,-6.8601727,1.1824582,-1.4122477,3,walking
1519421599786,-6.668681,0.93351966,-1.1633091,3,walking
1519421599790,-6.4963393,0.665432,-1.0675635,3,walking
1519421599795,-6.304848,0.11968201,-0.8952214,3,walking
1519421599801,-6.323997,-0.13883112,-0.78990126,3,walking
1519421599806,-6.285699,-0.39734426,-0.69415563,3,walking
1519421599811,-6.486765,-0.7994758,-0.4835153,3,walking
1519421599817,-6.5537868,-1.0101161,-0.5313881,3,walking
1519421599821,-6.7261286,-1.0579889,-0.59841,3,walking
1519421599827,-6.869747,-1.0101161,-0.54096264,3,walking
1519421599832,-6.9176197,-0.93351966,-0.63670826,3,walking
1519421599837,-6.9559183,-0.90479594,-0.69415563,3,walking
1519421599843,-6.975067,-0.85692316,-0.6750065,3,walking
1519421599847,-7.003791,-0.85692316,-0.7420284,3,walking
1519421599851,-7.089962,-0.78990126,-0.751603,3,walking
1519421599856,-7.176133,-0.665432,-0.78990126,3,walking
1519421599865,-7.2623043,-0.4835153,-0.9622433,3,walking
1519421599871,-7.6069884,-0.23457673,-1.2111819,3,walking
1519421599876,-7.7506065,-0.20585304,-1.2494801,3,walking
1519421599881,-7.9133744,-0.05266008,-1.1537346,3,walking
1519421599886,-7.9803963,0.0,-1.0292653,3,walking
1519421599890,-8.047418,0.10053288,-0.93351966,3,walking
1519421599896,-8.095291,0.20585304,-0.9526688,3,walking
1519421599900,-8.1623125,0.30159867,-1.0101161,3,walking
1519421599905,-8.334655,0.39734426,-1.0675635,3,walking
1519421599910,-8.5740185,0.36862057,-1.1250108,3,walking
1519421599916,-8.870831,0.44521707,-0.9622433,3,walking
1519421599921,-9.339984,0.4356425,-0.85692316,3,walking
1519421599926,-9.675094,0.5505372,-0.63670826,3,walking
1519421599931,-9.713391,0.7994758,-0.10053288,3,walking
1519421599936,-9.655944,1.0101161,0.16755481,3,walking
1519421599941,-9.598496,0.9430942,-0.56011176,3,walking
1519421599946,-9.703817,0.8186249,-0.27287498,3,walking
1519421599951,-10.326163,0.91437054,-0.54096264,3,walking
1519421599955,-10.316589,0.2154276,-0.081383765,3,walking
1519421599961,-10.316589,-1.2590547,-2.3697038,3,walking
1519421599966,-10.900637,-1.5941644,-2.2835326,3,walking
1519421599971,-10.383611,-2.6952388,-2.6090677,3,walking
1519421599979,-9.7899885,-3.758015,-1.9388485,3,walking
1519421599984,-9.7899885,-4.322914,-2.2835326,3,walking
1519421599995,-11.034681,-5.567607,-2.6856642,3,walking
1519421600031,-12.059159,-5.0314317,-1.2111819,3,walking
1519421600040,-12.0400095,-4.2080193,-1.1058618,3,walking
1519421600048,-11.819795,-3.346309,-0.5888355,3,walking
1519421600056,-11.762347,-3.0686467,-0.54096264,3,walking
1519421600063,-11.810221,-2.5994933,-0.59841,3,walking
1519421600067,-11.944264,-2.2452345,-0.5792609,3,walking
1519421600074,-11.637878,-2.0728924,-0.5505372,3,walking
1519421600081,-11.130426,-1.7186337,-0.09095833,3,walking
1519421600085,-10.891063,-1.4505459,0.110107444,3,walking
1519421600090,-10.632549,-1.1058618,0.26330042,3,walking
1519421600095,-10.40276,-0.76117754,0.3398969,3,walking
1519421600101,-10.307014,-0.110107444,-0.081383765,3,walking
1519421600106,-10.374036,0.14840569,-0.5505372,3,walking
1519421600111,-10.651698,0.6079846,-1.0579889,3,walking
1519421600116,-10.977234,0.9430942,-1.5271424,3,walking
1519421600120,-12.413418,1.1633091,-2.4654493,3,walking
1519421600125,-13.514492,1.14416,-2.714388,3,walking
1519421600130,-14.462374,0.91437054,-2.7718353,3,walking
1519421600137,-15.544299,-0.18670394,-2.475024,3,walking
1519421600141,-15.544299,-1.0962871,-2.0441687,3,walking
1519421600145,-15.343233,-1.9867213,-1.5941644,3,walking
1519421600189,-10.488931,-1.9005502,-2.1111906,3,walking
1519421600197,-10.153821,-1.8526775,-2.3026817,3,walking
1519421600207,-9.41658,-1.9579976,-2.9154537,3,walking
1519421600212,-9.253813,-1.8718265,-3.039923,3,walking
1519421600217,-9.253813,-1.8718265,-3.039923,3,walking
1519421600223,-9.5219,-1.7186337,-2.9920502,3,walking
1519421600227,-9.770839,-1.6420372,-2.8388572,3,walking
1519421600258,-12.078308,-1.8335283,-1.6324625,3,walking
1519421600263,-12.375119,-2.1399143,-1.3356512,3,walking
1519421600269,-12.576185,-2.3026817,-1.2111819,3,walking
1519421600275,-12.729378,-2.4654493,-1.1058618,3,walking
1519421600280,-12.758101,-2.8771553,-0.8473486,3,walking
1519421600285,-12.710229,-3.0686467,-0.8090504,3,walking
1519421600294,-12.413418,-3.384607,-0.85692316,3,walking
1519421600300,-11.963413,-3.499502,-0.85692316,3,walking
1519421600305,-11.676176,-3.4899273,-0.9622433,3,walking
1519421600314,-10.919786,-2.9920502,-1.1633091,3,walking
1519421600320,-10.670848,-2.6856642,-1.2399056,3,walking
1519421600325,-10.421909,-2.4175766,-1.2590547,3,walking
1519421600330,-9.924032,-1.8239537,-1.1537346,3,walking
1519421600335,-9.742115,-1.6324625,-1.1250108,3,walking
1519421600344,-9.359133,-1.1250108,-1.2782038,3,walking
1519421600350,-8.966576,-0.78990126,-1.1537346,3,walking
1519421600355,-8.909128,-0.61755913,-1.2207564,3,walking
1519421600360,-8.727212,-0.4356425,-1.3452257,3,walking
1519421600365,-8.727212,-0.4356425,-1.3452257,3,walking
1519421600370,-8.4686985,-0.45479164,-1.4122477,3,walking
1519421600375,-8.32508,-0.5792609,-1.4313968,3,walking
1519421600379,-8.210186,-0.7324539,-1.4122477,3,walking
1519421600384,-8.047418,-1.14416,-1.4505459,3,walking
1519421600390,-8.00912,-1.3739494,-1.4984187,3,walking
1519421600395,-7.999545,-1.5845897,-1.4792696,3,walking
1519421600404,-7.961247,-2.168638,-1.5079932,3,walking
1519421600409,-8.00912,-2.3697038,-1.5462915,3,walking
1519421600414,-8.056993,-2.5516202,-1.5845897,3,walking
1519421600420,-8.143164,-2.819708,-1.6420372,3,walking
1519421600426,-8.210186,-2.9346027,-1.709059,3,walking
1519421600431,-8.277207,-3.0016246,-1.7856555,3,walking
1519421600436,-8.32508,-3.059072,-1.862252,3,walking
1519421600441,-8.497422,-3.059072,-2.034594,3,walking
1519421600446,-8.5740185,-3.020774,-2.1207652,3,walking
1519421600451,-8.794233,-2.9250283,-2.2931073,3,walking
1519421600456,-8.889979,-2.8292825,-2.3697038,3,walking
1519421600462,-9.091045,-2.6377914,-2.513322,3,walking
1519421600467,-9.091045,-2.6377914,-2.513322,3,walking
1519421600472,-9.225089,-2.513322,-2.561195,3,walking
1519421600477,-9.29211,-2.4367256,-2.580344,3,walking
1519421600482,-9.301685,-2.4463003,-2.5420458,3,walking
1519421600490,-9.2825365,-2.4175766,-2.475024,3,walking
1519421600495,-9.263388,-2.427151,-2.4463003,3,walking
1519421600499,-9.234664,-2.475024,-2.4367256,3,walking
1519421600505,-9.20594,-2.475024,-2.3984275,3,walking
1519421600510,-9.167642,-2.4367256,-2.3026817,3,walking
1519421600516,-9.148493,-2.475024,-2.3505547,3,walking
1519421600520,-9.071896,-2.4367256,-2.2931073,3,walking
1519421600526,-9.062322,-2.4367256,-2.254809,3,walking
1519421600531,-8.9761505,-2.4654493,-2.34098,3,walking
1519421600536,-8.9761505,-2.427151,-2.34098,3,walking
1519421600541,-8.861256,-2.4175766,-2.3697038,3,walking
1519421600546,-8.803808,-2.3792782,-2.3984275,3,walking
1519421600552,-8.813383,-2.3505547,-2.4845984,3,walking
1519421600557,-8.755936,-2.2931073,-2.4845984,3,walking
1519421600562,-8.736787,-2.1973617,-2.5324712,3,walking
1519421600567,-8.7750845,-2.149489,-2.6090677,3,walking
1519421600572,-8.727212,-2.0824668,-2.7431116,3,walking
1519421600577,-8.708063,-2.015445,-2.752686,3,walking
1519421600582,-8.755936,-1.9579976,-2.7718353,3,walking
1519421600589,-8.803808,-1.929274,-2.867581,3,walking
1519421600595,-8.813383,-1.8431029,-2.9250283,3,walking
1519421600600,-8.947427,-1.7665064,-2.972901,3,walking
1519421600605,-8.985725,-1.7473572,-3.039923,3,walking
1519421600609,-9.052747,-1.7377827,-3.0686467,3,walking
1519421600614,-9.138918,-1.7473572,-3.0686467,3,walking
1519421600620,-9.320834,-1.7665064,-3.2026904,3,walking
1519421600625,-9.330409,-1.8048047,-3.2026904,3,walking
1519421600630,-9.5219,-1.9101248,-3.0686467,3,walking
1519421600635,-9.5219,-2.0058703,-3.1069448,3,walking
1519421600639,-9.64637,-2.0537431,-3.1643922,3,walking
1519421600644,-9.75169,-2.0728924,-3.2026904,3,walking
1519421600654,-9.828286,-2.187787,-3.0686467,3,walking
1519421600659,-9.818711,-2.168638,-3.078221,3,walking
1519421600664,-9.818711,-2.1399143,-3.059072,3,walking
1519421600670,-9.7899885,-2.1207652,-3.059072,3,walking
1519421600674,-9.713391,-2.1782124,-3.0016246,3,walking
1519421600679,-9.675094,-2.168638,-2.9537518,3,walking
1519421600684,-9.550624,-2.1973617,-2.8580062,3,walking
1519421600690,-9.426155,-2.2069361,-2.666515,3,walking
1519421600695,-9.320834,-2.2643836,-2.5324712,3,walking
1519421600703,-9.043172,-2.2643836,-2.2931073,3,walking
1519421600710,-8.794233,-2.3026817,-1.8909757,3,walking
1519421600714,-8.698488,-2.3122563,-1.7569319,3,walking
1519421600719,-8.621892,-2.360129,-1.5175679,3,walking
1519421600724,-8.526146,-2.4367256,-1.0771381,3,walking
1519421600729,-8.44955,-2.475024,-0.8473486,3,walking
1519421600734,-8.487848,-2.4558747,-0.6750065,3,walking
1519421600740,-8.688913,-2.2931073,-0.512239,3,walking
1519421600745,-8.995299,-2.0824668,-0.6271337,3,walking
1519421600749,-9.397431,-1.8143792,-0.7228793,3,walking
1519421600753,-9.799562,-1.5654407,-0.8186249,3,walking
1519421600759,-10.450633,-1.3260766,-1.0292653,3,walking
1519421600764,-10.699572,-1.2782038,-1.0675635,3,walking
1519421600768,-10.699572,-1.2782038,-1.0675635,3,walking
1519421600773,-10.92936,-1.4888442,-1.1250108,3,walking
1519421600780,-10.852764,-1.776081,-1.1537346,3,walking
1519421600785,-10.651698,-1.9675722,-1.1728836,3,walking
1519421600794,-10.144247,-2.2739582,-0.98139244,3,walking
1519421600800,-9.426155,-2.408002,-0.77075213,3,walking
1519421600805,-8.995299,-2.4175766,-0.69415563,3,walking
1519421600814,-7.7984796,-2.5228968,-0.44521707,3,walking
1519421600819,-7.5208173,-2.6186423,-0.40691882,3,walking
1519421600824,-7.2527294,-2.6760898,-0.33032233,3,walking
1519421600830,-6.869747,-2.6186423,-0.28244954,3,walking
1519421600835,-6.783576,-2.4175766,-0.30159867,3,walking
1519421600840,-6.697405,-2.2356598,-0.27287498,3,walking
1519421600845,-6.716554,-2.034594,-0.33032233,3,walking
1519421600850,-7.1474094,-1.5654407,-0.47394073,3,walking
1519421600854,-7.616563,-1.3069274,-0.54096264,3,walking
1519421600863,-8.727212,-1.0771381,-0.64628285,3,walking
1519421600869,-10.134672,-1.0962871,-0.8090504,3,walking
1519421600873,-10.843189,-1.14416,-0.8856468,3,walking
1519421600880,-11.992137,-1.4984187,-1.0962871,3,walking
1519421600886,-12.595334,-1.709059,-1.2016073,3,walking
1519421600891,-13.552791,-2.101616,-1.383524,3,walking
1519421600896,-13.868751,-2.2835326,-1.4026731,3,walking
1519421600932,-13.562365,-2.7909844,-1.7856555,3,walking
1519421600941,-12.528313,-2.2835326,-1.6994845,3,walking
1519421600949,-11.953838,-1.9579976,-1.6611862,3,walking
1519421600960,-11.140001,-1.622888,-1.3930986,3,walking
1519421600966,-11.140001,-1.622888,-1.3930986,3,walking
1519421600970,-10.632549,-1.383524,-1.1920328,3,walking
1519421600975,-10.393186,-1.2686293,-1.0771381,3,walking
1519421600979,-10.163396,-1.1058618,-0.93351966,3,walking
1519421600983,-9.924032,-0.9622433,-0.9622433,3,walking
1519421601010,-8.803808,-0.22500217,-0.85692316,3,walking
1519421601016,-8.5740185,-0.36862057,-0.8186249,3,walking
1519421601021,-8.056993,-0.8090504,-0.7324539,3,walking
1519421601025,-8.056993,-0.8090504,-0.7324539,3,walking
1519421601029,-7.8272033,-1.383524,-0.63670826,3,walking
1519421601034,-7.846352,-1.5367169,-0.5792609,3,walking
1519421601043,-7.8367777,-1.7282082,-0.37819514,3,walking
1519421601049,-7.702734,-1.8909757,-0.11968201,3,walking
1519421601054,-7.5208173,-2.1782124,-0.110107444,3,walking
1519421601059,-7.5591154,-2.513322,-0.014361841,3,walking
1519421601064,-7.5303917,-2.5994933,0.11968201,3,walking
1519421601069,-7.4920936,-2.666515,0.13883112,3,walking
1519421601074,-7.4442205,-2.7048132,0.17712937,3,walking
1519421601079,-7.434646,-2.666515,0.05266008,3,walking
1519421601085,-7.5303917,-2.7239625,-0.062234644,3,walking
1519421601089,-7.654861,-2.800559,-0.2441513,3,walking
1519421601095,-7.769756,-2.9250283,-0.3877697,3,walking
1519421601100,-8.018694,-3.2218397,-0.6271337,3,walking
1519421601105,-8.00912,-3.3367343,-0.77075213,3,walking
1519421601110,-8.085716,-3.604822,-0.9622433,3,walking
1519421601115,-8.085716,-3.604822,-0.9622433,3,walking
1519421601120,-8.11444,-3.930357,-0.92394507,3,walking
1519421601125,-8.152739,-4.0931244,-0.92394507,3,walking
1519421601131,-8.1623125,-4.2558923,-0.8473486,3,walking
1519421601136,-8.152739,-4.351638,-0.78032666,3,walking
1519421601140,-8.066567,-4.5144053,-0.7420284,3,walking
1519421601146,-8.00912,-4.5718527,-0.751603,3,walking
1519421601151,-7.9708214,-4.610151,-0.78032666,3,walking
1519421601156,-7.9516726,-4.619725,-0.76117754,3,walking
1519421601162,-7.9037995,-4.7058964,-0.9526688,3,walking
1519421601166,-7.846352,-4.7058964,-1.0005416,3,walking
1519421601172,-7.788905,-4.6675982,-1.2016073,3,walking
1519421601178,-7.769756,-4.648449,-1.2590547,3,walking
1519421601184,-7.741032,-4.581427,-1.2877784,3,walking
1519421601189,-7.741032,-4.4856815,-1.4026731,3,walking
1519421601195,-7.693159,-4.3707867,-1.4601204,3,walking
1519421601199,-7.721883,-4.08355,-1.5462915,3,walking
1519421601204,-7.721883,-4.08355,-1.5462915,3,walking
1519421601209,-7.7123084,-3.7101421,-1.5271424,3,walking
1519421601215,-7.7123084,-3.518651,-1.4984187,3,walking
1519421601220,-7.702734,-3.078221,-1.3165021,3,walking
1519421601225,-7.7314577,-2.867581,-1.2111819,3,walking
1519421601230,-7.8176284,-2.6569405,-1.1537346,3,walking
1519421601235,-7.9037995,-2.4558747,-1.0867126,3,walking
1519421601240,-8.11444,-2.2069361,-1.0675635,3,walking
1519421601246,-8.286782,-2.1399143,-0.99096704,3,walking
1519421601251,-8.420826,-2.1399143,-0.98139244,3,walking
1519421601256,-8.727212,-2.168638,-0.8664977,3,walking
1519421601261,-8.928278,-2.2165108,-0.8186249,3,walking
1519421601266,-8.985725,-2.2931073,-0.8090504,3,walking
1519421601271,-9.148493,-2.4558747,-0.71330476,3,walking
1519421601276,-9.177217,-2.5420458,-0.7324539,3,walking
1519421601281,-9.31126,-2.6760898,-0.6750065,3,walking
1519421601286,-9.3878565,-2.714388,-0.665432,3,walking
1519421601292,-9.445304,-2.6856642,-0.7228793,3,walking
1519421601302,-9.703817,-2.7048132,-0.8186249,3,walking
1519421601308,-9.837861,-2.714388,-0.8090504,3,walking
1519421601313,-10.038927,-2.6856642,-1.0101161,3,walking
1519421601319,-10.2016945,-2.714388,-1.0675635,3,walking
1519421601324,-10.335738,-2.7431116,-1.1058618,3,walking
1519421601329,-10.661273,-2.8101335,-1.14416,3,walking
1519421601335,-10.785743,-2.8388572,-1.1728836,3,walking
1519421601339,-10.919786,-2.8292825,-1.2016073,3,walking
1519421601345,-11.082554,-2.867581,-1.2494801,3,walking
1519421601349,-11.312344,-2.905879,-1.3356512,3,walking
1519421601355,-11.4272375,-2.8963046,-1.3452257,3,walking
1519421601360,-11.7049,-2.8388572,-1.5558661,3,walking
1519421601365,-11.848518,-2.800559,-1.6324625,3,walking
1519421601370,-11.982562,-2.7814097,-1.7282082,3,walking
1519421601375,-12.078308,-2.7718353,-1.79523,3,walking
1519421601380,-12.2410755,-2.6569405,-1.9005502,3,walking
1519421601387,-12.193203,-2.5994933,-1.9388485,3,walking
1519421601393,-11.982562,-2.4654493,-1.9005502,3,walking
1519421601398,-11.7049,-2.2452345,-1.8143792,3,walking
1519421601404,-11.570856,-2.0824668,-1.7377827,3,walking
1519421601409,-11.408089,-1.8814012,-1.6707608,3,walking
1519421601414,-11.178299,-1.6611862,-1.5941644,3,walking
1519421601419,-10.814466,-1.3930986,-1.5079932,3,walking
1519421601425,-10.680422,-1.2686293,-1.4888442,3,walking
1519421601429,-10.94851,-1.0005416,-2.101616,3,walking
1519421601435,-10.94851,-1.0005416,-2.101616,3,walking
1519421601439,-12.193203,-0.751603,-2.867581,3,walking
1519421601444,-13.093211,-0.69415563,-3.020774,3,walking
1519421601452,-14.491097,-1.0962871,-2.580344,3,walking
1519421601458,-14.807057,-2.3984275,-1.6037389,3,walking
1519421601504,-9.85701,-2.9346027,-0.8760723,3,walking
1519421601512,-9.301685,-2.168638,-1.3069274,3,walking
1519421601525,-9.18679,-1.4313968,-1.7377827,3,walking
1519421601533,-9.598496,-0.47394073,-2.34098,3,walking
1519421601542,-10.316589,-0.043085523,-2.752686,3,walking
1519421601548,-11.130426,0.13883112,-3.0494976,3,walking
1519421601574,-12.882571,-1.6133134,-3.2601378,3,walking
1519421601582,-13.188957,-2.187787,-3.1643922,3,walking
1519421601590,-13.34215,-2.7718353,-2.9346027,3,walking
1519421601596,-13.418746,-2.9920502,-2.8388572,3,walking
1519421601600,-13.399597,-3.173967,-2.7239625,3,walking
1519421601604,-13.303852,-3.3080106,-2.5516202,3,walking
1519421601609,-13.179382,-3.4324799,-2.4463003,3,walking
1519421601613,-13.035764,-3.4899273,-2.3026817,3,walking
1519421601618,-12.968742,-3.5665238,-2.2643836,3,walking
1519421601623,-12.777251,-3.346309,-2.3888528,3,walking
1519421601632,-12.317672,-2.9537518,-2.2165108,3,walking
1519421601637,-11.972988,-2.6952388,-2.1207652,3,walking
1519421601641,-11.484685,-2.2739582,-1.9388485,3,walking
1519421601647,-11.245321,-2.1590633,-1.8814012,3,walking
1519421601651,-10.986808,-2.0058703,-1.9579976,3,walking
1519421601656,-10.986808,-2.0058703,-1.9579976,3,walking
1519421601661,-10.603826,-1.9962958,-1.9771467,3,walking
1519421601666,-10.354887,-1.9388485,-1.9771467,3,walking
1519421601670,-10.172971,-1.8909757,-1.9579976,3,walking
1519421601674,-9.96233,-1.8718265,-1.9962958,3,walking
1519421601678,-9.780414,-1.8814012,-2.0250196,3,walking
1519421601683,-9.732541,-1.7856555,-2.0824668,3,walking
1519421601688,-9.550624,-1.7856555,-2.1207652,3,walking
1519421601693,-9.148493,-1.948423,-2.149489,3,walking
1519421601697,-9.148493,-1.948423,-2.149489,3,walking
1519421601702,-8.947427,-1.8526775,-2.187787,3,walking
1519421601708,-8.4686985,-1.7856555,-2.2356598,3,walking
1519421601713,-8.305931,-1.8143792,-2.2452345,3,walking
1519421601722,-8.143164,-1.709059,-2.2356598,3,walking
1519421601728,-7.7601814,-1.7282082,-2.0537431,3,walking
1519421601733,-7.6261373,-1.776081,-2.0058703,3,walking
1519421601739,-7.46337,-1.7282082,-2.0058703,3,walking
1519421601744,-7.281453,-1.7473572,-1.9388485,3,walking
1519421601748,-7.089962,-1.7473572,-1.948423,3,walking
1519421601753,-7.0708127,-1.6994845,-1.948423,3,walking
1519421601758,-6.8793216,-1.4792696,-1.8431029,3,walking
1519421601763,-6.831449,-1.4122477,-1.7569319,3,walking
1519421601767,-6.831449,-1.4218222,-1.7282082,3,walking
1519421601772,-6.821874,-1.4888442,-1.7856555,3,walking
1519421601778,-6.8410234,-1.5654407,-1.8335283,3,walking
1519421601783,-6.8027253,-1.8718265,-1.9101248,3,walking
1519421601788,-6.7931504,-2.034594,-1.9867213,3,walking
1519421601792,-6.8410234,-2.0728924,-2.1207652,3,walking
1519421601798,-6.7740016,-2.0728924,-2.0824668,3,walking
1519421601803,-6.716554,-2.015445,-2.034594,3,walking
1519421601808,-6.668681,-1.9675722,-2.0250196,3,walking
1519421601813,-6.668681,-2.101616,-2.0728924,3,walking
1519421601818,-6.668681,-2.168638,-2.0728924,3,walking
1519421601823,-6.783576,-2.2835326,-2.168638,3,walking
1519421601828,-6.850598,-2.4558747,-2.2356598,3,walking
1519421601834,-6.898471,-2.4845984,-2.2452345,3,walking
1519421601838,-6.936769,-2.4845984,-2.254809,3,walking
1519421601844,-6.9080453,-2.5037475,-2.1973617,3,walking
1519421601848,-7.003791,-2.5037475,-2.1973617,3,walking
1519421601853,-7.042089,-2.5516202,-2.187787,3,walking
1519421601857,-7.042089,-2.5516202,-2.187787,3,walking
1519421601862,-7.156984,-2.475024,-2.1111906,3,walking
1519421601868,-7.243155,-2.427151,-2.0250196,3,walking
1519421601873,-7.4442205,-2.2931073,-2.0537431,3,walking
1519421601882,-7.56869,-2.1973617,-2.0920415,3,walking
1519421601888,-7.702734,-2.2260852,-2.0633178,3,walking
1519421601893,-7.7506065,-2.2356598,-2.0824668,3,walking
1519421601898,-7.855927,-2.2165108,-2.0920415,3,walking
1519421601903,-7.9325233,-2.2452345,-2.101616,3,walking
1519421601908,-7.961247,-2.2260852,-2.168638,3,walking
1519421601914,-8.047418,-2.2356598,-2.187787,3,walking
1519421601918,-8.00912,-2.149489,-2.0920415,3,walking
1519421601924,-7.9803963,-2.1111906,-2.0441687,3,walking
1519421601928,-7.9420977,-2.0824668,-2.0728924,3,walking
1519421601934,-7.9420977,-2.034594,-1.9771467,3,walking
1519421601939,-7.9037995,-2.1111906,-1.9196993,3,walking
1519421601944,-7.875076,-2.1207652,-1.8431029,3,walking
1519421601948,-7.8846507,-2.149489,-1.8431029,3,walking
1519421601954,-7.8846507,-2.149489,-1.8431029,3,walking
1519421601959,-7.8367777,-2.1973617,-1.709059,3,walking
1519421601964,-7.8176284,-2.2356598,-1.6707608,3,walking
1519421601969,-7.7793303,-2.3026817,-1.6133134,3,walking
1519421601974,-7.7793303,-2.3026817,-1.6133134,3,walking
1519421601979,-7.7506065,-2.4175766,-1.5271424,3,walking
1519421601983,-7.7506065,-2.4463003,-1.469695,3,walking
1519421601988,-7.788905,-2.4558747,-1.3930986,3,walking
1519421601993,-7.846352,-2.427151,-1.383524,3,walking
1519421601998,-7.855927,-2.4175766,-1.3739494,3,walking
1519421602003,-7.9516726,-2.408002,-1.3739494,3,walking
1519421602008,-7.9899707,-2.3697038,-1.4026731,3,walking
1519421602013,-8.21976,-2.3122563,-1.4218222,3,walking
1519421602017,-8.353804,-2.2835326,-1.4601204,3,walking
1519421602023,-8.526146,-2.2452345,-1.4601204,3,walking
1519421602028,-8.842107,-2.2069361,-1.4984187,3,walking
1519421602033,-8.937852,-2.2069361,-1.4984187,3,walking
1519421602040,-9.043172,-2.2260852,-1.4505459,3,walking
1519421602045,-9.043172,-2.2260852,-1.4505459,3,walking
1519421602051,-9.253813,-2.2835326,-1.2111819,3,walking
1519421602055,-9.29211,-2.2835326,-1.1250108,3,walking
1519421602061,-9.244238,-2.321831,-0.93351966,3,walking
1519421602066,-9.119769,-2.360129,-0.7994758,3,walking
1519421602071,-8.851681,-2.427151,-0.2154276,3,walking
1519421602076,-8.698488,-2.475024,0.03351096,3,walking
1519421602081,-8.459125,-2.6569405,0.4356425,3,walking
1519421602086,-8.411251,-2.6856642,0.5313881,3,walking
1519421602091,-8.44955,-2.752686,0.64628285,3,walking
1519421602101,-9.033598,-2.5324712,0.56011176,3,walking
1519421602107,-9.41658,-2.3984275,0.34947145,3,walking
1519421602112,-9.85701,-2.254809,0.2441513,3,walking
1519421602118,-10.986808,-2.0728924,-0.22500217,3,walking
1519421602123,-11.522984,-2.015445,-0.3398969,3,walking
1519421602128,-12.403843,-1.9579976,-0.7324539,3,walking
1519421602136,-12.844273,-1.9962958,-1.0101161,3,walking
1519421602141,-12.920869,-1.948423,-1.0292653,3,walking
1519421602148,-12.882571,-1.929274,-1.0962871,3,walking
1519421602153,-12.662356,-1.9101248,-0.93351966,3,walking
1519421602187,-10.220843,-3.2792869,-0.18670394,3,walking
1519421602193,-9.713391,-3.365458,0.043085523,3,walking
1519421602200,-9.560199,-3.5378,-0.05266008,3,walking
1519421602208,-9.943181,-3.5760984,-0.13883112,3,walking
1519421602215,-10.747444,-3.5952475,-0.2920241,3,walking
1519421602219,-11.331492,-3.5090764,-0.5888355,3,walking
1519421602224,-11.331492,-3.5090764,-0.5888355,3,walking
1519421602228,-12.5474615,-3.5378,-1.1250108,3,walking
1519421602235,-13.734707,-3.777164,-1.4218222,3,walking
1519421602239,-14.462374,-3.997379,-1.6803354,3,walking
1519421602243,-15.199615,-3.8729098,-1.5654407,3,walking
1519421602287,-14.395351,-1.8909757,1.776081,3,walking
1519421602296,-13.265553,-2.7431116,1.862252,3,walking
1519421602305,-11.542132,-4.4090853,1.3930986,3,walking
1519421602311,-10.833615,-4.7537694,1.2877784,3,walking
1519421602317,-9.464453,-5.1271772,0.78990126,3,walking
1519421602323,-9.148493,-5.222923,0.14840569,3,walking
1519421602327,-8.641041,-5.452712,-1.0292653,3,walking
1519421602332,-8.430401,-5.5771813,-1.4792696,3,walking
1519421602357,-6.697405,-6.323997,-3.346309,3,walking
1519421602362,-6.563361,-6.3814445,-3.5856729,3,walking
1519421602369,-6.3814445,-6.4197426,-4.198445,3,walking
1519421602375,-6.323997,-6.4484663,-4.303765,3,walking
1519421602380,-6.285699,-6.5346375,-4.3324885,3,walking
1519421602389,-6.1420803,-6.668681,-4.342063,3,walking
1519421602393,-5.941015,-6.7069798,-4.3133397,3,walking
1519421602397,-5.797396,-6.3622956,-4.016528,3,walking
1519421602402,-5.7303743,-5.845269,-3.6814184,3,walking
1519421602407,-5.500585,-5.28037,-3.2697124,3,walking
1519421602412,-5.3186684,-4.466532,-2.9537518,3,walking
1519421602418,-4.9739842,-2.9346027,-1.8814012,3,walking
1519421602423,-4.7920675,-2.2643836,-1.4122477,3,walking
1519421602427,-4.5910015,-1.6994845,-0.9718179,3,walking
1519421602432,-4.342063,-1.3260766,-0.70373017,3,walking
1519421602437,-4.236743,-1.1250108,-0.6750065,3,walking
1519421602470,-4.016528,-0.8090504,-3.020774,3,walking
1519421602476,-4.4186597,-0.78032666,-3.173967,3,walking
1519421602484,-4.935686,-0.93351966,-3.1069448,3,walking
1519421602488,-5.155901,-1.0962871,-3.1165195,3,walking
1519421602493,-5.3569665,-1.3643749,-3.0973704,3,walking
1519421602497,-5.6250544,-1.622888,-3.0877957,3,walking
1519421602501,-5.644203,-1.9388485,-3.0494976,3,walking
1519421602507,-5.586756,-2.360129,-3.1835413,3,walking
1519421602512,-5.2420716,-3.2601378,-3.758015,3,walking
1519421602516,-5.232497,-3.518651,-3.9878044,3,walking
1519421602521,-5.3186684,-3.5760984,-3.8729098,3,walking
1519421602527,-5.376116,-3.4324799,-3.7292912,3,walking
1519421602532,-5.433563,-3.0494976,-3.844186,3,walking
1519421602537,-5.5771813,-2.8771553,-4.0069537,3,walking
1519421602542,-5.7208,-2.819708,-4.1601467,3,walking
1519421602547,-5.8835673,-2.8580062,-4.6675982,3,walking
1519421602553,-5.941015,-3.0686467,-4.8782387,3,walking
1519421602557,-6.151655,-3.5090764,-4.954835,3,walking
1519421602562,-6.151655,-3.5090764,-4.954835,3,walking
1519421602567,-6.1899533,-3.777164,-5.155901,3,walking
1519421602573,-6.2665496,-3.8346114,-5.2420716,3,walking
1519421602578,-6.4484663,-3.9782298,-5.1846247,3,walking
1519421602583,-6.5346375,-4.0644007,-4.96441,3,walking
1519421602588,-6.639958,-4.131423,-4.7441945,3,walking
1519421602593,-6.7357035,-4.1792955,-4.495256,3,walking
1519421602598,-6.869747,-4.016528,-4.08355,3,walking
1519421602603,-6.984642,-3.8154624,-3.6622694,3,walking
1519421602609,-7.0995364,-3.4133308,-3.231414,3,walking
1519421602614,-7.1091113,-3.2601378,-3.020774,3,walking
1519421602619,-7.1857076,-3.0686467,-2.7431116,3,walking
1519421602624,-7.2527294,-2.9154537,-2.494173,3,walking
1519421602629,-7.46337,-2.580344,-2.0441687,3,walking
1519421602634,-7.693159,-2.408002,-1.8909757,3,walking
1519421602639,-7.9516726,-2.3314054,-1.6899099,3,walking
1519421602643,-8.200611,-2.2739582,-1.5079932,3,walking
1519421602647,-8.564445,-2.2739582,-1.2303311,3,walking
1519421602651,-8.564445,-2.2739582,-1.2303311,3,walking
1519421602657,-8.947427,-2.3122563,-1.0771381,3,walking
1519421602661,-9.129343,-2.3697038,-0.9718179,3,walking
1519421602667,-9.5219,-2.3984275,-0.9622433,3,walking
1519421602671,-9.799562,-2.3505547,-0.8856468,3,walking
1519421602676,-10.010203,-2.3505547,-0.91437054,3,walking
1519421602682,-10.259142,-2.3505547,-0.99096704,3,walking
1519421602687,-10.728295,-2.0824668,-0.92394507,3,walking
1519421602692,-10.919786,-1.9771467,-0.9526688,3,walking
1519421602697,-11.111278,-1.9196993,-0.9430942,3,walking
1519421602701,-11.293194,-1.8909757,-0.92394507,3,walking
1519421602707,-11.9346895,-1.6611862,-0.9718179,3,walking
1519421602711,-12.135756,-1.6803354,-0.83777404,3,walking
1519421602717,-12.35597,-1.7473572,-0.85692316,3,walking
1519421602721,-12.528313,-1.8239537,-0.91437054,3,walking
1519421602727,-12.7964,-2.015445,-0.8281995,3,walking
1519421602732,-12.920869,-2.0728924,-0.7324539,3,walking
1519421602737,-13.016615,-2.2356598,-0.6271337,3,walking
1519421602741,-13.00704,-2.2452345,-0.69415563,3,walking
1519421602747,-13.035764,-2.254809,-0.6845811,3,walking
1519421602752,-12.978316,-2.2452345,-0.7324539,3,walking
1519421602756,-12.7964,-2.1973617,-0.78990126,3,walking
1519421602761,-12.729378,-2.101616,-0.8473486,3,walking
1519421602766,-12.576185,-1.9962958,-0.91437054,3,walking
1519421602772,-12.422992,-1.8526775,-0.9430942,3,walking
1519421602777,-12.260224,-1.709059,-1.0005416,3,walking
1519421602781,-11.925115,-1.4218222,-1.1154363,3,walking
1519421602786,-11.791071,-1.2973529,-1.2207564,3,walking
1519421602791,-11.714475,-1.1058618,-1.4218222,3,walking
1519421602797,-11.867668,-0.70373017,-1.9196993,3,walking
1519421602801,-12.154904,-0.665432,-2.2452345,3,walking
1519421602806,-12.69108,-0.5792609,-2.4654493,3,walking
1519421602809,-13.265553,-0.4835153,-2.5420458,3,walking
1519421602815,-14.041093,-0.8760723,-2.4463003,3,walking
1519421602820,-14.213435,-1.2782038,-2.2069361,3,walking
1519421602824,-14.290031,-1.7186337,-1.8909757,3,walking
1519421602868,-10.546378,-3.4420545,-0.47394073,3,walking
1519421602876,-10.029352,-2.9824755,-0.8090504,3,walking
1519421602888,-9.493176,-2.360129,-1.3739494,3,walking
1519421602896,-9.407005,-2.1303396,-1.6516117,3,walking
1519421602904,-9.407005,-2.1303396,-1.6516117,3,walking
1519421602908,-9.636795,-2.0058703,-1.9675722,3,walking
1519421602913,-9.85701,-1.9962958,-2.149489,3,walking
1519421602917,-10.115523,-1.9675722,-2.3122563,3,walking
1519421602921,-10.919786,-1.9867213,-2.5707695,3,walking
1519421602938,-12.25065,-2.2165108,-2.8388572,3,walking
1519421602943,-12.422992,-2.2835326,-2.8101335,3,walking
1519421602948,-12.576185,-2.4463003,-2.7431116,3,walking
1519421602953,-12.643207,-2.5420458,-2.733537,3,walking
1519421602958,-12.537887,-2.5994933,-2.714388,3,walking
1519421602962,-12.499589,-2.6569405,-2.7622607,3,walking
1519421602966,-12.365545,-2.5994933,-2.7239625,3,walking
1519421602971,-12.097457,-2.6090677,-2.494173,3,walking
1519421602976,-11.532558,-2.561195,-2.2739582,3,walking
1519421602981,-11.168725,-2.4845984,-2.0633178,3,walking
1519421602986,-10.82404,-2.3505547,-1.9101248,3,walking
1519421602991,-10.536804,-2.321831,-1.7473572,3,walking
1519421602996,-10.125097,-2.4558747,-2.1207652,3,walking
1519421603002,-9.971905,-2.494173,-2.2260852,3,walking
1519421603006,-9.761265,-2.513322,-2.1111906,3,walking
1519421603011,-9.339984,-2.408002,-1.929274,3,walking
1519421603016,-9.272962,-2.3314054,-2.0537431,3,walking
1519421603021,-9.18679,-2.2165108,-2.0920415,3,walking
1519421603026,-9.100619,-2.1973617,-2.0441687,3,walking
1519421603031,-8.899554,-2.187787,-2.0250196,3,walking
1519421603036,-8.889979,-2.187787,-2.0250196,3,walking
1519421603041,-8.909128,-2.0537431,-1.9196993,3,walking
1519421603046,-8.851681,-1.9005502,-1.8718265,3,walking
1519421603051,-8.526146,-1.79523,-1.9867213,3,walking
1519421603056,-8.420826,-1.8048047,-2.149489,3,walking
1519421603061,-8.353804,-1.8909757,-2.2835326,3,walking
1519421603066,-8.353804,-1.8143792,-2.3314054,3,walking
1519421603072,-8.315506,-1.6324625,-2.254809,3,walking
1519421603077,-8.085716,-1.1728836,-2.3984275,3,walking
1519421603082,-7.8846507,-0.98139244,-2.4175766,3,walking
1519421603087,-7.741032,-0.7994758,-2.427151,3,walking
1519421603092,-7.587839,-0.56968635,-2.3984275,3,walking
1519421603098,-7.616563,-0.47394073,-2.4845984,3,walking
1519421603103,-7.5591154,-0.33032233,-2.4367256,3,walking
1519421603107,-7.329326,-0.17712937,-2.3314054,3,walking
1519421603113,-7.2335806,-0.062234644,-2.360129,3,walking
1519421603118,-7.195282,-0.00478728,-2.321831,3,walking
1519421603123,-7.1474094,-0.043085523,-2.427151,3,walking
1519421603128,-7.195282,-0.14840569,-2.4367256,3,walking
1519421603133,-7.1857076,-0.30159867,-2.3888528,3,walking
1519421603139,-7.396348,-0.61755913,-2.427151,3,walking
1519421603144,-7.46337,-0.7994758,-2.408002,3,walking
1519421603149,-7.5974135,-0.98139244,-2.4463003,3,walking
1519421603159,-7.7984796,-1.3260766,-2.3026817,3,walking
1519421603164,-7.875076,-1.4313968,-2.2165108,3,walking
1519421603169,-7.9803963,-1.5462915,-2.168638,3,walking
1519421603174,-8.191036,-1.7377827,-2.149489,3,walking
1519421603179,-8.2676325,-1.8239537,-2.1399143,3,walking
1519421603184,-8.315506,-2.015445,-2.1590633,3,walking
1519421603190,-8.564445,-2.3026817,-2.3984275,3,walking
1519421603195,-8.564445,-2.3026817,-2.3984275,3,walking
1519421603200,-8.526146,-2.360129,-2.2356598,3,walking
1519421603205,-8.439975,-2.254809,-2.2069361,3,walking
1519421603210,-8.420826,-2.2260852,-2.168638,3,walking
1519421603216,-8.5740185,-2.1207652,-2.254809,3,walking
1519421603222,-8.5740185,-2.1207652,-2.254809,3,walking
1519421603227,-8.621892,-2.1782124,-2.3888528,3,walking
1519421603232,-8.650616,-2.1590633,-2.475024,3,walking
1519421603238,-8.631466,-2.1111906,-2.513322,3,walking
1519421603242,-8.66019,-2.1207652,-2.5516202,3,walking
1519421603247,-8.650616,-2.0250196,-2.5899186,3,walking
1519421603253,-8.621892,-2.015445,-2.6090677,3,walking
1519421603258,-8.650616,-1.9005502,-2.6090677,3,walking
1519421603263,-8.621892,-1.8909757,-2.6569405,3,walking
1519421603268,-8.55487,-1.7473572,-2.6856642,3,walking
1519421603273,-8.516571,-1.6803354,-2.6282167,3,walking
1519421603278,-8.459125,-1.6420372,-2.580344,3,walking
1519421603283,-8.382527,-1.5941644,-2.5707695,3,walking
1519421603288,-8.372953,-1.5558661,-2.5420458,3,walking
1519421603293,-8.363379,-1.5079932,-2.475024,3,walking
1519421603299,-8.334655,-1.469695,-2.513322,3,walking
1519421603303,-8.353804,-1.4409714,-2.5324712,3,walking
1519421603309,-8.353804,-1.4313968,-2.561195,3,walking
1519421603319,-8.593168,-1.469695,-2.733537,3,walking
1519421603324,-8.708063,-1.5462915,-2.8101335,3,walking
1519421603329,-8.899554,-1.6133134,-2.905879,3,walking
1519421603339,-9.41658,-1.8431029,-2.9537518,3,walking
1519421603344,-9.512326,-1.9005502,-2.9250283,3,walking
1519421603352,-9.722966,-2.0824668,-2.8292825,3,walking
1519421603357,-9.713391,-2.1782124,-2.6569405,3,walking
1519421603362,-9.847435,-2.1590633,-2.3792782,3,walking
1519421603367,-9.828286,-2.101616,-2.2643836,3,walking
1519421603372,-9.7899885,-2.015445,-2.1973617,3,walking
1519421603377,-9.722966,-1.9962958,-1.9675722,3,walking
1519421603382,-9.684668,-1.9675722,-1.8814012,3,walking
1519421603387,-9.62722,-1.862252,-1.8143792,3,walking
1519421603392,-9.54105,-1.6133134,-1.6899099,3,walking
1519421603397,-9.41658,-1.4888442,-1.6611862,3,walking
1519421603402,-9.244238,-1.3165021,-1.6516117,3,walking
1519421603408,-8.947427,-1.0196906,-1.6324625,3,walking
1519421603413,-8.851681,-0.8952214,-1.6037389,3,walking
1519421603418,-8.746361,-0.8090504,-1.6611862,3,walking
1519421603423,-8.717637,-0.77075213,-1.6420372,3,walking
1519421603428,-8.679339,-0.83777404,-1.622888,3,walking
1519421603433,-8.688913,-0.8952214,-1.6133134,3,walking
1519421603438,-8.7750845,-0.9526688,-1.6324625,3,walking
1519421603443,-8.947427,-0.9430942,-1.709059,3,walking
1519421603449,-9.713391,-0.91437054,-1.929274,3,walking
1519421603454,-10.326163,-0.8186249,-2.101616,3,walking
1519421603459,-11.82937,-0.751603,-2.5037475,3,walking
1519421603464,-12.528313,-0.78990126,-2.7814097,3,walking
1519421603471,-13.121935,-0.90479594,-2.8292825,3,walking
1519421603476,-13.907049,-1.383524,-2.8771553,3,walking
1519421603482,-14.155988,-1.6707608,-2.819708,3,walking
1519421603486,-14.223009,-2.321831,-2.647366,3,walking
1519421603522,-9.876159,-3.8729098,-0.8952214,3,walking
1519421603531,-8.861256,-3.7197168,-0.751603,3,walking
1519421603538,-8.23891,-3.4420545,-0.5792609,3,walking
1519421603547,-7.8846507,-3.0111992,-0.5888355,3,walking
1519421603551,-7.8367777,-2.7718353,-0.5313881,3,walking
1519421603556,-7.9708214,-2.494173,-0.59841,3,walking
1519421603561,-8.229335,-2.2835326,-0.61755913,3,walking
1519421603599,-12.815549,-1.4313968,-1.3643749,3,walking
1519421603607,-12.872996,-1.2207564,-1.709059,3,walking
1519421603615,-12.643207,-0.93351966,-2.034594,3,walking
1519421603623,-12.135756,-0.56011176,-2.0824668,3,walking
1519421603628,-11.858093,-0.45479164,-2.0633178,3,walking
1519421603632,-11.657027,-0.30159867,-2.2452345,3,walking
1519421603637,-11.446387,-0.17712937,-2.3888528,3,walking
1519421603641,-11.207023,-0.081383765,-2.513322,3,walking
1519421603646,-11.034681,0.014361841,-2.5516202,3,walking
1519421603650,-10.814466,0.062234644,-2.513322,3,walking
1519421603655,-10.345312,0.062234644,-2.4845984,3,walking
1519421603661,-10.058076,-0.014361841,-2.360129,3,walking
1519421603665,-9.770839,-0.09095833,-2.2452345,3,walking
1519421603670,-9.512326,-0.16755481,-2.0633178,3,walking
1519421603675,-9.071896,-0.3398969,-1.9579976,3,walking
1519421603681,-8.899554,-0.4164934,-1.9675722,3,walking
1519421603685,-8.899554,-0.4164934,-1.8431029,3,walking
1519421603690,-8.803808,-0.512239,-1.7377827,3,walking
1519421603695,-8.755936,-0.5888355,-1.6420372,3,walking
1519421603701,-8.593168,-0.6558574,-1.6037389,3,walking
1519421603705,-8.411251,-0.8281995,-1.5558661,3,walking
1519421603710,-8.047418,-1.3356512,-1.469695,3,walking
1519421603715,-7.8846507,-1.6037389,-1.4792696,3,walking
1519421603720,-7.7793303,-1.9196993,-1.469695,3,walking
1519421603725,-7.702734,-2.4175766,-1.4409714,3,walking
1519421603730,-7.6261373,-2.666515,-1.3548003,3,walking
1519421603735,-7.501668,-2.8771553,-1.3069274,3,walking
1519421603740,-7.3676243,-3.0111992,-1.1824582,3,walking
1519421603745,-7.3676243,-3.0111992,-1.1824582,3,walking
1519421603751,-7.1474094,-3.0494976,-0.92394507,3,walking
1519421603755,-6.975067,-2.8292825,-0.8760723,3,walking
1519421603760,-6.975067,-2.8292825,-0.8760723,3,walking
1519421603765,-6.869747,-2.714388,-0.8856468,3,walking
1519421603770,-6.8793216,-2.6856642,-0.98139244,3,walking
1519421603775,-6.8027253,-2.6282167,-1.1633091,3,walking
1519421603780,-6.7357035,-2.6377914,-1.2782038,3,walking
1519421603786,-6.764427,-2.647366,-1.4313968,3,walking
1519421603791,-6.783576,-2.6377914,-1.7186337,3,walking
1519421603797,-6.764427,-2.647366,-1.8335283,3,walking
1519421603802,-6.8888965,-2.733537,-2.034594,3,walking
1519421603807,-6.9463434,-2.752686,-2.0920415,3,walking
1519421603811,-6.9463434,-2.752686,-2.0920415,3,walking
1519421603815,-7.1091113,-2.819708,-2.1590633,3,walking
1519421603820,-7.204857,-2.867581,-2.1399143,3,walking
1519421603825,-7.2527294,-2.9346027,-2.149489,3,walking
1519421603830,-7.3389006,-2.972901,-2.1111906,3,walking
1519421603835,-7.482519,-3.039923,-1.9962958,3,walking
1519421603840,-7.56869,-3.059072,-1.9388485,3,walking
1519421603845,-7.635712,-3.1069448,-1.8718265,3,walking
1519421603850,-7.693159,-3.0494976,-1.7282082,3,walking
1519421603855,-7.702734,-2.9920502,-1.6133134,3,walking
1519421603860,-7.693159,-2.972901,-1.5845897,3,walking
1519421603865,-7.7123084,-2.88673,-1.4122477,3,walking
1519421603870,-7.7123084,-2.8963046,-1.4122477,3,walking
1519421603876,-7.693159,-2.819708,-1.3643749,3,walking
1519421603881,-7.7793303,-2.7814097,-1.3260766,3,walking
1519421603886,-7.788905,-2.7718353,-1.2973529,3,walking
1519421603891,-7.8367777,-2.7909844,-1.2782038,3,walking
1519421603896,-7.9803963,-2.7909844,-1.3165021,3,walking
1519421603900,-7.9803963,-2.7909844,-1.3165021,3,walking
1519421603905,-8.104865,-2.800559,-1.1824582,3,walking
1519421603911,-8.181462,-2.7909844,-1.1920328,3,walking
1519421603916,-8.296356,-2.819708,-1.14416,3,walking
1519421603920,-8.401677,-2.7909844,-1.14416,3,walking
1519421603925,-8.650616,-2.8388572,-1.1058618,3,walking
1519421603930,-8.727212,-2.8580062,-1.0771381,3,walking
1519421603935,-8.822957,-2.8580062,-1.0388398,3,walking
1519421603940,-9.014449,-2.800559,-1.0579889,3,walking
1519421603945,-9.091045,-2.7431116,-1.0388398,3,walking
1519421603951,-9.148493,-2.647366,-0.99096704,3,walking
1519421603955,-9.148493,-2.647366,-0.99096704,3,walking
1519421603960,-9.263388,-2.254809,-1.0675635,3,walking
1519421603965,-9.330409,-2.1111906,-1.0196906,3,walking
1519421603970,-9.339984,-2.0250196,-1.0101161,3,walking
1519421603975,-9.301685,-1.9005502,-1.0196906,3,walking
1519421603980,-9.263388,-1.7569319,-0.99096704,3,walking
1519421603985,-9.301685,-1.6516117,-1.0292653,3,walking
1519421603991,-9.29211,-1.6611862,-1.0292653,3,walking
1519421603995,-9.349558,-1.622888,-1.1537346,3,walking
1519421604001,-9.378282,-1.6803354,-1.1633091,3,walking
1519421604006,-9.407005,-1.7856555,-1.1728836,3,walking
1519421604011,-9.54105,-1.9675722,-1.1920328,3,walking
1519421604016,-9.703817,-2.1399143,-1.2016073,3,walking
1519421604021,-9.809137,-2.2643836,-1.2399056,3,walking
1519421604027,-10.010203,-2.3122563,-1.2686293,3,walking
1519421604031,-10.220843,-2.3505547,-1.2877784,3,walking
1519421604038,-10.804892,-2.4654493,-1.3069274,3,walking
1519421604043,-11.101703,-2.4845984,-1.3739494,3,walking
1519421604048,-11.7049,-2.561195,-1.5462915,3,walking
1519421604053,-11.953838,-2.6090677,-1.5750152,3,walking
1519421604059,-12.202777,-2.6282167,-1.5654407,3,walking
1519421604064,-12.528313,-2.666515,-1.5750152,3,walking
1519421604069,-12.604909,-2.6856642,-1.5845897,3,walking
1519421604074,-12.710229,-2.647366,-1.6516117,3,walking
1519421604078,-12.767676,-2.6090677,-1.6803354,3,walking
1519421604087,-12.643207,-2.2931073,-1.776081,3,walking
1519421604091,-12.537887,-2.168638,-1.8048047,3,walking
1519421604096,-12.394268,-1.9867213,-1.8431029,3,walking
1519421604100,-12.394268,-1.9867213,-1.8431029,3,walking
1519421604105,-12.059159,-1.6899099,-1.8431029,3,walking
1519421604110,-11.848518,-1.5367169,-1.7856555,3,walking
1519421604115,-11.685751,-1.3356512,-1.7282082,3,walking
1519421604120,-11.350641,-1.0101161,-1.6324625,3,walking
1519421604125,-11.235746,-0.8952214,-1.5750152,3,walking
1519421604130,-11.140001,-0.7324539,-1.4888442,3,walking
1519421604135,-11.140001,-0.36862057,-1.5654407,3,walking
1519421604140,-11.321918,-0.22500217,-1.709059,3,walking
1519421604145,-11.637878,-0.17712937,-1.8718265,3,walking
1519421604150,-12.0400095,-0.2154276,-2.0537431,3,walking
1519421604154,-12.509163,-0.3111732,-2.1303396,3,walking
1519421604157,-12.978316,-0.7228793,-1.9579976,3,walking
1519421604164,-12.940019,-1.0867126,-1.8143792,3,walking
1519421604168,-12.892146,-1.469695,-1.709059,3,walking
1519421604177,-12.67193,-2.752686,-1.4026731,3,walking
1519421604181,-12.5474615,-3.1548176,-1.3260766,3,walking
1519421604215,-9.904882,-3.604822,-2.3888528,3,walking
1519421604224,-9.684668,-3.4899273,-2.5707695,3,walking
1519421604231,-9.148493,-3.1165195,-2.7239625,3,walking
1519421604239,-8.832532,-2.7718353,-2.6856642,3,walking
1519421604245,-8.698488,-2.5516202,-2.561195,3,walking
1519421604250,-8.602742,-2.34098,-2.5037475,3,walking
1519421604255,-8.478273,-1.8814012,-2.360129,3,walking
1519421604260,-8.478273,-1.8814012,-2.360129,3,walking
1519421604264,-8.564445,-1.4984187,-2.254809,3,walking
1519421604270,-8.698488,-1.3165021,-2.1973617,3,walking
1519421604275,-8.851681,-1.2111819,-2.168638,3,walking
1519421604280,-9.234664,-1.0292653,-2.2165108,3,walking
1519421604285,-9.608071,-1.1058618,-2.2356598,3,walking
1519421604291,-9.809137,-1.1824582,-2.2165108,3,walking
1519421604296,-10.000628,-1.3069274,-2.2260852,3,walking
1519421604301,-10.19212,-1.4601204,-2.2165108,3,walking
1519421604305,-10.383611,-1.6707608,-2.2165108,3,walking
1519421604310,-10.6134,-1.9388485,-2.168638,3,walking
1519421604315,-10.958084,-2.494173,-2.0920415,3,walking
1519421604321,-11.111278,-2.7718353,-2.0728924,3,walking
1519421604326,-11.360216,-3.2792869,-2.0537431,3,walking
1519421604331,-11.360216,-3.2792869,-2.0537431,3,walking
1519421604337,-11.59958,-3.7867386,-2.0728924,3,walking
1519421604341,-11.609155,-3.9207826,-2.1111906,3,walking
1519421604347,-11.609155,-3.9207826,-2.1973617,3,walking
1519421604357,-11.542132,-3.6335456,-2.5228968,3,walking
1519421604362,-11.398514,-3.5090764,-2.5994933,3,walking
1519421604367,-11.26447,-3.4707782,-2.6377914,3,walking
1519421604372,-11.187874,-3.1165195,-2.8101335,3,walking
1519421604378,-11.05383,-2.9346027,-2.7814097,3,walking
1519421604383,-10.804892,-2.714388,-2.733537,3,walking
1519421604388,-10.239992,-2.5420458,-2.7048132,3,walking
1519421604393,-10.000628,-2.5707695,-2.7431116,3,walking
1519421604398,-9.943181,-2.475024,-2.7718353,3,walking
1519421604403,-9.761265,-2.254809,-2.5516202,3,walking
1519421604408,-9.579348,-2.0728924,-2.4175766,3,walking
1519421604413,-9.349558,-1.9101248,-2.2069361,3,walking
1519421604418,-9.148493,-1.7377827,-2.034594,3,walking
1519421604427,-9.043172,-1.3452257,-1.5367169,3,walking
1519421604431,-9.014449,-1.2494801,-1.3643749,3,walking
1519421604436,-8.899554,-1.2494801,-1.2399056,3,walking
1519421604440,-8.899554,-1.2494801,-1.2399056,3,walking
1519421604445,-8.545295,-1.1920328,-1.1728836,3,walking
1519421604450,-8.315506,-1.1824582,-1.1058618,3,walking
1519421604455,-7.9899707,-1.2877784,-1.1920328,3,walking
1519421604460,-7.961247,-1.2973529,-1.2303311,3,walking
1519421604465,-7.846352,-1.5175679,-1.2399056,3,walking
1519421604471,-7.846352,-1.5654407,-1.3260766,3,walking
1519421604476,-7.808054,-1.622888,-1.3165021,3,walking
1519421604481,-7.721883,-1.5271424,-1.3548003,3,walking
1519421604486,-7.6740103,-1.5941644,-1.3739494,3,walking
1519421604491,-7.635712,-1.6611862,-1.4313968,3,walking
1519421604496,-7.6740103,-1.776081,-1.5175679,3,walking
1519421604501,-7.808054,-1.9962958,-1.709059,3,walking
1519421604506,-7.846352,-2.0728924,-1.776081,3,walking
1519421604511,-7.808054,-2.1303396,-1.8239537,3,walking
1519421604516,-7.8367777,-2.2835326,-2.0058703,3,walking
1519421604521,-7.846352,-2.2739582,-2.034594,3,walking
1519421604526,-7.875076,-2.3505547,-2.1111906,3,walking
1519421604531,-7.9133744,-2.3697038,-2.1973617,3,walking
1519421604536,-7.9325233,-2.475024,-2.254809,3,walking
1519421604541,-7.961247,-2.475024,-2.2739582,3,walking
1519421604547,-7.999545,-2.4558747,-2.321831,3,walking
1519421604552,-7.9133744,-2.4175766,-2.360129,3,walking
1519421604557,-7.855927,-2.3792782,-2.3792782,3,walking
1519421604567,-7.8176284,-2.34098,-2.321831,3,walking
1519421604572,-7.7793303,-2.3122563,-2.2931073,3,walking
1519421604577,-7.7506065,-2.2931073,-2.3122563,3,walking
1519421604586,-7.6835847,-2.2452345,-2.2643836,3,walking
1519421604590,-7.6740103,-2.2165108,-2.2356598,3,walking
1519421604595,-7.6261373,-2.1782124,-2.2260852,3,walking
1519421604600,-7.5303917,-2.1399143,-2.1590633,3,walking
1519421604605,-7.549541,-2.1207652,-2.2165108,3,walking
1519421604610,-7.434646,-2.0824668,-2.1782124,3,walking
1519421604616,-7.482519,-2.0728924,-2.1782124,3,walking
1519421604620,-7.4442205,-2.015445,-2.2356598,3,walking
1519421604625,-7.396348,-1.9675722,-2.254809,3,walking
1519421604631,-7.434646,-1.929274,-2.2931073,3,walking
1519421604636,-7.482519,-1.9005502,-2.3505547,3,walking
1519421604641,-7.6452866,-1.8048047,-2.513322,3,walking
1519421604646,-7.721883,-1.8143792,-2.5037475,3,walking
1519421604651,-7.8176284,-1.79523,-2.580344,3,walking
1519421604657,-7.9708214,-1.79523,-2.5324712,3,walking
1519421604661,-8.066567,-1.8335283,-2.5516202,3,walking
1519421604667,-8.171887,-1.8143792,-2.5707695,3,walking
1519421604677,-8.44955,-1.9867213,-2.513322,3,walking
1519421604681,-8.535721,-2.0920415,-2.4367256,3,walking
1519421604686,-8.602742,-2.187787,-2.3697038,3,walking
1519421604695,-8.717637,-2.4654493,-2.1782124,3,walking
1519421604699,-8.813383,-2.5420458,-2.1973617,3,walking
1519421604704,-8.947427,-2.6856642,-2.0824668,3,walking
1519421604709,-9.0814705,-2.8771553,-1.9867213,3,walking
1519421604715,-9.100619,-2.9824755,-1.8814012,3,walking
1519421604720,-9.18679,-3.0303483,-1.8431029,3,walking
1519421604724,-9.18679,-3.0303483,-1.8431029,3,walking
1519421604729,-9.301685,-3.078221,-1.79523,3,walking
1519421604734,-9.320834,-2.9824755,-1.7856555,3,walking
1519421604739,-9.29211,-3.039923,-1.776081,3,walking
1519421604744,-9.263388,-2.8484318,-1.8239537,3,walking
1519421604750,-9.215514,-2.800559,-1.8335283,3,walking
1519421604754,-9.148493,-2.7622607,-1.8143792,3,walking
1519421604759,-9.167642,-2.6090677,-1.8143792,3,walking
1519421604764,-9.20594,-2.4558747,-1.79523,3,walking
1519421604769,-9.253813,-2.3984275,-1.776081,3,walking
1519421604774,-9.272962,-2.3888528,-1.6803354,3,walking
1519421604779,-9.320834,-2.3697038,-1.622888,3,walking
1519421604785,-9.397431,-2.4463003,-1.3739494,3,walking
1519421604789,-9.426155,-2.5037475,-1.2111819,3,walking
1519421604794,-9.445304,-2.5324712,-1.0196906,3,walking
1519421604799,-9.474028,-2.6569405,-0.70373017,3,walking
1519421604804,-9.512326,-2.7431116,-0.56968635,3,walking
1519421604810,-9.560199,-2.8292825,-0.40691882,3,walking
1519421604814,-9.914457,-2.8771553,-0.10053288,3,walking
1519421604820,-10.2016945,-2.8580062,-0.09095833,3,walking
1519421604824,-11.293194,-2.6569405,-0.26330042,3,walking
1519421604829,-11.293194,-2.6569405,-0.26330042,3,walking
1519421604834,-12.470865,-2.4463003,-0.44521707,3,walking
1519421604841,-13.255979,-2.360129,-0.77075213,3,walking
1519421604846,-13.437896,-2.3314054,-0.8856468,3,walking
1519421604850,-13.437896,-2.3314054,-0.8856468,3,walking
1519421604855,-13.255979,-2.2931073,-0.8952214,3,walking
1519421604859,-12.968742,-2.2356598,-0.8090504,3,walking
1519421604893,-9.18679,-1.3739494,-0.76117754,3,walking
1519421604900,-8.842107,-1.2973529,-0.78032666,3,walking
1519421604908,-8.143164,-1.0005416,-1.0579889,3,walking
1519421604915,-7.9803963,-0.8760723,-1.2399056,3,walking
1519421604919,-7.9803963,-0.8760723,-1.2399056,3,walking
1519421604924,-8.32508,-0.751603,-1.5079932,3,walking
1519421604929,-8.621892,-0.7228793,-1.6037389,3,walking
1519421604934,-9.158067,-0.59841,-1.7377827,3,walking
1519421604939,-9.732541,-0.512239,-1.8526775,3,walking
1519421604946,-11.398514,-0.64628285,-2.0537431,3,walking
1519421604950,-11.867668,-0.7420284,-2.149489,3,walking
1519421604955,-12.231501,-0.9526688,-2.1111906,3,walking
1519421604998,-11.791071,-2.8292825,-2.0728924,3,walking
1519421605006,-11.38894,-2.733537,-2.034594,3,walking
1519421605013,-10.986808,-2.6952388,-1.9196993,3,walking
1519421605019,-10.795317,-2.666515,-1.8431029,3,walking
1519421605024,-10.584677,-2.666515,-1.8335283,3,walking
1519421605029,-10.584677,-2.666515,-1.8335283,3,walking
1519421605036,-9.598496,-2.6282167,-1.469695,3,walking
1519421605040,-9.598496,-2.6282167,-1.469695,3,walking
1519421605045,-9.20594,-2.6760898,-1.2973529,3,walking
1519421605049,-9.024023,-2.6760898,-1.2494801,3,walking
1519421605054,-8.909128,-2.666515,-1.2207564,3,walking
1519421605059,-8.688913,-2.6760898,-1.2016073,3,walking
1519421605064,-8.353804,-2.733537,-1.1728836,3,walking
1519421605070,-8.124015,-2.7622607,-1.2016073,3,walking
1519421605075,-7.8367777,-2.819708,-1.1537346,3,walking
1519421605079,-7.8367777,-2.819708,-1.1537346,3,walking
1519421605084,-7.5591154,-2.800559,-1.1154363,3,walking
1519421605089,-7.46337,-2.7814097,-1.1058618,3,walking
1519421605094,-7.243155,-2.7431116,-1.1058618,3,walking
1519421605099,-7.243155,-2.7431116,-1.1058618,3,walking
1519421605105,-7.1474094,-2.8580062,-1.1345854,3,walking
1519421605109,-7.195282,-2.9346027,-1.1824582,3,walking
1519421605114,-7.2623043,-2.9920502,-1.2590547,3,walking
1519421605119,-7.2623043,-2.9920502,-1.2590547,3,walking
1519421605125,-7.4537954,-3.0303483,-1.2207564,3,walking
1519421605129,-7.46337,-3.020774,-1.1728836,3,walking
1519421605135,-7.4920936,-3.0016246,-1.1250108,3,walking
1519421605144,-7.587839,-3.0494976,-1.0101161,3,walking
1519421605149,-7.635712,-3.078221,-0.8856468,3,walking
1519421605154,-7.7506065,-3.039923,-0.8281995,3,walking
1519421605160,-7.769756,-2.9346027,-0.7420284,3,walking
1519421605165,-7.7793303,-2.8771553,-0.7228793,3,walking
1519421605170,-7.7601814,-2.7239625,-0.6845811,3,walking
1519421605175,-7.8176284,-2.647366,-0.70373017,3,walking
1519421605180,-7.7984796,-2.5324712,-0.70373017,3,walking
1519421605185,-7.855927,-2.494173,-0.7420284,3,walking
1519421605196,-7.922949,-2.360129,-0.751603,3,walking
1519421605200,-7.9516726,-2.3792782,-0.7228793,3,walking
1519421605206,-8.037844,-2.3792782,-0.751603,3,walking
1519421605216,-8.2676325,-2.3888528,-0.69415563,3,walking
1519421605221,-8.334655,-2.3888528,-0.64628285,3,walking
1519421605226,-8.506997,-2.4845984,-0.6271337,3,walking
1519421605231,-8.602742,-2.513322,-0.59841,3,walking
1519421605236,-8.688913,-2.513322,-0.56968635,3,walking
1519421605246,-8.765511,-2.6377914,-0.4835153,3,walking
1519421605251,-8.765511,-2.6186423,-0.42606795,3,walking
1519421605256,-8.803808,-2.6090677,-0.4164934,3,walking
1519421605265,-8.784659,-2.475024,-0.26330042,3,walking
1519421605269,-8.717637,-2.4463003,-0.23457673,3,walking
1519421605274,-8.755936,-2.4175766,-0.13883112,3,walking
1519421605279,-8.755936,-2.4175766,-0.13883112,3,walking
1519421605284,-8.746361,-2.3314054,-0.0718092,3,walking
1519421605289,-8.7750845,-2.3314054,-0.043085523,3,walking
1519421605294,-8.822957,-2.2931073,0.00478728,3,walking
1519421605299,-8.803808,-2.3122563,0.0,3,walking
1519421605304,-8.822957,-2.2643836,-0.00478728,3,walking
1519421605309,-8.851681,-2.1590633,-0.043085523,3,walking
1519421605314,-8.822957,-2.015445,-0.12925656,3,walking
1519421605319,-8.851681,-1.9196993,-0.15798025,3,walking
1519421605324,-8.937852,-1.8143792,-0.23457673,3,walking
1519421605329,-8.995299,-1.776081,-0.33032233,3,walking
1519421605333,-9.158067,-1.6707608,-0.37819514,3,walking
1519421605339,-9.177217,-1.622888,-0.44521707,3,walking
1519421605344,-9.244238,-1.6133134,-0.45479164,3,walking
1519421605349,-9.359133,-1.5462915,-0.56968635,3,walking
1519421605355,-9.3878565,-1.5271424,-0.61755913,3,walking
1519421605360,-9.445304,-1.4888442,-0.63670826,3,walking
1519421605365,-9.512326,-1.4792696,-0.61755913,3,walking
1519421605375,-9.75169,-1.6420372,-0.8090504,3,walking
1519421605380,-9.8953085,-1.7186337,-0.9718179,3,walking
1519421605385,-10.038927,-1.79523,-1.0867126,3,walking
1519421605390,-10.345312,-1.9771467,-1.2303311,3,walking
1519421605396,-10.5080805,-2.0537431,-1.3452257,3,walking
1519421605401,-10.680422,-2.1207652,-1.4218222,3,walking
1519421605406,-11.130426,-2.321831,-1.5175679,3,walking
1519421605413,-11.312344,-2.3697038,-1.5271424,3,walking
1519421605419,-11.551707,-2.4558747,-1.5367169,3,walking
1519421605424,-11.819795,-2.4558747,-1.4122477,3,walking
1519421605429,-11.925115,-2.408002,-1.3452257,3,walking
1519421605435,-12.126181,-2.2643836,-1.2016073,3,walking
1519421605439,-12.212352,-2.187787,-1.14416,3,walking
1519421605445,-12.174053,-1.7856555,-1.0867126,3,walking
1519421605450,-12.068733,-1.6133134,-1.0388398,3,walking
1519421605455,-12.030436,-1.3930986,-1.1250108,3,walking
1519421605465,-11.810221,-0.78990126,-1.1824582,3,walking
1519421605469,-11.810221,-0.78990126,-1.1824582,3,walking
1519421605474,-11.455961,-0.2441513,-1.2111819,3,walking
1519421605480,-11.26447,0.03351096,-1.2111819,3,walking
1519421605484,-11.187874,0.5888355,-1.5558661,3,walking
1519421605488,-11.187874,0.5888355,-1.5558661,3,walking
1519421605493,-12.049584,0.99096704,-2.5516202,3,walking
1519421605498,-12.786825,1.0101161,-3.0494976,3,walking
1519421605508,-13.974071,0.751603,-3.6335456,3,walking
1519421605513,-14.136839,-0.16755481,-3.4324799,3,walking
1519421605519,-13.964497,-0.78032666,-3.173967,3,walking
1519421605524,-13.7730055,-1.3260766,-2.9346027,3,walking
1519421605560,-11.379365,-4.8303657,-2.7622607,3,walking
1519421605568,-11.140001,-4.5239797,-3.1069448,3,walking
1519421605576,-11.005958,-4.342063,-3.2888615,3,walking
1519421605583,-10.785743,-3.9686553,-3.4707782,3,walking
1519421605588,-10.71872,-3.7388659,-3.5856729,3,walking
1519421605593,-10.689997,-3.2218397,-3.7867386,3,walking
1519421605599,-10.689997,-3.2218397,-3.7867386,3,walking
1519421605604,-10.766593,-2.6569405,-3.8537605,3,walking
1519421605609,-10.766593,-2.3984275,-3.8537605,3,walking
1519421605614,-10.747444,-2.2165108,-3.8537605,3,walking
1519421605618,-10.814466,-2.0441687,-3.8824842,3,walking
1519421605624,-10.804892,-1.7665064,-3.7484405,3,walking
1519421605628,-10.757019,-1.6611862,-3.6143966,3,walking
1519421605634,-10.804892,-1.5558661,-3.5090764,3,walking
1519421605639,-10.862339,-1.5175679,-3.5090764,3,walking
1519421605644,-10.910212,-1.469695,-3.4420545,3,walking
1519421605648,-10.843189,-1.4792696,-3.346309,3,walking
1519421605654,-10.651698,-1.6516117,-3.1069448,3,walking
1519421605659,-10.469782,-1.8048047,-2.9824755,3,walking
1519421605663,-10.144247,-2.2069361,-2.7814097,3,walking
1519421605669,-10.144247,-2.2069361,-2.7814097,3,walking
1519421605673,-9.7899885,-2.580344,-2.5707695,3,walking
1519421605678,-9.54105,-2.7431116,-2.4558747,3,walking
1519421605684,-9.148493,-2.905879,-2.3505547,3,walking
1519421605689,-9.148493,-2.905879,-2.3505547,3,walking
1519421605694,-8.918703,-2.7622607,-2.580344,3,walking
1519421605699,-8.755936,-2.6377914,-2.5899186,3,walking
1519421605705,-8.602742,-2.5037475,-2.666515,3,walking
1519421605713,-8.296356,-2.4463003,-2.9346027,3,walking
1519421605718,-8.2676325,-2.3888528,-2.9441774,3,walking
1519421605723,-8.353804,-2.1207652,-3.2026904,3,walking
1519421605729,-8.305931,-1.9388485,-3.2984362,3,walking
1519421605734,-8.21976,-1.776081,-3.3941817,3,walking
1519421605739,-8.152739,-1.6133134,-3.4133308,3,walking
1519421605744,-8.056993,-1.3548003,-3.4899273,3,walking
1519421605749,-8.00912,-1.2590547,-3.5090764,3,walking
1519421605754,-7.8655014,-1.2207564,-3.4420545,3,walking
1519421605758,-7.8655014,-1.2207564,-3.4420545,3,walking
1519421605763,-7.8655014,-1.2207564,-3.4420545,3,walking
1519421605771,-7.6835847,-1.2016073,-3.2505634,3,walking
1519421605775,-7.587839,-1.1633091,-3.2218397,3,walking
1519421605785,-7.176133,-1.3930986,-3.212265,3,walking
1519421605791,-7.1186857,-1.5079932,-3.2409887,3,walking
1519421605796,-7.1186857,-1.6133134,-3.2888615,3,walking
1519421605806,-6.984642,-1.948423,-3.3271596,3,walking
1519421605815,-6.8888965,-2.0537431,-3.3558834,3,walking
1519421605819,-6.9271946,-2.0728924,-3.4133308,3,walking
1519421605824,-6.975067,-2.0537431,-3.451629,3,walking
1519421605831,-7.089962,-2.187787,-3.5665238,3,walking
1519421605836,-7.1474094,-2.2643836,-3.5473747,3,walking
1519421605841,-7.1857076,-2.3026817,-3.5665238,3,walking
1519421605846,-7.2335806,-2.360129,-3.5952475,3,walking
1519421605856,-7.2718787,-2.408002,-3.5090764,3,walking
1519421605861,-7.3197513,-2.408002,-3.5282254,3,walking
1519421605866,-7.3676243,-2.3984275,-3.4707782,3,walking
1519421605875,-7.4537954,-2.2260852,-3.3367343,3,walking
1519421605881,-7.482519,-2.1399143,-3.2792869,3,walking
1519421605886,-7.4537954,-2.0633178,-3.2792869,3,walking
1519421605896,-7.3867736,-1.8239537,-3.1835413,3,walking
1519421605906,-7.3676243,-1.6707608,-3.126094,3,walking
1519421605911,-7.3676243,-1.5941644,-3.1069448,3,walking
1519421605917,-7.3676243,-1.5271424,-3.1452432,3,walking
1519421605921,-7.3676243,-1.4218222,-3.0973704,3,walking
1519421605927,-7.3867736,-1.3643749,-3.1069448,3,walking
1519421605931,-7.3867736,-1.3165021,-3.1452432,3,walking
1519421605936,-7.4154973,-1.2590547,-3.1452432,3,walking
1519421605946,-7.4729443,-1.2686293,-3.2218397,3,walking
1519421605951,-7.5303917,-1.3069274,-3.2409887,3,walking
1519421605957,-7.549541,-1.3548003,-3.2505634,3,walking
1519421605961,-7.664436,-1.4026731,-3.2697124,3,walking
1519421605967,-7.741032,-1.5271424,-3.2984362,3,walking
1519421605972,-7.8272033,-1.622888,-3.2697124,3,walking
1519421605977,-7.8846507,-1.6899099,-3.2792869,3,walking
1519421605982,-7.9516726,-1.7569319,-3.2888615,3,walking
1519421605987,-8.047418,-1.8143792,-3.2601378,3,walking
1519421605991,-8.11444,-1.9005502,-3.2409887,3,walking
1519421605996,-8.305931,-1.9675722,-3.231414,3,walking
1519421606001,-8.4686985,-2.015445,-3.2026904,3,walking
1519421606007,-8.583593,-2.0537431,-3.2409887,3,walking
1519421606012,-8.966576,-2.0728924,-3.193116,3,walking
1519421606017,-9.110194,-2.0633178,-3.1835413,3,walking
1519421606022,-9.29211,-2.0920415,-3.212265,3,walking
1519421606027,-9.474028,-2.1207652,-3.2409887,3,walking
1519421606032,-9.847435,-2.0441687,-3.2601378,3,walking
1519421606039,-10.307014,-1.9771467,-3.2984362,3,walking
1519421606045,-10.565528,-1.9388485,-3.3271596,3,walking
1519421606056,-11.235746,-1.7569319,-3.212265,3,walking
1519421606061,-11.398514,-1.6994845,-3.1548176,3,walking
1519421606066,-11.628304,-1.6994845,-2.9250283,3,walking
1519421606071,-11.695326,-1.6420372,-2.8388572,3,walking
1519421606077,-11.762347,-1.622888,-2.7048132,3,walking
1519421606081,-11.781497,-1.5367169,-2.475024,3,walking
1519421606086,-11.743198,-1.4984187,-2.3792782,3,walking
1519421606091,-11.7049,-1.4409714,-2.2643836,3,walking
1519421606095,-11.637878,-1.4026731,-2.187787,3,walking
1519421606105,-11.28362,-1.1633091,-2.0058703,3,walking
1519421606110,-11.092129,-1.0771381,-1.9771467,3,walking
1519421606115,-10.938935,-0.9526688,-1.9196993,3,walking
1519421606125,-10.412334,-0.6558574,-1.7473572,3,walking
1519421606130,-10.259142,-0.56011176,-1.709059,3,walking
1519421606135,-10.077225,-0.5218136,-1.6707608,3,walking
1519421606142,-9.770839,-0.512239,-1.5367169,3,walking
1519421606147,-9.636795,-0.56968635,-1.3739494,3,walking
1519421606153,-9.426155,-0.64628285,-1.1154363,3,walking
1519421606161,-9.397431,-0.751603,-0.92394507,3,walking
1519421606167,-9.41658,-0.7994758,-0.8473486,3,walking
1519421606172,-9.569773,-0.78990126,-0.83777404,3,walking
1519421606177,-10.182545,-0.71330476,-1.0579889,3,walking
1519421606182,-11.034681,-0.76117754,-1.3739494,3,walking
1519421606187,-11.034681,-0.76117754,-1.3739494,3,walking
1519421606192,-11.676176,-0.99096704,-1.5845897,3,walking
1519421606197,-11.82937,-1.1345854,-1.5941644,3,walking
1519421606203,-11.963413,-1.5079932,-1.6420372,3,walking
1519421606210,-11.886817,-1.8909757,-1.7282082,3,walking
1519421606215,-11.810221,-2.1111906,-1.7569319,3,walking
1519421606220,-11.618729,-2.2356598,-1.6324625,3,walking
1519421606225,-11.293194,-2.408002,-1.5462915,3,walking
1519421606231,-10.680422,-2.647366,-1.383524,3,walking
1519421606236,-10.287866,-2.6952388,-1.1728836,3,walking
1519421606241,-9.837861,-2.8292825,-1.0005416,3,walking
1519421606246,-9.177217,-2.905879,-0.76117754,3,walking
1519421606251,-8.937852,-2.905879,-0.76117754,3,walking
1519421606257,-8.679339,-2.8484318,-0.6750065,3,walking
1519421606261,-8.152739,-2.666515,-0.56011176,3,walking
1519421606266,-7.961247,-2.5516202,-0.56968635,3,walking
1519421606275,-7.7793303,-2.4845984,-0.50266445,3,walking
1519421606284,-8.258059,-2.408002,-0.71330476,3,walking
1519421606290,-8.497422,-2.4367256,-0.8281995,3,walking
1519421606295,-8.851681,-2.3888528,-1.0675635,3,walking
1519421606305,-10.058076,-2.513322,-1.6516117,3,walking
1519421606310,-10.488931,-2.5516202,-1.7665064,3,walking
1519421606314,-10.900637,-2.714388,-1.9101248,3,walking
1519421606321,-11.637878,-2.9824755,-1.9101248,3,walking
1519421606326,-12.001712,-3.212265,-1.8239537,3,walking
1519421606331,-12.719804,-3.384607,-1.6994845,3,walking
1519421606336,-13.00704,-3.451629,-1.4601204,3,walking
1519421606340,-13.102786,-3.384607,-1.2686293,3,walking
1519421606345,-12.997466,-3.2984362,-1.1250108,3,walking
1519421606372,-12.221927,-1.4122477,-1.5462915,3,walking
1519421606377,-12.097457,-1.1154363,-1.5175679,3,walking
1519421606382,-11.800646,-0.4164934,-1.5175679,3,walking
1519421606391,-11.417664,0.23457673,-1.4505459,3,walking
1519421606396,-11.187874,0.46436617,-1.3356512,3,walking
1519421606401,-10.766593,0.751603,-1.3452257,3,walking
1519421606406,-10.6134,0.8952214,-1.3643749,3,walking
1519421606411,-10.412334,0.93351966,-1.4122477,3,walking
1519421606415,-10.239992,0.9430942,-1.4313968,3,walking
1519421606424,-9.809137,0.92394507,-1.3930986,3,walking
1519421606430,-9.2825365,0.6558574,-1.4026731,3,walking
1519421606435,-9.062322,0.4356425,-1.3643749,3,walking
1519421606444,-8.535721,0.03351096,-1.1824582,3,walking
1519421606450,-8.334655,-0.081383765,-1.1728836,3,walking
1519421606454,-8.200611,-0.22500217,-1.1633091,3,walking
1519421606465,-7.7793303,-0.70373017,-1.1154363,3,walking
1519421606475,-7.5782647,-1.0867126,-1.0771381,3,walking
1519421606481,-7.35805,-1.3739494,-1.0579889,3,walking
1519421606486,-7.2623043,-1.469695,-1.0388398,3,walking
1519421606491,-7.1665583,-1.4888442,-0.9718179,3,walking
1519421606496,-7.02294,-1.3930986,-0.91437054,3,walking
1519421606501,-6.9942164,-1.2782038,-0.8664977,3,walking
1519421606505,-6.8793216,-1.1824582,-0.8760723,3,walking
1519421606515,-6.716554,-1.0005416,-1.0867126,3,walking
1519421606520,-6.668681,-1.0292653,-1.2303311,3,walking
1519421606525,-6.639958,-1.1537346,-1.2590547,3,walking
1519421606530,-6.6591067,-1.4505459,-1.4505459,3,walking
1519421606536,-6.6495323,-1.6899099,-1.5654407,3,walking
1519421606540,-6.678256,-1.9196993,-1.6420372,3,walking
1519421606545,-6.7069798,-2.1590633,-1.6994845,3,walking
1519421606554,-6.783576,-2.7622607,-1.776081,3,walking
1519421606559,-6.850598,-2.88673,-1.7282082,3,walking
1519421606565,-6.8888965,-3.0111992,-1.7665064,3,walking
1519421606570,-7.0708127,-3.173967,-1.7569319,3,walking
1519421606576,-7.195282,-3.173967,-1.8431029,3,walking
1519421606581,-7.4250717,-3.1835413,-2.0728924,3,walking
1519421606586,-7.5399666,-3.1548176,-2.101616,3,walking
1519421606591,-7.5974135,-3.1356685,-2.1590633,3,walking
1519421606596,-7.664436,-3.1069448,-2.1399143,3,walking
1519421606601,-7.7506065,-2.9920502,-2.1303396,3,walking
1519421606606,-7.788905,-2.8963046,-2.1399143,3,walking
1519421606611,-7.8367777,-2.819708,-2.1399143,3,walking
1519421606616,-7.8176284,-2.752686,-2.187787,3,walking
1519421606621,-7.9420977,-2.6760898,-2.0633178,3,walking
1519421606626,-7.9708214,-2.6282167,-2.0441687,3,walking
1519421606631,-8.037844,-2.4175766,-1.948423,3,walking
1519421606636,-8.037844,-2.4175766,-1.948423,3,walking
1519421606641,-8.124015,-2.2165108,-1.8718265,3,walking
1519421606646,-8.133589,-2.0728924,-1.8143792,3,walking
1519421606651,-8.286782,-1.8048047,-1.6899099,3,walking
1519421606656,-8.286782,-1.8048047,-1.6899099,3,walking
1519421606661,-8.334655,-1.5079932,-1.5845897,3,walking
1519421606666,-8.353804,-1.383524,-1.5558661,3,walking
1519421606671,-8.411251,-1.1058618,-1.4792696,3,walking
1519421606676,-8.497422,-1.0292653,-1.383524,3,walking
1519421606681,-8.55487,-0.98139244,-1.3165021,3,walking
1519421606686,-8.66019,-0.8760723,-1.2877784,3,walking
1519421606691,-8.755936,-0.77075213,-1.2973529,3,walking
1519421606696,-8.822957,-0.7228793,-1.2782038,3,walking
1519421606701,-8.870831,-0.69415563,-1.2494801,3,walking
1519421606706,-8.870831,-0.69415563,-1.2494801,3,walking
1519421606711,-8.947427,-0.751603,-1.2782038,3,walking
1519421606717,-9.024023,-0.77075213,-1.2973529,3,walking
1519421606722,-9.062322,-0.8281995,-1.3452257,3,walking
1519421606726,-9.062322,-0.8281995,-1.3452257,3,walking
1519421606731,-9.263388,-1.0771381,-1.4505459,3,walking
1519421606735,-9.31126,-1.1345854,-1.5079932,3,walking
1519421606740,-9.378282,-1.2686293,-1.4984187,3,walking
1519421606745,-9.493176,-1.4888442,-1.6037389,3,walking
1519421606750,-9.54105,-1.5941644,-1.6803354,3,walking
1519421606755,-9.761265,-1.7186337,-1.7856555,3,walking
1519421606760,-10.105948,-1.8909757,-1.8431029,3,walking
1519421606765,-10.316589,-1.9675722,-1.9101248,3,walking
1519421606770,-10.479357,-1.9962958,-1.9579976,3,walking
1519421606775,-10.622974,-2.0058703,-2.0250196,3,walking
1519421606780,-10.967659,-2.0728924,-2.0728924,3,walking
1519421606784,-11.15915,-2.0633178,-2.1111906,3,walking
1519421606789,-11.274045,-2.0728924,-2.034594,3,walking
1519421606794,-11.398514,-2.101616,-1.9962958,3,walking
1519421606804,-11.590006,-2.0058703,-1.9579976,3,walking
1519421606809,-11.609155,-1.9101248,-1.8718265,3,walking
1519421606814,-11.580431,-1.8143792,-1.8143792,3,walking
1519421606820,-11.446387,-1.6707608,-1.8718265,3,walking
1519421606825,-11.446387,-1.6133134,-2.101616,3,walking
1519421606834,-11.207023,-1.5462915,-2.034594,3,walking
1519421606840,-10.785743,-1.3548003,-1.9388485,3,walking
1519421606845,-10.546378,-1.1920328,-2.015445,3,walking
1519421606854,-9.971905,-1.0101161,-1.9579976,3,walking
1519421606860,-9.904882,-0.9430942,-2.0633178,3,walking
1519421606865,-9.885734,-0.8952214,-2.1303396,3,walking
1519421606870,-10.211268,-0.76117754,-2.427151,3,walking
1519421606875,-10.584677,-0.7324539,-2.6186423,3,walking
1519421606880,-11.072979,-0.7994758,-2.7239625,3,walking
1519421606885,-11.647452,-0.93351966,-2.800559,3,walking
1519421606891,-12.365545,-1.5271424,-2.5707695,3,walking
1519421606896,-12.576185,-1.862252,-2.3984275,3,walking
1519421606900,-12.643207,-2.254809,-2.3026817,3,walking
1519421606905,-12.719804,-2.580344,-2.1590633,3,walking
1519421606910,-12.681505,-3.1835413,-1.8431029,3,walking
1519421606915,-12.58576,-3.451629,-1.7377827,3,walking
1519421606919,-12.375119,-3.7484405,-1.6516117,3,walking
1519421606942,-10.412334,-3.758015,-1.5845897,3,walking
1519421606951,-10.125097,-3.5090764,-1.5558661,3,walking
1519421606959,-9.560199,-2.6760898,-1.6994845,3,walking
1519421606965,-9.474028,-2.3792782,-1.776081,3,walking
1519421606974,-9.636795,-1.7473572,-2.015445,3,walking
1519421606980,-9.85701,-1.1345854,-2.2165108,3,walking
1519421606984,-10.038927,-0.8664977,-2.3888528,3,walking
1519421606989,-10.268716,-0.59841,-2.5420458,3,walking
1519421606994,-10.517654,-0.39734426,-2.647366,3,walking
1519421607000,-11.149575,-0.0718092,-2.8292825,3,walking
1519421607006,-11.465536,0.043085523,-2.9441774,3,walking
1519421607011,-11.781497,0.13883112,-2.972901,3,walking
1519421607016,-12.202777,0.20585304,-2.9824755,3,walking
1519421607021,-12.442142,0.15798025,-3.039923,3,walking
1519421607026,-12.442142,0.15798025,-3.039923,3,walking
1519421607032,-12.451715,-0.13883112,-2.867581,3,walking
1519421607037,-12.394268,-0.34947145,-2.6952388,3,walking
1519421607042,-12.174053,-0.85692316,-2.494173,3,walking
1519421607049,-11.982562,-1.3739494,-2.3792782,3,walking
1519421607055,-11.896391,-1.5367169,-2.2643836,3,walking
1519421607059,-11.72405,-1.6707608,-2.1207652,3,walking
1519421607065,-11.513409,-1.8239537,-2.0441687,3,walking
1519421607070,-11.044255,-1.929274,-1.9005502,3,walking
1519421607075,-10.833615,-2.0537431,-1.9005502,3,walking
1519421607080,-10.661273,-2.1111906,-2.0058703,3,walking
1519421607085,-10.469782,-2.0920415,-2.015445,3,walking
1519421607090,-9.837861,-2.0537431,-1.9771467,3,walking
1519421607095,-9.550624,-1.9867213,-2.0824668,3,walking
1519421607100,-9.158067,-1.8143792,-2.1590633,3,walking
1519421607105,-8.995299,-1.7377827,-2.1973617,3,walking
1519421607110,-8.880404,-1.5941644,-2.101616,3,walking
1519421607116,-8.679339,-1.4888442,-2.1111906,3,walking
1519421607120,-8.32508,-1.3165021,-1.9388485,3,walking
1519421607126,-8.171887,-1.3260766,-1.929274,3,walking
1519421607131,-8.095291,-1.2973529,-1.9867213,3,walking
1519421607136,-8.018694,-1.2782038,-2.0633178,3,walking
1519421607140,-7.8272033,-1.1824582,-2.034594,3,walking
1519421607146,-7.7793303,-1.1345854,-2.015445,3,walking
1519421607151,-7.7793303,-1.0675635,-2.0728924,3,walking
1519421607156,-7.6261373,-0.98139244,-2.0250196,3,walking
1519421607161,-7.549541,-0.90479594,-1.9196993,3,walking
1519421607166,-7.549541,-0.90479594,-1.9196993,3,walking
1519421607172,-7.511243,-0.78032666,-1.9388485,3,walking
1519421607180,-7.3389006,-0.70373017,-1.8718265,3,walking
1519421607185,-7.2718787,-0.59841,-1.8239537,3,walking
1519421607190,-7.243155,-0.4835153,-1.5845897,3,walking
1519421607195,-7.243155,-0.512239,-1.5271424,3,walking
1519421607200,-7.2718787,-0.5888355,-1.5750152,3,walking
1519421607204,-7.1857076,-0.665432,-1.6803354,3,walking
1519421607209,-7.204857,-0.5888355,-1.5271424,3,walking
1519421607214,-7.310177,-0.5218136,-1.5654407,3,walking
1519421607219,-7.3197513,-0.56968635,-1.6324625,3,walking
1519421607224,-7.4442205,-0.59841,-1.6516117,3,walking
1519421607229,-7.482519,-0.6558574,-1.6803354,3,walking
1519421607235,-7.4920936,-0.665432,-1.6803354,3,walking
1519421607240,-7.501668,-0.7228793,-1.7186337,3,walking
1519421607245,-7.635712,-0.78990126,-1.7282082,3,walking
1519421607250,-7.7601814,-1.0196906,-1.776081,3,walking
1519421607255,-7.8367777,-1.2207564,-1.8526775,3,walking
1519421607259,-7.846352,-1.469695,-1.9579976,3,walking
1519421607264,-7.8176284,-1.5750152,-1.8431029,3,walking
1519421607269,-7.8655014,-1.6707608,-1.929274,3,walking
1519421607274,-7.894225,-1.776081,-1.9675722,3,walking
1519421607283,-7.788905,-2.0441687,-1.9675722,3,walking
1519421607289,-7.7984796,-2.0728924,-2.034594,3,walking
1519421607294,-7.7601814,-2.101616,-2.101616,3,walking
1519421607304,-7.6452866,-2.1111906,-2.1207652,3,walking
1519421607309,-7.635712,-2.101616,-2.1207652,3,walking
1519421607314,-7.6452866,-2.0728924,-2.1207652,3,walking
1519421607319,-7.635712,-2.1111906,-2.2165108,3,walking
1519421607324,-7.635712,-2.101616,-2.187787,3,walking
1519421607333,-7.7506065,-2.149489,-2.1973617,3,walking
1519421607340,-7.788905,-2.2069361,-2.2452345,3,walking
1519421607345,-7.8272033,-2.2356598,-2.2260852,3,walking
1519421607350,-7.875076,-2.2643836,-2.1399143,3,walking
1519421607356,-7.8846507,-2.2739582,-2.0920415,3,walking
1519421607360,-7.961247,-2.2260852,-1.9962958,3,walking
1519421607366,-7.961247,-2.2260852,-1.9962958,3,walking
1519421607371,-7.9325233,-2.1111906,-1.929274,3,walking
1519421607376,-7.999545,-2.0441687,-1.9005502,3,walking
1519421607381,-8.028269,-2.015445,-1.9196993,3,walking
1519421607386,-8.1623125,-1.948423,-1.9675722,3,walking
1519421607391,-8.210186,-1.8718265,-1.948423,3,walking
1519421607398,-8.353804,-1.8431029,-2.0058703,3,walking
1519421607404,-8.4686985,-1.8239537,-2.0058703,3,walking
1519421607409,-8.66019,-1.8335283,-2.0250196,3,walking
1519421607415,-8.765511,-1.8526775,-2.0824668,3,walking
1519421607419,-8.909128,-1.8526775,-2.1111906,3,walking
1519421607425,-9.004874,-1.8335283,-2.0920415,3,walking
1519421607430,-9.301685,-1.8239537,-2.101616,3,walking
1519421607435,-9.407005,-1.79523,-2.1207652,3,walking
1519421607439,-9.675094,-1.7282082,-2.1111906,3,walking
1519421607444,-9.828286,-1.7569319,-2.1111906,3,walking
1519421607449,-9.991054,-1.7186337,-2.187787,3,walking
1519421607454,-10.163396,-1.6803354,-2.1973617,3,walking
1519421607460,-10.469782,-1.6324625,-2.254809,3,walking
1519421607464,-10.575102,-1.622888,-2.2835326,3,walking
1519421607469,-10.71872,-1.6133134,-2.3026817,3,walking
1519421607473,-10.814466,-1.5845897,-2.2835326,3,walking
1519421607479,-10.958084,-1.5941644,-2.2356598,3,walking
1519421607484,-11.044255,-1.5654407,-2.2356598,3,walking
1519421607493,-11.111278,-1.6611862,-2.1303396,3,walking
1519421607499,-11.034681,-1.6803354,-1.9771467,3,walking
1519421607504,-11.015532,-1.6803354,-1.948423,3,walking
1519421607509,-10.967659,-1.6994845,-1.862252,3,walking
1519421607514,-10.891063,-1.7186337,-1.8048047,3,walking
1519421607519,-10.862339,-1.7282082,-1.8718265,3,walking
1519421607524,-10.843189,-1.7473572,-1.8718265,3,walking
1519421607528,-10.977234,-1.7186337,-1.9196993,3,walking
1519421607533,-11.072979,-1.7282082,-1.9962958,3,walking
1519421607539,-11.36979,-1.6611862,-2.1207652,3,walking
1519421607543,-11.762347,-1.5750152,-2.34098,3,walking
1519421607548,-12.279374,-1.5271424,-2.5899186,3,walking
1519421607552,-13.351725,-1.4984187,-3.0016246,3,walking
1519421607558,-13.744282,-1.5558661,-3.1165195,3,walking
1519421607563,-14.050668,-1.6803354,-3.193116,3,walking
1519421607569,-14.127264,-1.9196993,-3.0686467,3,walking
1519421607611,-10.172971,-2.7048132,-1.5654407,3,walking
1519421607620,-9.234664,-2.6569405,-1.2303311,3,walking
1519421607633,-8.21976,-2.6856642,-0.8952214,3,walking
1519421607641,-7.846352,-2.6377914,-0.7994758,3,walking
1519421607646,-7.788905,-2.580344,-0.83777404,3,walking
1519421607651,-7.846352,-2.513322,-0.8281995,3,walking
1519421607655,-7.846352,-2.513322,-0.8281995,3,walking
1519421607660,-8.621892,-2.2931073,-1.0675635,3,walking
1519421607681,-10.728295,-1.8814012,-1.6803354,3,walking
1519421607688,-11.28362,-1.6994845,-1.8814012,3,walking
1519421607694,-11.618729,-1.4218222,-2.0633178,3,walking
1519421607702,-11.791071,-1.2590547,-2.2931073,3,walking
1519421607708,-11.781497,-1.2207564,-2.34098,3,walking
1519421607713,-11.580431,-0.93351966,-2.3505547,3,walking
1519421607718,-11.503835,-0.8281995,-2.4463003,3,walking
1519421607723,-11.360216,-0.751603,-2.561195,3,walking
1519421607729,-10.958084,-0.665432,-2.5707695,3,walking
1519421607734,-10.728295,-0.665432,-2.5324712,3,walking
1519421607739,-10.498506,-0.69415563,-2.5324712,3,walking
1519421607744,-10.249567,-0.7420284,-2.5420458,3,walking
1519421607749,-9.809137,-0.8473486,-2.4463003,3,walking
1519421607753,-9.5889225,-0.9526688,-2.3792782,3,walking
1519421607762,-9.272962,-1.1058618,-2.2931073,3,walking
1519421607769,-8.889979,-1.2016073,-2.1207652,3,walking
1519421607773,-8.736787,-1.2494801,-2.0920415,3,walking
1519421607783,-8.229335,-1.3260766,-1.9196993,3,walking
1519421607788,-8.076141,-1.3356512,-1.9196993,3,walking
1519421607794,-7.9516726,-1.3739494,-1.8814012,3,walking
1519421607798,-7.7314577,-1.4409714,-1.776081,3,walking
1519421607803,-7.616563,-1.4601204,-1.7282082,3,walking
1519421607808,-7.501668,-1.5079932,-1.6899099,3,walking
1519421607813,-7.3676243,-1.5175679,-1.6994845,3,walking
1519421607819,-7.1665583,-1.5941644,-1.5367169,3,walking
1519421607824,-7.0803876,-1.622888,-1.5079932,3,walking
1519421607832,-6.9176197,-1.6516117,-1.4409714,3,walking
1519421607839,-6.7261286,-1.6420372,-1.4601204,3,walking
1519421607843,-6.5825105,-1.6611862,-1.4888442,3,walking
1519421607848,-6.486765,-1.6707608,-1.5367169,3,walking
1519421607853,-6.410168,-1.6994845,-1.6133134,3,walking
1519421607858,-6.1899533,-1.7377827,-1.7569319,3,walking
1519421607863,-6.1229315,-1.7569319,-1.8239537,3,walking
1519421607868,-6.0846334,-1.7282082,-2.0058703,3,walking
1519421607874,-6.0463347,-1.709059,-2.149489,3,walking
1519421607879,-6.017611,-1.6994845,-2.2165108,3,walking
1519421607884,-6.0080366,-1.6899099,-2.3697038,3,walking
1519421607888,-6.065484,-1.7377827,-2.5228968,3,walking
1519421607893,-6.0846334,-1.8143792,-2.5324712,3,walking
1519421607897,-6.0846334,-1.8143792,-2.5324712,3,walking
1519421607902,-6.1899533,-1.9388485,-2.5037475,3,walking
1519421607909,-6.3144226,-2.0920415,-2.34098,3,walking
1519421607914,-6.3814445,-2.1399143,-2.3026817,3,walking
1519421607923,-6.4963393,-2.2356598,-2.101616,3,walking
1519421607929,-6.611234,-2.321831,-1.9101248,3,walking
1519421607934,-6.6591067,-2.3697038,-1.8431029,3,walking
1519421607938,-6.7548523,-2.3888528,-1.7856555,3,walking
1519421607943,-6.9271946,-2.5324712,-1.6324625,3,walking
1519421607948,-7.003791,-2.5420458,-1.5271424,3,walking
1519421607953,-7.1091113,-2.513322,-1.469695,3,walking
1519421607958,-7.176133,-2.494173,-1.469695,3,walking
1519421607963,-7.2910275,-2.408002,-1.469695,3,walking
1519421607968,-7.35805,-2.3888528,-1.469695,3,walking
1519421607973,-7.4059224,-2.3697038,-1.4505459,3,walking
1519421607978,-7.5591154,-2.3792782,-1.3930986,3,walking
1519421607984,-7.6452866,-2.3792782,-1.3739494,3,walking
1519421607988,-7.7601814,-2.34098,-1.3069274,3,walking
1519421607994,-7.846352,-2.2931073,-1.2686293,3,walking
1519421607999,-7.9325233,-2.1973617,-1.2111819,3,walking
1519421608004,-8.00912,-2.1590633,-1.1824582,3,walking
1519421608009,-8.171887,-2.0824668,-1.0196906,3,walking
1519421608014,-8.171887,-2.0824668,-1.0196906,3,walking
1519421608019,-8.305931,-1.9867213,-0.98139244,3,walking
1519421608024,-8.363379,-1.9005502,-0.9526688,3,walking
1519421608029,-8.545295,-1.7282082,-0.8856468,3,walking
1519421608034,-8.621892,-1.6707608,-0.8664977,3,walking
1519421608039,-8.755936,-1.5558661,-0.8856468,3,walking
1519421608045,-8.822957,-1.4409714,-0.8952214,3,walking
1519421608050,-9.014449,-1.2207564,-0.98139244,3,walking
1519421608055,-9.100619,-1.1250108,-1.0484143,3,walking
1519421608060,-9.454879,-0.9622433,-1.1920328,3,walking
1519421608065,-9.608071,-0.9430942,-1.2494801,3,walking
1519421608070,-9.7899885,-0.9430942,-1.3356512,3,walking
1519421608075,-9.924032,-0.9430942,-1.3548003,3,walking
1519421608080,-10.0868,-1.0101161,-1.3930986,3,walking
1519421608085,-10.345312,-1.1537346,-1.3739494,3,walking
1519421608091,-10.670848,-1.4026731,-1.3643749,3,walking
1519421608095,-10.833615,-1.5271424,-1.3165021,3,walking
1519421608101,-10.986808,-1.6420372,-1.2399056,3,walking
1519421608111,-11.503835,-1.8814012,-1.1728836,3,walking
1519421608118,-11.848518,-1.9867213,-1.1345854,3,walking
1519421608123,-11.992137,-1.9771467,-1.14416,3,walking
1519421608128,-12.049584,-1.929274,-1.1345854,3,walking
1519421608134,-12.126181,-1.9005502,-1.1537346,3,walking
1519421608138,-12.116607,-1.8718265,-1.1537346,3,walking
1519421608144,-12.145329,-1.8431029,-1.1824582,3,walking
1519421608148,-12.145329,-1.8814012,-1.2303311,3,walking
1519421608154,-12.145329,-1.8718265,-1.2207564,3,walking
1519421608158,-11.992137,-1.8048047,-1.3260766,3,walking
1519421608163,-11.915541,-1.7282082,-1.3739494,3,walking
1519421608172,-11.685751,-1.6899099,-1.4601204,3,walking
1519421608178,-11.465536,-1.6037389,-1.5175679,3,walking
1519421608183,-11.379365,-1.5941644,-1.5271424,3,walking
1519421608192,-11.15915,-1.5462915,-1.4984187,3,walking
1519421608198,-10.852764,-1.5750152,-1.4888442,3,walking
1519421608203,-10.747444,-1.5558661,-1.5271424,3,walking
1519421608208,-10.450633,-1.5558661,-1.469695,3,walking
1519421608214,-10.307014,-1.5750152,-1.4984187,3,walking
1519421608219,-10.278291,-1.5654407,-1.5367169,3,walking
1519421608224,-10.354887,-1.5750152,-1.6707608,3,walking
1519421608229,-10.996383,-1.5175679,-2.254809,3,walking
1519421608234,-11.532558,-1.5367169,-2.5037475,3,walking
1519421608240,-12.719804,-1.7856555,-2.8484318,3,walking
1519421608247,-13.399597,-2.3505547,-2.714388,3,walking
1519421608252,-13.4666195,-2.7431116,-2.561195,3,walking
1519421608257,-13.409172,-3.1835413,-2.3505547,3,walking
1519421608262,-13.351725,-3.5473747,-2.1973617,3,walking
1519421608299,-10.096374,-3.4324799,-1.5654407,3,walking
1519421608307,-9.5219,-2.9441774,-1.6707608,3,walking
1519421608315,-9.158067,-2.4367256,-1.8431029,3,walking
1519421608323,-9.100619,-1.8909757,-1.9962958,3,walking
1519421608330,-9.339984,-1.3165021,-2.101616,3,walking
1519421608336,-9.665519,-1.1058618,-2.2260852,3,walking
1519421608340,-10.40276,-0.7994758,-2.321831,3,walking
1519421608345,-10.40276,-0.7994758,-2.321831,3,walking
1519421608349,-11.28362,-0.6845811,-2.427151,3,walking
1519421608354,-11.28362,-0.6845811,-2.427151,3,walking
1519421608358,-11.810221,-0.7324539,-2.427151,3,walking
1519421608365,-12.097457,-0.8664977,-2.408002,3,walking
1519421608370,-12.212352,-0.9622433,-2.3888528,3,walking
1519421608375,-12.384694,-1.0484143,-2.3888528,3,walking
1519421608417,-11.905966,-1.1250108,-3.0494976,3,walking
1519421608425,-11.331492,-0.8760723,-2.9154537,3,walking
1519421608433,-10.94851,-0.76117754,-2.819708,3,walking
1519421608438,-10.163396,-0.7228793,-2.6569405,3,walking
1519421608444,-10.163396,-0.7228793,-2.6569405,3,walking
1519421608448,-9.579348,-0.71330476,-2.561195,3,walking
1519421608454,-9.225089,-0.6845811,-2.5037475,3,walking
1519421608458,-8.152739,-0.7324539,-2.101616,3,walking
1519421608463,-7.6740103,-0.8664977,-2.0728924,3,walking
1519421608467,-7.4154973,-0.78032666,-2.1303396,3,walking
1519421608474,-7.329326,-0.70373017,-2.1303396,3,walking
1519421608479,-7.0803876,-0.77075213,-1.9675722,3,walking
1519421608483,-6.898471,-0.90479594,-2.034594,3,walking
1519421608525,-6.869747,-1.4984187,-2.408002,3,walking
1519421608534,-6.984642,-1.4409714,-2.427151,3,walking
1519421608541,-7.2718787,-1.4792696,-2.6856642,3,walking
1519421608549,-7.5399666,-1.5367169,-2.8292825,3,walking
1519421608555,-7.6069884,-1.6133134,-2.8101335,3,walking
1519421608560,-7.693159,-1.6133134,-2.7718353,3,walking
1519421608564,-7.702734,-1.4984187,-2.8101335,3,walking
1519421608569,-7.654861,-1.4026731,-2.7909844,3,walking
1519421608573,-7.6069884,-1.2782038,-2.7431116,3,walking
1519421608578,-7.616563,-1.2399056,-2.7048132,3,walking
1519421608582,-7.6261373,-1.2111819,-2.7239625,3,walking
1519421608587,-7.635712,-1.2111819,-2.647366,3,walking
1519421608592,-7.6069884,-1.2303311,-2.5707695,3,walking
1519421608597,-7.5782647,-1.2016073,-2.5037475,3,walking
1519421608603,-7.587839,-1.2782038,-2.513322,3,walking
1519421608607,-7.6069884,-1.4218222,-2.5037475,3,walking
1519421608612,-7.5591154,-1.5367169,-2.5228968,3,walking
1519421608621,-7.5303917,-1.6611862,-2.4367256,3,walking
1519421608627,-7.6069884,-1.7186337,-2.4463003,3,walking
1519421608632,-7.6069884,-1.7665064,-2.3792782,3,walking
1519421608637,-7.6835847,-1.8239537,-2.3792782,3,walking
1519421608642,-7.6740103,-1.9101248,-2.4367256,3,walking
1519421608647,-7.702734,-1.929274,-2.4558747,3,walking
1519421608651,-7.721883,-2.015445,-2.513322,3,walking
1519421608657,-7.7601814,-2.0441687,-2.5516202,3,walking
1519421608662,-7.808054,-2.0728924,-2.6282167,3,walking
1519421608666,-7.875076,-2.0633178,-2.666515,3,walking
1519421608672,-7.922949,-2.0728924,-2.647366,3,walking
1519421608677,-8.018694,-2.0920415,-2.752686,3,walking
1519421608682,-8.104865,-2.0728924,-2.7431116,3,walking
1519421608686,-8.1623125,-2.101616,-2.7239625,3,walking
1519421608691,-8.248484,-2.0537431,-2.7431116,3,walking
1519421608697,-8.23891,-2.0537431,-2.5516202,3,walking
1519421608703,-8.21976,-1.9962958,-2.5324712,3,walking
1519421608708,-8.124015,-1.9101248,-2.4175766,3,walking
1519421608713,-8.124015,-1.8526775,-2.3697038,3,walking
1519421608718,-8.095291,-1.776081,-2.360129,3,walking
1519421608723,-8.181462,-1.7186337,-2.3697038,3,walking
1519421608729,-8.229335,-1.6324625,-2.3792782,3,walking
1519421608734,-8.315506,-1.5941644,-2.3505547,3,walking
1519421608738,-8.334655,-1.5175679,-2.360129,3,walking
1519421608743,-8.392102,-1.4313968,-2.427151,3,walking
1519421608747,-8.545295,-1.3356512,-2.5420458,3,walking
1519421608752,-8.727212,-1.3165021,-2.5994933,3,walking
1519421608757,-8.918703,-1.2973529,-2.5994933,3,walking
1519421608762,-9.100619,-1.2973529,-2.6569405,3,walking
1519421608767,-9.5889225,-1.3356512,-2.7909844,3,walking
1519421608773,-9.885734,-1.3165021,-2.8388572,3,walking
1519421608777,-10.393186,-1.4218222,-2.972901,3,walking
1519421608783,-10.393186,-1.4218222,-2.972901,3,walking
1519421608787,-10.843189,-1.5367169,-3.0111992,3,walking
1519421608792,-10.977234,-1.6037389,-3.039923,3,walking
1519421608798,-11.187874,-1.8048047,-2.972901,3,walking
1519421608803,-11.207023,-1.8718265,-2.9441774,3,walking
1519421608813,-11.1208515,-1.9962958,-2.7431116,3,walking
1519421608817,-10.891063,-2.0824668,-2.475024,3,walking
1519421608822,-10.747444,-2.0633178,-2.3314054,3,walking
1519421608826,-10.747444,-2.0633178,-2.3314054,3,walking
1519421608831,-10.421909,-1.862252,-2.2069361,3,walking
1519421608837,-10.259142,-1.7282082,-2.149489,3,walking
1519421608841,-10.000628,-1.5462915,-2.034594,3,walking
1519421608846,-9.933606,-1.4792696,-2.0633178,3,walking
1519421608851,-9.876159,-1.3930986,-2.0537431,3,walking
1519421608857,-9.924032,-1.3260766,-2.1111906,3,walking
1519421608861,-10.546378,-1.1537346,-2.34098,3,walking
1519421608866,-11.092129,-1.0867126,-2.494173,3,walking
1519421608871,-11.609155,-1.1154363,-2.6569405,3,walking
1519421608877,-12.490014,-1.4026731,-2.8292825,3,walking
1519421608882,-12.805975,-1.622888,-2.7431116,3,walking
1519421608887,-13.169807,-2.0920415,-2.7048132,3,walking
1519421608891,-13.246405,-2.321831,-2.5899186,3,walking
1519421608897,-13.294277,-2.5037475,-2.475024,3,walking
1519421608901,-13.23683,-2.752686,-2.3697038,3,walking
1519421608907,-12.6527815,-3.0686467,-2.101616,3,walking
1519421608911,-12.145329,-3.212265,-1.9388485,3,walking
1519421608916,-11.637878,-3.2792869,-1.7856555,3,walking
1519421608929,-10.144247,-3.2697124,-1.3356512,3,walking
1519421608934,-9.6942425,-3.2026904,-1.2207564,3,walking
1519421608938,-8.822957,-2.9346027,-1.0867126,3,walking
1519421608976,-9.5219,-1.2877784,-1.0675635,3,walking
1519421608981,-10.632549,-1.3356512,-1.2111819,3,walking
1519421608997,-13.284702,-1.2207564,-1.862252,3,walking
1519421609003,-13.677259,-1.1728836,-2.0728924,3,walking
1519421609043,-12.56661,-0.359046,-2.561195,3,walking
1519421609051,-11.570856,-0.3877697,-2.1973617,3,walking
1519421609059,-10.680422,-0.5313881,-1.8718265,3,walking
1519421609067,-9.847435,-0.6845811,-1.5558661,3,walking
1519421609072,-9.512326,-0.78990126,-1.4122477,3,walking
1519421609081,-8.937852,-0.8760723,-1.1633091,3,walking
1519421609087,-8.679339,-0.92394507,-1.0484143,3,walking
1519421609091,-8.11444,-1.0484143,-0.9430942,3,walking
1519421609096,-7.8655014,-1.0962871,-0.90479594,3,walking
1519421609101,-7.5974135,-1.1345854,-0.90479594,3,walking
1519421609107,-7.2527294,-1.2303311,-0.85692316,3,walking
1519421609111,-7.051664,-1.2207564,-0.83777404,3,walking
1519421609121,-6.8027253,-1.2399056,-0.8664977,3,walking
1519421609126,-6.5346375,-1.2399056,-0.85692316,3,walking
1519421609131,-6.37187,-1.3069274,-0.92394507,3,walking
1519421609137,-6.2378263,-1.3452257,-0.8473486,3,walking
1519421609141,-6.180379,-1.3548003,-0.8856468,3,walking
1519421609147,-6.0559096,-1.3452257,-0.8952214,3,walking
1519421609153,-5.9697385,-1.3739494,-0.8952214,3,walking
1519421609158,-5.835695,-1.5175679,-0.98139244,3,walking
1519421609163,-5.8165455,-1.5367169,-1.0675635,3,walking
1519421609168,-5.787822,-1.6994845,-1.1154363,3,walking
1519421609173,-5.82612,-1.7282082,-1.1824582,3,walking
1519421609178,-5.82612,-1.7473572,-1.2494801,3,walking
1519421609183,-5.797396,-1.7665064,-1.3930986,3,walking
1519421609188,-5.8931417,-1.6803354,-1.5845897,3,walking
1519421609192,-5.8931417,-1.6803354,-1.5845897,3,walking
1519421609197,-5.950589,-1.6037389,-1.8143792,3,walking
1519421609201,-5.998462,-1.5462915,-1.9388485,3,walking
1519421609206,-6.0846334,-1.5558661,-2.0441687,3,walking
1519421609212,-6.1420803,-1.5941644,-2.1399143,3,walking
1519421609216,-6.304848,-1.7186337,-2.2356598,3,walking
1519421609222,-6.410168,-1.7856555,-2.2739582,3,walking
1519421609227,-6.5729356,-1.8431029,-2.2835326,3,walking
1519421609232,-6.630383,-1.8526775,-2.2931073,3,walking
1519421609237,-6.6495323,-1.8909757,-2.2835326,3,walking
1519421609242,-6.697405,-1.8909757,-2.254809,3,walking
1519421609247,-6.8888965,-1.9196993,-2.1399143,3,walking
1519421609253,-6.975067,-1.9962958,-2.1207652,3,walking
1519421609258,-7.2718787,-2.0824668,-2.0441687,3,walking
1519421609263,-7.3389006,-2.1782124,-1.9388485,3,walking
1519421609268,-7.482519,-2.3026817,-1.8909757,3,walking
1519421609273,-7.693159,-2.427151,-1.7473572,3,walking
1519421609279,-7.769756,-2.5228968,-1.6133134,3,walking
1519421609284,-7.846352,-2.5516202,-1.5558661,3,walking
1519421609289,-8.047418,-2.5994933,-1.4122477,3,walking
1519421609294,-8.143164,-2.6090677,-1.3548003,3,walking
1519421609299,-8.2676325,-2.647366,-1.2494801,3,walking
1519421609309,-8.5740185,-2.714388,-1.1728836,3,walking
1519421609314,-8.602742,-2.714388,-1.1250108,3,walking
1519421609319,-8.6697645,-2.714388,-1.0962871,3,walking
1519421609324,-8.784659,-2.7048132,-1.0484143,3,walking
1519421609329,-8.822957,-2.7239625,-1.0579889,3,walking
1519421609334,-8.851681,-2.6952388,-1.0292653,3,walking
1519421609340,-9.119769,-2.6569405,-0.98139244,3,walking
1519421609345,-9.225089,-2.5899186,-1.0388398,3,walking
1519421609351,-9.407005,-2.561195,-1.0484143,3,walking
1519421609356,-9.512326,-2.4367256,-1.0101161,3,walking
1519421609361,-9.809137,-2.2643836,-1.1250108,3,walking
1519421609366,-10.000628,-2.2069361,-1.1633091,3,walking
1519421609371,-10.163396,-2.149489,-1.1728836,3,walking
1519421609376,-10.536804,-2.0441687,-1.3069274,3,walking
1519421609381,-10.709146,-1.9675722,-1.3452257,3,walking
1519421609387,-11.082554,-1.8909757,-1.4218222,3,walking
1519421609392,-11.082554,-1.8909757,-1.4218222,3,walking
1519421609397,-11.465536,-1.79523,-1.5175679,3,walking
1519421609402,-11.647452,-1.6899099,-1.5558661,3,walking
1519421609406,-12.020861,-1.7186337,-1.5750152,3,walking
1519421609411,-12.221927,-1.79523,-1.5079932,3,walking
1519421609415,-12.442142,-1.8526775,-1.4984187,3,walking
1519421609421,-12.576185,-1.9579976,-1.4026731,3,walking
1519421609426,-12.710229,-2.0920415,-1.2782038,3,walking
1519421609431,-12.844273,-2.360129,-1.0771381,3,walking
1519421609435,-12.863422,-2.4367256,-1.0005416,3,walking
1519421609441,-12.90172,-2.5420458,-0.93351966,3,walking
1519421609446,-12.872996,-2.6282167,-0.8664977,3,walking
1519421609450,-12.767676,-2.6760898,-0.7994758,3,walking
1519421609457,-12.528313,-2.6090677,-0.76117754,3,walking
1519421609461,-12.528313,-2.6090677,-0.76117754,3,walking
1519421609466,-12.2410755,-2.4367256,-0.8090504,3,walking
1519421609472,-12.097457,-2.2643836,-0.85692316,3,walking
1519421609477,-11.810221,-1.9771467,-0.90479594,3,walking
1519421609482,-11.637878,-1.8239537,-0.9430942,3,walking
1519421609487,-11.484685,-1.6516117,-0.8952214,3,walking
1519421609492,-11.111278,-1.4218222,-0.93351966,3,walking
1519421609497,-10.938935,-1.2973529,-1.0101161,3,walking
1519421609502,-10.814466,-1.2207564,-1.1250108,3,walking
1519421609507,-10.804892,-1.1154363,-1.3739494,3,walking
1519421609511,-10.958084,-1.0675635,-1.7377827,3,walking
1519421609516,-11.82937,-1.2399056,-2.321831,3,walking
1519421609520,-12.518738,-1.4888442,-2.2643836,3,walking
1519421609527,-13.294277,-2.321831,-1.8526775,3,walking
1519421609532,-13.294277,-2.321831,-1.8526775,3,walking
1519421609537,-13.102786,-3.3271596,-1.1728836,3,walking
1519421609541,-12.748528,-3.8346114,-0.8856468,3,walking
1519421609579,-8.6697645,-3.231414,-0.85692316,3,walking
1519421609587,-8.411251,-2.5324712,-1.3260766,3,walking
1519421609595,-8.621892,-1.8143792,-1.8909757,3,walking
1519421609603,-9.799562,-0.77075213,-2.7909844,3,walking
1519421609611,-10.287866,-0.5313881,-3.078221,3,walking
1519421609616,-10.785743,-0.37819514,-3.2984362,3,walking
1519421609623,-11.848518,-0.40691882,-3.4420545,3,walking
1519421609627,-12.422992,-0.56011176,-3.4037561,3,walking
1519421609631,-12.863422,-0.76117754,-3.2984362,3,walking
1519421609675,-12.490014,-2.6760898,-3.1835413,3,walking
1519421609684,-12.049584,-2.3792782,-3.0877957,3,walking
1519421609692,-11.436812,-2.187787,-2.9250283,3,walking
1519421609697,-11.15915,-2.034594,-2.867581,3,walking
1519421609701,-10.843189,-1.929274,-2.7622607,3,walking
1519421609706,-10.527229,-1.8814012,-2.647366,3,walking
1519421609711,-10.230418,-1.7473572,-2.5516202,3,walking
1519421609716,-9.64637,-1.5845897,-2.4558747,3,walking
1519421609720,-9.397431,-1.5271424,-2.494173,3,walking
1519421609725,-9.177217,-1.5271424,-2.5420458,3,walking
1519421609730,-9.024023,-1.4601204,-2.5707695,3,walking
1519421609735,-8.688913,-1.2973529,-2.5516202,3,walking
1519421609740,-8.430401,-1.1537346,-2.475024,3,walking
1519421609745,-7.635712,-1.2111819,-2.168638,3,walking
1519421609750,-7.4250717,-1.2303311,-2.254809,3,walking
1519421609755,-7.3867736,-1.2111819,-2.2835326,3,walking
1519421609760,-7.5208173,-1.1824582,-2.254809,3,walking
1519421609765,-7.6835847,-1.2686293,-2.2931073,3,walking
1519421609770,-7.6261373,-1.6133134,-2.4845984,3,walking
1519421609775,-7.396348,-1.5845897,-2.3888528,3,walking
1519421609780,-7.243155,-1.5175679,-2.1782124,3,walking
1519421609785,-7.0995364,-1.3739494,-2.034594,3,walking
1519421609791,-7.1474094,-1.2877784,-2.015445,3,walking
1519421609796,-7.1857076,-1.2877784,-2.0633178,3,walking
1519421609800,-7.2910275,-1.2686293,-2.015445,3,walking
1519421609805,-7.4537954,-1.2303311,-2.0250196,3,walking
1519421609810,-7.35805,-1.3260766,-2.0824668,3,walking
1519421609815,-7.3676243,-1.3260766,-2.1303396,3,walking
1519421609820,-7.4250717,-1.3165021,-2.2260852,3,walking
1519421609825,-7.5399666,-1.3643749,-2.3888528,3,walking
1519421609830,-7.511243,-1.3165021,-2.360129,3,walking
1519421609835,-7.434646,-1.2399056,-2.3505547,3,walking
1519421609840,-7.4250717,-1.2686293,-2.4367256,3,walking
1519421609845,-7.4250717,-1.2686293,-2.4367256,3,walking
1519421609850,-7.4729443,-1.4026731,-2.561195,3,walking
1519421609855,-7.5399666,-1.4888442,-2.6282167,3,walking
1519421609860,-7.5782647,-1.5750152,-2.7239625,3,walking
1519421609866,-7.635712,-1.5845897,-2.800559,3,walking
1519421609870,-7.5782647,-1.622888,-2.7718353,3,walking
1519421609875,-7.511243,-1.6516117,-2.7718353,3,walking
1519421609880,-7.3867736,-1.6994845,-2.666515,3,walking
1519421609885,-7.3676243,-1.709059,-2.6282167,3,walking
1519421609890,-7.396348,-1.6994845,-2.647366,3,walking
1519421609895,-7.3389006,-1.7186337,-2.6569405,3,walking
1519421609900,-7.3006024,-1.6420372,-2.6282167,3,walking
1519421609905,-7.3006024,-1.6611862,-2.6377914,3,walking
1519421609910,-7.2335806,-1.6420372,-2.6377914,3,walking
1519421609915,-7.1665583,-1.622888,-2.5899186,3,walking
1519421609920,-7.12826,-1.622888,-2.5037475,3,walking
1519421609925,-7.0325146,-1.5654407,-2.5037475,3,walking
1519421609930,-6.975067,-1.5845897,-2.4463003,3,walking
1519421609934,-6.975067,-1.5845897,-2.4463003,3,walking
1519421609940,-6.936769,-1.6420372,-2.3505547,3,walking
1519421609945,-6.9271946,-1.6707608,-2.3505547,3,walking
1519421609950,-6.8793216,-1.7569319,-2.2835326,3,walking
1519421609956,-6.8793216,-1.8239537,-2.2452345,3,walking
1519421609960,-6.8601727,-1.8814012,-2.2069361,3,walking
1519421609965,-6.8410234,-1.9101248,-2.2260852,3,walking
1519421609969,-6.7357035,-2.0728924,-2.1207652,3,walking
1519421609975,-6.764427,-2.1973617,-2.1590633,3,walking
1519421609980,-6.783576,-2.2260852,-2.1399143,3,walking
1519421609985,-6.869747,-2.3888528,-2.0633178,3,walking
1519421609990,-6.9654927,-2.4558747,-2.0441687,3,walking
1519421609995,-7.2240057,-2.561195,-2.0728924,3,walking
1519421610000,-7.2240057,-2.561195,-2.0728924,3,walking
1519421610005,-7.549541,-2.7048132,-2.0920415,3,walking
1519421610010,-7.6835847,-2.733537,-2.0728924,3,walking
1519421610015,-7.922949,-2.7814097,-2.0537431,3,walking
1519421610020,-8.296356,-2.7718353,-2.0537431,3,walking
1519421610025,-8.478273,-2.7622607,-2.015445,3,walking
1519421610030,-8.688913,-2.752686,-2.0633178,3,walking
1519421610035,-8.889979,-2.7048132,-2.0441687,3,walking
1519421610039,-9.20594,-2.6186423,-1.9388485,3,walking
1519421610045,-9.531475,-2.5707695,-1.9771467,3,walking
1519421610051,-9.5889225,-2.5899186,-2.0058703,3,walking
1519421610056,-9.703817,-2.561195,-1.9867213,3,walking
1519421610062,-9.828286,-2.4175766,-1.948423,3,walking
1519421610067,-9.837861,-2.3505547,-1.8718265,3,walking
1519421610072,-9.876159,-2.2643836,-1.8814012,3,walking
1519421610077,-9.876159,-2.0537431,-1.7665064,3,walking
1519421610082,-9.8953085,-2.0250196,-1.7377827,3,walking
1519421610087,-9.8953085,-2.034594,-1.6899099,3,walking
1519421610095,-9.924032,-2.015445,-1.5750152,3,walking
1519421610100,-9.933606,-2.015445,-1.5367169,3,walking
1519421610104,-10.029352,-2.0058703,-1.383524,3,walking
1519421610110,-10.096374,-1.9579976,-1.2686293,3,walking
1519421610115,-10.19212,-1.9005502,-1.2207564,3,walking
1519421610121,-10.278291,-1.9675722,-1.1154363,3,walking
1519421610126,-10.488931,-1.9867213,-0.90479594,3,walking
1519421610131,-10.527229,-2.0728924,-0.77075213,3,walking
1519421610136,-10.785743,-2.187787,-0.46436617,3,walking
1519421610141,-10.910212,-2.1782124,-0.46436617,3,walking
1519421610146,-11.101703,-2.0824668,-0.45479164,3,walking
1519421610150,-11.379365,-2.0250196,-0.42606795,3,walking
1519421610155,-11.867668,-1.8718265,-0.54096264,3,walking
1519421610159,-12.518738,-1.622888,-0.8952214,3,walking
1519421610166,-14.002794,-1.2207564,-1.6803354,3,walking
1519421610171,-14.66344,-1.0867126,-2.015445,3,walking
1519421610175,-15.314509,-1.0005416,-2.4845984,3,walking
1519421610218,-9.339984,-2.0250196,-1.1728836,3,walking
1519421610222,-8.124015,-2.1782124,-0.78032666,3,walking
1519421610228,-7.5782647,-2.2452345,-0.5888355,3,walking
1519421610235,-6.8410234,-2.2165108,-0.46436617,3,walking
1519421610240,-6.7548523,-2.187787,-0.4835153,3,walking
1519421610245,-7.137835,-1.8431029,-0.7994758,3,walking
1519421610287,-15.276211,-1.5750152,-2.9633265,3,walking
1519421610296,-15.218764,-1.8526775,-2.9250283,3,walking
1519421610306,-14.673014,-2.0633178,-2.7909844,3,walking
1519421610311,-14.041093,-2.1207652,-2.7814097,3,walking
1519421610316,-13.648536,-2.0920415,-2.752686,3,walking
1519421610321,-13.121935,-2.0250196,-2.6377914,3,walking
1519421610326,-12.710229,-1.929274,-2.666515,3,walking
1519421610331,-12.298523,-1.8526775,-2.6952388,3,walking
1519421610335,-11.982562,-1.776081,-2.666515,3,walking
1519421610358,-8.784659,-1.1920328,-1.383524,3,walking
1519421610364,-8.392102,-1.0867126,-1.1154363,3,walking
1519421610369,-8.066567,-0.9526688,-0.83777404,3,walking
1519421610374,-7.5974135,-0.83777404,-0.8186249,3,walking
1519421610379,-7.4537954,-0.8952214,-0.93351966,3,walking
1519421610385,-7.243155,-1.1154363,-1.0292653,3,walking
1519421610389,-7.137835,-1.2877784,-1.1154363,3,walking
1519421610395,-6.9176197,-1.4505459,-1.2207564,3,walking
1519421610399,-6.7740016,-1.4601204,-1.2399056,3,walking
1519421610404,-6.716554,-1.4122477,-1.3452257,3,walking
1519421610409,-6.6208086,-1.3930986,-1.3165021,3,walking
1519421610415,-6.4484663,-1.1537346,-1.0675635,3,walking
1519421610420,-6.4005938,-1.2399056,-1.1058618,3,walking
1519421610425,-6.438892,-1.2877784,-1.1824582,3,walking
1519421610430,-6.47719,-1.4888442,-1.1250108,3,walking
1519421610435,-6.5059137,-1.622888,-1.2111819,3,walking
1519421610440,-6.5825105,-1.7856555,-1.3356512,3,walking
1519421610445,-6.639958,-1.9196993,-1.4888442,3,walking
1519421610449,-6.7931504,-2.3888528,-2.0824668,3,walking
1519421610455,-6.6208086,-2.4463003,-1.8239537,3,walking
1519421610460,-6.3144226,-2.5516202,-1.5079932,3,walking
1519421610464,-6.218677,-2.647366,-1.3260766,3,walking
1519421610469,-6.4963393,-2.800559,-1.9196993,3,walking
1519421610475,-6.9080453,-3.0973704,-2.1399143,3,walking
1519421610480,-6.9080453,-3.0973704,-2.1399143,3,walking
1519421610485,-7.137835,-3.1643922,-1.9675722,3,walking
1519421610490,-7.12826,-3.1835413,-2.0058703,3,walking
1519421610495,-7.1857076,-3.078221,-2.0441687,3,walking
1519421610499,-7.1857076,-3.078221,-2.0441687,3,walking
1519421610504,-7.281453,-3.0111992,-2.0824668,3,walking
1519421610510,-7.3389006,-2.9441774,-1.9962958,3,walking
1519421610514,-7.3771987,-2.8963046,-1.8718265,3,walking
1519421610520,-7.4250717,-2.8292825,-1.7282082,3,walking
1519421610525,-7.5208173,-2.7814097,-1.6803354,3,walking
1519421610530,-7.721883,-2.6377914,-1.6516117,3,walking
1519421610535,-7.8272033,-2.5899186,-1.6707608,3,walking
1519421610540,-7.8655014,-2.5707695,-1.709059,3,walking
1519421610545,-7.961247,-2.580344,-1.6420372,3,walking
1519421610550,-8.104865,-2.4367256,-1.4122477,3,walking
1519421610555,-8.124015,-2.360129,-1.3356512,3,walking
1519421610560,-8.181462,-2.3314054,-1.1633091,3,walking
1519421610565,-8.305931,-2.254809,-1.1345854,3,walking
1519421610571,-8.420826,-2.254809,-1.0292653,3,walking
1519421610576,-8.487848,-2.3026817,-0.92394507,3,walking
1519421610580,-8.564445,-2.3984275,-0.8760723,3,walking
1519421610586,-8.535721,-2.3792782,-0.8090504,3,walking
1519421610591,-8.535721,-2.3792782,-0.8090504,3,walking
1519421610596,-8.55487,-2.34098,-0.69415563,3,walking
1519421610601,-8.564445,-2.34098,-0.70373017,3,walking
1519421610605,-8.583593,-2.3122563,-0.69415563,3,walking
1519421610609,-8.612317,-2.2165108,-0.69415563,3,walking
1519421610615,-8.621892,-2.1111906,-0.71330476,3,walking
1519421610620,-8.621892,-2.1111906,-0.71330476,3,walking
1519421610625,-8.698488,-1.9675722,-0.77075213,3,walking
1519421610629,-8.832532,-1.929274,-0.85692316,3,walking
1519421610635,-8.899554,-1.9101248,-0.751603,3,walking
1519421610639,-9.004874,-1.8526775,-0.8473486,3,walking
1519421610644,-9.215514,-1.776081,-0.83777404,3,walking
1519421610650,-9.29211,-1.7282082,-0.85692316,3,walking
1519421610654,-9.407005,-1.7569319,-0.85692316,3,walking
1519421610659,-9.512326,-1.7569319,-0.91437054,3,walking
1519421610664,-9.904882,-1.8335283,-0.91437054,3,walking
1519421610670,-10.105948,-1.9388485,-0.9430942,3,walking
1519421610674,-10.374036,-2.015445,-0.83777404,3,walking
1519421610680,-10.622974,-2.1111906,-0.8952214,3,walking
1519421610685,-11.341067,-2.3697038,-1.0771381,3,walking
1519421610690,-12.059159,-2.6856642,-1.1058618,3,walking
1519421610695,-12.394268,-2.8580062,-1.1345854,3,walking
1519421610699,-12.662356,-2.9920502,-1.1633091,3,walking
1519421610705,-12.997466,-3.231414,-1.1345854,3,walking
1519421610710,-13.112361,-3.365458,-1.0484143,3,walking
1519421610715,-13.1602335,-3.3558834,-1.0388398,3,walking
1519421610719,-13.121935,-3.3367343,-0.98139244,3,walking
1519421610724,-12.987891,-3.346309,-0.98139244,3,walking
1519421610729,-12.834699,-3.2218397,-1.0101161,3,walking
1519421610735,-12.509163,-2.9920502,-1.0101161,3,walking
1519421610740,-12.298523,-2.8388572,-1.0388398,3,walking
1519421610745,-12.011286,-2.5324712,-1.0771381,3,walking
1519421610749,-12.011286,-2.5324712,-1.0771381,3,walking
1519421610754,-11.657027,-2.1782124,-1.1633091,3,walking
1519421610759,-11.532558,-1.9771467,-1.2782038,3,walking
1519421610764,-11.216598,-1.7282082,-1.383524,3,walking
1519421610769,-11.216598,-1.7282082,-1.383524,3,walking
1519421610775,-11.36979,-1.4026731,-1.862252,3,walking
1519421610780,-12.2410755,-1.1250108,-2.5420458,3,walking
1519421610786,-12.9591675,-1.1250108,-2.7622607,3,walking
1519421610791,-14.404926,-1.4792696,-2.7718353,3,walking
1519421610816,-14.223009,-3.758015,-0.6845811,3,walking
1519421610821,-13.868751,-4.016528,-0.4835153,3,walking
1519421610826,-13.428321,-4.131423,-0.3398969,3,walking
1519421610830,-12.9591675,-4.131423,-0.2920241,3,walking
1519421610834,-12.001712,-3.8729098,-0.32074776,3,walking
1519421610839,-12.001712,-3.8729098,-0.32074776,3,walking
1519421610844,-11.044255,-3.2888615,-0.6558574,3,walking
1519421610854,-9.828286,-2.3888528,-1.2494801,3,walking
1519421610859,-9.560199,-2.0728924,-1.2782038,3,walking
1519421610865,-9.339984,-1.7569319,-1.4122477,3,walking
1519421610869,-9.167642,-1.4026731,-1.5558661,3,walking
1519421610874,-9.014449,-1.0867126,-1.6994845,3,walking
1519421610879,-8.842107,-0.46436617,-2.0058703,3,walking
1519421610884,-8.822957,-0.2154276,-2.187787,3,walking
1519421610889,-8.832532,-0.00478728,-2.3888528,3,walking
1519421610894,-9.052747,0.28244954,-2.733537,3,walking
1519421610900,-9.263388,0.359046,-2.8484318,3,walking
1519421610904,-9.531475,0.36862057,-3.0016246,3,walking
1519421610909,-9.761265,0.25372586,-3.1069448,3,walking
1519421610914,-9.761265,0.25372586,-3.1069448,3,walking
1519421610919,-10.431483,0.00478728,-3.5665238,3,walking
1519421610924,-10.555953,-0.23457673,-3.4707782,3,walking
1519421610929,-10.555953,-0.23457673,-3.4707782,3,walking
1519421610934,-10.517654,-0.50266445,-3.1069448,3,walking
1519421610939,-10.488931,-0.5888355,-2.7239625,3,walking
1519421610944,-10.527229,-1.1920328,-2.5994933,3,walking
1519421610949,-10.661273,-1.5558661,-2.7718353,3,walking
1519421610954,-10.71872,-2.0058703,-2.8771553,3,walking
1519421610959,-10.670848,-2.4463003,-2.972901,3,walking
1519421610964,-10.517654,-2.800559,-2.8484318,3,walking
1519421610969,-10.134672,-3.2601378,-2.7718353,3,walking
1519421610974,-9.885734,-3.2984362,-2.6186423,3,walking
1519421610979,-9.636795,-3.3271596,-2.647366,3,walking
1519421610984,-9.100619,-3.1548176,-2.4367256,3,walking
1519421610990,-8.909128,-3.039923,-2.4367256,3,walking
1519421610994,-8.698488,-2.7909844,-2.3792782,3,walking
1519421610999,-8.698488,-2.7909844,-2.3792782,3,walking
1519421611004,-8.564445,-2.6952388,-2.7239625,3,walking
1519421611009,-8.497422,-2.5707695,-2.733537,3,walking
1519421611014,-8.420826,-2.3888528,-2.9346027,3,walking
1519421611019,-8.32508,-2.2739582,-3.0494976,3,walking
1519421611025,-8.085716,-1.9962958,-3.039923,3,walking
1519421611029,-8.037844,-1.9005502,-3.059072,3,walking
1519421611034,-7.9516726,-1.6899099,-3.0016246,3,walking
1519421611039,-7.9420977,-1.6899099,-3.020774,3,walking
1519421611044,-7.9899707,-1.6994845,-3.059072,3,walking
1519421611049,-7.9803963,-1.7569319,-3.0494976,3,walking
1519421611054,-7.808054,-1.9101248,-3.0303483,3,walking
1519421611059,-7.846352,-1.929274,-2.9633265,3,walking
1519421611064,-7.741032,-1.9962958,-2.905879,3,walking
1519421611069,-7.741032,-1.9962958,-2.905879,3,walking
1519421611074,-7.587839,-2.0441687,-2.7431116,3,walking
1519421611079,-7.5208173,-2.0537431,-2.6760898,3,walking
1519421611084,-7.434646,-2.0824668,-2.6856642,3,walking
1519421611090,-7.3676243,-2.015445,-2.6186423,3,walking
1519421611095,-7.2144313,-1.8814012,-2.580344,3,walking
1519421611100,-7.156984,-1.8048047,-2.5516202,3,walking
1519421611105,-7.137835,-1.7282082,-2.5994933,3,walking
1519421611115,-7.042089,-1.5462915,-2.6282167,3,walking
1519421611120,-7.02294,-1.469695,-2.6090677,3,walking
1519421611125,-7.003791,-1.4218222,-2.5994933,3,walking
1519421611130,-7.0612383,-1.4026731,-2.6569405,3,walking
1519421611136,-7.0612383,-1.4026731,-2.6856642,3,walking
1519421611141,-7.1186857,-1.3739494,-2.6856642,3,walking
1519421611146,-7.2527294,-1.3739494,-2.666515,3,walking
1519421611151,-7.243155,-1.383524,-2.6186423,3,walking
1519421611156,-7.310177,-1.3739494,-2.5899186,3,walking
1519421611166,-7.3676243,-1.4984187,-2.4845984,3,walking
1519421611171,-7.3006024,-1.6037389,-2.3888528,3,walking
1519421611176,-7.329326,-1.6516117,-2.3984275,3,walking
1519421611187,-7.2527294,-1.862252,-2.34098,3,walking
1519421611192,-7.281453,-1.862252,-2.321831,3,walking
1519421611197,-7.2718787,-1.9388485,-2.3122563,3,walking
1519421611202,-7.3389006,-2.0058703,-2.3314054,3,walking
1519421611207,-7.329326,-2.034594,-2.34098,3,walking
1519421611212,-7.3389006,-2.0633178,-2.3792782,3,walking
1519421611217,-7.3389006,-2.034594,-2.34098,3,walking
1519421611222,-7.35805,-2.0441687,-2.3697038,3,walking
1519421611228,-7.35805,-2.0537431,-2.3792782,3,walking
1519421611233,-7.3867736,-2.034594,-2.3505547,3,walking
1519421611238,-7.4154973,-2.034594,-2.2931073,3,walking
1519421611243,-7.434646,-1.9771467,-2.2931073,3,walking
1519421611247,-7.4729443,-1.929274,-2.3026817,3,walking
1519421611252,-7.5974135,-1.8526775,-2.2643836,3,walking
1519421611257,-7.6261373,-1.7665064,-2.2835326,3,walking
1519421611261,-7.7123084,-1.7186337,-2.2739582,3,walking
1519421611265,-7.808054,-1.6133134,-2.2643836,3,walking
1519421611274,-7.9803963,-1.4888442,-2.3314054,3,walking
1519421611279,-8.11444,-1.4313968,-2.3122563,3,walking
1519421611283,-8.200611,-1.4122477,-2.3984275,3,walking
1519421611288,-8.334655,-1.4026731,-2.3888528,3,walking
1519421611293,-8.631466,-1.4026731,-2.4654493,3,walking
1519421611298,-8.851681,-1.4026731,-2.5420458,3,walking
1519421611302,-9.158067,-1.5175679,-2.5037475,3,walking
1519421611307,-9.330409,-1.6133134,-2.494173,3,walking
1519421611313,-9.54105,-1.7186337,-2.4654493,3,walking
1519421611318,-9.579348,-1.8239537,-2.4175766,3,walking
1519421611323,-9.818711,-2.0728924,-2.2165108,3,walking
1519421611328,-9.885734,-2.2452345,-2.168638,3,walking
1519421611333,-10.000628,-2.360129,-2.0920415,3,walking
1519421611339,-10.058076,-2.4463003,-2.0250196,3,walking
1519421611344,-10.182545,-2.6282167,-1.9196993,3,walking
1519421611349,-10.163396,-2.666515,-1.8814012,3,walking
1519421611353,-10.134672,-2.6952388,-1.8335283,3,walking
1519421611358,-10.134672,-2.6952388,-1.8335283,3,walking
1519421611364,-10.0868,-2.6377914,-1.7473572,3,walking
1519421611369,-10.115523,-2.561195,-1.7377827,3,walking
1519421611374,-10.163396,-2.4463003,-1.7473572,3,walking
1519421611378,-10.211268,-2.2165108,-1.7569319,3,walking
1519421611384,-10.249567,-2.1303396,-1.7377827,3,walking
1519421611388,-10.326163,-2.0441687,-1.709059,3,walking
1519421611393,-10.450633,-1.8814012,-1.6420372,3,walking
1519421611399,-10.536804,-1.8431029,-1.5941644,3,walking
1519421611404,-10.699572,-1.8718265,-1.3548003,3,walking
1519421611408,-10.699572,-1.8718265,-1.3548003,3,walking
1519421611413,-10.699572,-1.8718265,-1.3548003,3,walking
1519421611419,-11.025106,-1.9962958,-1.0484143,3,walking
1519421611423,-11.379365,-2.015445,-1.0101161,3,walking
1519421611428,-11.379365,-2.015445,-1.0101161,3,walking
1519421611433,-12.097457,-1.9005502,-1.1920328,3,walking
1519421611438,-12.748528,-1.7377827,-1.4409714,3,walking
1519421611447,-14.184711,-1.6037389,-1.9675722,3,walking
1519421611456,-15.228338,-1.7665064,-2.321831,3,walking
1519421611460,-14.950676,-1.9196993,-2.2165108,3,walking
1519421611499,-10.575102,-1.776081,-0.8090504,3,walking
1519421611508,-8.7750845,-1.6037389,-0.3111732,3,walking
1519421611515,-7.7793303,-1.3643749,-0.11968201,3,walking
1519421611525,-7.0708127,-1.3260766,-0.062234644,3,walking
1519421611529,-7.02294,-1.2686293,-0.2441513,3,walking
1519421611534,-7.482519,-0.99096704,-0.39734426,3,walking
1519421611538,-7.482519,-0.99096704,-0.39734426,3,walking
1519421611543,-8.248484,-0.98139244,-0.7228793,3,walking
1519421611548,-8.755936,-1.1250108,-0.8281995,3,walking
1519421611553,-9.54105,-1.1633091,-1.0388398,3,walking
1519421611577,-13.303852,-2.34098,-1.9867213,3,walking
1519421611583,-13.390023,-2.5228968,-2.101616,3,walking
1519421611588,-13.44747,-2.5899186,-2.1782124,3,walking
1519421611593,-12.978316,-2.6186423,-2.2739582,3,walking
1519421611598,-12.719804,-2.5707695,-2.3697038,3,walking
1519421611603,-12.212352,-2.2643836,-2.666515,3,walking
1519421611608,-12.212352,-2.2643836,-2.666515,3,walking
1519421611614,-11.72405,-1.9675722,-2.714388,3,walking
1519421611619,-11.360216,-1.8814012,-2.6856642,3,walking
1519421611624,-10.603826,-1.6516117,-2.4845984,3,walking
1519421611629,-10.603826,-1.6516117,-2.4845984,3,walking
1519421611634,-9.96233,-1.4122477,-2.427151,3,walking
1519421611638,-9.617646,-1.3548003,-2.321831,3,walking
1519421611643,-9.339984,-1.3930986,-2.2165108,3,walking
1519421611649,-8.736787,-1.4792696,-1.9005502,3,walking
1519421611654,-8.171887,-1.5558661,-1.6037389,3,walking
1519421611659,-8.171887,-1.5558661,-1.6037389,3,walking
1519421611664,-7.8272033,-1.5654407,-1.3930986,3,walking
1519421611668,-7.664436,-1.6420372,-1.3548003,3,walking
1519421611673,-7.4250717,-1.6611862,-1.1728836,3,walking
1519421611678,-7.4250717,-1.6611862,-1.1728836,3,walking
1519421611683,-7.2144313,-1.776081,-1.14416,3,walking
1519421611688,-7.0995364,-1.776081,-1.0771381,3,walking
1519421611693,-7.0612383,-1.8526775,-1.1250108,3,walking
1519421611698,-7.0612383,-1.8526775,-1.1250108,3,walking
1519421611703,-6.9463434,-1.862252,-1.14416,3,walking
1519421611708,-6.9463434,-1.8048047,-1.2111819,3,walking
1519421611713,-6.764427,-1.7473572,-1.3069274,3,walking
1519421611719,-6.764427,-1.7473572,-1.3069274,3,walking
1519421611723,-6.697405,-1.776081,-1.4888442,3,walking
1519421611729,-6.678256,-1.776081,-1.5558661,3,walking
1519421611733,-6.668681,-1.9388485,-1.6611862,3,walking
1519421611739,-6.668681,-1.9388485,-1.7377827,3,walking
1519421611743,-6.6591067,-2.034594,-1.9771467,3,walking
1519421611749,-6.678256,-2.034594,-2.0058703,3,walking
1519421611754,-6.6591067,-2.0728924,-2.0537431,3,walking
1519421611761,-6.6878304,-2.1207652,-2.1207652,3,walking
1519421611766,-6.7261286,-2.1782124,-2.1303396,3,walking
1519421611771,-6.7548523,-2.3026817,-2.149489,3,walking
1519421611777,-6.7931504,-2.408002,-2.168638,3,walking
1519421611781,-6.821874,-2.494173,-2.1399143,3,walking
1519421611787,-6.8793216,-2.580344,-2.1399143,3,walking
1519421611792,-6.936769,-2.7622607,-2.034594,3,walking
1519421611797,-7.0325146,-2.8484318,-2.015445,3,walking
1519421611802,-7.12826,-2.905879,-1.929274,3,walking
1519421611807,-7.12826,-2.905879,-1.929274,3,walking
1519421611813,-7.2718787,-2.972901,-1.8335283,3,walking
1519421611817,-7.35805,-2.9633265,-1.8143792,3,walking
1519421611821,-7.511243,-2.905879,-1.776081,3,walking
1519421611826,-7.5591154,-2.9441774,-1.7473572,3,walking
1519421611831,-7.635712,-2.9154537,-1.6994845,3,walking
1519421611836,-7.741032,-2.88673,-1.6611862,3,walking
1519421611845,-8.018694,-2.8101335,-1.5462915,3,walking
1519421611850,-8.085716,-2.819708,-1.5175679,3,walking
1519421611855,-8.171887,-2.8101335,-1.4792696,3,walking
1519421611866,-8.372953,-2.7239625,-1.3260766,3,walking
1519421611871,-8.430401,-2.6377914,-1.2973529,3,walking
1519421611875,-8.497422,-2.6569405,-1.2303311,3,walking
1519421611885,-8.641041,-2.5516202,-1.1824582,3,walking
1519421611891,-8.679339,-2.5037475,-1.1250108,3,walking
1519421611895,-8.717637,-2.4463003,-1.0867126,3,walking
1519421611901,-8.851681,-2.3026817,-1.0579889,3,walking
1519421611906,-8.880404,-2.2452345,-1.0005416,3,walking
1519421611915,-9.033598,-2.1207652,-0.92394507,3,walking
1519421611921,-9.062322,-2.0728924,-0.90479594,3,walking
1519421611926,-9.110194,-2.0058703,-0.93351966,3,walking
1519421611935,-9.225089,-1.7569319,-0.83777404,3,walking
1519421611940,-9.244238,-1.6899099,-0.85692316,3,walking
1519421611945,-9.31126,-1.622888,-0.8281995,3,walking
1519421611955,-9.397431,-1.5175679,-0.7994758,3,walking
1519421611960,-9.474028,-1.5079932,-0.83777404,3,walking
1519421611965,-9.531475,-1.5079932,-0.78990126,3,walking
1519421611975,-9.876159,-1.5367169,-0.78990126,3,walking
1519421611981,-10.096374,-1.5462915,-0.8186249,3,walking
1519421611986,-10.536804,-1.709059,-0.8664977,3,walking
1519421611991,-10.785743,-1.8431029,-0.8760723,3,walking
1519421611996,-11.063405,-1.948423,-0.93351966,3,walking
1519421612002,-11.293194,-2.1207652,-0.9430942,3,walking
1519421612007,-11.714475,-2.360129,-0.8952214,3,walking
1519421612011,-11.791071,-2.427151,-0.8952214,3,walking
1519421612016,-11.858093,-2.4654493,-0.83777404,3,walking
1519421612025,-11.82937,-2.561195,-0.91437054,3,walking
1519421612030,-11.810221,-2.5324712,-0.9622433,3,walking
1519421612035,-11.743198,-2.4367256,-1.0867126,3,walking
1519421612045,-11.36979,-2.0920415,-1.2399056,3,walking
1519421612050,-11.312344,-1.9771467,-1.2973529,3,walking
1519421612056,-11.187874,-1.8335283,-1.3452257,3,walking
1519421612061,-11.015532,-1.5941644,-1.2590547,3,walking
1519421612066,-10.958084,-1.4601204,-1.3260766,3,walking
1519421612071,-10.938935,-1.14416,-1.3356512,3,walking
1519421612076,-11.092129,-1.0005416,-1.3452257,3,walking
1519421612081,-11.28362,-0.85692316,-1.4313968,3,walking
1519421612086,-11.647452,-0.7324539,-1.5654407,3,walking
1519421612091,-12.509163,-0.69415563,-1.7473572,3,walking
1519421612096,-12.90172,-0.8664977,-1.6420372,3,walking
1519421612100,-13.1602335,-1.1058618,-1.5462915,3,walking
1519421612107,-13.313426,-1.383524,-1.3930986,3,walking
1519421612112,-13.313426,-2.0633178,-1.1345854,3,walking
1519421612116,-13.323001,-2.321831,-1.1728836,3,walking
1519421612125,-13.141085,-2.7814097,-1.1345854,3,walking
1519421612135,-12.35597,-3.1165195,-1.2782038,3,walking
1519421612160,-9.96233,-2.666515,-2.015445,3,walking
1519421612168,-9.368708,-2.2739582,-2.0920415,3,walking
1519421612176,-9.119769,-2.034594,-2.1303396,3,walking
1519421612183,-8.755936,-1.3069274,-2.1973617,3,walking
1519421612191,-8.861256,-1.0388398,-2.2835326,3,walking
1519421612196,-9.024023,-0.8473486,-2.34098,3,walking
1519421612200,-9.483603,-0.49308985,-2.4845984,3,walking
1519421612205,-9.818711,-0.3398969,-2.513322,3,walking
1519421612210,-10.19212,-0.19627848,-2.5516202,3,walking
1519421612215,-10.479357,-0.15798025,-2.6282167,3,walking
1519421612224,-11.197449,-0.50266445,-2.714388,3,walking
1519421612230,-11.331492,-0.7324539,-2.6186423,3,walking
1519421612235,-11.484685,-1.0484143,-2.5707695,3,walking
1519421612241,-11.532558,-1.6611862,-2.3505547,3,walking
1519421612246,-11.513409,-2.0250196,-2.2452345,3,walking
1519421612255,-11.72405,-2.972901,-2.3984275,3,walking
1519421612260,-11.685751,-3.1548176,-2.34098,3,walking
1519421612266,-11.551707,-3.4229054,-2.2643836,3,walking
1519421612271,-11.408089,-3.5856729,-2.3984275,3,walking
1519421612276,-11.312344,-3.5473747,-2.3697038,3,walking
1519421612281,-11.140001,-3.451629,-2.3984275,3,walking
1519421612286,-11.072979,-3.3558834,-2.4845984,3,walking
1519421612291,-10.785743,-3.0303483,-2.6090677,3,walking
1519421612296,-10.527229,-2.8101335,-2.5324712,3,walking
1519421612301,-9.991054,-2.4463003,-2.494173,3,walking
1519421612307,-9.991054,-2.4463003,-2.494173,3,walking
1519421612311,-9.569773,-2.0441687,-2.427151,3,walking
1519421612317,-9.29211,-1.8814012,-2.3697038,3,walking
1519421612321,-9.043172,-1.776081,-2.2931073,3,walking
1519421612327,-8.631466,-1.2973529,-2.1399143,3,walking
1519421612332,-8.4686985,-1.0675635,-2.0633178,3,walking
1519421612337,-8.258059,-0.90479594,-2.0250196,3,walking
1519421612343,-7.9133744,-0.6558574,-1.9101248,3,walking
1519421612350,-7.769756,-0.33032233,-1.7282082,3,walking
1519421612356,-7.635712,-0.28244954,-1.7186337,3,walking
1519421612360,-7.3676243,0.00478728,-1.4792696,3,walking
1519421612366,-7.176133,0.05266008,-1.2303311,3,walking
1519421612371,-6.9942164,-0.09095833,-1.2590547,3,walking
1519421612376,-6.8888965,-0.20585304,-1.3452257,3,walking
1519421612381,-6.984642,-0.50266445,-1.4122477,3,walking
1519421612386,-6.9463434,-0.665432,-1.5941644,3,walking
1519421612391,-6.7261286,-0.7420284,-1.622888,3,walking
1519421612397,-6.6591067,-0.59841,-1.5271424,3,walking
1519421612401,-6.6016593,-0.5313881,-1.3548003,3,walking
1519421612407,-6.630383,-0.4356425,-1.1824582,3,walking
1519421612412,-6.7069798,-0.5313881,-0.90479594,3,walking
1519421612416,-6.6495323,-0.5792609,-0.90479594,3,walking
1519421612421,-6.6208086,-0.6750065,-0.98139244,3,walking
1519421612427,-6.6016593,-0.78990126,-1.0962871,3,walking
1519421612432,-6.8122997,-0.92394507,-1.3739494,3,walking
1519421612437,-6.9176197,-1.0484143,-1.4122477,3,walking
1519421612442,-7.042089,-1.3452257,-1.7569319,3,walking
1519421612447,-7.042089,-1.3452257,-1.7569319,3,walking
1519421612453,-7.003791,-1.7186337,-1.8048047,3,walking
1519421612459,-7.0995364,-2.015445,-1.9196993,3,walking
1519421612465,-7.1665583,-2.1399143,-1.9962958,3,walking
1519421612475,-7.2527294,-2.4367256,-2.0058703,3,walking
1519421612480,-7.2335806,-2.5037475,-1.9579976,3,walking
1519421612485,-7.2623043,-2.5228968,-1.9579976,3,walking
1519421612490,-7.2335806,-2.6186423,-1.9867213,3,walking
1519421612496,-7.2240057,-2.666515,-2.0250196,3,walking
1519421612500,-7.2623043,-2.6569405,-2.015445,3,walking
1519421612506,-7.281453,-2.666515,-2.101616,3,walking
1519421612511,-7.3006024,-2.6090677,-2.149489,3,walking
1519421612516,-7.3389006,-2.580344,-2.1590633,3,walking
1519421612521,-7.2910275,-2.4654493,-2.1590633,3,walking
1519421612526,-7.2623043,-2.408002,-2.149489,3,walking
1519421612531,-7.2527294,-2.2643836,-2.1399143,3,walking
1519421612536,-7.2527294,-2.2643836,-2.1399143,3,walking
1519421612541,-7.2527294,-2.1973617,-2.149489,3,walking
1519421612546,-7.310177,-2.1399143,-2.1973617,3,walking
1519421612551,-7.3389006,-2.0920415,-2.2069361,3,walking
1519421612555,-7.35805,-2.0441687,-2.168638,3,walking
1519421612561,-7.4537954,-1.9196993,-2.1590633,3,walking
1519421612565,-7.5208173,-1.862252,-2.1782124,3,walking
1519421612574,-7.635712,-1.79523,-2.168638,3,walking
1519421612580,-7.9037995,-1.7665064,-2.2069361,3,walking
1519421612586,-8.047418,-1.776081,-2.2356598,3,walking
1519421612591,-8.44955,-1.862252,-2.2643836,3,walking
1519421612596,-8.631466,-1.9005502,-2.2643836,3,walking
1519421612601,-8.813383,-1.9771467,-2.2643836,3,walking
1519421612606,-9.0814705,-2.0250196,-2.2643836,3,walking
1519421612610,-9.5889225,-2.1111906,-2.2643836,3,walking
1519421612615,-9.780414,-2.168638,-2.2069361,3,walking
1519421612620,-10.010203,-2.2739582,-2.1973617,3,walking
1519421612625,-10.239992,-2.34098,-2.187787,3,walking
1519421612635,-10.862339,-2.5037475,-2.2165108,3,walking
1519421612640,-11.015532,-2.5037475,-2.2260852,3,walking
1519421612645,-11.130426,-2.4845984,-2.2643836,3,walking
1519421612650,-11.360216,-2.3314054,-2.3792782,3,walking
1519421612656,-11.446387,-2.2835326,-2.4367256,3,walking
1519421612660,-11.609155,-2.0728924,-2.4558747,3,walking
1519421612666,-11.618729,-1.9579976,-2.4654493,3,walking
1519421612671,-11.609155,-1.8048047,-2.4845984,3,walking
1519421612676,-11.609155,-1.6611862,-2.580344,3,walking
1519421612681,-11.503835,-1.3260766,-2.5324712,3,walking
1519421612688,-11.436812,-1.0675635,-2.5420458,3,walking
1519421612694,-11.408089,-0.9622433,-2.5516202,3,walking
1519421612705,-11.36979,-0.8952214,-2.5037475,3,walking
1519421612710,-11.341067,-0.93351966,-2.4558747,3,walking
1519421612715,-11.293194,-1.0005416,-2.34098,3,walking
1519421612720,-11.254896,-1.2016073,-2.1207652,3,walking
1519421612725,-11.274045,-1.3069274,-2.0537431,3,walking
1519421612734,-11.49426,-1.6037389,-1.8526775,3,walking
1519421612740,-12.269799,-1.7569319,-1.8909757,3,walking
1519421612745,-13.02619,-1.7473572,-2.101616,3,walking
1519421612756,-15.5060005,-1.8909757,-2.6569405,3,walking
1519421612760,-15.96558,-2.1207652,-2.7909844,3,walking
1519421612765,-16.099623,-2.4654493,-2.800559,3,walking
1519421612809,-8.353804,-2.6760898,-0.14840569,3,walking
1519421612817,-6.9463434,-2.34098,0.18670394,3,walking
1519421612855,-7.616563,-0.19627848,-0.56011176,3,walking
1519421612860,-9.349558,0.18670394,-1.1058618,3,walking
1519421612865,-10.000628,0.2920241,-1.2877784,3,walking
1519421612869,-10.622974,0.3111732,-1.4601204,3,walking
1519421612875,-11.235746,0.32074776,-1.7473572,3,walking
1519421612879,-12.298523,0.33032233,-2.3505547,3,walking
1519421612884,-12.719804,0.2154276,-2.972901,3,walking
1519421612889,-13.188957,0.043085523,-3.4229054,3,walking
1519421612894,-13.457045,0.0,-3.2505634,3,walking
1519421612900,-13.399597,0.081383765,-2.4463003,3,walking
1519421612905,-13.198531,0.17712937,-2.3697038,3,walking
1519421612913,-12.595334,0.16755481,-2.7909844,3,walking
1519421612920,-11.657027,-0.7324539,-3.1069448,3,walking
1519421612925,-11.216598,-1.3260766,-3.2218397,3,walking
1519421612933,-10.527229,-2.34098,-3.2697124,3,walking
1519421612939,-9.991054,-2.6856642,-3.2792869,3,walking
1519421612947,-9.732541,-2.647366,-3.1835413,3,walking
1519421612952,-8.928278,-2.494173,-2.8963046,3,walking
1519421612956,-8.641041,-2.4367256,-2.7431116,3,walking
1519421612960,-8.315506,-2.4654493,-2.5037475,3,walking
1519421612965,-8.037844,-2.6282167,-2.2452345,3,walking
1519421612974,-7.3867736,-2.8771553,-1.8143792,3,walking
1519421612979,-7.195282,-2.9920502,-1.6994845,3,walking
1519421612984,-7.0133657,-3.0494976,-1.6899099,3,walking
1519421612990,-6.716554,-3.0973704,-1.5654407,3,walking
1519421612995,-6.639958,-3.0877957,-1.5367169,3,walking
1519421613004,-6.544212,-3.1069448,-1.4888442,3,walking
1519421613010,-6.4963393,-3.078221,-1.5462915,3,walking
1519421613015,-6.525063,-3.0686467,-1.5750152,3,walking
1519421613024,-6.4484663,-2.9154537,-1.7569319,3,walking
1519421613029,-6.4197426,-2.867581,-1.7856555,3,walking
1519421613034,-6.37187,-2.8388572,-1.8239537,3,walking
1519421613039,-6.3622956,-2.666515,-1.8909757,3,walking
1519421613044,-6.3527207,-2.5994933,-1.929274,3,walking
1519421613049,-6.3814445,-2.5707695,-1.9579976,3,walking
1519421613055,-6.3622956,-2.494173,-2.0441687,3,walking
1519421613059,-6.4484663,-2.360129,-2.1207652,3,walking
1519421613065,-6.486765,-2.3122563,-2.1782124,3,walking
1519421613070,-6.486765,-2.2452345,-2.1590633,3,walking
1519421613075,-6.47719,-2.149489,-2.2165108,3,walking
1519421613080,-6.515488,-1.948423,-2.2739582,3,walking
1519421613085,-6.47719,-1.8526775,-2.2452345,3,walking
1519421613090,-6.525063,-1.7186337,-2.2739582,3,walking
1519421613096,-6.515488,-1.6994845,-2.2165108,3,walking
1519421613100,-6.5729356,-1.6803354,-2.187787,3,walking
1519421613106,-6.5346375,-1.6707608,-2.0633178,3,walking
1519421613110,-6.5346375,-1.7473572,-1.8909757,3,walking
1519421613115,-6.5059137,-1.8143792,-1.8239537,3,walking
1519421613120,-6.5346375,-1.8718265,-1.7665064,3,walking
1519421613126,-6.563361,-1.9579976,-1.6611862,3,walking
1519421613131,-6.6208086,-2.0824668,-1.5271424,3,walking
1519421613136,-6.6208086,-2.1590633,-1.4218222,3,walking
1519421613141,-6.668681,-2.2165108,-1.3548003,3,walking
1519421613146,-6.7931504,-2.3314054,-1.2016073,3,walking
1519421613152,-6.9271946,-2.360129,-1.1345854,3,walking
1519421613159,-6.9559183,-2.3792782,-1.1728836,3,walking
1519421613164,-7.0133657,-2.3505547,-1.1633091,3,walking
1519421613170,-7.051664,-2.3026817,-1.1537346,3,walking
1519421613175,-7.0803876,-2.254809,-1.14416,3,walking
1519421613180,-7.1474094,-2.2069361,-1.2399056,3,walking
1519421613185,-7.1857076,-2.168638,-1.2207564,3,walking
1519421613190,-7.2527294,-2.1590633,-1.2686293,3,walking
1519421613195,-7.348475,-2.168638,-1.2973529,3,walking
1519421613200,-7.482519,-2.187787,-1.2877784,3,walking
1519421613206,-7.587839,-2.168638,-1.2973529,3,walking
1519421613210,-7.8367777,-2.168638,-1.3452257,3,walking
1519421613216,-7.8367777,-2.168638,-1.3452257,3,walking
1519421613221,-8.171887,-2.187787,-1.4026731,3,walking
1519421613226,-8.34423,-2.1973617,-1.4601204,3,walking
1519421613231,-8.794233,-2.2069361,-1.5941644,3,walking
1519421613239,-9.234664,-2.2739582,-1.6324625,3,walking
1519421613244,-9.454879,-2.3026817,-1.622888,3,walking
1519421613253,-9.7899885,-2.3697038,-1.6324625,3,walking
1519421613259,-10.134672,-2.4367256,-1.5271424,3,walking
1519421613264,-10.268716,-2.4463003,-1.5175679,3,walking
1519421613274,-10.699572,-2.5420458,-1.383524,3,walking
1519421613279,-10.900637,-2.5516202,-1.3548003,3,walking
1519421613285,-11.034681,-2.6090677,-1.2877784,3,walking
1519421613289,-11.293194,-2.6569405,-1.2877784,3,walking
1519421613295,-11.484685,-2.6186423,-1.2686293,3,walking
1519421613303,-11.72405,-2.6186423,-1.2877784,3,walking
1519421613309,-12.049584,-2.6282167,-1.3069274,3,walking
1519421613314,-12.107032,-2.5994933,-1.3930986,3,walking
1519421613323,-12.183628,-2.561195,-1.2782038,3,walking
1519421613329,-12.308098,-2.408002,-1.3930986,3,walking
1519421613334,-12.3463955,-2.3122563,-1.3930986,3,walking
1519421613343,-12.384694,-2.1590633,-1.5175679,3,walking
1519421613349,-12.470865,-1.8239537,-1.6611862,3,walking
1519421613354,-12.432567,-1.6707608,-1.7186337,3,walking
1519421613363,-12.442142,-1.1154363,-2.0441687,3,walking
1519421613369,-12.403843,-0.91437054,-2.1399143,3,walking
1519421613375,-12.308098,-0.78990126,-2.2452345,3,walking
1519421613379,-12.107032,-0.5505372,-2.4463003,3,walking
1519421613385,-12.030436,-0.42606795,-2.475024,3,walking
1519421613389,-12.030436,-0.27287498,-2.5899186,3,walking
1519421613394,-12.020861,-0.081383765,-2.6856642,3,walking
1519421613399,-12.58576,-0.03351096,-3.1548176,3,walking
1519421613404,-12.9591675,-0.13883112,-3.2792869,3,walking
1519421613409,-13.303852,-0.3877697,-3.2601378,3,walking
1519421613417,-13.485768,-1.0484143,-2.8484318,3,walking
1519421613422,-13.150659,-1.7665064,-2.2356598,3,walking
1519421613428,-12.863422,-2.1303396,-1.9005502,3,walking
1519421613469,-9.014449,-3.4229054,-1.1920328,3,walking
1519421613477,-8.621892,-3.0303483,-1.5750152,3,walking
1519421613485,-8.363379,-2.5899186,-1.8814012,3,walking
1519421613493,-8.296356,-2.0441687,-2.2260852,3,walking
1519421613500,-8.363379,-1.7473572,-2.427151,3,walking
1519421613506,-8.55487,-1.2590547,-2.5037475,3,walking
1519421613510,-8.918703,-1.0962871,-2.6186423,3,walking
1519421613515,-9.397431,-0.93351966,-2.733537,3,walking
1519421613520,-10.230418,-0.8186249,-2.666515,3,walking
1519421613524,-10.230418,-0.8186249,-2.666515,3,walking
1519421613529,-10.996383,-0.8281995,-2.8292825,3,walking
1519421613534,-11.302769,-0.8664977,-2.8292825,3,walking
1519421613538,-11.848518,-1.0484143,-2.9154537,3,walking
1519421613544,-12.011286,-1.1920328,-2.9441774,3,walking
1519421613549,-12.193203,-1.2973529,-2.972901,3,walking
1519421613554,-12.403843,-1.4409714,-3.039923,3,walking
1519421613559,-12.5474615,-1.6803354,-3.126094,3,walking
1519421613564,-12.614484,-1.79523,-3.193116,3,walking
1519421613568,-12.624058,-1.8814012,-3.193116,3,walking
1519421613572,-12.509163,-1.9675722,-3.2026904,3,walking
1519421613579,-12.212352,-2.101616,-3.059072,3,walking
1519421613584,-12.145329,-2.0728924,-3.0877957,3,walking
1519421613593,-12.049584,-2.1207652,-3.0016246,3,walking
1519421613599,-11.580431,-1.9675722,-2.7718353,3,walking
1519421613604,-11.254896,-1.862252,-2.475024,3,walking
1519421613609,-10.814466,-1.8143792,-2.3888528,3,walking
1519421613615,-10.642124,-1.8526775,-2.408002,3,walking
1519421613619,-10.383611,-1.9388485,-2.360129,3,walking
1519421613625,-10.048501,-1.862252,-2.2260852,3,walking
1519421613630,-9.464453,-1.709059,-2.0537431,3,walking
1519421613634,-9.196365,-1.6037389,-2.0058703,3,walking
1519421613639,-8.909128,-1.5845897,-1.9962958,3,walking
1519421613645,-8.736787,-1.5462915,-1.9388485,3,walking
1519421613649,-8.55487,-1.7282082,-1.9675722,3,walking
1519421613655,-8.564445,-1.776081,-2.034594,3,walking
1519421613659,-8.44955,-1.7856555,-2.0920415,3,walking
1519421613665,-8.277207,-1.7282082,-2.1111906,3,walking
1519421613669,-7.922949,-1.5079932,-2.1303396,3,walking
1519421613675,-7.7984796,-1.3930986,-2.149489,3,walking
1519421613680,-7.549541,-1.1633091,-2.101616,3,walking
1519421613685,-7.4920936,-0.8952214,-1.9771467,3,walking
1519421613690,-7.35805,-0.6079846,-1.948423,3,walking
1519421613695,-7.35805,-0.6079846,-1.948423,3,walking
1519421613701,-7.0803876,-0.46436617,-2.1782124,3,walking
1519421613705,-6.984642,-0.359046,-2.2356598,3,walking
1519421613711,-6.8027253,-0.19627848,-2.3314054,3,walking
1519421613718,-6.831449,-0.16755481,-2.475024,3,walking
1519421613723,-6.8027253,-0.05266008,-2.7048132,3,walking
1519421613728,-6.8027253,-0.043085523,-2.7431116,3,walking
1519421613734,-6.7261286,-0.03351096,-2.8771553,3,walking
1519421613738,-6.6016593,-0.081383765,-2.905879,3,walking
1519421613743,-6.563361,-0.12925656,-2.9537518,3,walking
1519421613752,-6.4963393,-0.359046,-2.9346027,3,walking
1519421613759,-6.5059137,-0.7420284,-2.9537518,3,walking
1519421613763,-6.6208086,-0.8760723,-2.9633265,3,walking
1519421613773,-6.592085,-1.2494801,-2.88673,3,walking
1519421613779,-6.515488,-1.622888,-2.6760898,3,walking
1519421613784,-6.525063,-1.7473572,-2.5899186,3,walking
1519421613789,-6.544212,-2.0250196,-2.5420458,3,walking
1519421613794,-6.515488,-2.0824668,-2.4463003,3,walking
1519421613803,-6.5825105,-2.1590633,-2.3888528,3,walking
1519421613808,-6.5537868,-2.1399143,-2.321831,3,walking
1519421613813,-6.6016593,-2.149489,-2.3026817,3,walking
1519421613817,-6.5729356,-2.1303396,-2.4175766,3,walking
1519421613822,-6.5729356,-2.1207652,-2.4367256,3,walking
1519421613828,-6.544212,-2.1590633,-2.475024,3,walking
1519421613834,-6.6208086,-2.1303396,-2.561195,3,walking
1519421613838,-6.6016593,-2.0920415,-2.5707695,3,walking
1519421613844,-6.6208086,-2.0824668,-2.6569405,3,walking
1519421613848,-6.7069798,-1.9962958,-2.6282167,3,walking
1519421613854,-6.783576,-1.9388485,-2.6952388,3,walking
1519421613858,-6.869747,-1.929274,-2.7239625,3,walking
1519421613863,-6.9942164,-1.948423,-2.7431116,3,walking
1519421613868,-7.204857,-1.9675722,-2.7431116,3,walking
1519421613873,-7.3676243,-1.9867213,-2.7622607,3,walking
1519421613882,-7.7601814,-2.2260852,-2.733537,3,walking
1519421613888,-7.9133744,-2.3122563,-2.6760898,3,walking
1519421613893,-8.085716,-2.4175766,-2.6760898,3,walking
1519421613898,-8.401677,-2.5707695,-2.561195,3,walking
1519421613903,-8.621892,-2.6377914,-2.5516202,3,walking
1519421613907,-8.822957,-2.7048132,-2.5420458,3,walking
1519421613913,-9.024023,-2.752686,-2.513322,3,walking
1519421613918,-9.464453,-2.8771553,-2.3984275,3,walking
1519421613923,-9.675094,-2.867581,-2.34098,3,walking
1519421613928,-9.8953085,-2.9250283,-2.34098,3,walking
1519421613932,-10.0868,-2.9250283,-2.3314054,3,walking
1519421613938,-10.450633,-2.8771553,-2.3122563,3,walking
1519421613943,-10.603826,-2.8388572,-2.360129,3,walking
1519421613951,-10.967659,-2.6282167,-2.494173,3,walking
1519421613958,-11.341067,-2.3792782,-2.6282167,3,walking
1519421613963,-11.465536,-2.2069361,-2.6377914,3,walking
1519421613972,-11.7049,-1.776081,-2.7718353,3,walking
1519421613977,-11.685751,-1.6324625,-2.7909844,3,walking
1519421613982,-11.771922,-1.5079932,-2.8101335,3,walking
1519421613988,-11.810221,-1.2877784,-2.6856642,3,walking
1519421613993,-11.800646,-1.2590547,-2.6186423,3,walking
1519421613997,-11.791071,-1.2303311,-2.5037475,3,walking
1519421614002,-11.762347,-1.2207564,-2.3984275,3,walking
1519421614008,-11.59958,-1.3356512,-2.1303396,3,walking
1519421614013,-11.455961,-1.4601204,-1.948423,3,walking
1519421614021,-11.28362,-1.6611862,-1.622888,3,walking
1519421614028,-11.111278,-1.8526775,-1.2494801,3,walking
1519421614033,-10.996383,-1.929274,-1.0962871,3,walking
1519421614037,-10.852764,-2.0250196,-0.90479594,3,walking
1519421614042,-10.594251,-2.1782124,-0.512239,3,walking
1519421614048,-10.546378,-2.2356598,-0.359046,3,walking
1519421614053,-10.498506,-2.2165108,-0.30159867,3,walking
1519421614058,-10.804892,-1.9867213,-0.40691882,3,walking
1519421614063,-11.379365,-1.7377827,-0.6750065,3,walking
1519421614067,-12.174053,-1.4601204,-1.1058618,3,walking
1519421614072,-12.968742,-1.2111819,-1.5462915,3,walking
1519421614082,-14.615566,-0.99096704,-2.34098,3,walking
1519421614087,-14.548545,-1.1058618,-2.3122563,3,walking
1519421614092,-14.117689,-1.1920328,-2.1303396,3,walking
1519421614131,-8.382527,-1.7377827,-0.8186249,3,walking
1519421614139,-7.788905,-1.7569319,-0.7994758,3,walking
1519421614147,-7.6452866,-1.5845897,-0.8952214,3,walking
1519421614154,-7.6835847,-1.4601204,-0.9430942,3,walking
1519421614158,-7.9133744,-1.3356512,-0.9526688,3,walking
1519421614163,-8.296356,-1.2782038,-0.98139244,3,walking
1519421614168,-9.62722,-1.1345854,-1.1154363,3,walking
1519421614173,-10.450633,-1.1633091,-1.2686293,3,walking
1519421614183,-12.001712,-1.3643749,-1.5079932,3,walking
1519421614188,-13.00704,-1.7282082,-1.6516117,3,walking
1519421614193,-13.3612995,-1.9101248,-1.7377827,3,walking
1519421614197,-13.686834,-1.929274,-1.8335283,3,walking
1519421614236,-11.561282,-1.1728836,-2.8580062,3,walking
1519421614244,-10.565528,-1.3356512,-2.666515,3,walking
1519421614251,-10.019777,-1.4122477,-2.5516202,3,walking
1519421614258,-9.071896,-1.5462915,-2.0920415,3,walking
1519421614263,-8.621892,-1.5941644,-1.862252,3,walking
1519421614272,-7.894225,-1.6516117,-1.3930986,3,walking
1519421614311,-5.739949,-1.7665064,-0.9718179,3,walking
1519421614319,-5.6633525,-1.7856555,-1.1154363,3,walking
1519421614327,-5.605905,-1.79523,-1.2877784,3,walking
1519421614334,-5.5963306,-1.7569319,-1.383524,3,walking
1519421614339,-5.6154795,-1.79523,-1.4218222,3,walking
1519421614344,-5.653778,-1.8239537,-1.4026731,3,walking
1519421614348,-5.7016506,-1.8048047,-1.4888442,3,walking
1519421614353,-5.806971,-1.862252,-1.5750152,3,walking
1519421614361,-5.960164,-1.8814012,-1.7377827,3,walking
1519421614368,-6.1612296,-1.9867213,-1.8335283,3,walking
1519421614373,-6.2378263,-2.0250196,-1.9101248,3,walking
1519421614381,-6.391019,-2.1207652,-1.9675722,3,walking
1519421614388,-6.525063,-2.2260852,-2.0920415,3,walking
1519421614393,-6.5346375,-2.321831,-2.0824668,3,walking
1519421614397,-6.639958,-2.4367256,-1.9675722,3,walking
1519421614402,-6.6495323,-2.494173,-1.8909757,3,walking
1519421614407,-6.668681,-2.513322,-1.8431029,3,walking
1519421614412,-6.7548523,-2.5324712,-1.776081,3,walking
1519421614418,-6.821874,-2.580344,-1.6611862,3,walking
1519421614422,-6.869747,-2.580344,-1.5462915,3,walking
1519421614431,-6.9463434,-2.5994933,-1.3548003,3,walking
1519421614437,-7.0325146,-2.6186423,-1.2399056,3,walking
1519421614443,-7.0995364,-2.5994933,-1.1920328,3,walking
1519421614448,-7.195282,-2.6377914,-1.0484143,3,walking
1519421614453,-7.195282,-2.6377914,-1.0484143,3,walking
1519421614457,-7.310177,-2.6186423,-0.91437054,3,walking
1519421614462,-7.35805,-2.6186423,-0.8473486,3,walking
1519421614471,-7.5208173,-2.4367256,-0.69415563,3,walking
1519421614477,-7.56869,-2.360129,-0.7324539,3,walking
1519421614483,-7.5782647,-2.34098,-0.63670826,3,walking
1519421614488,-7.6452866,-2.1782124,-0.5792609,3,walking
1519421614494,-7.6452866,-2.0824668,-0.56011176,3,walking
1519421614498,-7.6740103,-2.015445,-0.5313881,3,walking
1519421614504,-7.741032,-1.862252,-0.5218136,3,walking
1519421614509,-7.808054,-1.8048047,-0.56011176,3,walking
1519421614514,-7.8272033,-1.7186337,-0.5313881,3,walking
1519421614519,-7.9899707,-1.6516117,-0.5313881,3,walking
1519421614523,-7.9899707,-1.6516117,-0.5313881,3,walking
1519421614528,-8.21976,-1.5558661,-0.6079846,3,walking
1519421614532,-8.34423,-1.5558661,-0.63670826,3,walking
1519421614541,-8.66019,-1.5941644,-0.69415563,3,walking
1519421614547,-8.957002,-1.6707608,-0.751603,3,walking
1519421614552,-9.167642,-1.7282082,-0.77075213,3,walking
1519421614557,-9.5889225,-1.79523,-0.7420284,3,walking
1519421614562,-9.761265,-1.8814012,-0.751603,3,walking
1519421614567,-9.971905,-1.9388485,-0.7420284,3,walking
1519421614572,-10.230418,-2.0058703,-0.7420284,3,walking
1519421614577,-10.804892,-2.1399143,-0.8664977,3,walking
1519421614582,-11.111278,-2.2643836,-0.92394507,3,walking
1519421614587,-11.446387,-2.4175766,-1.0196906,3,walking
1519421614591,-11.82937,-2.513322,-1.0388398,3,walking
1519421614597,-12.403843,-2.6186423,-1.0867126,3,walking
1519421614603,-12.614484,-2.6760898,-1.0101161,3,walking
1519421614608,-12.863422,-2.8580062,-0.9718179,3,walking
1519421614613,-12.863422,-2.8580062,-0.9718179,3,walking
1519421614618,-13.02619,-3.0016246,-0.92394507,3,walking
1519421614623,-13.074062,-3.0111992,-0.90479594,3,walking
1519421614629,-13.188957,-2.8771553,-1.0388398,3,walking
1519421614634,-13.169807,-2.7814097,-1.0675635,3,walking
1519421614640,-13.198531,-2.494173,-1.2303311,3,walking
1519421614644,-13.169807,-2.2643836,-1.2973529,3,walking
1519421614649,-13.121935,-2.1111906,-1.3452257,3,walking
1519421614654,-13.00704,-1.9388485,-1.3930986,3,walking
1519421614658,-12.882571,-1.6707608,-1.4984187,3,walking
1519421614664,-12.537887,-1.3452257,-1.6803354,3,walking
1519421614669,-12.384694,-1.2111819,-1.7569319,3,walking
1519421614674,-12.25065,-1.0771381,-1.8239537,3,walking
1519421614679,-12.001712,-0.90479594,-2.187787,3,walking
1519421614684,-11.944264,-0.8186249,-2.3984275,3,walking
1519421614689,-12.049584,-0.5888355,-2.6760898,3,walking
1519421614694,-12.729378,-0.26330042,-2.8292825,3,walking
1519421614699,-13.188957,-0.3877697,-2.6377914,3,walking
1519421614710,-13.964497,-1.5175679,-1.3452257,3,walking
1519421614717,-13.495343,-2.5228968,-0.7420284,3,walking
1519421614722,-13.495343,-2.5228968,-0.7420284,3,walking
1519421614727,-12.614484,-3.2601378,-0.3398969,3,walking
1519421614733,-12.145329,-3.4707782,-0.19627848,3,walking
1519421614737,-11.245321,-3.7101421,-0.12925656,3,walking
1519421614768,-8.506997,-2.2452345,-1.9388485,3,walking
1519421614774,-8.506997,-2.2452345,-1.9388485,3,walking
1519421614782,-8.593168,-1.4218222,-2.34098,3,walking
1519421614789,-8.899554,-0.92394507,-2.513322,3,walking
1519421614795,-9.378282,-0.7324539,-2.513322,3,walking
1519421614800,-9.378282,-0.7324539,-2.513322,3,walking
1519421614804,-9.96233,-0.8281995,-2.427151,3,walking
1519421614809,-10.345312,-1.0292653,-2.4558747,3,walking
1519421614813,-10.345312,-1.0292653,-2.4558747,3,walking
1519421614818,-11.025106,-1.5462915,-2.408002,3,walking
1519421614822,-11.417664,-1.8526775,-2.475024,3,walking
1519421614826,-11.781497,-2.1111906,-2.4175766,3,walking
1519421614831,-12.298523,-2.580344,-2.4558747,3,walking
1519421614837,-12.470865,-2.7622607,-2.4845984,3,walking
1519421614842,-12.614484,-2.8388572,-2.561195,3,walking
1519421614846,-12.681505,-2.9250283,-2.6090677,3,walking
1519421614894,-10.077225,-1.2494801,-2.6856642,3,walking
1519421614899,-9.722966,-1.14416,-2.580344,3,walking
1519421614904,-9.378282,-1.0484143,-2.5420458,3,walking
1519421614909,-9.014449,-0.8952214,-2.427151,3,walking
1519421614913,-8.372953,-0.7324539,-2.2069361,3,walking
1519421614918,-8.181462,-0.59841,-2.1303396,3,walking
1519421614922,-7.9133744,-0.5505372,-2.034594,3,walking
1519421614927,-7.7793303,-0.4356425,-1.9388485,3,walking
1519421614932,-7.5974135,-0.34947145,-1.8048047,3,walking
1519421614937,-7.2623043,-0.37819514,-1.9196993,3,walking
1519421614941,-7.1474094,-0.39734426,-2.015445,3,walking
1519421614946,-7.1474094,-0.39734426,-1.9675722,3,walking
1519421614951,-7.0803876,-0.42606795,-1.9388485,3,walking
1519421614957,-6.9559183,-0.44521707,-1.7473572,3,walking
1519421614961,-6.8793216,-0.512239,-1.6611862,3,walking
1519421614966,-6.831449,-0.59841,-1.6803354,3,walking
1519421614971,-6.716554,-0.70373017,-1.6899099,3,walking
1519421614976,-6.544212,-1.0101161,-1.776081,3,walking
1519421614981,-6.5059137,-1.2111819,-1.8909757,3,walking
1519421614987,-6.4197426,-1.5079932,-1.862252,3,walking
1519421614991,-6.438892,-1.5750152,-1.8526775,3,walking
1519421614997,-6.4676156,-1.6516117,-1.8814012,3,walking
1519421615001,-6.47719,-1.709059,-1.9388485,3,walking
1519421615006,-6.5825105,-1.8814012,-2.0537431,3,walking
1519421615011,-6.630383,-1.9579976,-2.0633178,3,walking
1519421615016,-6.668681,-2.0441687,-2.0824668,3,walking
1519421615021,-6.7357035,-2.1303396,-2.149489,3,walking
1519421615026,-6.783576,-2.1399143,-2.187787,3,walking
1519421615031,-6.9176197,-2.1207652,-2.2356598,3,walking
1519421615036,-6.936769,-2.1303396,-2.2260852,3,walking
1519421615041,-6.9942164,-2.1207652,-2.2165108,3,walking
1519421615046,-7.1091113,-2.1590633,-2.2260852,3,walking
1519421615051,-7.176133,-2.1782124,-2.2356598,3,walking
1519421615056,-7.2335806,-2.2165108,-2.2165108,3,walking
1519421615061,-7.3006024,-2.2069361,-2.187787,3,walking
1519421615066,-7.3771987,-2.168638,-2.187787,3,walking
1519421615071,-7.4442205,-2.1399143,-2.168638,3,walking
1519421615076,-7.501668,-2.1111906,-2.101616,3,walking
1519421615082,-7.5591154,-2.1111906,-2.0728924,3,walking
1519421615087,-7.5399666,-2.0728924,-2.0537431,3,walking
1519421615092,-7.5782647,-2.015445,-2.0250196,3,walking
1519421615097,-7.6452866,-1.8909757,-2.034594,3,walking
1519421615101,-7.616563,-1.8526775,-2.0250196,3,walking
1519421615106,-7.6452866,-1.8239537,-2.0058703,3,walking
1519421615111,-7.6740103,-1.8143792,-2.0058703,3,walking
1519421615117,-7.7314577,-1.7569319,-1.948423,3,walking
1519421615122,-7.788905,-1.7856555,-1.9771467,3,walking
1519421615127,-7.808054,-1.776081,-1.929274,3,walking
1519421615132,-7.808054,-1.776081,-1.929274,3,walking
1519421615137,-7.808054,-1.7282082,-1.9867213,3,walking
1519421615141,-7.8367777,-1.7473572,-1.929274,3,walking
1519421615146,-7.8655014,-1.7377827,-1.9388485,3,walking
1519421615151,-7.846352,-1.6994845,-1.9196993,3,walking
1519421615156,-7.855927,-1.7473572,-1.8526775,3,walking
1519421615161,-7.9420977,-1.7282082,-1.8239537,3,walking
1519421615166,-7.9899707,-1.6803354,-1.8526775,3,walking
1519421615171,-8.047418,-1.6324625,-1.9101248,3,walking
1519421615176,-8.1623125,-1.622888,-1.948423,3,walking
1519421615181,-8.229335,-1.5941644,-1.9771467,3,walking
1519421615187,-8.411251,-1.5845897,-2.015445,3,walking
1519421615192,-8.5740185,-1.6133134,-2.0441687,3,walking
1519421615197,-8.832532,-1.6324625,-2.0824668,3,walking
1519421615201,-8.832532,-1.6324625,-2.0824668,3,walking
1519421615206,-9.033598,-1.6803354,-2.0824668,3,walking
1519421615211,-9.148493,-1.6899099,-2.0824668,3,walking
1519421615216,-9.148493,-1.7186337,-2.101616,3,walking
1519421615221,-9.253813,-1.7569319,-2.1207652,3,walking
1519421615226,-9.435729,-1.79523,-2.187787,3,walking
1519421615232,-9.5219,-1.7856555,-2.2069361,3,walking
1519421615237,-9.64637,-1.6803354,-2.3026817,3,walking
1519421615242,-9.732541,-1.622888,-2.3792782,3,walking
1519421615247,-9.7899885,-1.6133134,-2.4654493,3,walking
1519421615252,-9.876159,-1.5845897,-2.5324712,3,walking
1519421615257,-9.933606,-1.5558661,-2.6282167,3,walking
1519421615263,-9.991054,-1.5558661,-2.5707695,3,walking
1519421615268,-10.144247,-1.5462915,-2.580344,3,walking
1519421615272,-10.144247,-1.5462915,-2.580344,3,walking
1519421615276,-10.153821,-1.5654407,-2.475024,3,walking
1519421615281,-10.182545,-1.6133134,-2.1399143,3,walking
1519421615285,-10.105948,-1.6133134,-1.9771467,3,walking
1519421615290,-10.125097,-1.6324625,-1.776081,3,walking
1519421615297,-10.144247,-1.6803354,-1.469695,3,walking
1519421615302,-10.220843,-1.6611862,-1.2686293,3,walking
1519421615307,-10.182545,-1.7377827,-0.9718179,3,walking
1519421615312,-10.182545,-1.7377827,-0.9718179,3,walking
1519421615316,-10.134672,-1.7665064,-0.751603,3,walking
1519421615321,-10.230418,-1.7186337,-0.69415563,3,walking
1519421615326,-10.804892,-1.4122477,-0.85692316,3,walking
1519421615331,-11.417664,-1.1058618,-1.1633091,3,walking
1519421615335,-11.417664,-1.1058618,-1.1633091,3,walking
1519421615338,-13.409172,-0.47394073,-2.0250196,3,walking
1519421615345,-14.510246,-0.25372586,-2.4845984,3,walking
1519421615349,-15.458128,-0.17712937,-2.8292825,3,walking
1519421615354,-16.003878,-0.27287498,-2.9250283,3,walking
1519421615397,-9.119769,-2.7814097,-1.6994845,3,walking
1519421615406,-8.018694,-2.7048132,-1.5175679,3,walking
1519421615415,-7.310177,-2.3697038,-1.4505459,3,walking
1519421615420,-7.35805,-1.6994845,-1.1920328,3,walking
1519421615426,-7.6452866,-1.383524,-1.1154363,3,walking
1519421615431,-8.181462,-1.1250108,-1.0962871,3,walking
1519421615436,-8.899554,-0.92394507,-1.0579889,3,walking
1519421615468,-14.223009,-2.2739582,-1.4122477,3,walking
1519421615476,-14.270883,-2.1207652,-1.9101248,3,walking
1519421615484,-13.907049,-1.776081,-2.4367256,3,walking
1519421615492,-13.907049,-1.776081,-2.4367256,3,walking
1519421615498,-12.9591675,-1.3930986,-3.0686467,3,walking
1519421615503,-12.35597,-1.1250108,-3.384607,3,walking
1519421615508,-11.992137,-1.0388398,-3.4324799,3,walking
1519421615513,-11.542132,-0.9718179,-3.2888615,3,walking
1519421615518,-10.5080805,-0.98139244,-3.0973704,3,walking
1519421615524,-10.038927,-1.0675635,-2.88673,3,walking
1519421615529,-9.158067,-1.1154363,-2.408002,3,walking
1519421615533,-8.746361,-1.2590547,-2.1111906,3,walking
1519421615584,-6.2952733,-2.2165108,-1.1728836,3,walking
1519421615592,-6.1612296,-1.9962958,-1.1345854,3,walking
1519421615597,-6.1229315,-1.8909757,-1.1920328,3,walking
1519421615601,-6.1229315,-1.8239537,-1.2399056,3,walking
1519421615606,-6.132506,-1.776081,-1.2590547,3,walking
1519421615610,-6.132506,-1.776081,-1.3069274,3,walking
1519421615616,-6.180379,-1.7856555,-1.2877784,3,walking
1519421615620,-6.2665496,-1.862252,-1.3930986,3,walking
1519421615625,-6.2952733,-1.9196993,-1.4218222,3,walking
1519421615631,-6.3527207,-1.9867213,-1.4984187,3,walking
1519421615635,-6.3814445,-2.0728924,-1.5271424,3,walking
1519421615640,-6.4963393,-2.1782124,-1.6324625,3,walking
1519421615646,-6.5346375,-2.2260852,-1.6611862,3,walking
1519421615650,-6.544212,-2.2835326,-1.7856555,3,walking
1519421615656,-6.6208086,-2.3505547,-1.8909757,3,walking
1519421615661,-6.668681,-2.3888528,-1.9962958,3,walking
1519421615666,-6.764427,-2.3888528,-2.1111906,3,walking
1519421615671,-6.831449,-2.4175766,-2.168638,3,walking
1519421615676,-6.869747,-2.408002,-2.1973617,3,walking
1519421615681,-6.898471,-2.4367256,-2.2452345,3,walking
1519421615687,-6.984642,-2.4558747,-2.1973617,3,walking
1519421615692,-7.0133657,-2.4175766,-2.0920415,3,walking
1519421615697,-7.176133,-2.321831,-1.8814012,3,walking
1519421615702,-7.1857076,-2.2835326,-1.776081,3,walking
1519421615707,-7.195282,-2.2260852,-1.6899099,3,walking
1519421615712,-7.2623043,-2.168638,-1.469695,3,walking
1519421615717,-7.2910275,-2.1590633,-1.4313968,3,walking
1519421615723,-7.3006024,-2.1303396,-1.2686293,3,walking
1519421615728,-7.35805,-1.9962958,-1.1154363,3,walking
1519421615733,-7.35805,-1.929274,-1.0196906,3,walking
1519421615738,-7.3867736,-1.79523,-1.0005416,3,walking
1519421615748,-7.5208173,-1.4792696,-0.92394507,3,walking
1519421615753,-7.5399666,-1.383524,-0.90479594,3,walking
1519421615758,-7.5782647,-1.3165021,-0.91437054,3,walking
1519421615763,-7.6261373,-1.2207564,-0.93351966,3,walking
1519421615769,-7.7123084,-1.2207564,-0.9430942,3,walking
1519421615774,-7.769756,-1.1824582,-1.0196906,3,walking
1519421615779,-7.8655014,-1.1920328,-1.0484143,3,walking
1519421615784,-7.8655014,-1.1920328,-1.0484143,3,walking
1519421615789,-8.066567,-1.2207564,-1.0388398,3,walking
1519421615794,-8.143164,-1.1920328,-1.0579889,3,walking
1519421615798,-8.258059,-1.1728836,-1.0962871,3,walking
1519421615803,-8.363379,-1.1537346,-1.1633091,3,walking
1519421615807,-8.44955,-1.1154363,-1.1537346,3,walking
1519421615811,-8.44955,-1.1154363,-1.1537346,3,walking
1519421615816,-8.6697645,-1.0675635,-1.2399056,3,walking
1519421615825,-8.889979,-1.0867126,-1.4218222,3,walking
1519421615830,-9.033598,-1.0771381,-1.5079932,3,walking
1519421615835,-9.320834,-1.1728836,-1.6516117,3,walking
1519421615841,-9.445304,-1.2207564,-1.6707608,3,walking
1519421615845,-9.5889225,-1.4409714,-1.709059,3,walking
1519421615850,-9.6942425,-1.5750152,-1.6994845,3,walking
1519421615855,-9.799562,-1.6707608,-1.6994845,3,walking
1519421615860,-9.924032,-1.8239537,-1.6994845,3,walking
1519421615865,-10.029352,-1.948423,-1.6133134,3,walking
1519421615870,-10.431483,-2.254809,-1.5750152,3,walking
1519421615874,-10.584677,-2.3888528,-1.5367169,3,walking
1519421615879,-10.833615,-2.513322,-1.5175679,3,walking
1519421615885,-11.015532,-2.6377914,-1.4792696,3,walking
1519421615890,-11.465536,-2.8771553,-1.3930986,3,walking
1519421615894,-11.7049,-3.0303483,-1.3643749,3,walking
1519421615899,-11.877242,-3.1835413,-1.3069274,3,walking
1519421615905,-12.231501,-3.4133308,-1.3452257,3,walking
1519421615909,-12.394268,-3.4612036,-1.4026731,3,walking
1519421615915,-12.681505,-3.3941817,-1.5271424,3,walking
1519421615920,-12.681505,-3.3941817,-1.5271424,3,walking
1519421615925,-12.767676,-3.1835413,-1.6324625,3,walking
1519421615930,-12.7964,-2.9920502,-1.7569319,3,walking
1519421615935,-12.69108,-2.6090677,-1.7377827,3,walking
1519421615939,-12.518738,-2.4175766,-1.7473572,3,walking
1519421615945,-12.35597,-2.1590633,-1.7665064,3,walking
1519421615950,-12.107032,-1.8814012,-1.7377827,3,walking
1519421615955,-11.896391,-1.6037389,-1.7569319,3,walking
1519421615960,-11.331492,-1.1633091,-1.776081,3,walking
1519421615965,-11.072979,-0.9622433,-1.7569319,3,walking
1519421615969,-10.871913,-0.8281995,-1.8431029,3,walking
1519421615975,-10.776168,-0.61755913,-1.9771467,3,walking
1519421615979,-11.245321,-0.28244954,-2.561195,3,walking
1519421615984,-11.685751,-0.14840569,-2.819708,3,walking
1519421615987,-12.193203,-0.22500217,-2.9346027,3,walking
1519421616011,-12.394268,-3.3175852,-0.9622433,3,walking
1519421616016,-12.087883,-3.825037,-0.6079846,3,walking
1519421616020,-11.800646,-4.284616,-0.3877697,3,walking
1519421616047,-9.5889225,-4.5910015,-0.9622433,3,walking
1519421616052,-9.368708,-4.0548263,-1.709059,3,walking
1519421616057,-9.464453,-3.7101421,-2.034594,3,walking
1519421616061,-9.464453,-3.7101421,-2.034594,3,walking
1519421616065,-10.048501,-3.078221,-2.6377914,3,walking
1519421616070,-10.460207,-2.752686,-2.9537518,3,walking
1519421616074,-11.025106,-2.4654493,-3.231414,3,walking
1519421616081,-12.35597,-1.9771467,-3.4420545,3,walking
1519421616086,-13.02619,-1.8239537,-3.4420545,3,walking
1519421616090,-13.677259,-1.7186337,-3.4707782,3,walking
1519421616095,-14.251733,-1.5941644,-3.4899273,3,walking
1519421616132,-13.974071,-1.6994845,-3.777164,3,walking
1519421616141,-12.614484,-1.5941644,-3.4324799,3,walking
1519421616149,-12.116607,-1.5845897,-3.2218397,3,walking
1519421616157,-11.207023,-1.5558661,-2.8388572,3,walking
1519421616161,-10.268716,-1.3739494,-2.3888528,3,walking
1519421616166,-9.828286,-1.2877784,-2.1590633,3,walking
1519421616170,-9.828286,-1.2877784,-2.1590633,3,walking
1519421616209,-8.00912,-0.8952214,-2.475024,3,walking
1519421616217,-8.085716,-0.77075213,-2.4367256,3,walking
1519421616225,-8.286782,-0.49308985,-2.5420458,3,walking
1519421616233,-8.104865,-0.36862057,-2.561195,3,walking
1519421616241,-7.8272033,-0.25372586,-2.8963046,3,walking
1519421616246,-7.7506065,-0.20585304,-3.1069448,3,walking
1519421616251,-7.654861,-0.17712937,-3.078221,3,walking
1519421616255,-7.5974135,-0.081383765,-2.6569405,3,walking
1519421616260,-7.5974135,-0.081383765,-2.6569405,3,walking
1519421616264,-7.587839,-0.12925656,-2.3984275,3,walking
1519421616270,-7.4250717,-0.22500217,-2.494173,3,walking
1519421616275,-7.089962,-0.33032233,-2.5228968,3,walking
1519421616279,-6.764427,-0.64628285,-2.4175766,3,walking
1519421616284,-6.8410234,-0.85692316,-2.475024,3,walking
1519421616290,-6.8793216,-0.98139244,-2.3984275,3,walking
1519421616294,-6.869747,-1.2590547,-2.4845984,3,walking
1519421616299,-6.898471,-1.3930986,-2.580344,3,walking
1519421616305,-6.9176197,-1.5367169,-2.7814097,3,walking
1519421616310,-6.9654927,-1.7186337,-2.9920502,3,walking
1519421616315,-7.2718787,-1.929274,-3.1548176,3,walking
1519421616320,-7.3676243,-1.9867213,-3.2026904,3,walking
1519421616324,-7.3867736,-2.0058703,-3.173967,3,walking
1519421616329,-7.3676243,-2.034594,-3.193116,3,walking
1519421616334,-7.4729443,-1.9771467,-3.212265,3,walking
1519421616339,-7.56869,-1.9962958,-3.2505634,3,walking
1519421616344,-7.664436,-2.034594,-3.4037561,3,walking
1519421616350,-7.664436,-2.034594,-3.4037561,3,walking
1519421616355,-7.721883,-2.1111906,-3.4229054,3,walking
1519421616359,-7.664436,-2.0920415,-3.4133308,3,walking
1519421616365,-7.5208173,-2.0633178,-3.346309,3,walking
1519421616369,-7.482519,-1.9675722,-3.3271596,3,walking
1519421616374,-7.511243,-1.9675722,-3.2888615,3,walking
1519421616380,-7.4442205,-1.9101248,-3.2409887,3,walking
1519421616384,-7.434646,-1.8526775,-3.231414,3,walking
1519421616389,-7.3389006,-1.7569319,-3.1069448,3,walking
1519421616395,-7.3389006,-1.6899099,-3.126094,3,walking
1519421616400,-7.281453,-1.709059,-3.0686467,3,walking
1519421616405,-7.1857076,-1.6611862,-2.9824755,3,walking
1519421616410,-7.137835,-1.6803354,-3.0016246,3,walking
1519421616415,-7.042089,-1.7186337,-2.9441774,3,walking
1519421616421,-7.042089,-1.7377827,-2.9824755,3,walking
1519421616426,-6.9559183,-1.7569319,-2.905879,3,walking
1519421616431,-6.9559183,-1.7282082,-2.7431116,3,walking
1519421616436,-7.0133657,-1.7282082,-2.7909844,3,walking
1519421616441,-6.936769,-1.7569319,-2.6856642,3,walking
1519421616446,-6.9559183,-1.7473572,-2.7048132,3,walking
1519421616451,-7.0133657,-1.7186337,-2.733537,3,walking
1519421616457,-7.0612383,-1.6899099,-2.714388,3,walking
1519421616461,-7.156984,-1.709059,-2.6569405,3,walking
1519421616467,-7.2623043,-1.6516117,-2.6186423,3,walking
1519421616472,-7.3676243,-1.5941644,-2.647366,3,walking
1519421616477,-7.4250717,-1.5845897,-2.6186423,3,walking
1519421616482,-7.6261373,-1.622888,-2.5994933,3,walking
1519421616487,-7.769756,-1.6516117,-2.6569405,3,walking
1519421616497,-8.210186,-1.7665064,-2.5994933,3,walking
1519421616502,-8.430401,-1.8048047,-2.5228968,3,walking
1519421616508,-8.5740185,-1.8239537,-2.4845984,3,walking
1519421616513,-8.909128,-1.8814012,-2.3792782,3,walking
1519421616518,-9.110194,-1.8814012,-2.3122563,3,walking
1519421616523,-9.330409,-1.9388485,-2.3026817,3,walking
1519421616528,-9.809137,-2.0058703,-2.3026817,3,walking
1519421616533,-10.077225,-2.034594,-2.2452345,3,walking
1519421616538,-10.345312,-2.1111906,-2.2835326,3,walking
1519421616545,-10.680422,-2.168638,-2.2069361,3,walking
1519421616551,-10.804892,-2.2165108,-2.2069361,3,walking
1519421616556,-10.900637,-2.1973617,-2.1207652,3,walking
1519421616561,-10.919786,-2.187787,-2.149489,3,walking
1519421616566,-10.94851,-2.149489,-2.1590633,3,walking
1519421616571,-10.910212,-2.1111906,-2.1207652,3,walking
1519421616576,-10.871913,-2.1399143,-2.0633178,3,walking
1519421616580,-10.871913,-2.1399143,-2.0633178,3,walking
1519421616584,-10.814466,-2.187787,-1.929274,3,walking
1519421616589,-10.795317,-2.168638,-1.7569319,3,walking
1519421616594,-10.709146,-2.1399143,-1.6707608,3,walking
1519421616599,-10.6134,-2.101616,-1.5175679,3,walking
1519421616604,-10.450633,-1.9867213,-1.2494801,3,walking
1519421616609,-10.383611,-1.9196993,-1.14416,3,walking
1519421616614,-10.259142,-1.8718265,-0.8281995,3,walking
1519421616619,-10.268716,-1.8431029,-0.69415563,3,walking
1519421616624,-10.230418,-1.8335283,-0.63670826,3,walking
1519421616629,-10.374036,-1.776081,-0.665432,3,walking
1519421616634,-10.651698,-1.6611862,-0.7420284,3,walking
1519421616639,-11.676176,-1.2782038,-1.2399056,3,walking
1519421616643,-12.269799,-1.1633091,-1.4984187,3,walking
1519421616652,-13.294277,-1.2111819,-1.8526775,3,walking
1519421616657,-13.552791,-1.2877784,-1.8909757,3,walking
1519421616661,-13.275128,-1.622888,-1.6899099,3,walking
1519421616665,-13.275128,-1.622888,-1.6899099,3,walking
1519421616705,-9.071896,-2.1782124,-0.39734426,3,walking
1519421616713,-8.420826,-1.8143792,-0.27287498,3,walking
1519421616721,-8.200611,-1.8048047,-0.32074776,3,walking
1519421616729,-8.21976,-1.6037389,-0.751603,3,walking
1519421616735,-8.439975,-1.4888442,-0.8664977,3,walking
1519421616739,-8.736787,-1.4601204,-1.0292653,3,walking
1519421616744,-9.675094,-1.6707608,-1.4505459,3,walking
1519421616749,-10.374036,-1.7856555,-1.6611862,3,walking
1519421616753,-11.015532,-2.015445,-1.6420372,3,walking
1519421616756,-11.551707,-2.2739582,-1.5941644,3,walking
1519421616762,-11.972988,-2.5994933,-1.4505459,3,walking
1519421616768,-12.825124,-3.126094,-1.3069274,3,walking
1519421616773,-13.188957,-3.4133308,-1.1250108,3,walking
1519421616778,-13.428321,-3.6526947,-1.0292653,3,walking
1519421616815,-12.231501,-2.733537,-1.6803354,3,walking
1519421616823,-11.360216,-2.1399143,-1.6611862,3,walking
1519421616831,-10.709146,-1.8239537,-1.4888442,3,walking
1519421616839,-10.058076,-1.5079932,-1.2399056,3,walking
1519421616845,-10.058076,-1.5079932,-1.2399056,3,walking
1519421616849,-9.75169,-1.383524,-1.0962871,3,walking
1519421616854,-9.177217,-1.1633091,-0.8856468,3,walking
1519421616859,-8.861256,-1.0675635,-0.77075213,3,walking
1519421616864,-8.286782,-1.0388398,-0.665432,3,walking
1519421616869,-8.047418,-1.1537346,-0.61755913,3,walking
1519421616874,-7.875076,-1.2877784,-0.63670826,3,walking
1519421616879,-7.7506065,-1.3165021,-0.63670826,3,walking
1519421616884,-7.5974135,-1.3548003,-0.70373017,3,walking
1519421616889,-7.2144313,-1.3548003,-0.77075213,3,walking
1519421616894,-7.0325146,-1.3069274,-0.8090504,3,walking
1519421616899,-6.7740016,-1.3260766,-0.78032666,3,walking
1519421616903,-6.6016593,-1.3643749,-0.8473486,3,walking
1519421616908,-6.333572,-1.4792696,-0.90479594,3,walking
1519421616914,-6.151655,-1.6133134,-0.9718179,3,walking
1519421616919,-6.151655,-1.6133134,-0.9718179,3,walking
1519421616924,-5.988888,-1.7473572,-1.1058618,3,walking
1519421616930,-5.960164,-1.8718265,-1.1824582,3,walking
1519421616935,-5.8644185,-2.0058703,-1.1824582,3,walking
1519421616939,-5.8644185,-2.0824668,-1.2303311,3,walking
1519421616943,-5.8931417,-2.3026817,-1.2973529,3,walking
1519421616949,-5.941015,-2.4654493,-1.2686293,3,walking
1519421616954,-6.027186,-2.580344,-1.3069274,3,walking
1519421616959,-6.218677,-2.800559,-1.3643749,3,walking
1519421616963,-6.2952733,-2.8963046,-1.383524,3,walking
1519421616969,-6.3622956,-2.9824755,-1.4026731,3,walking
1519421616974,-6.438892,-3.1069448,-1.3548003,3,walking
1519421616979,-6.515488,-3.2792869,-1.3165021,3,walking
1519421616984,-6.6016593,-3.3558834,-1.3165021,3,walking
1519421616989,-6.6495323,-3.4612036,-1.2973529,3,walking
1519421616993,-6.821874,-3.6143966,-1.2782038,3,walking
1519421616998,-6.936769,-3.6622694,-1.2590547,3,walking
1519421617004,-7.02294,-3.6526947,-1.2111819,3,walking
1519421617008,-7.0995364,-3.6239712,-1.1920328,3,walking
1519421617014,-7.2910275,-3.4420545,-1.2207564,3,walking
1519421617019,-7.396348,-3.3558834,-1.2399056,3,walking
1519421617024,-7.5303917,-3.231414,-1.1633091,3,walking
1519421617028,-7.5303917,-3.231414,-1.1633091,3,walking
1519421617034,-7.702734,-3.0686467,-1.1345854,3,walking
1519421617039,-7.769756,-2.905879,-1.0867126,3,walking
1519421617043,-7.855927,-2.5707695,-1.0292653,3,walking
1519421617049,-7.922949,-2.4175766,-0.99096704,3,walking
1519421617054,-7.999545,-2.2739582,-1.0101161,3,walking
1519421617059,-8.085716,-2.149489,-0.90479594,3,walking
1519421617063,-8.248484,-1.9675722,-0.8952214,3,walking
1519421617068,-8.305931,-1.8909757,-0.83777404,3,walking
1519421617074,-8.401677,-1.776081,-0.85692316,3,walking
1519421617079,-8.439975,-1.7473572,-0.85692316,3,walking
1519421617083,-8.478273,-1.622888,-0.7994758,3,walking
1519421617088,-8.545295,-1.469695,-0.7228793,3,walking
1519421617094,-8.631466,-1.2973529,-0.6079846,3,walking
1519421617098,-8.631466,-1.2973529,-0.6079846,3,walking
1519421617104,-8.746361,-1.1345854,-0.56968635,3,walking
1519421617109,-8.784659,-1.0292653,-0.50266445,3,walking
1519421617114,-8.918703,-0.91437054,-0.512239,3,walking
1519421617118,-8.918703,-0.91437054,-0.512239,3,walking
1519421617124,-9.129343,-0.8090504,-0.4835153,3,walking
1519421617129,-9.253813,-0.78032666,-0.5218136,3,walking
1519421617133,-9.502751,-0.6750065,-0.56011176,3,walking
1519421617139,-9.608071,-0.64628285,-0.59841,3,walking
1519421617144,-9.761265,-0.6271337,-0.6079846,3,walking
1519421617149,-9.904882,-0.6271337,-0.6558574,3,walking
1519421617154,-10.048501,-0.70373017,-0.8090504,3,walking
1519421617159,-10.412334,-0.8664977,-0.92394507,3,walking
1519421617164,-10.82404,-1.0292653,-1.1537346,3,walking
1519421617169,-10.996383,-1.1537346,-1.3356512,3,walking
1519421617175,-11.187874,-1.2399056,-1.4409714,3,walking
1519421617179,-11.341067,-1.3739494,-1.5175679,3,walking
1519421617184,-11.522984,-1.5079932,-1.6324625,3,walking
1519421617189,-11.752773,-1.6611862,-1.709059,3,walking
1519421617193,-11.963413,-1.948423,-1.6899099,3,walking
1519421617199,-12.0400095,-2.0728924,-1.6611862,3,walking
1519421617204,-12.059159,-2.254809,-1.5558661,3,walking
1519421617209,-12.049584,-2.321831,-1.5367169,3,walking
1519421617214,-12.020861,-2.3505547,-1.469695,3,walking
1519421617219,-11.982562,-2.3314054,-1.3643749,3,walking
1519421617224,-11.905966,-2.168638,-1.2686293,3,walking
1519421617231,-11.781497,-1.948423,-1.2111819,3,walking
1519421617236,-11.7049,-1.862252,-1.1728836,3,walking
1519421617245,-11.522984,-1.6803354,-1.1633091,3,walking
1519421617249,-11.379365,-1.6037389,-1.1920328,3,walking
1519421617254,-11.245321,-1.5367169,-1.2111819,3,walking
1519421617258,-11.101703,-1.383524,-1.0962871,3,walking
1519421617263,-11.072979,-1.0292653,-1.383524,3,walking
1519421617269,-11.293194,-0.77075213,-1.6420372,3,walking
1519421617274,-12.269799,-0.5505372,-2.3505547,3,walking
1519421617279,-12.269799,-0.5505372,-2.3505547,3,walking
1519421617284,-13.428321,-0.8760723,-2.7814097,3,walking
1519421617292,-13.658111,-1.8526775,-2.6569405,3,walking
1519421617297,-13.619812,-2.3026817,-2.3122563,3,walking
1519421617301,-13.284702,-3.126094,-1.8526775,3,walking
1519421617344,-9.732541,-3.2888615,-1.929274,3,walking
1519421617353,-9.100619,-2.6952388,-2.1207652,3,walking
1519421617360,-8.717637,-1.9771467,-2.254809,3,walking
1519421617366,-8.602742,-1.6037389,-2.3888528,3,walking
1519421617375,-8.7750845,-0.40691882,-2.5420458,3,walking
1519421617379,-8.966576,-0.043085523,-2.5707695,3,walking
1519421617384,-9.263388,0.17712937,-2.5707695,3,walking
1519421617388,-9.579348,0.359046,-2.5420458,3,walking
1519421617394,-9.914457,0.4356425,-2.494173,3,walking
1519421617398,-10.259142,0.47394073,-2.4367256,3,walking
1519421617403,-10.603826,0.4164934,-2.408002,3,walking
1519421617408,-11.187874,-0.110107444,-2.168638,3,walking
1519421617414,-11.475111,-0.49308985,-2.1303396,3,walking
1519421617418,-11.657027,-0.85692316,-1.9579976,3,walking
1519421617423,-11.810221,-1.2782038,-1.8431029,3,walking
1519421617429,-11.963413,-2.034594,-1.6707608,3,walking
1519421617433,-12.078308,-2.3984275,-1.8909757,3,walking
1519421617439,-12.193203,-2.666515,-1.8909757,3,walking
1519421617443,-12.030436,-3.0877957,-2.101616,3,walking
1519421617448,-12.0400095,-3.0303483,-2.187787,3,walking
1519421617453,-12.001712,-2.8771553,-2.3122563,3,walking
1519421617459,-12.001712,-2.8771553,-2.3122563,3,walking
1519421617464,-11.59958,-2.149489,-2.819708,3,walking
1519421617469,-11.379365,-1.8909757,-2.88673,3,walking
1519421617474,-11.092129,-1.7377827,-2.9154537,3,walking
1519421617479,-10.642124,-1.2111819,-2.9633265,3,walking
1519421617484,-10.29744,-0.61755913,-2.7814097,3,walking
1519421617489,-10.038927,-0.3877697,-2.6952388,3,walking
1519421617494,-9.732541,-0.18670394,-2.5420458,3,walking
1519421617499,-9.493176,0.023936402,-2.408002,3,walking
1519421617504,-9.148493,0.2154276,-2.101616,3,walking
1519421617509,-8.995299,0.47394073,-1.9005502,3,walking
1519421617515,-8.899554,0.42606795,-1.929274,3,walking
1519421617520,-8.583593,0.11968201,-1.5654407,3,walking
1519421617525,-8.4686985,0.062234644,-1.2877784,3,walking
1519421617530,-8.305931,0.03351096,-1.2590547,3,walking
1519421617535,-7.8176284,-0.36862057,-1.5941644,3,walking
1519421617540,-7.6069884,-0.7228793,-1.5845897,3,walking
1519421617545,-7.434646,-1.0292653,-1.8909757,3,walking
1519421617554,-7.3197513,-1.1920328,-2.101616,3,walking
1519421617558,-7.2910275,-1.1920328,-2.1782124,3,walking
1519421617563,-7.4537954,-1.0867126,-2.1399143,3,walking
1519421617568,-7.7314577,-0.5505372,-1.7282082,3,walking
1519421617573,-7.6261373,-0.36862057,-1.5941644,3,walking
1519421617578,-7.501668,-0.20585304,-1.4313968,3,walking
1519421617583,-7.56869,0.12925656,-1.0867126,3,walking
1519421617588,-7.654861,0.20585304,-1.1345854,3,walking
1519421617594,-7.654861,0.18670394,-1.1728836,3,walking
1519421617599,-7.5399666,0.03351096,-1.2877784,3,walking
1519421617604,-7.4729443,-0.11968201,-1.3452257,3,walking
1519421617609,-7.5303917,-0.3398969,-1.4122477,3,walking
1519421617615,-7.6261373,-0.98139244,-1.6516117,3,walking
1519421617619,-7.5591154,-1.2494801,-1.7569319,3,walking
1519421617625,-7.4537954,-1.4409714,-1.9101248,3,walking
1519421617630,-7.348475,-1.4984187,-2.0250196,3,walking
1519421617635,-7.2335806,-1.5558661,-2.1973617,3,walking
1519421617640,-7.1186857,-1.948423,-2.427151,3,walking
1519421617645,-7.137835,-2.2739582,-2.4463003,3,walking
1519421617650,-7.137835,-2.494173,-2.3984275,3,walking
1519421617655,-7.137835,-2.6569405,-2.34098,3,walking
1519421617660,-7.042089,-2.6282167,-2.2739582,3,walking
1519421617666,-7.0803876,-2.4558747,-2.3505547,3,walking
1519421617670,-7.1091113,-2.2260852,-2.3314054,3,walking
1519421617676,-7.042089,-1.9579976,-2.2931073,3,walking
1519421617681,-7.0325146,-1.8526775,-2.2452345,3,walking
1519421617686,-6.9942164,-1.8718265,-2.1973617,3,walking
1519421617696,-6.936769,-1.7665064,-2.168638,3,walking
1519421617701,-7.003791,-1.7282082,-2.1303396,3,walking
1519421617706,-7.042089,-1.6420372,-2.1782124,3,walking
1519421617711,-7.1474094,-1.5462915,-2.2260852,3,walking
1519421617716,-7.1665583,-1.5175679,-2.2356598,3,walking
1519421617721,-7.176133,-1.5462915,-2.1973617,3,walking
1519421617727,-7.281453,-1.5750152,-2.3026817,3,walking
1519421617731,-7.3389006,-1.6037389,-2.3505547,3,walking
1519421617737,-7.3676243,-1.6324625,-2.34098,3,walking
1519421617742,-7.4059224,-1.6803354,-2.3122563,3,walking
1519421617747,-7.434646,-1.7569319,-2.34098,3,walking
1519421617752,-7.46337,-1.8048047,-2.3505547,3,walking
1519421617757,-7.4442205,-1.862252,-2.3314054,3,walking
1519421617762,-7.482519,-1.929274,-2.2643836,3,walking
1519421617767,-7.5208173,-2.015445,-2.1782124,3,walking
1519421617771,-7.56869,-2.0441687,-2.168638,3,walking
1519421617776,-7.6740103,-2.0728924,-2.1973617,3,walking
1519421617785,-7.855927,-2.101616,-2.1590633,3,walking
1519421617789,-7.961247,-2.101616,-2.168638,3,walking
1519421617794,-8.104865,-2.1111906,-2.1303396,3,walking
1519421617798,-8.104865,-2.1111906,-2.1303396,3,walking
1519421617804,-8.55487,-2.1590633,-2.0537431,3,walking
1519421617809,-8.6697645,-2.1590633,-2.0537431,3,walking
1519421617813,-8.822957,-2.1399143,-2.0250196,3,walking
1519421617818,-8.9761505,-2.149489,-1.9675722,3,walking
1519421617823,-9.033598,-2.101616,-1.9579976,3,walking
1519421617828,-9.062322,-2.0537431,-1.9005502,3,walking
1519421617833,-9.119769,-1.8718265,-1.9101248,3,walking
1519421617838,-9.330409,-1.6516117,-1.9388485,3,walking
1519421617843,-9.54105,-1.5079932,-2.168638,3,walking
1519421617848,-9.54105,-1.5079932,-2.168638,3,walking
1519421617854,-9.876159,-1.383524,-2.475024,3,walking
1519421617859,-10.000628,-1.3548003,-2.5037475,3,walking
1519421617864,-10.239992,-1.3069274,-2.5899186,3,walking
1519421617870,-10.239992,-1.3069274,-2.5899186,3,walking
1519421617875,-10.536804,-1.1058618,-2.6377914,3,walking
1519421617879,-10.536804,-1.1058618,-2.6377914,3,walking
1519421617884,-10.699572,-1.1824582,-2.475024,3,walking
1519421617889,-10.785743,-1.3356512,-2.360129,3,walking
1519421617894,-10.958084,-1.6516117,-2.0728924,3,walking
1519421617899,-10.996383,-1.8526775,-1.9005502,3,walking
1519421617904,-10.958084,-2.149489,-1.6707608,3,walking
1519421617909,-10.938935,-2.408002,-1.4601204,3,walking
1519421617914,-11.044255,-3.0111992,-1.0484143,3,walking
1519421617919,-11.092129,-3.2505634,-0.91437054,3,walking
1519421617925,-11.321918,-3.6431203,-0.7994758,3,walking
1519421617930,-11.522984,-3.6431203,-0.7324539,3,walking
1519421617935,-11.915541,-3.499502,-0.83777404,3,walking
1519421617945,-13.409172,-3.2601378,-1.1824582,3,walking
1519421617950,-14.09854,-3.173967,-1.3069274,3,walking
1519421617966,-15.381532,-3.6239712,-2.1207652,3,walking
1519421617970,-15.371957,-3.6526947,-2.0728924,3,walking
1519421617975,-15.190041,-3.5665238,-2.2356598,3,walking
1519421617984,-14.108115,-3.2409887,-2.2452345,3,walking
1519421617988,-14.108115,-3.2409887,-2.2452345,3,walking
1519421617993,-12.844273,-2.6377914,-1.948423,3,walking
1519421617998,-12.107032,-2.5324712,-1.8048047,3,walking
1519421618003,-11.417664,-2.3314054,-1.5558661,3,walking
1519421618008,-10.804892,-2.2356598,-1.5175679,3,walking
1519421618013,-9.569773,-2.4845984,-1.4505459,3,walking
1519421618018,-9.004874,-2.494173,-1.2399056,3,walking
1519421618023,-8.459125,-2.513322,-1.1154363,3,walking
1519421618028,-7.9325233,-2.6282167,-0.93351966,3,walking
1519421618033,-7.329326,-2.4654493,-0.8760723,3,walking
1519421618038,-7.2910275,-2.3026817,-0.77075213,3,walking
1519421618043,-7.4154973,-2.101616,-0.751603,3,walking
1519421618065,-11.408089,-0.42606795,-1.4601204,3,walking
1519421618070,-12.729378,-0.25372586,-1.929274,3,walking
1519421618102,-12.911295,0.13883112,-2.752686,3,walking
1519421618111,-12.288948,-0.12925656,-2.9154537,3,walking
1519421618119,-12.288948,-0.12925656,-2.9154537,3,walking
1519421618127,-11.408089,-0.34947145,-2.9537518,3,walking
1519421618132,-10.919786,-0.5218136,-3.059072,3,walking
1519421618138,-10.919786,-0.5218136,-3.059072,3,walking
1519421618143,-10.517654,-0.8090504,-3.078221,3,walking
1519421618148,-10.326163,-0.98139244,-3.059072,3,walking
1519421618153,-10.153821,-1.1537346,-3.0111992,3,walking
1519421618157,-9.684668,-1.5654407,-2.905879,3,walking
1519421618163,-9.215514,-1.948423,-2.7718353,3,walking
1519421618168,-9.215514,-1.948423,-2.7718353,3,walking
1519421618173,-8.698488,-2.2165108,-2.6952388,3,walking
1519421618178,-8.478273,-2.360129,-2.580344,3,walking
1519421618183,-7.9420977,-2.6377914,-2.321831,3,walking
1519421618188,-7.9420977,-2.6377914,-2.321831,3,walking
1519421618192,-7.46337,-2.800559,-2.168638,3,walking
1519421618198,-7.3197513,-2.800559,-2.101616,3,walking
1519421618203,-6.9176197,-2.800559,-1.948423,3,walking
1519421618207,-6.9176197,-2.800559,-1.948423,3,walking
1519421618213,-6.6591067,-2.6186423,-1.8814012,3,walking
1519421618217,-6.5825105,-2.513322,-1.8718265,3,walking
1519421618223,-6.4005938,-2.3984275,-1.9005502,3,walking
1519421618228,-6.2474008,-2.254809,-1.862252,3,walking
1519421618233,-5.979313,-1.9675722,-1.9196993,3,walking
1519421618238,-5.8165455,-1.8526775,-1.8718265,3,walking
1519421618243,-5.6154795,-1.6707608,-1.948423,3,walking
1519421618247,-5.519734,-1.6133134,-1.9867213,3,walking
1519421618253,-5.299519,-1.5367169,-1.9388485,3,walking
1519421618258,-5.299519,-1.5367169,-1.9388485,3,walking
1519421618264,-5.194199,-1.4984187,-1.929274,3,walking
1519421618268,-5.146326,-1.5175679,-1.9675722,3,walking
1519421618274,-5.0601554,-1.5558661,-1.9101248,3,walking
1519421618278,-4.993133,-1.6037389,-1.8814012,3,walking
1519421618283,-5.088879,-1.6516117,-1.8239537,3,walking
1519421618288,-5.0601554,-1.7282082,-1.79523,3,walking
1519421618293,-5.108028,-1.79523,-1.7186337,3,walking
1519421618298,-5.108028,-1.79523,-1.7186337,3,walking
1519421618303,-5.1846247,-1.929274,-1.5079932,3,walking
1519421618308,-5.49101,-2.015445,-1.5367169,3,walking
1519421618314,-5.682502,-2.0633178,-1.5558661,3,walking
1519421618323,-5.912291,-2.168638,-1.5079932,3,walking
1519421618328,-6.0080366,-2.2069361,-1.4601204,3,walking
1519421618333,-6.1612296,-2.2643836,-1.383524,3,walking
1519421618338,-6.285699,-2.3026817,-1.3069274,3,walking
1519421618343,-6.3814445,-2.321831,-1.2877784,3,walking
1519421618349,-6.6495323,-2.34098,-1.1728836,3,walking
1519421618354,-6.764427,-2.34098,-1.14416,3,walking
1519421618359,-6.9271946,-2.360129,-1.0867126,3,walking
1519421618364,-6.975067,-2.408002,-1.0196906,3,walking
1519421618369,-7.0708127,-2.3984275,-0.9430942,3,walking
1519421618374,-7.2623043,-2.4845984,-0.8856468,3,walking
1519421618379,-7.3389006,-2.5037475,-0.8281995,3,walking
1519421618384,-7.4442205,-2.580344,-0.8473486,3,walking
1519421618395,-7.721883,-2.647366,-0.64628285,3,walking
1519421618399,-7.8176284,-2.6760898,-0.69415563,3,walking
1519421618405,-7.9325233,-2.6760898,-0.665432,3,walking
1519421618415,-8.286782,-2.5324712,-0.5505372,3,walking
1519421618425,-8.650616,-2.3792782,-0.4835153,3,walking
1519421618430,-8.7750845,-2.2835326,-0.50266445,3,walking
1519421618435,-8.909128,-2.2260852,-0.512239,3,walking
1519421618440,-9.18679,-2.1303396,-0.45479164,3,walking
1519421618446,-9.234664,-2.0824668,-0.46436617,3,walking
1519421618450,-9.349558,-2.0824668,-0.3877697,3,walking
1519421618456,-9.493176,-2.0250196,-0.50266445,3,walking
1519421618461,-9.655944,-1.9579976,-0.36862057,3,walking
1519421618466,-9.675094,-1.9675722,-0.32074776,3,walking
1519421618471,-9.866585,-2.0058703,-0.5505372,3,walking
1519421618476,-10.077225,-1.9579976,-0.54096264,3,walking
1519421618481,-10.5080805,-1.9962958,-0.8664977,3,walking
1519421618486,-10.814466,-1.9388485,-0.8473486,3,walking
1519421618491,-11.570856,-1.929274,-1.1154363,3,walking
1519421618496,-11.570856,-1.929274,-1.1154363,3,walking
1519421618501,-12.087883,-2.0250196,-1.3452257,3,walking
1519421618505,-12.384694,-2.0537431,-1.3930986,3,walking
1519421618515,-13.112361,-2.2356598,-1.2877784,3,walking
1519421618519,-13.303852,-2.2739582,-1.2111819,3,walking
1519421618525,-13.457045,-2.2165108,-1.0675635,3,walking
1519421618535,-13.600663,-2.0728924,-0.512239,3,walking
1519421618542,-13.581514,-1.8526775,-0.359046,3,walking
1519421618547,-13.581514,-1.8526775,-0.359046,3,walking
1519421618553,-13.409172,-1.6133134,-0.15798025,3,walking
1519421618558,-13.141085,-1.2782038,-0.081383765,3,walking
1519421618564,-12.940019,-1.0867126,-0.110107444,3,walking
1519421618574,-12.365545,-0.5792609,-0.25372586,3,walking
1519421618579,-12.135756,-0.5505372,-0.2920241,3,walking
1519421618584,-11.925115,-0.49308985,-0.47394073,3,walking
1519421618589,-11.676176,-0.42606795,-0.8664977,3,walking
1519421618594,-11.7049,-0.45479164,-1.0484143,3,walking
1519421618599,-11.867668,-0.61755913,-1.4218222,3,walking
1519421618603,-12.384694,-0.77075213,-1.8909757,3,walking
1519421618608,-12.777251,-1.0579889,-2.168638,3,walking
1519421618614,-13.246405,-1.8143792,-2.3122563,3,walking
1519421618619,-13.227255,-2.1973617,-2.1973617,3,walking
1519421618623,-13.102786,-2.513322,-2.0441687,3,walking
1519421618666,-11.350641,-4.1792955,-2.0920415,3,walking
1519421618674,-11.025106,-3.5569491,-2.475024,3,walking
1519421618682,-10.94851,-2.9250283,-2.7239625,3,walking
1519421618687,-10.94851,-2.9250283,-2.7239625,3,walking
1519421618692,-10.958084,-2.2739582,-2.7909844,3,walking
1519421618698,-11.063405,-1.9867213,-2.7909844,3,walking
1519421618702,-11.360216,-1.4218222,-2.88673,3,walking
1519421618707,-11.360216,-1.4218222,-2.88673,3,walking
1519421618712,-11.858093,-0.8760723,-3.193116,3,walking
1519421618719,-12.231501,-0.36862057,-3.2505634,3,walking
1519421618724,-12.298523,-0.2154276,-3.2601378,3,walking
1519421618734,-12.499589,0.09095833,-3.5378,3,walking
1519421618740,-12.442142,0.15798025,-3.5282254,3,walking
1519421618745,-12.35597,0.05266008,-3.5473747,3,walking
1519421618754,-12.001712,-0.44521707,-3.6143966,3,walking
1519421618760,-11.771922,-0.6079846,-3.5760984,3,walking
1519421618765,-11.274045,-1.0579889,-3.365458,3,walking
1519421618770,-11.044255,-1.2494801,-3.2888615,3,walking
1519421618776,-10.804892,-1.3930986,-3.2026904,3,walking
1519421618781,-10.565528,-1.5941644,-3.0973704,3,walking
1519421618786,-10.019777,-1.9771467,-2.9346027,3,walking
1519421618791,-9.770839,-2.101616,-2.9346027,3,walking
1519421618796,-9.531475,-2.2643836,-2.9346027,3,walking
1519421618801,-8.947427,-2.4654493,-2.7814097,3,walking
1519421618806,-8.708063,-2.494173,-2.666515,3,walking
1519421618811,-8.631466,-2.4175766,-2.6856642,3,walking
1519421618817,-8.4686985,-2.3122563,-2.6377914,3,walking
1519421618822,-8.2676325,-2.2165108,-2.6569405,3,walking
1519421618830,-8.085716,-2.1207652,-2.5994933,3,walking
1519421618835,-7.9325233,-2.0441687,-2.561195,3,walking
1519421618840,-7.702734,-1.79523,-2.666515,3,walking
1519421618846,-7.6261373,-1.6516117,-2.647366,3,walking
1519421618850,-7.482519,-1.5845897,-2.513322,3,walking
1519421618856,-7.3771987,-1.6899099,-2.6186423,3,walking
1519421618860,-7.310177,-1.7569319,-2.647366,3,walking
1519421618866,-7.2240057,-1.7186337,-2.714388,3,walking
1519421618871,-7.1857076,-1.4792696,-2.7909844,3,walking
1519421618876,-7.0325146,-1.0579889,-2.7239625,3,walking
1519421618881,-7.0133657,-0.8281995,-2.647366,3,walking
1519421618886,-7.0133657,-0.8281995,-2.647366,3,walking
1519421618891,-6.984642,-0.76117754,-2.2739582,3,walking
1519421618897,-6.8410234,-0.7994758,-2.254809,3,walking
1519421618902,-6.7357035,-0.8186249,-2.3122563,3,walking
1519421618909,-6.6495323,-0.8281995,-2.5228968,3,walking
1519421618915,-6.668681,-0.8952214,-2.6377914,3,walking
1519421618920,-6.7261286,-0.99096704,-2.7048132,3,walking
1519421618925,-6.7357035,-1.0867126,-2.752686,3,walking
1519421618930,-6.745278,-1.2877784,-2.6952388,3,walking
1519421618935,-6.764427,-1.3930986,-2.6856642,3,walking
1519421618944,-6.8793216,-1.7282082,-2.475024,3,walking
1519421618950,-6.9559183,-1.7856555,-2.427151,3,walking
1519421618955,-7.0133657,-1.8239537,-2.3505547,3,walking
1519421618964,-7.089962,-1.9867213,-2.2165108,3,walking
1519421618969,-7.1091113,-2.0537431,-2.187787,3,walking
1519421618975,-7.12826,-2.0441687,-2.2069361,3,walking
1519421618980,-7.137835,-2.1207652,-2.0920415,3,walking
1519421618985,-7.089962,-2.1111906,-2.101616,3,walking
1519421618994,-7.0133657,-2.0441687,-2.1399143,3,walking
1519421619004,-6.898471,-1.948423,-2.2260852,3,walking
1519421619009,-6.8122997,-1.8909757,-2.254809,3,walking
1519421619014,-6.8122997,-1.776081,-2.3697038,3,walking
1519421619020,-6.8122997,-1.7473572,-2.408002,3,walking
1519421619025,-6.821874,-1.6899099,-2.427151,3,walking
1519421619029,-6.7548523,-1.6803354,-2.475024,3,walking
1519421619034,-6.821874,-1.6803354,-2.4654493,3,walking
1519421619040,-6.7740016,-1.6994845,-2.4845984,3,walking
1519421619044,-6.8410234,-1.709059,-2.4654493,3,walking
1519421619054,-6.831449,-1.8718265,-2.3505547,3,walking
1519421619059,-6.8410234,-1.9962958,-2.3314054,3,walking
1519421619064,-6.8122997,-2.034594,-2.3026817,3,walking
1519421619074,-6.8888965,-2.2356598,-2.1782124,3,walking
1519421619079,-6.8793216,-2.2739582,-2.1782124,3,walking
1519421619084,-6.9463434,-2.34098,-2.0920415,3,walking
1519421619094,-7.1665583,-2.427151,-2.0824668,3,walking
1519421619099,-7.2240057,-2.4175766,-2.0920415,3,walking
1519421619104,-7.4537954,-2.4463003,-2.0728924,3,walking
1519421619110,-7.56869,-2.4654493,-2.0728924,3,walking
1519421619115,-7.702734,-2.475024,-2.0824668,3,walking
1519421619120,-7.894225,-2.5228968,-2.0441687,3,walking
1519421619124,-8.286782,-2.4558747,-1.9962958,3,walking
1519421619129,-8.535721,-2.4463003,-1.9675722,3,walking
1519421619134,-8.755936,-2.3984275,-1.9675722,3,walking
1519421619144,-9.378282,-2.2356598,-1.8526775,3,walking
1519421619151,-9.761265,-2.1782124,-1.8048047,3,walking
1519421619156,-9.761265,-2.1782124,-1.8048047,3,walking
1519421619161,-10.134672,-2.1303396,-1.6899099,3,walking
1519421619166,-10.326163,-2.1111906,-1.6611862,3,walking
1519421619171,-10.565528,-2.101616,-1.6611862,3,walking
1519421619175,-10.728295,-2.0728924,-1.6611862,3,walking
1519421619180,-11.025106,-1.9771467,-1.709059,3,walking
1519421619185,-11.140001,-1.9196993,-1.7665064,3,walking
1519421619190,-11.26447,-1.8718265,-1.8239537,3,walking
1519421619196,-11.475111,-1.7282082,-1.9388485,3,walking
1519421619200,-11.542132,-1.6324625,-1.9867213,3,walking
1519421619206,-11.647452,-1.5367169,-2.0537431,3,walking
1519421619211,-11.676176,-1.469695,-2.1111906,3,walking
1519421619216,-11.771922,-1.3930986,-2.0537431,3,walking
1519421619221,-11.838944,-1.2973529,-1.9005502,3,walking
1519421619226,-11.838944,-1.2973529,-1.9005502,3,walking
1519421619232,-11.848518,-1.2590547,-1.7186337,3,walking
1519421619236,-11.781497,-1.3069274,-1.6420372,3,walking
1519421619242,-11.637878,-1.469695,-1.2877784,3,walking
1519421619249,-11.561282,-1.6803354,-0.93351966,3,walking
1519421619255,-11.532558,-1.8048047,-0.8186249,3,walking
1519421619259,-11.522984,-1.9388485,-0.70373017,3,walking
1519421619265,-11.561282,-2.0058703,-0.5505372,3,walking
1519421619270,-11.618729,-2.1111906,-0.44521707,3,walking
1519421619274,-11.762347,-2.0824668,-0.512239,3,walking
1519421619279,-12.068733,-1.9675722,-0.69415563,3,walking
1519421619284,-13.074062,-1.7282082,-1.3069274,3,walking
1519421619288,-13.074062,-1.7282082,-1.3069274,3,walking
1519421619292,-13.964497,-1.5941644,-1.8909757,3,walking
1519421619299,-14.251733,-1.5558661,-2.0920415,3,walking
1519421619304,-14.041093,-1.4888442,-2.015445,3,walking
1519421619309,-13.638962,-1.3643749,-1.7665064,3,walking
1519421619351,-8.516571,-1.7856555,-0.5888355,3,walking
1519421619359,-8.047418,-1.8239537,-0.78990126,3,walking
1519421619374,-7.3867736,-2.4558747,-1.0579889,3,walking
1519421619383,-7.635712,-2.360129,-1.1058618,3,walking
1519421619389,-8.736787,-2.360129,-1.4122477,3,walking
1519421619394,-9.54105,-2.4558747,-1.5558661,3,walking
1519421619399,-10.354887,-2.5324712,-1.6994845,3,walking
1519421619404,-11.111278,-2.666515,-1.8718265,3,walking
1519421619413,-12.6527815,-3.0111992,-2.0633178,3,walking
1519421619419,-12.815549,-2.9537518,-2.0728924,3,walking
1519421619423,-12.872996,-2.8963046,-2.101616,3,walking
1519421619430,-12.681505,-2.561195,-2.2452345,3,walking
1519421619434,-12.528313,-2.3314054,-2.3026817,3,walking
1519421619446,-11.771922,-1.6899099,-2.2260852,3,walking
1519421619451,-11.436812,-1.5079932,-2.1782124,3,walking
1519421619455,-11.082554,-1.3739494,-2.149489,3,walking
1519421619459,-10.680422,-1.3165021,-2.1111906,3,walking
1519421619464,-9.924032,-1.3069274,-1.9196993,3,walking
1519421619469,-9.531475,-1.3452257,-1.8718265,3,walking
1519421619474,-9.225089,-1.3069274,-1.8335283,3,walking
1519421619483,-8.545295,-1.1824582,-1.5941644,3,walking
1519421619488,-8.34423,-1.14416,-1.5271424,3,walking
1519421619494,-8.248484,-1.0962871,-1.4313968,3,walking
1519421619504,-7.8272033,-1.1824582,-1.3739494,3,walking
1519421619509,-7.693159,-1.2782038,-1.3643749,3,walking
1519421619514,-7.549541,-1.3548003,-1.3548003,3,walking
1519421619520,-7.2240057,-1.5654407,-1.4026731,3,walking
1519421619525,-7.1091113,-1.6707608,-1.4409714,3,walking
1519421619530,-6.898471,-1.9101248,-1.4984187,3,walking
1519421619535,-6.869747,-1.9867213,-1.6133134,3,walking
1519421619539,-6.7740016,-2.0537431,-1.5845897,3,walking
1519421619544,-6.7069798,-2.0633178,-1.6324625,3,walking
1519421619549,-6.5346375,-2.0633178,-1.6994845,3,walking
1519421619554,-6.438892,-2.0728924,-1.7377827,3,walking
1519421619559,-6.3622956,-2.1207652,-1.7665064,3,walking
1519421619564,-6.285699,-2.1303396,-1.8048047,3,walking
1519421619569,-6.3144226,-2.1207652,-1.79523,3,walking
1519421619575,-6.323997,-2.0920415,-1.8431029,3,walking
1519421619579,-6.3144226,-2.0058703,-1.862252,3,walking
1519421619585,-6.3527207,-1.8814012,-1.862252,3,walking
1519421619590,-6.285699,-1.6707608,-1.9675722,3,walking
1519421619595,-6.333572,-1.6037389,-1.948423,3,walking
1519421619599,-6.3622956,-1.5558661,-1.9771467,3,walking
1519421619604,-6.4197426,-1.469695,-1.9962958,3,walking
1519421619609,-6.563361,-1.4122477,-2.0633178,3,walking
1519421619615,-6.5537868,-1.4122477,-2.0250196,3,walking
1519421619619,-6.764427,-1.4505459,-2.149489,3,walking
1519421619625,-6.9271946,-1.5079932,-2.149489,3,walking
1519421619630,-6.9942164,-1.5941644,-2.187787,3,walking
1519421619635,-7.1091113,-1.6516117,-2.1782124,3,walking
1519421619640,-7.281453,-1.8526775,-2.101616,3,walking
1519421619645,-7.396348,-1.9579976,-2.0633178,3,walking
1519421619650,-7.6069884,-2.0824668,-1.9005502,3,walking
1519421619656,-7.6069884,-2.0824668,-1.9005502,3,walking
1519421619661,-7.8272033,-2.187787,-1.8431029,3,walking
1519421619668,-7.9803963,-2.3697038,-1.8048047,3,walking
1519421619674,-8.056993,-2.3888528,-1.776081,3,walking
1519421619679,-8.143164,-2.3314054,-1.7186337,3,walking
1519421619685,-8.23891,-2.360129,-1.6516117,3,walking
1519421619690,-8.277207,-2.3026817,-1.5845897,3,walking
1519421619695,-8.277207,-2.3026817,-1.5845897,3,walking
1519421619700,-8.248484,-2.2260852,-1.3356512,3,walking
1519421619705,-8.248484,-2.2260852,-1.3356512,3,walking
1519421619711,-8.248484,-2.2260852,-1.3356512,3,walking
1519421619719,-8.104865,-1.929274,-1.1633091,3,walking
1519421619724,-8.11444,-1.8431029,-1.1920328,3,walking
1519421619729,-8.047418,-1.6420372,-1.0388398,3,walking
1519421619734,-7.9899707,-1.5654407,-1.0962871,3,walking
1519421619739,-7.9708214,-1.4792696,-1.0867126,3,walking
1519421619745,-7.9803963,-1.4026731,-1.0771381,3,walking
1519421619749,-7.9803963,-1.4313968,-1.0867126,3,walking
1519421619755,-8.056993,-1.3643749,-1.1058618,3,walking
1519421619760,-8.124015,-1.3930986,-1.0771381,3,walking
1519421619765,-8.124015,-1.3930986,-1.0771381,3,walking
1519421619770,-8.248484,-1.4505459,-1.0867126,3,walking
1519421619775,-8.32508,-1.4792696,-1.0484143,3,walking
1519421619780,-8.487848,-1.5271424,-1.0484143,3,walking
1519421619785,-8.6697645,-1.6516117,-1.0484143,3,walking
1519421619791,-8.784659,-1.79523,-1.0675635,3,walking
1519421619798,-8.851681,-1.8526775,-0.8664977,3,walking
1519421619804,-9.062322,-1.929274,-0.9622433,3,walking
1519421619809,-9.167642,-1.9388485,-0.9526688,3,walking
1519421619814,-9.330409,-1.9675722,-1.0484143,3,walking
1519421619821,-9.761265,-2.0920415,-1.1250108,3,walking
1519421619828,-10.19212,-2.1399143,-1.1633091,3,walking
1519421619834,-10.40276,-2.149489,-1.1728836,3,walking
1519421619839,-10.938935,-2.254809,-1.2782038,3,walking
1519421619844,-11.235746,-2.2835326,-1.2016073,3,walking
1519421619849,-11.791071,-2.475024,-1.2590547,3,walking
1519421619855,-11.791071,-2.475024,-1.2590547,3,walking
1519421619859,-12.135756,-2.714388,-1.1728836,3,walking
1519421619865,-12.221927,-2.7718353,-1.0771381,3,walking
1519421619870,-12.2410755,-2.8388572,-0.98139244,3,walking
1519421619875,-12.183628,-2.867581,-0.8856468,3,walking
1519421619880,-12.135756,-2.8771553,-0.93351966,3,walking
1519421619885,-12.087883,-2.8292825,-0.8281995,3,walking
1519421619890,-11.877242,-2.7622607,-0.8090504,3,walking
1519421619895,-11.810221,-2.7048132,-0.8760723,3,walking
1519421619901,-11.695326,-2.5516202,-0.83777404,3,walking
1519421619908,-11.408089,-2.187787,-1.1728836,3,walking
1519421619914,-11.341067,-2.0920415,-1.2016073,3,walking
1519421619918,-11.28362,-1.9196993,-1.3356512,3,walking
1519421619924,-11.302769,-1.7377827,-1.6037389,3,walking
1519421619929,-11.810221,-1.1920328,-2.3314054,3,walking
1519421619934,-12.298523,-0.9526688,-2.6090677,3,walking
1519421619939,-12.940019,-0.8186249,-3.0111992,3,walking
1519421619947,-14.021944,-1.3356512,-2.88673,3,walking
1519421619952,-14.050668,-1.776081,-2.6186423,3,walking
1519421619958,-14.002794,-2.2069361,-2.3314054,3,walking
1519421620000,-10.555953,-3.9686553,-0.78990126,3,walking
1519421620005,-10.19212,-3.7867386,-0.9718179,3,walking
1519421620009,-9.876159,-3.5378,-1.1728836,3,walking
1519421620014,-9.608071,-3.3080106,-1.3739494,3,walking
1519421620018,-9.2825365,-2.7431116,-1.5750152,3,walking
1519421620023,-9.196365,-2.408002,-1.776081,3,walking
1519421620033,-9.052747,-1.7856555,-2.0250196,3,walking
1519421620039,-9.397431,-1.2303311,-2.3888528,3,walking
1519421620044,-9.655944,-1.0388398,-2.513322,3,walking
1519421620052,-10.5080805,-0.7228793,-2.7718353,3,walking
1519421620058,-10.833615,-0.6845811,-2.7814097,3,walking
1519421620063,-11.130426,-0.665432,-2.819708,3,walking
1519421620072,-11.982562,-0.93351966,-2.7622607,3,walking
1519421620078,-12.193203,-1.0867126,-2.7048132,3,walking
1519421620083,-12.3463955,-1.2494801,-2.7048132,3,walking
1519421620092,-12.288948,-1.7856555,-2.5228968,3,walking
1519421620098,-12.260224,-1.929274,-2.5228968,3,walking
1519421620103,-12.097457,-2.1111906,-2.5324712,3,walking
1519421620108,-11.752773,-2.3697038,-2.408002,3,walking
1519421620114,-11.666602,-2.4175766,-2.427151,3,walking
1519421620118,-11.484685,-2.4367256,-2.408002,3,walking
1519421620124,-11.302769,-2.3697038,-2.3888528,3,walking
1519421620129,-10.910212,-2.0441687,-2.187787,3,walking
1519421620134,-10.642124,-1.7473572,-2.0633178,3,walking
1519421620138,-10.287866,-1.4984187,-2.3792782,3,walking
1519421620143,-10.220843,-1.4313968,-2.2165108,3,walking
1519421620148,-9.98148,-1.3260766,-2.2069361,3,walking
1519421620153,-9.713391,-1.2686293,-2.1399143,3,walking
1519421620158,-9.5219,-1.1250108,-2.1303396,3,walking
1519421620163,-9.234664,-0.77075213,-2.1111906,3,walking
1519421620167,-8.985725,-0.665432,-1.9962958,3,walking
1519421620172,-8.736787,-0.5313881,-1.948423,3,walking
1519421620178,-8.353804,-0.47394073,-1.9388485,3,walking
1519421620183,-8.258059,-0.47394073,-1.8143792,3,walking
1519421620192,-8.047418,-0.54096264,-1.6516117,3,walking
1519421620198,-7.8846507,-0.6845811,-1.6707608,3,walking
1519421620203,-7.721883,-0.8760723,-1.7473572,3,walking
1519421620208,-7.6069884,-1.0771381,-1.8239537,3,walking
1519421620213,-7.2623043,-1.2111819,-1.8431029,3,walking
1519421620219,-7.137835,-1.1920328,-1.8431029,3,walking
1519421620224,-7.1091113,-1.2303311,-1.929274,3,walking
1519421620228,-6.975067,-1.4026731,-2.0058703,3,walking
1519421620233,-6.9559183,-1.4409714,-1.9675722,3,walking
1519421620238,-6.8888965,-1.4026731,-1.8526775,3,walking
1519421620243,-6.7357035,-1.4122477,-1.8718265,3,walking
1519421620248,-6.611234,-1.2494801,-1.8718265,3,walking
1519421620253,-6.525063,-1.1728836,-1.9101248,3,walking
1519421620258,-6.4484663,-1.0867126,-1.948423,3,walking
1519421620264,-6.4676156,-0.99096704,-1.9579976,3,walking
1519421620268,-6.458041,-0.98139244,-1.7377827,3,walking
1519421620274,-6.4005938,-0.98139244,-1.6994845,3,walking
1519421620278,-6.410168,-1.0388398,-1.7665064,3,walking
1519421620284,-6.4005938,-0.99096704,-1.8718265,3,walking
1519421620289,-6.3527207,-0.8473486,-1.8718265,3,walking
1519421620294,-6.4293175,-0.9622433,-1.9196993,3,walking
1519421620299,-6.47719,-1.2303311,-2.015445,3,walking
1519421620304,-6.47719,-1.3930986,-2.0058703,3,walking
1519421620309,-6.458041,-1.4601204,-2.015445,3,walking
1519421620315,-6.4005938,-1.5750152,-1.9867213,3,walking
1519421620320,-6.4293175,-1.6994845,-1.9388485,3,walking
1519421620325,-6.458041,-1.7856555,-1.9196993,3,walking
1519421620330,-6.515488,-1.8431029,-1.9101248,3,walking
1519421620335,-6.668681,-1.9579976,-1.9196993,3,walking
1519421620340,-6.7357035,-1.9867213,-1.9867213,3,walking
1519421620345,-6.7740016,-2.0250196,-1.9962958,3,walking
1519421620351,-6.9176197,-2.0728924,-1.9867213,3,walking
1519421620358,-7.1186857,-2.0824668,-2.0441687,3,walking
1519421620363,-7.2144313,-2.0920415,-2.0058703,3,walking
1519421620368,-7.348475,-2.0920415,-1.9867213,3,walking
1519421620374,-7.4442205,-2.0728924,-1.948423,3,walking
1519421620379,-7.6452866,-1.9675722,-1.8909757,3,walking
1519421620384,-7.741032,-1.9388485,-1.9005502,3,walking
1519421620389,-7.855927,-1.862252,-1.8431029,3,walking
1519421620394,-7.922949,-1.8239537,-1.8431029,3,walking
1519421620399,-7.9708214,-1.7569319,-1.8526775,3,walking
1519421620404,-8.018694,-1.7569319,-1.8335283,3,walking
1519421620408,-8.066567,-1.7377827,-1.8718265,3,walking
1519421620413,-8.085716,-1.7569319,-1.8526775,3,walking
1519421620417,-8.095291,-1.7282082,-1.929274,3,walking
1519421620422,-8.104865,-1.7473572,-1.9101248,3,walking
1519421620428,-8.181462,-1.7856555,-1.948423,3,walking
1519421620433,-8.23891,-1.8143792,-1.9675722,3,walking
1519421620437,-8.315506,-1.8526775,-1.9867213,3,walking
1519421620442,-8.401677,-1.8718265,-2.034594,3,walking
1519421620448,-8.545295,-2.015445,-2.0633178,3,walking
1519421620453,-8.593168,-2.0728924,-2.0920415,3,walking
1519421620462,-8.870831,-2.187787,-2.1782124,3,walking
1519421620468,-9.100619,-2.2835326,-2.1782124,3,walking
1519421620473,-9.18679,-2.34098,-2.149489,3,walking
1519421620477,-9.263388,-2.34098,-2.1782124,3,walking
1519421620482,-9.493176,-2.3026817,-2.1782124,3,walking
1519421620488,-9.579348,-2.3026817,-2.2452345,3,walking
1519421620493,-9.684668,-2.254809,-2.3122563,3,walking
1519421620498,-9.952756,-2.2069361,-2.4654493,3,walking
1519421620503,-10.0868,-2.149489,-2.5228968,3,walking
1519421620508,-10.230418,-2.1303396,-2.6282167,3,walking
1519421620512,-10.383611,-2.0728924,-2.6282167,3,walking
1519421620517,-10.546378,-2.0250196,-2.7239625,3,walking
1519421620522,-10.804892,-1.948423,-2.7718353,3,walking
1519421620527,-10.881488,-1.929274,-2.800559,3,walking
1519421620531,-11.005958,-1.8909757,-2.8101335,3,walking
1519421620538,-11.1208515,-1.862252,-2.714388,3,walking
1519421620543,-11.168725,-1.8909757,-2.666515,3,walking
1519421620551,-11.321918,-2.034594,-2.4367256,3,walking
1519421620557,-11.436812,-2.1590633,-2.1782124,3,walking
1519421620562,-11.484685,-2.3026817,-2.0537431,3,walking
1519421620571,-11.685751,-2.6186423,-1.7377827,3,walking
1519421620577,-11.7336235,-2.6569405,-1.6803354,3,walking
1519421620582,-11.781497,-2.733537,-1.6899099,3,walking
1519421620587,-12.3463955,-2.5037475,-1.9867213,3,walking
1519421620593,-12.920869,-2.2835326,-2.321831,3,walking
1519421620597,-13.705983,-2.0250196,-2.6856642,3,walking
1519421620603,-14.452799,-1.8526775,-3.039923,3,walking
1519421620612,-15.726215,-1.9771467,-3.758015,3,walking
1519421620618,-15.515575,-2.1399143,-3.604822,3,walking
1519421620623,-14.797483,-2.4175766,-3.2888615,3,walking
1519421620627,-13.141085,-2.7909844,-2.88673,3,walking
1519421620664,-6.458041,-2.1590633,-1.2782038,3,walking
1519421620673,-6.285699,-1.3356512,-1.4984187,3,walking
1519421620684,-6.6878304,-0.37819514,-1.8431029,3,walking
1519421620689,-7.894225,0.25372586,-2.494173,3,walking
1519421620693,-7.894225,0.25372586,-2.494173,3,walking
1519421620697,-10.383611,1.0867126,-3.2218397,3,walking
1519421620702,-11.628304,1.3739494,-3.4899273,3,walking
1519421620707,-12.767676,1.5654407,-3.7388659,3,walking
1519421620711,-13.658111,1.622888,-3.8058877,3,walking
1519421620733,-14.270883,0.081383765,-3.231414,3,walking
1519421620738,-13.935773,-0.26330042,-3.212265,3,walking
1519421620743,-13.44747,-0.83777404,-3.2888615,3,walking
1519421620770,-11.28362,-1.6899099,-3.6335456,3,walking
1519421620776,-10.71872,-1.9388485,-3.7388659,3,walking
1519421620784,-10.182545,-2.0633178,-3.4899273,3,walking
1519421620791,-9.809137,-1.929274,-3.078221,3,walking
1519421620804,-9.301685,-1.9675722,-2.733537,3,walking
1519421620809,-9.024023,-2.1111906,-2.6952388,3,walking
1519421620813,-8.851681,-2.187787,-2.6186423,3,walking
1519421620817,-8.305931,-2.187787,-2.4367256,3,walking
1519421620822,-8.047418,-2.2069361,-2.2835326,3,walking
1519421620827,-7.7601814,-2.1399143,-2.1782124,3,walking
1519421620832,-7.5591154,-1.9867213,-2.34098,3,walking
1519421620841,-6.9080453,-2.1111906,-2.427151,3,walking
1519421620846,-6.745278,-2.2165108,-2.494173,3,walking
1519421620851,-6.639958,-2.3026817,-2.494173,3,walking
1519421620857,-6.4005938,-2.360129,-2.4558747,3,walking
1519421620862,-6.2761245,-2.3122563,-2.427151,3,walking
1519421620866,-6.0559096,-2.3026817,-2.3697038,3,walking
1519421620871,-5.835695,-2.254809,-2.3505547,3,walking
1519421620877,-5.634629,-2.0058703,-2.475024,3,walking
1519421620882,-5.5101595,-1.9101248,-2.5516202,3,walking
1519421620891,-5.261221,-1.6516117,-2.5420458,3,walking
1519421620897,-5.1176023,-1.2590547,-2.3792782,3,walking
1519421620903,-5.0601554,-1.0484143,-2.3314054,3,walking
1519421620908,-4.7920675,-0.665432,-2.0058703,3,walking
1519421620913,-4.658024,-0.4835153,-1.7569319,3,walking
1519421620922,-4.437809,-0.33032233,-1.4313968,3,walking
1519421620927,-4.5335546,-0.19627848,-0.99096704,3,walking
1519421620932,-4.6005764,-0.25372586,-0.85692316,3,walking
1519421620937,-4.7537694,-0.19627848,-0.71330476,3,walking
1519421620941,-4.782493,-0.18670394,-0.54096264,3,walking
1519421620947,-5.0122824,-0.18670394,-0.59841,3,walking
1519421620952,-5.2037735,-0.15798025,-0.50266445,3,walking
1519421620961,-5.5484576,-0.30159867,-0.6079846,3,walking
1519421620967,-5.8644185,-0.54096264,-0.6845811,3,walking
1519421620972,-6.0367603,-0.7420284,-0.8473486,3,walking
1519421620982,-6.4197426,-0.98139244,-0.8760723,3,walking
1519421620987,-6.8410234,-1.2782038,-0.9526688,3,walking
1519421620993,-7.0133657,-1.4409714,-1.0101161,3,walking
1519421620997,-7.4537954,-1.7377827,-0.9718179,3,walking
1519421621002,-7.635712,-1.8814012,-0.98139244,3,walking
1519421621006,-7.855927,-2.0058703,-0.8664977,3,walking
1519421621011,-8.095291,-2.1782124,-0.98139244,3,walking
1519421621017,-8.535721,-2.4175766,-1.0579889,3,walking
1519421621022,-8.593168,-2.561195,-1.1824582,3,walking
1519421621026,-8.784659,-2.6856642,-1.4026731,3,walking
1519421621030,-8.880404,-2.7814097,-1.4409714,3,walking
1519421621037,-9.158067,-3.0303483,-1.6994845,3,walking
1519421621043,-9.320834,-3.059072,-1.7569319,3,walking
1519421621047,-9.397431,-2.9920502,-1.7282082,3,walking
1519421621052,-9.5219,-2.8292825,-1.6899099,3,walking
1519421621057,-9.665519,-2.2165108,-1.6707608,3,walking
1519421621061,-9.655944,-1.8335283,-1.6516117,3,walking
1519421621071,-9.85701,-1.0771381,-1.4888442,3,walking
1519421621077,-10.058076,-0.5792609,-1.3643749,3,walking
1519421621081,-10.211268,-0.3111732,-1.3739494,3,walking
1519421621090,-10.450633,0.0,-1.14416,3,walking
1519421621096,-10.565528,0.014361841,-1.0962871,3,walking
1519421621101,-10.661273,0.014361841,-1.0101161,3,walking
1519421621107,-10.82404,-0.17712937,-0.85692316,3,walking
1519421621112,-10.900637,-0.22500217,-0.7994758,3,walking
1519421621116,-10.977234,-0.33032233,-0.6750065,3,walking
1519421621121,-11.025106,-0.5792609,-0.71330476,3,walking
1519421621127,-11.331492,-0.8281995,-0.5888355,3,walking
1519421621132,-11.436812,-0.9718179,-0.512239,3,walking
1519421621137,-11.752773,-1.2399056,-0.40691882,3,walking
1519421621143,-11.752773,-1.2399056,-0.40691882,3,walking
1519421621148,-12.183628,-1.5271424,-0.37819514,3,walking
1519421621152,-12.365545,-1.6516117,-0.26330042,3,walking
1519421621161,-12.968742,-1.9867213,-0.16755481,3,walking
1519421621167,-13.141085,-2.101616,-0.14840569,3,walking
1519421621172,-13.217681,-2.1973617,-0.09095833,3,walking
1519421621178,-13.188957,-2.254809,-0.11968201,3,walking
1519421621182,-13.188957,-2.2069361,-0.19627848,3,walking
1519421621187,-13.074062,-2.1782124,-0.27287498,3,walking
1519421621191,-12.949593,-2.0250196,-0.34947145,3,walking
1519421621197,-12.5474615,-1.79523,-0.63670826,3,walking
1519421621201,-12.336822,-1.622888,-0.8090504,3,walking
1519421621206,-12.097457,-1.5462915,-0.90479594,3,walking
1519421621211,-11.82937,-1.4409714,-0.9622433,3,walking
1519421621217,-11.350641,-1.2207564,-1.1728836,3,walking
1519421621221,-11.197449,-1.0388398,-1.2494801,3,walking
1519421621226,-11.005958,-0.8090504,-1.3643749,3,walking
1519421621232,-10.938935,-0.7228793,-1.6707608,3,walking
1519421621237,-11.465536,-0.47394073,-2.3888528,3,walking
1519421621242,-12.049584,-0.50266445,-2.580344,3,walking
1519421621247,-13.265553,-0.7228793,-2.2069361,3,walking
1519421621255,-13.782579,-1.5271424,-1.4313968,3,walking
1519421621260,-13.744282,-2.1303396,-1.0292653,3,walking
1519421621266,-13.600663,-3.2888615,-0.3877697,3,walking
1519421621271,-13.4666195,-3.7484405,-0.22500217,3,walking
1519421621307,-10.450633,-3.7101421,-2.1782124,3,walking
1519421621315,-10.0868,-3.126094,-2.6282167,3,walking
1519421621323,-9.933606,-2.3505547,-2.819708,3,walking
1519421621328,-10.038927,-1.9005502,-2.867581,3,walking
1519421621333,-10.153821,-0.93351966,-2.7048132,3,walking
1519421621338,-10.326163,-0.40691882,-2.6186423,3,walking
1519421621343,-10.335738,0.043085523,-2.4463003,3,walking
1519421621347,-10.40276,0.36862057,-2.2931073,3,walking
1519421621352,-10.584677,0.7420284,-2.2452345,3,walking
1519421621356,-10.900637,1.2111819,-1.9771467,3,walking
1519421621361,-10.967659,1.3260766,-1.8143792,3,walking
1519421621366,-11.101703,1.3548003,-1.7186337,3,walking
1519421621371,-11.245321,1.2686293,-1.6899099,3,walking
1519421621377,-11.542132,1.0867126,-1.5941644,3,walking
1519421621381,-11.72405,0.93351966,-1.5654407,3,walking
1519421621390,-11.905966,0.5505372,-1.5845897,3,walking
1519421621397,-11.963413,-0.14840569,-1.6037389,3,walking
1519421621401,-11.905966,-0.5218136,-1.469695,3,walking
1519421621406,-11.762347,-0.98139244,-1.469695,3,walking
1519421621412,-11.810221,-1.3643749,-1.5845897,3,walking
1519421621417,-11.953838,-2.1111906,-1.8239537,3,walking
1519421621422,-11.896391,-2.475024,-1.9867213,3,walking
1519421621427,-11.455961,-3.078221,-2.3122563,3,walking
1519421621432,-11.350641,-3.2888615,-2.513322,3,walking
1519421621437,-11.254896,-3.384607,-2.7239625,3,walking
1519421621442,-11.197449,-3.3941817,-2.8580062,3,walking
1519421621447,-10.757019,-3.4229054,-3.1069448,3,walking
1519421621453,-10.441058,-3.518651,-3.384607,3,walking
1519421621458,-9.64637,-3.5569491,-3.9207826,3,walking
1519421621463,-9.435729,-3.3941817,-4.342063,3,walking
1519421621468,-9.655944,-3.1069448,-4.1888704,3,walking
1519421621473,-9.474028,-2.972901,-3.8154624,3,walking
1519421621478,-9.368708,-2.3888528,-3.0973704,3,walking
1519421621483,-9.091045,-2.0250196,-2.7814097,3,walking
1519421621488,-8.832532,-1.2016073,-2.2739582,3,walking
1519421621493,-8.832532,-1.2016073,-2.2739582,3,walking
1519421621499,-8.679339,-1.0388398,-2.1207652,3,walking
1519421621504,-8.880404,-0.93351966,-2.0633178,3,walking
1519421621509,-8.880404,-0.56968635,-1.4505459,3,walking
1519421621514,-8.9761505,-0.3877697,-1.3069274,3,walking
1519421621519,-9.052747,-0.20585304,-1.2494801,3,walking
1519421621524,-8.937852,-0.2920241,-0.9622433,3,walking
1519421621529,-8.957002,-0.7420284,-1.2303311,3,walking
1519421621534,-8.688913,-1.1250108,-1.1154363,3,walking
1519421621539,-8.755936,-0.9526688,-1.1920328,3,walking
1519421621545,-8.755936,-0.76117754,-1.0771381,3,walking
1519421621551,-8.487848,-0.665432,-1.4218222,3,walking
1519421621556,-8.478273,-0.7228793,-1.4313968,3,walking
1519421621561,-8.842107,-0.78032666,-1.1728836,3,walking
1519421621566,-9.18679,-0.6750065,-0.9430942,3,walking
1519421621572,-9.18679,-0.6750065,-0.9430942,3,walking
1519421621577,-9.033598,-0.56968635,-1.2399056,3,walking
1519421621582,-8.9761505,-0.6750065,-1.5558661,3,walking
1519421621587,-9.110194,-1.1537346,-1.929274,3,walking
1519421621592,-9.196365,-1.5271424,-2.0920415,3,walking
1519421621597,-9.18679,-1.8048047,-2.1973617,3,walking
1519421621602,-9.062322,-2.0250196,-2.2069361,3,walking
1519421621607,-8.755936,-2.254809,-2.4558747,3,walking
1519421621612,-8.650616,-2.34098,-2.5707695,3,walking
1519421621618,-8.5740185,-2.4367256,-2.6377914,3,walking
1519421621622,-8.478273,-2.5516202,-2.7431116,3,walking
1519421621627,-8.334655,-2.7048132,-2.7239625,3,walking
1519421621632,-8.181462,-2.714388,-2.6760898,3,walking
1519421621638,-7.9037995,-2.5994933,-2.5516202,3,walking
1519421621642,-7.788905,-2.5037475,-2.5228968,3,walking
1519421621648,-7.664436,-2.4175766,-2.475024,3,walking
1519421621653,-7.56869,-2.2835326,-2.3792782,3,walking
1519421621658,-7.3867736,-2.1590633,-2.321831,3,walking
1519421621662,-7.329326,-2.0633178,-2.2643836,3,walking
1519421621667,-7.2718787,-2.0250196,-2.254809,3,walking
1519421621672,-7.0708127,-1.929274,-2.1973617,3,walking
1519421621677,-7.0133657,-1.8909757,-2.1303396,3,walking
1519421621682,-6.9654927,-1.8431029,-2.2069361,3,walking
1519421621686,-6.936769,-1.8143792,-2.2260852,3,walking
1519421621691,-6.8122997,-1.862252,-2.1782124,3,walking
1519421621696,-6.7069798,-1.8239537,-2.2069361,3,walking
1519421621700,-6.697405,-1.8526775,-2.2165108,3,walking
1519421621705,-6.668681,-1.8143792,-2.2165108,3,walking
1519421621710,-6.639958,-1.8143792,-2.2069361,3,walking
1519421621716,-6.6591067,-1.8048047,-2.2835326,3,walking
1519421621720,-6.697405,-1.8239537,-2.408002,3,walking
1519421621725,-6.716554,-1.8335283,-2.4367256,3,walking
1519421621730,-6.8027253,-1.7569319,-2.5037475,3,walking
1519421621736,-6.8793216,-1.776081,-2.5228968,3,walking
1519421621740,-7.042089,-1.7282082,-2.7909844,3,walking
1519421621750,-7.310177,-1.6899099,-3.0686467,3,walking
1519421621756,-7.635712,-1.8143792,-3.2601378,3,walking
1519421621761,-7.8367777,-1.8718265,-3.3080106,3,walking
1519421621766,-8.171887,-2.0633178,-3.365458,3,walking
1519421621770,-8.277207,-2.168638,-3.3271596,3,walking
1519421621776,-8.593168,-2.149489,-3.2984362,3,walking
1519421621780,-8.7750845,-2.1782124,-3.365458,3,walking
1519421621786,-9.215514,-2.149489,-3.4899273,3,walking
1519421621791,-9.397431,-2.2069361,-3.499502,3,walking
1519421621795,-9.54105,-2.254809,-3.4037561,3,walking
1519421621800,-9.713391,-2.3697038,-3.2505634,3,walking
1519421621806,-9.866585,-2.6377914,-2.905879,3,walking
1519421621811,-10.048501,-2.7718353,-2.6569405,3,walking
1519421621816,-10.010203,-3.1165195,-2.1590633,3,walking
1519421621821,-10.010203,-3.1165195,-2.1590633,3,walking
1519421621826,-9.991054,-3.4324799,-1.4505459,3,walking
1519421621831,-9.885734,-3.5856729,-1.0867126,3,walking
1519421621836,-9.665519,-3.844186,0.0,3,walking
1519421621840,-9.493176,-3.8633351,0.4164934,3,walking
1519421621846,-9.29211,-3.9016335,0.83777404,3,walking
1519421621851,-9.18679,-3.8729098,1.1728836,3,walking
1519421621856,-9.033598,-3.7292912,1.776081,3,walking
1519421621860,-8.889979,-3.6622694,1.9196993,3,walking
1519421621866,-8.803808,-3.5378,2.0537431,3,walking
1519421621871,-8.755936,-3.518651,2.149489,3,walking
1519421621876,-8.928278,-3.2792869,2.34098,3,walking
1519421621881,-9.20594,-3.193116,2.3122563,3,walking
1519421621886,-9.64637,-2.9154537,2.149489,3,walking
1519421621891,-10.19212,-2.7622607,2.0633178,3,walking
1519421621895,-10.871913,-2.7048132,1.9005502,3,walking
1519421621898,-11.446387,-2.752686,1.7569319,3,walking
1519421621904,-12.135756,-3.126094,1.4122477,3,walking
1519421621910,-12.202777,-3.2888615,1.2686293,3,walking
1519421621916,-12.221927,-3.365458,1.0101161,3,walking
1519421621956,-8.248484,-2.475024,2.3697038,3,walking
1519421621964,-7.999545,-2.34098,2.4367256,3,walking
1519421621972,-8.124015,-2.3026817,2.5516202,3,walking
1519421621980,-8.439975,-2.3697038,2.513322,3,walking
1519421621985,-8.928278,-2.4845984,2.561195,3,walking
1519421621990,-9.837861,-2.9633265,2.6569405,3,walking
1519421621994,-9.837861,-2.9633265,2.6569405,3,walking
1519421621999,-10.919786,-3.4803526,2.7718353,3,walking
1519421622005,-11.867668,-3.8154624,2.7622607,3,walking
1519421622010,-12.2410755,-3.8920588,2.7814097,3,walking
1519421622015,-13.083637,-3.7963133,2.3505547,3,walking
1519421622020,-13.332576,-3.7388659,2.1782124,3,walking
1519421622025,-13.44747,-3.7484405,2.015445,3,walking
1519421622030,-13.485768,-3.6814184,1.9101248,3,walking
1519421622035,-13.552791,-3.3941817,1.7282082,3,walking
1519421622040,-13.457045,-3.1356685,1.622888,3,walking
1519421622045,-13.284702,-2.867581,1.5750152,3,walking
1519421622050,-13.102786,-2.6377914,1.5271424,3,walking
1519421622055,-12.5474615,-2.2165108,1.469695,3,walking
1519421622060,-12.193203,-2.0633178,1.4409714,3,walking
1519421622064,-12.193203,-2.0633178,1.4409714,3,walking
1519421622071,-11.7049,-1.7473572,1.5175679,3,walking
1519421622075,-11.7049,-1.7473572,1.5175679,3,walking
1519421622080,-10.728295,-1.5941644,1.7186337,3,walking
1519421622085,-10.354887,-1.6611862,1.8335283,3,walking
1519421622090,-10.115523,-1.8143792,1.8431029,3,walking
1519421622095,-9.703817,-2.3026817,1.8909757,3,walking
1519421622100,-9.349558,-2.5516202,1.9005502,3,walking
1519421622105,-9.129343,-2.7622607,1.6899099,3,walking
1519421622109,-8.583593,-3.0877957,1.5367169,3,walking
1519421622115,-8.411251,-3.2409887,1.4218222,3,walking
1519421622119,-8.200611,-3.4133308,1.2590547,3,walking
1519421622125,-7.741032,-3.844186,1.14416,3,walking
1519421622130,-7.5399666,-3.8346114,1.0962871,3,walking
1519421622134,-7.3389006,-3.7292912,1.2399056,3,walking
1519421622140,-7.0708127,-3.5378,1.4026731,3,walking
1519421622145,-6.9559183,-3.4612036,1.5558661,3,walking
1519421622150,-6.783576,-3.5856729,1.4409714,3,walking
1519421622154,-6.6208086,-3.4324799,1.5845897,3,walking
1519421622159,-6.3814445,-3.1835413,1.6803354,3,walking
1519421622165,-6.1899533,-2.88673,1.8143792,3,walking
1519421622170,-6.1612296,-2.733537,1.6324625,3,walking
1519421622175,-6.3527207,-2.5037475,1.2877784,3,walking
1519421622180,-6.3431463,-2.4463003,1.14416,3,walking
1519421622185,-6.2952733,-2.408002,0.9430942,3,walking
1519421622190,-6.3431463,-2.3314054,0.7324539,3,walking
1519421622195,-6.525063,-2.0824668,0.4835153,3,walking
1519421622200,-6.611234,-2.0058703,0.4164934,3,walking
1519421622205,-6.639958,-1.9867213,0.40691882,3,walking
1519421622210,-6.5729356,-2.015445,0.50266445,3,walking
1519421622215,-6.515488,-2.0633178,0.61755913,3,walking
1519421622220,-6.6495323,-2.1303396,0.7324539,3,walking
1519421622224,-6.745278,-2.2165108,0.7420284,3,walking
1519421622229,-6.7357035,-2.3697038,0.8090504,3,walking
1519421622235,-6.7357035,-2.4654493,0.76117754,3,walking
1519421622240,-6.831449,-2.5516202,0.6845811,3,walking
1519421622250,-6.8601727,-2.561195,0.56968635,3,walking
1519421622255,-6.9176197,-2.4845984,0.2920241,3,walking
1519421622260,-7.0325146,-2.3984275,0.30159867,3,walking
1519421622265,-7.0708127,-2.2643836,0.23457673,3,walking
1519421622270,-7.0708127,-2.2165108,0.081383765,3,walking
1519421622275,-7.1186857,-2.1590633,0.09095833,3,walking
1519421622280,-7.12826,-2.034594,0.09095833,3,walking
1519421622285,-7.2240057,-1.8526775,-0.05266008,3,walking
1519421622291,-7.35805,-1.7186337,-0.19627848,3,walking
1519421622296,-7.35805,-1.5845897,-0.20585304,3,walking
1519421622301,-7.4059224,-1.5462915,-0.3398969,3,walking
1519421622306,-7.4537954,-1.4026731,-0.4835153,3,walking
1519421622311,-7.501668,-1.4409714,-0.49308985,3,walking
1519421622316,-7.6261373,-1.5462915,-0.6845811,3,walking
1519421622321,-7.6261373,-1.5462915,-0.6845811,3,walking
1519421622327,-7.741032,-1.6324625,-0.76117754,3,walking
1519421622331,-7.7123084,-1.7377827,-0.7420284,3,walking
1519421622337,-7.702734,-1.79523,-0.7420284,3,walking
1519421622341,-7.7506065,-1.7377827,-0.76117754,3,walking
1519421622347,-7.8367777,-1.6803354,-0.83777404,3,walking
1519421622351,-7.846352,-1.622888,-0.83777404,3,walking
1519421622355,-7.9325233,-1.4601204,-0.8281995,3,walking
1519421622360,-7.9516726,-1.3260766,-0.9526688,3,walking
1519421622365,-8.095291,-1.1345854,-1.0484143,3,walking
1519421622370,-8.124015,-1.0388398,-1.1345854,3,walking
1519421622375,-8.2676325,-0.92394507,-1.3356512,3,walking
1519421622381,-8.4686985,-0.91437054,-1.3260766,3,walking
1519421622386,-8.755936,-0.92394507,-1.3739494,3,walking
1519421622391,-9.033598,-0.9718179,-1.5750152,3,walking
1519421622396,-9.493176,-1.2016073,-1.6324625,3,walking
1519421622401,-9.655944,-1.3452257,-1.6707608,3,walking
1519421622406,-9.914457,-1.7282082,-1.4792696,3,walking
1519421622411,-10.134672,-1.8718265,-1.4601204,3,walking
1519421622417,-10.383611,-1.929274,-1.4313968,3,walking
1519421622421,-10.871913,-1.9962958,-1.3356512,3,walking
1519421622427,-11.15915,-2.0537431,-1.2782038,3,walking
1519421622432,-11.408089,-2.0537431,-1.2111819,3,walking
1519421622437,-12.001712,-2.2356598,-1.0867126,3,walking
1519421622442,-12.231501,-2.34098,-0.9622433,3,walking
1519421622447,-12.528313,-2.494173,-0.8856468,3,walking
1519421622452,-12.748528,-2.580344,-0.85692316,3,walking
1519421622457,-13.188957,-2.867581,-0.63670826,3,walking
1519421622462,-13.323001,-2.972901,-0.56968635,3,walking
1519421622468,-13.610238,-3.0494976,-0.45479164,3,walking
1519421622473,-13.658111,-3.0494976,-0.3877697,3,walking
1519421622478,-13.734707,-2.9824755,-0.3877697,3,walking
1519421622488,-13.638962,-2.7909844,-0.56011176,3,walking
1519421622493,-13.638962,-2.7909844,-0.56011176,3,walking
1519421622498,-13.514492,-2.5516202,-0.7420284,3,walking
1519421622505,-13.275128,-2.254809,-0.85692316,3,walking
1519421622511,-13.121935,-2.0920415,-0.85692316,3,walking
1519421622515,-12.748528,-1.7473572,-0.85692316,3,walking
1519421622521,-12.748528,-1.7473572,-0.85692316,3,walking
1519421622526,-12.365545,-1.2973529,-0.8952214,3,walking
1519421622531,-11.9346895,-0.85692316,-1.0005416,3,walking
1519421622536,-11.714475,-0.6845811,-1.1154363,3,walking
1519421622541,-11.590006,-0.512239,-1.2782038,3,walking
1519421622546,-11.714475,-0.22500217,-1.862252,3,walking
1519421622551,-12.030436,-0.18670394,-2.187787,3,walking
1519421622557,-12.576185,-0.12925656,-2.475024,3,walking
1519421622562,-13.524067,-0.56968635,-2.408002,3,walking
1519421622569,-13.744282,-1.0005416,-2.1973617,3,walking
1519421622575,-13.581514,-2.0441687,-1.6037389,3,walking
1519421622580,-13.3612995,-2.5899186,-1.4409714,3,walking
1519421622585,-13.121935,-3.0494976,-1.2686293,3,walking
1519421622628,-9.359133,-2.254809,-1.4601204,3,walking
1519421622636,-9.5219,-1.79523,-1.8718265,3,walking
1519421622643,-9.7899885,-1.622888,-2.0537431,3,walking
1519421622648,-10.670848,-1.2111819,-2.494173,3,walking
1519421622652,-10.670848,-1.2111819,-2.494173,3,walking
1519421622657,-11.570856,-1.0675635,-2.9633265,3,walking
1519421622661,-11.982562,-1.0771381,-3.039923,3,walking
1519421622668,-12.614484,-1.1058618,-3.0877957,3,walking
1519421622673,-12.8538475,-1.1250108,-3.020774,3,walking
1519421622677,-13.00704,-1.2111819,-2.9346027,3,walking
1519421622720,-12.365545,-1.3165021,-2.8388572,3,walking
1519421622726,-11.896391,-1.3548003,-2.7814097,3,walking
1519421622733,-11.657027,-1.383524,-2.752686,3,walking
1519421622738,-11.092129,-1.3739494,-2.7431116,3,walking
1519421622742,-10.814466,-1.3548003,-2.6760898,3,walking
1519421622747,-10.393186,-1.4984187,-2.5994933,3,walking
1519421622751,-9.885734,-1.5558661,-2.6377914,3,walking
1519421622756,-9.560199,-1.6133134,-2.6856642,3,walking
1519421622760,-9.5219,-1.6516117,-2.8292825,3,walking
1519421622765,-9.799562,-1.8814012,-2.9441774,3,walking
1519421622770,-9.799562,-1.8814012,-2.9441774,3,walking
1519421622775,-9.579348,-2.3984275,-2.9346027,3,walking
1519421622780,-9.435729,-2.5516202,-2.800559,3,walking
1519421622785,-9.31126,-2.88673,-2.7718353,3,walking
1519421622790,-9.378282,-3.2409887,-2.867581,3,walking
1519421622795,-9.426155,-3.604822,-2.819708,3,walking
1519421622801,-9.569773,-4.303765,-2.580344,3,walking
1519421622806,-9.454879,-4.7250457,-2.4463003,3,walking
1519421622811,-9.598496,-4.96441,-2.3792782,3,walking
1519421622816,-9.598496,-5.088879,-1.9771467,3,walking
1519421622821,-9.684668,-4.9069624,-1.6994845,3,walking
1519421622827,-9.799562,-4.6771727,-1.5941644,3,walking
1519421622831,-9.655944,-4.1026993,-1.5845897,3,walking
1519421622837,-9.64637,-3.7484405,-1.4984187,3,walking
1519421622842,-9.579348,-3.451629,-1.4984187,3,walking
1519421622847,-9.407005,-2.8580062,-1.6324625,3,walking
1519421622851,-9.29211,-2.5420458,-1.7569319,3,walking
1519421622857,-9.196365,-2.4175766,-1.8048047,3,walking
1519421622867,-8.966576,-2.2260852,-1.9867213,3,walking
1519421622871,-8.631466,-2.3122563,-2.101616,3,walking
1519421622876,-8.487848,-2.4654493,-2.101616,3,walking
1519421622880,-8.353804,-2.6377914,-2.0920415,3,walking
1519421622884,-8.229335,-2.8484318,-2.0824668,3,walking
1519421622889,-8.076141,-3.2505634,-2.0441687,3,walking
1519421622894,-8.018694,-3.6622694,-2.034594,3,walking
1519421622899,-8.124015,-4.648449,-2.0920415,3,walking
1519421622904,-8.21976,-5.2037735,-2.1111906,3,walking
1519421622909,-8.411251,-5.7208,-2.1782124,3,walking
1519421622914,-8.66019,-6.1420803,-2.254809,3,walking
1519421622918,-9.177217,-6.668681,-2.4654493,3,walking
1519421622924,-9.330409,-6.697405,-2.4654493,3,walking
1519421622933,-9.41658,-6.1899533,-2.3984275,3,walking
1519421622939,-9.29211,-5.2037735,-2.1782124,3,walking
1519421622944,-9.215514,-4.7250457,-1.9675722,3,walking
1519421622948,-8.995299,-4.275041,-1.8431029,3,walking
1519421622984,-8.506997,-4.2654667,-1.1058618,3,walking
1519421622992,-8.822957,-4.8207912,-1.0484143,3,walking
1519421623000,-9.196365,-5.2707953,-1.2494801,3,walking
1519421623006,-9.474028,-5.4431376,-1.4026731,3,walking
1519421623010,-9.675094,-5.6250544,-1.5845897,3,walking
1519421623015,-10.230418,-5.835695,-1.9196993,3,walking
1519421623019,-10.230418,-5.835695,-1.9196993,3,walking
1519421623024,-10.019777,-6.0367603,-1.4122477,3,walking
1519421623029,-9.809137,-5.988888,-1.0196906,3,walking
1519421623034,-9.6942425,-5.8835673,-0.5313881,3,walking
1519421623038,-9.464453,-5.7208,-0.00478728,3,walking
1519421623044,-9.359133,-4.96441,1.0867126,3,walking
1519421623049,-9.31126,-4.3707867,1.5271424,3,walking
1519421623054,-9.378282,-3.0494976,2.3026817,3,walking
1519421623059,-9.445304,-2.2069361,2.8292825,3,walking
1519421623063,-9.5219,-1.2686293,3.3175852,3,walking
1519421623068,-9.330409,-0.5218136,3.9016335,3,walking
1519421623074,-8.966576,0.110107444,4.389936,3,walking
1519421623079,-8.296356,0.8760723,5.328243,3,walking
1519421623084,-8.181462,0.78990126,5.797396,3,walking
1519421623089,-8.200611,0.5218136,6.027186,3,walking
1519421623094,-8.210186,-0.081383765,6.113357,3,walking
1519421623098,-8.23891,-0.512239,5.941015,3,walking
1519421623104,-8.353804,-1.0101161,5.7782474,3,walking
1519421623108,-8.258059,-1.5845897,5.7782474,3,walking
1519421623114,-8.248484,-2.3505547,5.7686725,3,walking
1519421623124,-8.248484,-2.6569405,5.538883,3,walking
1519421623128,-8.104865,-2.427151,5.481436,3,walking
1519421623134,-7.9133744,-2.3122563,5.5101595,3,walking
1519421623139,-7.693159,-2.149489,5.538883,3,walking
1519421623144,-7.501668,-1.948423,5.5771813,3,walking
1519421623148,-7.0803876,-1.4888442,5.692076,3,walking
1519421623153,-6.7548523,-1.2782038,5.845269,3,walking
1519421623158,-6.525063,-1.0484143,6.0367603,3,walking
1519421623164,-6.0750585,-0.9526688,6.4963393,3,walking
1519421623168,-5.797396,-0.9526688,6.678256,3,walking
1519421623174,-5.49101,-0.90479594,6.850598,3,walking
1519421623179,-5.328243,-0.78032666,7.0133657,3,walking
1519421623183,-5.1271772,-0.61755913,7.156984,3,walking
1519421623188,-4.696322,-0.30159867,7.6261373,3,walking
1519421623194,-4.5144053,-0.16755481,7.721883,3,walking
1519421623198,-4.389936,-0.0718092,7.846352,3,walking
1519421623204,-4.322914,0.0,7.808054,3,walking
1519421623209,-4.303765,-0.00478728,7.769756,3,walking
1519421623214,-4.495256,0.0,7.693159,3,walking
1519421623218,-4.715471,0.0,7.702734,3,walking
1519421623224,-4.849515,-0.00478728,7.8176284,3,walking
1519421623229,-4.993133,-0.05266008,7.9803963,3,walking
1519421623234,-5.328243,-0.3877697,8.621892,3,walking
1519421623239,-5.481436,-0.54096264,9.110194,3,walking
1519421623243,-5.605905,-0.6079846,9.560199,3,walking
1519421623248,-5.6250544,-0.6750065,9.914457,3,walking
1519421623255,-5.6154795,-0.7994758,10.354887,3,walking
1519421623259,-5.6250544,-0.85692316,10.40276,3,walking
1519421623264,-5.5580325,-0.90479594,10.335738,3,walking
1519421623307,-3.6814184,-1.2207564,6.47719,3,walking
1519421623311,-3.4420545,-1.4601204,5.797396,3,walking
1519421623317,-3.2984362,-1.4409714,5.8644185,3,walking
1519421623321,-3.1165195,-1.4313968,6.1612296,3,walking
1519421623326,-2.9346027,-1.4122477,6.5729356,3,walking
1519421623331,-2.7718353,-1.7282082,7.4250717,3,walking
1519421623335,-2.8580062,-1.9388485,7.788905,3,walking
1519421623339,-2.8580062,-1.9388485,7.788905,3,walking
1519421623344,-3.1356685,-2.2835326,8.4686985,3,walking
1519421623348,-3.2218397,-2.3505547,8.803808,3,walking
1519421623353,-3.3175852,-2.3697038,9.158067,3,walking
1519421623358,-3.4420545,-2.427151,9.464453,3,walking
1519421623363,-3.7675896,-2.5516202,9.474028,3,walking
1519421623368,-3.825037,-2.561195,9.397431,3,walking
1519421623374,-3.8729098,-2.5994933,9.110194,3,walking
1519421623379,-3.8729098,-2.5994933,9.110194,3,walking
1519421623384,-4.0356774,-2.4463003,8.593168,3,walking
1519421623389,-4.150572,-2.1111906,7.9516726,3,walking
1519421623395,-4.2175937,-1.8431029,7.6452866,3,walking
1519421623400,-4.275041,-1.6803354,7.2718787,3,walking
1519421623405,-4.2271686,-1.3643749,6.745278,3,walking
1519421623410,-4.1601467,-1.3165021,6.639958,3,walking
1519421623415,-4.0548263,-1.2877784,6.4963393,3,walking
1519421623420,-4.0356774,-1.3260766,6.438892,3,walking
1519421623424,-4.016528,-1.3643749,6.3527207,3,walking
1519421623428,-3.9399316,-1.383524,6.3622956,3,walking
1519421623433,-3.5760984,-1.4984187,6.2952733,3,walking
1519421623439,-3.3750327,-1.5462915,6.1420803,3,walking
1519421623444,-3.193116,-1.4984187,5.873993,3,walking
1519421623449,-3.193116,-1.4984187,5.873993,3,walking
1519421623454,-2.9633265,-1.2207564,5.8644185,3,walking
1519421623459,-2.7622607,-0.98139244,5.845269,3,walking
1519421623464,-2.3888528,-0.6079846,5.672927,3,walking
1519421623469,-2.2835326,-0.4835153,5.634629,3,walking
1519421623475,-2.1973617,-0.34947145,5.5101595,3,walking
1519421623480,-1.9388485,-0.14840569,5.28037,3,walking
1519421623485,-1.8143792,-0.043085523,5.1654754,3,walking
1519421623490,-1.6803354,0.05266008,5.002708,3,walking
1519421623495,-1.5367169,0.37819514,4.648449,3,walking
1519421623500,-1.4601204,0.5218136,4.4856815,3,walking
1519421623505,-1.3643749,0.751603,4.3612123,3,walking
1519421623510,-1.2494801,1.1633091,4.1026993,3,walking
1519421623516,-1.1345854,1.2782038,4.2271686,3,walking
1519421623520,-0.8760723,1.2303311,4.4473834,3,walking
1519421623526,-0.5888355,0.92394507,4.045252,3,walking
1519421623531,-1.0292653,0.28244954,3.1452432,3,walking
1519421623536,-1.2877784,-0.15798025,2.867581,3,walking
1519421623545,-1.5558661,-1.0005416,2.88673,3,walking
1519421623549,-1.4888442,-1.3165021,2.8771553,3,walking
1519421623553,-1.4888442,-1.5271424,2.5899186,3,walking
1519421623559,-1.6899099,-1.3930986,2.321831,3,walking
1519421623564,-1.948423,-1.1633091,2.0824668,3,walking
1519421623569,-2.1782124,-0.8952214,1.8909757,3,walking
1519421623574,-2.3792782,-0.47394073,1.6994845,3,walking
1519421623579,-2.427151,-0.3111732,1.7473572,3,walking
1519421623584,-2.561195,-0.00478728,1.9675722,3,walking
1519421623589,-2.6569405,0.0718092,2.101616,3,walking
1519421623595,-2.7718353,0.14840569,2.168638,3,walking
1519421623599,-2.88673,0.2154276,2.2165108,3,walking
1519421623603,-2.9346027,0.25372586,2.2069361,3,walking
1519421623608,-3.0303483,0.30159867,2.254809,3,walking
1519421623613,-3.0494976,0.46436617,2.2835326,3,walking
1519421623618,-3.1165195,0.5218136,2.2452345,3,walking
1519421623623,-3.2792869,0.64628285,2.2739582,3,walking
1519421623628,-3.451629,0.6750065,2.2835326,3,walking
1519421623633,-3.5856729,0.8090504,2.3505547,3,walking
1519421623638,-3.6622694,0.9430942,2.494173,3,walking
1519421623643,-3.690993,1.0962871,2.6186423,3,walking
1519421623648,-3.777164,1.0579889,2.6186423,3,walking
1519421623653,-3.9495063,0.9718179,2.5228968,3,walking
1519421623658,-4.131423,0.8281995,2.4175766,3,walking
1519421623663,-4.3995104,0.6558574,2.2643836,3,walking
1519421623669,-5.0505805,0.2154276,1.9196993,3,walking
1519421623674,-5.347392,0.11968201,1.8526775,3,walking
1519421623679,-5.634629,0.043085523,1.8335283,3,walking
1519421623684,-5.941015,0.19627848,1.8143792,3,walking
1519421623689,-6.094208,0.27287498,1.79523,3,walking
1519421623694,-6.486765,0.5218136,1.5462915,3,walking
1519421623698,-6.486765,0.5218136,1.5462915,3,walking
1519421623703,-6.984642,0.56968635,1.2399056,3,walking
1519421623708,-7.3389006,0.56011176,1.0101161,3,walking
1519421623714,-7.7123084,0.512239,0.751603,3,walking
1519421623719,-7.7123084,0.512239,0.751603,3,walking
1519421623724,-8.985725,0.40691882,-0.13883112,3,walking
1519421623729,-9.493176,0.359046,-0.36862057,3,walking
1519421623734,-9.943181,0.23457673,-0.6079846,3,walking
1519421623739,-10.919786,-0.00478728,-1.1058618,3,walking
1519421623749,-12.662356,-0.49308985,-1.6133134,3,walking
1519421623755,-13.227255,-0.83777404,-1.8335283,3,walking
1519421623759,-13.7730055,-1.2782038,-2.101616,3,walking
1519421623765,-14.950676,-2.0537431,-2.6090677,3,walking
1519421623770,-15.63047,-2.3314054,-2.8292825,3,walking
1519421623801,-19.603912,-2.647366,-1.383524,3,walking
1519421623806,-19.603912,-3.1452432,-1.383524,3,walking
1519421623815,-19.603912,-6.3144226,-2.360129,3,walking
1519421623819,-19.603912,-6.3144226,-2.360129,3,walking
1519421623824,-19.603912,-9.349558,-2.6186423,3,walking
1519421623830,-19.603912,-11.695326,-2.6856642,3,walking
1519421623836,-19.603912,-12.375119,-2.9154537,3,walking
1519421623841,-19.603912,-12.375119,-2.9154537,3,walking
1519421623846,-18.186878,-11.982562,-4.3995104,3,walking
1519421623883,-12.8538475,-0.40691882,-2.6282167,3,walking
1519421623891,-12.624058,1.0579889,-2.408002,3,walking
1519421623907,-13.974071,0.61755913,-3.930357,3,walking
1519421623916,-15.659194,-0.2154276,-4.0931244,3,walking
1519421623920,-16.444307,-0.5313881,-3.3080106,3,walking
1519421623925,-16.28154,-0.45479164,-2.800559,3,walking
1519421623929,-15.860259,-0.3398969,-2.2739582,3,walking
1519421623934,-15.3049345,-0.34947145,-1.8431029,3,walking
1519421623952,-12.968742,-1.9771467,0.00478728,3,walking
1519421623958,-12.6527815,-2.360129,0.23457673,3,walking
1519421623992,-8.765511,-4.5144053,0.56011176,3,walking
1519421624001,-8.822957,-4.7441945,0.11968201,3,walking
1519421624009,-8.966576,-5.1367517,-0.30159867,3,walking
1519421624017,-9.100619,-5.232497,-0.4835153,3,walking
1519421624022,-9.272962,-5.347392,-0.7228793,3,walking
1519421624028,-9.560199,-5.3952646,-1.1728836,3,walking
1519421624033,-9.665519,-5.4431376,-1.2590547,3,walking
1519421624038,-9.799562,-5.433563,-1.3356512,3,walking
1519421624043,-9.952756,-5.49101,-1.4409714,3,walking
1519421624048,-10.048501,-5.529309,-1.469695,3,walking
1519421624053,-10.287866,-5.538883,-1.3739494,3,walking
1519421624057,-10.287866,-5.538883,-1.3739494,3,walking
1519421624062,-10.450633,-5.538883,-1.1537346,3,walking
1519421624068,-10.536804,-5.5771813,-0.99096704,3,walking
1519421624073,-10.651698,-5.538883,-0.6271337,3,walking
1519421624077,-10.709146,-5.500585,-0.50266445,3,walking
1519421624084,-10.728295,-5.481436,-0.3111732,3,walking
1519421624088,-10.699572,-5.481436,-0.18670394,3,walking
1519421624093,-10.699572,-5.4431376,-0.09095833,3,walking
1519421624098,-10.622974,-5.376116,0.081383765,3,walking
1519421624103,-10.555953,-5.328243,0.16755481,3,walking
1519421624107,-10.527229,-5.222923,0.23457673,3,walking
1519421624112,-10.460207,-5.1271772,0.23457673,3,walking
1519421624118,-10.469782,-4.7058964,0.32074776,3,walking
1519421624123,-10.479357,-4.5144053,0.2920241,3,walking
1519421624128,-10.488931,-4.2271686,0.2920241,3,walking
1519421624133,-10.479357,-3.758015,0.30159867,3,walking
1519421624138,-10.479357,-3.499502,0.32074776,3,walking
1519421624142,-10.527229,-3.2409887,0.37819514,3,walking
1519421624148,-10.536804,-2.9920502,0.4164934,3,walking
1519421624153,-10.642124,-2.494173,0.30159867,3,walking
1519421624158,-10.670848,-2.3026817,0.30159867,3,walking
1519421624162,-10.651698,-2.1207652,0.22500217,3,walking
1519421624167,-10.642124,-1.7377827,0.14840569,3,walking
1519421624173,-10.661273,-1.5175679,-0.014361841,3,walking
1519421624177,-10.603826,-1.3739494,-0.05266008,3,walking
1519421624182,-10.546378,-1.2494801,-0.18670394,3,walking
1519421624188,-10.307014,-1.2590547,-0.13883112,3,walking
1519421624193,-10.374036,-1.1250108,-0.2441513,3,walking
1519421624197,-10.441058,-0.8664977,-0.3111732,3,walking
1519421624202,-10.077225,-0.61755913,-0.50266445,3,walking
1519421624209,-9.828286,-0.63670826,-0.56011176,3,walking
1519421624214,-9.502751,-0.6558574,-0.7994758,3,walking
1519421624219,-9.426155,-0.61755913,-0.8281995,3,walking
1519421624225,-9.004874,-0.69415563,-1.0292653,3,walking
1519421624229,-8.803808,-0.76117754,-1.1345854,3,walking
1519421624234,-8.803808,-0.76117754,-1.1345854,3,walking
1519421624238,-8.803808,-0.76117754,-1.1345854,3,walking
1519421624242,-8.813383,-0.6271337,-1.383524,3,walking
1519421624248,-8.746361,-0.63670826,-1.2782038,3,walking
1519421624253,-8.631466,-1.0005416,-1.4505459,3,walking
1519421624257,-8.784659,-1.0867126,-1.7569319,3,walking
1519421624263,-9.004874,-0.7228793,-1.8335283,3,walking
1519421624268,-9.129343,-0.56968635,-1.709059,3,walking
1519421624274,-9.18679,-0.44521707,-1.5558661,3,walking
1519421624279,-9.167642,-0.3111732,-1.4984187,3,walking
1519421624284,-9.0814705,-0.36862057,-1.4601204,3,walking
1519421624288,-9.0814705,-0.36862057,-1.4601204,3,walking
1519421624293,-9.148493,-0.8664977,-1.7473572,3,walking
1519421624299,-9.177217,-1.1058618,-1.8814012,3,walking
1519421624304,-9.148493,-1.3069274,-1.9005502,3,walking
1519421624308,-9.148493,-1.3069274,-1.9005502,3,walking
1519421624312,-8.918703,-1.6133134,-1.7282082,3,walking
1519421624317,-8.937852,-1.709059,-1.709059,3,walking
1519421624322,-8.957002,-1.7186337,-1.6899099,3,walking
1519421624328,-9.052747,-2.0058703,-1.6420372,3,walking
1519421624333,-9.100619,-2.1303396,-1.6803354,3,walking
1519421624338,-9.110194,-2.2835326,-1.6611862,3,walking
1519421624343,-9.071896,-2.427151,-1.5558661,3,walking
1519421624347,-9.004874,-2.513322,-1.5941644,3,walking
1519421624353,-8.9761505,-2.5324712,-1.5845897,3,walking
1519421624357,-8.957002,-2.580344,-1.5941644,3,walking
1519421624362,-8.937852,-2.561195,-1.6037389,3,walking
1519421624368,-8.937852,-2.513322,-1.6899099,3,walking
1519421624373,-8.813383,-2.4558747,-1.7282082,3,walking
1519421624377,-8.813383,-2.4558747,-1.7282082,3,walking
1519421624382,-8.803808,-2.3792782,-1.7665064,3,walking
1519421624388,-8.842107,-2.3314054,-1.8909757,3,walking
1519421624392,-8.880404,-2.2356598,-2.0250196,3,walking
1519421624398,-8.880404,-2.2356598,-2.0250196,3,walking
1519421624402,-8.851681,-2.168638,-2.1303396,3,walking
1519421624407,-8.870831,-2.1590633,-2.187787,3,walking
1519421624412,-8.928278,-2.1207652,-2.2643836,3,walking
1519421624418,-9.004874,-2.0824668,-2.3026817,3,walking
1519421624423,-9.052747,-1.9388485,-2.4175766,3,walking
1519421624428,-8.995299,-1.9196993,-2.3888528,3,walking
1519421624432,-9.062322,-1.8526775,-2.475024,3,walking
1519421624437,-9.244238,-1.7665064,-2.647366,3,walking
1519421624442,-9.368708,-1.7186337,-2.7622607,3,walking
1519421624448,-9.454879,-1.6994845,-2.7622607,3,walking
1519421624453,-9.636795,-1.6803354,-2.8963046,3,walking
1519421624458,-9.6942425,-1.709059,-2.9441774,3,walking
1519421624463,-9.703817,-1.7856555,-3.059072,3,walking
1519421624468,-9.7899885,-1.8143792,-3.0111992,3,walking
1519421624472,-9.885734,-1.929274,-3.1069448,3,walking
1519421624478,-9.943181,-1.9867213,-3.1643922,3,walking
1519421624482,-9.943181,-1.9867213,-3.1548176,3,walking
1519421624488,-9.780414,-2.0633178,-3.1069448,3,walking
1519421624494,-9.6942425,-2.1399143,-3.0016246,3,walking
1519421624498,-9.560199,-2.1590633,-2.8963046,3,walking
1519421624504,-9.502751,-2.1590633,-2.905879,3,walking
1519421624508,-9.41658,-2.254809,-2.7909844,3,walking
1519421624513,-9.234664,-2.2931073,-2.6377914,3,walking
1519421624519,-9.177217,-2.321831,-2.5420458,3,walking
1519421624524,-8.995299,-2.3505547,-2.3122563,3,walking
1519421624529,-8.842107,-2.2260852,-2.1207652,3,walking
1519421624535,-8.688913,-2.1973617,-1.8909757,3,walking
1519421624539,-8.497422,-2.1590633,-1.7282082,3,walking
1519421624544,-8.2676325,-2.1399143,-1.2303311,3,walking
1519421624549,-8.181462,-2.149489,-0.99096704,3,walking
1519421624555,-8.143164,-2.1590633,-0.83777404,3,walking
1519421624565,-7.961247,-2.408002,-0.28244954,3,walking
1519421624570,-8.037844,-2.3505547,-0.19627848,3,walking
1519421624575,-8.171887,-2.34098,-0.17712937,3,walking
1519421624586,-8.947427,-1.9962958,-0.25372586,3,walking
1519421624590,-9.397431,-1.7282082,-0.3398969,3,walking
1519421624596,-10.335738,-1.4601204,-0.6271337,3,walking
1519421624601,-10.804892,-1.4122477,-0.8186249,3,walking
1519421624606,-11.1208515,-1.3930986,-0.9718179,3,walking
1519421624611,-11.321918,-1.4026731,-1.0292653,3,walking
1519421624619,-11.379365,-1.4888442,-1.1250108,3,walking
1519421624624,-10.996383,-1.5750152,-1.0675635,3,walking
1519421624629,-10.699572,-1.5845897,-0.9622433,3,walking
1519421624634,-9.991054,-1.5941644,-0.77075213,3,walking
1519421624671,-7.329326,-1.5079932,-0.56968635,3,walking
1519421624679,-7.7984796,-1.0962871,-0.8473486,3,walking
1519421624687,-8.794233,-0.77075213,-1.1728836,3,walking
1519421624694,-10.29744,-0.39734426,-1.6133134,3,walking
1519421624703,-11.771922,-0.4356425,-1.9771467,3,walking
1519421624710,-13.02619,-0.7994758,-2.1590633,3,walking
1519421624715,-13.638962,-1.0101161,-2.2069361,3,walking
1519421624761,-12.748528,-2.6760898,-1.8239537,3,walking
1519421624771,-12.087883,-2.5228968,-1.7473572,3,walking
1519421624783,-11.379365,-2.0824668,-1.5367169,3,walking
1519421624788,-10.938935,-1.8526775,-1.3548003,3,walking
1519421624792,-10.077225,-1.4888442,-1.1824582,3,walking
1519421624798,-9.799562,-1.3165021,-1.1633091,3,walking
1519421624803,-9.349558,-1.3069274,-1.14416,3,walking
1519421624834,-8.104865,-1.5845897,-0.98139244,3,walking
1519421624842,-8.143164,-1.7856555,-1.3643749,3,walking
1519421624850,-8.305931,-2.0633178,-1.6611862,3,walking
1519421624858,-7.7506065,-2.408002,-1.5750152,3,walking
1519421624865,-7.4920936,-2.666515,-1.2877784,3,walking
1519421624869,-7.396348,-3.0303483,-1.4313968,3,walking
1519421624874,-7.4250717,-3.2026904,-1.6516117,3,walking
1519421624879,-7.549541,-3.2792869,-1.7473572,3,walking
1519421624883,-7.6835847,-3.4324799,-1.862252,3,walking
1519421624888,-7.616563,-3.5378,-1.8431029,3,walking
1519421624892,-7.0708127,-3.6335456,-1.2590547,3,walking
1519421624897,-7.0708127,-3.6335456,-1.2590547,3,walking
1519421624902,-7.7314577,-4.016528,-2.1973617,3,walking
1519421624908,-7.511243,-4.2654667,-1.9101248,3,walking
1519421624913,-7.4154973,-4.322914,-2.015445,3,walking
1519421624917,-7.4154973,-4.322914,-2.015445,3,walking
1519421624922,-7.310177,-4.322914,-2.427151,3,walking
1519421624927,-7.281453,-4.389936,-2.513322,3,walking
1519421624932,-7.3771987,-4.3324885,-2.7048132,3,walking
1519421624938,-7.3676243,-4.3133397,-2.819708,3,walking
1519421624942,-7.3197513,-4.275041,-2.8101335,3,walking
1519421624948,-7.3197513,-4.2080193,-2.7431116,3,walking
1519421624953,-7.3389006,-4.045252,-2.5707695,3,walking
1519421624958,-7.4154973,-3.7675896,-2.3122563,3,walking
1519421624963,-7.4729443,-3.5760984,-1.8048047,3,walking
1519421624968,-7.654861,-3.4229054,-1.6994845,3,walking
1519421624974,-8.104865,-3.2026904,-1.4888442,3,walking
1519421624979,-8.181462,-3.0877957,-1.2877784,3,walking
1519421624984,-8.181462,-2.972901,-1.1058618,3,walking
1519421624994,-8.095291,-2.2165108,-0.5505372,3,walking
1519421624999,-8.095291,-1.9771467,-0.50266445,3,walking
1519421625004,-8.143164,-1.8048047,-0.4356425,3,walking
1519421625014,-8.459125,-1.5845897,-0.30159867,3,walking
1519421625019,-8.545295,-1.6324625,-0.37819514,3,walking
1519421625025,-8.5740185,-1.6420372,-0.39734426,3,walking
1519421625029,-8.631466,-1.6611862,-0.359046,3,walking
1519421625035,-8.727212,-1.5558661,-0.37819514,3,walking
1519421625040,-8.918703,-1.4313968,-0.40691882,3,walking
1519421625045,-8.9761505,-1.383524,-0.39734426,3,walking
1519421625050,-9.138918,-1.383524,-0.36862057,3,walking
1519421625055,-9.320834,-1.3165021,-0.4835153,3,walking
1519421625060,-9.512326,-1.3739494,-0.49308985,3,walking
1519421625065,-9.665519,-1.3643749,-0.6079846,3,walking
1519421625070,-9.770839,-1.383524,-0.61755913,3,walking
1519421625076,-9.971905,-1.2973529,-0.6845811,3,walking
1519421625080,-10.058076,-1.2782038,-0.7228793,3,walking
1519421625086,-10.144247,-1.2207564,-0.64628285,3,walking
1519421625091,-10.316589,-1.2590547,-0.6079846,3,walking
1519421625096,-10.316589,-1.2590547,-0.6079846,3,walking
1519421625102,-10.5080805,-1.2590547,-0.6558574,3,walking
1519421625107,-10.6134,-1.3165021,-0.54096264,3,walking
1519421625112,-10.814466,-1.383524,-0.4835153,3,walking
1519421625117,-10.900637,-1.4601204,-0.5313881,3,walking
1519421625122,-11.092129,-1.5271424,-0.3398969,3,walking
1519421625127,-11.092129,-1.5271424,-0.3398969,3,walking
1519421625131,-11.36979,-1.6133134,-0.2441513,3,walking
1519421625137,-11.551707,-1.6133134,-0.22500217,3,walking
1519421625141,-11.877242,-1.6420372,-0.17712937,3,walking
1519421625147,-11.877242,-1.6420372,-0.17712937,3,walking
1519421625152,-12.183628,-1.7473572,-0.11968201,3,walking
1519421625157,-12.336822,-1.79523,-0.15798025,3,walking
1519421625161,-12.451715,-1.8909757,-0.14840569,3,walking
1519421625167,-12.451715,-1.8909757,-0.14840569,3,walking
1519421625172,-12.403843,-1.9771467,-0.22500217,3,walking
1519421625177,-12.336822,-2.0058703,-0.22500217,3,walking
1519421625182,-12.269799,-2.0633178,-0.22500217,3,walking
1519421625186,-12.269799,-2.0633178,-0.22500217,3,walking
1519421625192,-12.078308,-2.1111906,-0.45479164,3,walking
1519421625197,-11.992137,-2.1111906,-0.5792609,3,walking
1519421625201,-11.925115,-2.0824668,-0.63670826,3,walking
1519421625206,-11.657027,-1.9771467,-0.90479594,3,walking
1519421625210,-11.455961,-1.8526775,-1.0579889,3,walking
1519421625215,-11.274045,-1.7282082,-1.1537346,3,walking
1519421625223,-10.852764,-1.4505459,-1.4409714,3,walking
1519421625228,-10.689997,-1.2494801,-1.6611862,3,walking
1519421625232,-10.603826,-0.85692316,-2.427151,3,walking
1519421625237,-10.603826,-0.85692316,-2.427151,3,walking
1519421625242,-11.178299,-0.3877697,-3.5282254,3,walking
1519421625246,-11.791071,-0.17712937,-3.8537605,3,walking
1519421625251,-12.997466,-0.05266008,-3.8154624,3,walking
1519421625258,-12.997466,-0.05266008,-3.8154624,3,walking
1519421625263,-13.169807,-1.5462915,-2.733537,3,walking
1519421625267,-13.169807,-1.5462915,-2.733537,3,walking
1519421625272,-12.786825,-3.1356685,-1.7186337,3,walking
1519421625276,-12.518738,-3.7963133,-1.4122477,3,walking
1519421625282,-12.145329,-4.3707867,-1.0196906,3,walking
1519421625286,-11.771922,-4.715471,-0.78990126,3,walking
1519421625292,-11.15915,-4.8303657,-0.6079846,3,walking
1519421625297,-10.919786,-4.648449,-0.76117754,3,walking
1519421625302,-10.546378,-3.9495063,-1.1058618,3,walking
1519421625306,-10.546378,-3.9495063,-1.1058618,3,walking
1519421625311,-10.345312,-3.1069448,-1.5462915,3,walking
1519421625318,-10.40276,-2.3984275,-2.034594,3,walking
1519421625323,-10.632549,-2.034594,-2.34098,3,walking
1519421625327,-10.632549,-2.034594,-2.34098,3,walking
1519421625332,-11.197449,-1.4026731,-2.905879,3,walking
1519421625336,-11.618729,-1.0579889,-3.2026904,3,walking
1519421625340,-12.020861,-0.7228793,-3.3175852,3,walking
1519421625344,-12.384694,-0.5218136,-3.4420545,3,walking
1519421625369,-13.428321,-0.61755913,-2.7431116,3,walking
1519421625374,-13.457045,-0.77075213,-2.7814097,3,walking
1519421625402,-12.509163,-0.93351966,-2.5899186,3,walking
1519421625407,-12.394268,-0.9718179,-2.580344,3,walking
1519421625413,-12.116607,-1.0101161,-2.513322,3,walking
1519421625417,-12.030436,-0.9526688,-2.427151,3,walking
1519421625423,-11.637878,-1.0388398,-2.3697038,3,walking
1519421625427,-11.637878,-1.0388398,-2.3697038,3,walking
1519421625432,-11.513409,-1.0771381,-2.4558747,3,walking
1519421625436,-11.513409,-1.0771381,-2.4558747,3,walking
1519421625442,-11.513409,-1.4218222,-2.6377914,3,walking
1519421625448,-11.522984,-1.4792696,-2.714388,3,walking
1519421625453,-11.36979,-1.5750152,-2.666515,3,walking
1519421625458,-11.312344,-1.6133134,-2.7048132,3,walking
1519421625462,-11.302769,-1.5845897,-2.9250283,3,walking
1519421625466,-11.302769,-1.5845897,-2.9250283,3,walking
1519421625471,-11.149575,-1.7186337,-3.3367343,3,walking
1519421625477,-10.785743,-1.6707608,-3.3080106,3,walking
1519421625482,-10.651698,-1.1345854,-2.8963046,3,walking
1519421625487,-10.565528,-1.4313968,-2.360129,3,walking
1519421625493,-10.6134,-1.5367169,-2.800559,3,walking
1519421625497,-10.421909,-1.5367169,-2.819708,3,walking
1519421625503,-10.211268,-1.4026731,-2.733537,3,walking
1519421625513,-9.579348,-0.6079846,-2.34098,3,walking
1519421625517,-9.330409,-0.40691882,-2.2069361,3,walking
1519421625522,-9.18679,-0.2441513,-2.0250196,3,walking
1519421625526,-9.18679,-0.2441513,-2.0250196,3,walking
1519421625532,-8.985725,-0.03351096,-1.7186337,3,walking
1519421625536,-8.842107,-0.00478728,-1.5079932,3,walking
1519421625541,-8.7750845,0.25372586,-1.3165021,3,walking
1519421625547,-8.631466,0.28244954,-1.3260766,3,walking
1519421625551,-8.650616,-0.014361841,-1.79523,3,walking
1519421625557,-8.650616,-0.014361841,-1.79523,3,walking
1519421625562,-8.755936,-0.34947145,-2.1782124,3,walking
1519421625567,-8.631466,-0.4835153,-2.2069361,3,walking
1519421625572,-8.545295,-0.46436617,-2.187787,3,walking
1519421625577,-8.545295,-0.46436617,-2.187787,3,walking
1519421625582,-8.564445,-0.6558574,-2.5228968,3,walking
1519421625586,-8.545295,-0.9526688,-2.6090677,3,walking
1519421625591,-8.621892,-1.2399056,-2.733537,3,walking
1519421625596,-8.621892,-1.2399056,-2.733537,3,walking
1519421625602,-8.861256,-2.2452345,-2.9633265,3,walking
1519421625607,-8.861256,-2.2452345,-2.9633265,3,walking
1519421625612,-8.957002,-2.5707695,-2.9250283,3,walking
1519421625617,-8.957002,-2.5707695,-2.9250283,3,walking
1519421625622,-9.110194,-2.7431116,-2.905879,3,walking
1519421625627,-9.177217,-2.867581,-2.867581,3,walking
1519421625633,-9.234664,-2.819708,-2.8388572,3,walking
1519421625637,-9.263388,-2.752686,-2.7718353,3,walking
1519421625642,-9.20594,-2.4558747,-2.3888528,3,walking
1519421625646,-9.20594,-2.4558747,-2.3888528,3,walking
1519421625651,-8.9761505,-1.8909757,-2.0537431,3,walking
1519421625657,-8.928278,-1.5845897,-2.0058703,3,walking
1519421625662,-8.842107,-1.383524,-1.8718265,3,walking
1519421625667,-8.717637,-0.92394507,-1.7186337,3,walking
1519421625673,-8.55487,-0.5505372,-1.6133134,3,walking
1519421625677,-8.430401,-0.3877697,-1.5271424,3,walking
1519421625683,-8.2676325,-0.30159867,-1.4888442,3,walking
1519421625693,-7.788905,-0.26330042,-1.7473572,3,walking
1519421625698,-7.6452866,-0.3398969,-1.8335283,3,walking
1519421625703,-7.5591154,-0.46436617,-1.9675722,3,walking
1519421625708,-7.348475,-0.751603,-2.254809,3,walking
1519421625713,-7.176133,-0.9622433,-2.360129,3,walking
1519421625718,-7.1474094,-1.1633091,-2.494173,3,walking
1519421625724,-6.9654927,-1.5941644,-2.647366,3,walking
1519421625728,-6.9080453,-1.8143792,-2.714388,3,walking
1519421625734,-6.898471,-2.0250196,-2.7814097,3,walking
1519421625744,-6.850598,-2.5707695,-2.752686,3,walking
1519421625749,-6.9176197,-2.714388,-2.867581,3,walking
1519421625754,-7.051664,-2.7814097,-2.8388572,3,walking
1519421625764,-7.4442205,-2.9154537,-2.8292825,3,walking
1519421625769,-7.511243,-2.9250283,-2.6856642,3,walking
1519421625774,-7.6069884,-2.9537518,-2.7718353,3,walking
1519421625779,-7.894225,-2.8292825,-2.6952388,3,walking
1519421625785,-8.00912,-2.800559,-2.647366,3,walking
1519421625789,-8.34423,-2.6090677,-2.6186423,3,walking
1519421625795,-8.34423,-2.5037475,-2.4654493,3,walking
1519421625800,-8.382527,-2.494173,-2.427151,3,walking
1519421625805,-8.44955,-2.3505547,-2.3888528,3,walking
1519421625810,-8.401677,-2.3314054,-2.321831,3,walking
1519421625815,-8.392102,-2.2356598,-2.2165108,3,walking
1519421625820,-8.286782,-2.1782124,-2.0728924,3,walking
1519421625825,-8.1623125,-2.187787,-1.9675722,3,walking
1519421625832,-7.8846507,-2.0537431,-1.6611862,3,walking
1519421625838,-7.8367777,-2.0058703,-1.6037389,3,walking
1519421625843,-7.664436,-2.0824668,-1.4792696,3,walking
1519421625853,-7.4920936,-2.2165108,-1.1537346,3,walking
1519421625858,-7.4059224,-2.2165108,-1.0101161,3,walking
1519421625863,-7.4154973,-2.2260852,-0.93351966,3,walking
1519421625874,-7.243155,-2.2931073,-0.56011176,3,walking
1519421625882,-7.35805,-2.34098,-0.45479164,3,walking
1519421625887,-7.46337,-2.321831,-0.46436617,3,walking
1519421625891,-8.085716,-2.149489,-0.69415563,3,walking
1519421625896,-8.085716,-2.149489,-0.69415563,3,walking
1519421625901,-9.18679,-1.9579976,-0.99096704,3,walking
1519421625906,-9.828286,-1.9196993,-1.1920328,3,walking
1519421625911,-10.412334,-1.9005502,-1.4313968,3,walking
1519421625918,-11.49426,-2.1973617,-1.6324625,3,walking
1519421625923,-11.580431,-2.4463003,-1.5941644,3,walking
1519421625927,-11.561282,-2.5899186,-1.4409714,3,walking
1519421625971,-8.966576,-2.408002,0.9718179,3,walking
1519421625980,-8.985725,-1.929274,0.76117754,3,walking
1519421625987,-8.985725,-1.929274,0.76117754,3,walking
1519421625995,-9.636795,-1.1250108,0.23457673,3,walking
1519421626003,-10.536804,-0.7420284,-0.28244954,3,walking
1519421626013,-12.384694,-0.5888355,-1.0484143,3,walking
1519421626020,-13.093211,-0.63670826,-1.2686293,3,walking
1519421626024,-13.638962,-0.8664977,-1.3452257,3,walking
1519421626033,-15.046422,-1.5271424,-1.6133134,3,walking
1519421626038,-15.333658,-1.7473572,-1.5941644,3,walking
1519421626044,-15.898558,-2.0633178,-1.7665064,3,walking
1519421626049,-16.023027,-2.2069361,-1.79523,3,walking
1519421626054,-16.09005,-2.2452345,-1.8239537,3,walking
1519421626071,-15.3049345,-2.2643836,-1.9675722,3,walking
1519421626078,-15.055996,-2.1111906,-1.9005502,3,walking
1519421626084,-14.261308,-1.8048047,-1.709059,3,walking
1519421626089,-13.840027,-1.6324625,-1.6037389,3,walking
1519421626094,-13.380448,-1.4505459,-1.5271424,3,walking
1519421626120,-10.393186,-0.7420284,-0.6271337,3,walking
1519421626125,-9.952756,-0.7228793,-0.4835153,3,walking
1519421626129,-9.512326,-0.751603,-0.49308985,3,walking
1519421626134,-9.052747,-0.37819514,-0.14840569,3,walking
1519421626139,-8.794233,-0.17712937,0.03351096,3,walking
1519421626144,-8.535721,-0.16755481,-0.12925656,3,walking
1519421626153,-8.037844,-0.7994758,-0.85692316,3,walking
1519421626159,-7.9803963,-0.9622433,-0.69415563,3,walking
1519421626163,-7.6069884,-1.3260766,-0.7420284,3,walking
1519421626173,-7.7506065,-2.1111906,-1.3452257,3,walking
1519421626178,-7.6740103,-2.2165108,-1.2207564,3,walking
1519421626182,-7.2910275,-2.2739582,-0.78032666,3,walking
1519421626193,-6.611234,-1.79523,-0.22500217,3,walking
1519421626199,-6.668681,-2.0058703,-0.61755913,3,walking
1519421626204,-6.9942164,-2.5228968,-1.0388398,3,walking
1519421626213,-7.3771987,-3.6431203,-0.8856468,3,walking
1519421626218,-7.243155,-4.045252,-1.0484143,3,walking
1519421626223,-7.2527294,-4.342063,-1.4984187,3,walking
1519421626229,-7.2144313,-4.476107,-1.4888442,3,walking
1519421626233,-7.1857076,-4.5622783,-1.5462915,3,walking
1519421626238,-7.1091113,-4.5910015,-1.5367169,3,walking
1519421626243,-7.195282,-4.7250457,-1.5271424,3,walking
1519421626248,-7.2144313,-4.772918,-1.5654407,3,walking
1519421626254,-7.1857076,-4.83994,-1.5654407,3,walking
1519421626259,-7.1857076,-4.96441,-1.5367169,3,walking
1519421626264,-7.195282,-4.8303657,-1.4026731,3,walking
1519421626273,-7.0325146,-4.5718527,-1.0962871,3,walking
1519421626283,-7.348475,-3.997379,-1.1824582,3,walking
1519421626288,-7.5303917,-3.8346114,-1.14416,3,walking
1519421626293,-7.56869,-3.758015,-1.1058618,3,walking
1519421626299,-7.616563,-3.5569491,-1.0005416,3,walking
1519421626304,-7.56869,-3.4707782,-0.91437054,3,walking
1519421626313,-7.654861,-3.173967,-0.77075213,3,walking
1519421626318,-7.6740103,-3.1165195,-0.69415563,3,walking
1519421626323,-7.7601814,-3.1165195,-0.6271337,3,walking
1519421626333,-8.095291,-3.0111992,-0.359046,3,walking
1519421626338,-8.191036,-2.9346027,-0.25372586,3,walking
1519421626343,-8.286782,-2.8963046,-0.110107444,3,walking
1519421626354,-8.679339,-2.9633265,0.014361841,3,walking
1519421626358,-8.755936,-2.9920502,0.03351096,3,walking
1519421626364,-8.909128,-3.020774,0.043085523,3,walking
1519421626368,-9.033598,-3.039923,0.062234644,3,walking
1519421626374,-9.29211,-3.0303483,0.03351096,3,walking
1519421626379,-9.483603,-3.020774,0.0718092,3,walking
1519421626384,-9.483603,-3.020774,0.0718092,3,walking
1519421626389,-9.675094,-2.972901,0.05266008,3,walking
1519421626394,-9.799562,-2.8771553,0.110107444,3,walking
1519421626399,-9.876159,-2.8292825,0.09095833,3,walking
1519421626405,-10.077225,-2.7048132,0.17712937,3,walking
1519421626409,-10.144247,-2.666515,0.2441513,3,walking
1519421626414,-10.278291,-2.666515,0.3398969,3,walking
1519421626422,-10.479357,-2.5994933,0.56011176,3,walking
1519421626428,-10.575102,-2.561195,0.512239,3,walking
1519421626433,-10.766593,-2.5324712,0.54096264,3,walking
1519421626442,-11.331492,-2.34098,0.39734426,3,walking
1519421626448,-11.542132,-2.2739582,0.359046,3,walking
1519421626453,-11.800646,-2.2452345,0.34947145,3,walking
1519421626462,-12.46129,-2.168638,0.2441513,3,walking
1519421626467,-12.58576,-2.1782124,0.26330042,3,walking
1519421626473,-12.758101,-2.1973617,0.30159867,3,walking
1519421626479,-12.825124,-2.2260852,0.27287498,3,walking
1519421626484,-12.834699,-2.2739582,0.3398969,3,walking
1519421626493,-12.729378,-2.2356598,0.17712937,3,walking
1519421626498,-12.700654,-2.2356598,0.14840569,3,walking
1519421626503,-12.633633,-2.187787,0.081383765,3,walking
1519421626513,-12.279374,-1.9962958,0.00478728,3,walking
1519421626519,-12.126181,-1.929274,-0.023936402,3,walking
1519421626524,-12.011286,-1.8335283,-0.12925656,3,walking
1519421626528,-11.858093,-1.79523,-0.23457673,3,walking
1519421626534,-11.685751,-1.6899099,-0.5218136,3,walking
1519421626539,-11.877242,-1.5750152,-1.1537346,3,walking
1519421626544,-11.877242,-1.5750152,-1.1537346,3,walking
1519421626549,-12.748528,-1.5367169,-1.7186337,3,walking
1519421626554,-13.198531,-1.5845897,-1.6420372,3,walking
1519421626559,-13.792154,-2.1399143,-1.2111819,3,walking
1519421626567,-13.705983,-2.9824755,-0.64628285,3,walking
1519421626572,-13.485768,-3.4707782,-0.39734426,3,walking
1519421626578,-13.275128,-3.8920588,-0.19627848,3,walking
1519421626619,-10.622974,-4.437809,-0.90479594,3,walking
1519421626627,-10.728295,-4.0548263,-1.4984187,3,walking
1519421626635,-10.728295,-4.0548263,-1.4984187,3,walking
1519421626642,-11.877242,-3.3080106,-2.666515,3,walking
1519421626652,-12.624058,-3.020774,-3.0686467,3,walking
1519421626656,-13.016615,-2.867581,-3.2888615,3,walking
1519421626659,-13.246405,-2.752686,-3.4229054,3,walking
1519421626665,-13.390023,-2.647366,-3.4707782,3,walking
1519421626669,-13.581514,-2.6856642,-3.604822,3,walking
1519421626674,-13.658111,-2.5899186,-3.6622694,3,walking
1519421626717,-12.499589,-1.8718265,-4.045252,3,walking
1519421626726,-12.365545,-1.8431029,-4.016528,3,walking
1519421626734,-12.308098,-1.8814012,-4.1122737,3,walking
1519421626741,-12.020861,-1.7282082,-3.8346114,3,walking
1519421626749,-11.867668,-1.4313968,-3.5952475,3,walking
1519421626755,-11.867668,-1.4313968,-3.5952475,3,walking
1519421626760,-11.666602,-1.0962871,-3.2697124,3,walking
1519421626764,-11.657027,-0.9718179,-3.0494976,3,walking
1519421626768,-11.628304,-0.92394507,-2.8484318,3,walking
1519421626773,-11.513409,-0.93351966,-2.5899186,3,walking
1519421626781,-10.986808,-1.0771381,-1.9675722,3,walking
1519421626787,-10.757019,-1.2111819,-1.7569319,3,walking
1519421626792,-10.450633,-1.5845897,-1.6899099,3,walking
1519421626798,-10.287866,-1.9675722,-1.8143792,3,walking
1519421626803,-10.058076,-2.1399143,-1.7569319,3,walking
1519421626812,-9.64637,-2.5228968,-1.9771467,3,walking
1519421626818,-9.100619,-2.714388,-2.2165108,3,walking
1519421626823,-8.889979,-2.7239625,-2.3888528,3,walking
1519421626828,-8.698488,-2.7048132,-2.475024,3,walking
1519421626832,-8.32508,-2.647366,-2.6377914,3,walking
1519421626838,-8.152739,-2.5899186,-2.7718353,3,walking
1519421626843,-7.9325233,-2.513322,-2.7909844,3,walking
1519421626848,-7.6740103,-2.4175766,-2.7718353,3,walking
1519421626854,-7.5208173,-2.3888528,-2.714388,3,walking
1519421626858,-7.396348,-2.3505547,-2.6760898,3,walking
1519421626863,-7.310177,-2.3505547,-2.6186423,3,walking
1519421626867,-7.0803876,-2.3122563,-2.5228968,3,walking
1519421626872,-7.089962,-2.2643836,-2.5037475,3,walking
1519421626877,-7.003791,-2.2260852,-2.4654493,3,walking
1519421626882,-6.936769,-2.1303396,-2.4558747,3,walking
1519421626888,-6.8122997,-2.0058703,-2.2452345,3,walking
1519421626893,-6.745278,-1.9101248,-2.1399143,3,walking
1519421626898,-6.6878304,-1.8143792,-2.0537431,3,walking
1519421626903,-6.486765,-1.7186337,-1.776081,3,walking
1519421626908,-6.37187,-1.776081,-1.6707608,3,walking
1519421626914,-6.37187,-1.7282082,-1.5367169,3,walking
1519421626918,-6.2665496,-1.7473572,-1.3260766,3,walking
1519421626923,-6.2282515,-1.7856555,-1.2399056,3,walking
1519421626928,-6.2378263,-1.8431029,-1.1824582,3,walking
1519421626932,-6.2378263,-1.862252,-1.14416,3,walking
1519421626943,-6.2761245,-1.8526775,-0.98139244,3,walking
1519421626948,-6.2665496,-1.8335283,-0.9526688,3,walking
1519421626953,-6.256975,-1.8143792,-0.93351966,3,walking
1519421626958,-6.304848,-1.7665064,-0.9526688,3,walking
1519421626963,-6.2761245,-1.7856555,-0.9622433,3,walking
1519421626968,-6.333572,-1.7569319,-0.98139244,3,walking
1519421626974,-6.333572,-1.7569319,-0.98139244,3,walking
1519421626978,-6.333572,-1.709059,-1.0388398,3,walking
1519421626984,-6.3431463,-1.6899099,-1.0101161,3,walking
1519421626988,-6.2761245,-1.6803354,-1.0292653,3,walking
1519421626994,-6.2474008,-1.6611862,-0.9622433,3,walking
1519421626999,-6.1995277,-1.7186337,-0.9526688,3,walking
1519421627004,-6.132506,-1.6803354,-0.9430942,3,walking
1519421627009,-6.0846334,-1.7282082,-0.91437054,3,walking
1519421627014,-6.103782,-1.7377827,-0.8952214,3,walking
1519421627018,-6.0463347,-1.7473572,-0.8760723,3,walking
1519421627023,-6.0559096,-1.7856555,-0.8090504,3,walking
1519421627027,-6.0080366,-1.7665064,-0.751603,3,walking
1519421627032,-5.979313,-1.7473572,-0.70373017,3,walking
1519421627037,-5.979313,-1.7282082,-0.61755913,3,walking
1519421627042,-5.979313,-1.7186337,-0.56968635,3,walking
1519421627048,-6.017611,-1.6611862,-0.54096264,3,walking
1519421627053,-6.0846334,-1.6420372,-0.5218136,3,walking
1519421627058,-6.180379,-1.6611862,-0.512239,3,walking
1519421627063,-6.2952733,-1.6420372,-0.5218136,3,walking
1519421627068,-6.6208086,-1.6707608,-0.6558574,3,walking
1519421627074,-6.821874,-1.6899099,-0.6558574,3,walking
1519421627078,-7.156984,-1.7186337,-0.64628285,3,walking
1519421627083,-7.310177,-1.8048047,-0.7324539,3,walking
1519421627088,-7.4154973,-1.7856555,-0.77075213,3,walking
1519421627093,-7.5591154,-1.79523,-0.78990126,3,walking
1519421627101,-7.875076,-1.9005502,-0.8664977,3,walking
1519421627107,-7.999545,-1.9005502,-0.90479594,3,walking
1519421627112,-8.143164,-1.929274,-0.90479594,3,walking
1519421627122,-8.401677,-2.0058703,-0.92394507,3,walking
1519421627127,-8.478273,-2.0441687,-0.92394507,3,walking
1519421627132,-8.497422,-2.0728924,-0.8952214,3,walking
1519421627137,-8.526146,-2.0633178,-0.8952214,3,walking
1519421627142,-8.478273,-2.0920415,-0.8281995,3,walking
1519421627147,-8.506997,-2.0920415,-0.78032666,3,walking
1519421627152,-8.55487,-2.149489,-0.76117754,3,walking
1519421627158,-8.593168,-2.2643836,-0.6845811,3,walking
1519421627162,-8.641041,-2.34098,-0.70373017,3,walking
1519421627171,-8.957002,-2.5420458,-0.5888355,3,walking
1519421627178,-9.100619,-2.6186423,-0.56011176,3,walking
1519421627183,-9.272962,-2.6856642,-0.4835153,3,walking
1519421627191,-9.828286,-2.8771553,-0.33032233,3,walking
1519421627197,-9.914457,-2.9441774,-0.25372586,3,walking
1519421627201,-10.058076,-3.020774,-0.14840569,3,walking
1519421627211,-10.268716,-3.1452432,0.081383765,3,walking
1519421627217,-10.393186,-3.126094,0.14840569,3,walking
1519421627221,-10.651698,-3.039923,0.0718092,3,walking
1519421627228,-11.714475,-2.733537,-0.17712937,3,walking
1519421627233,-12.35597,-2.6090677,-0.40691882,3,walking
1519421627237,-13.083637,-2.5324712,-0.6271337,3,walking
1519421627258,-13.3612995,-2.7909844,-0.7420284,3,walking
1519421627263,-12.949593,-2.7814097,-0.7324539,3,walking
1519421627272,-12.068733,-2.6569405,-0.47394073,3,walking
1519421627295,-10.19212,-2.3792782,-0.59841,3,walking
1519421627300,-9.96233,-2.360129,-0.6271337,3,walking
1519421627306,-9.64637,-2.360129,-0.71330476,3,walking
1519421627311,-9.761265,-2.2260852,-0.78032666,3,walking
1519421627317,-10.249567,-2.0633178,-1.0675635,3,walking
1519421627322,-10.776168,-1.9962958,-1.2111819,3,walking
1519421627331,-12.107032,-1.8335283,-1.5558661,3,walking
1519421627337,-13.533641,-1.9388485,-1.7665064,3,walking
1519421627342,-14.337904,-2.015445,-1.8718265,3,walking
1519421627389,-15.190041,-2.714388,-2.2260852,3,walking
1519421627396,-14.385777,-2.580344,-2.2165108,3,walking
1519421627408,-13.428321,-2.2165108,-2.0058703,3,walking
1519421627414,-13.150659,-2.034594,-1.8814012,3,walking
1519421627419,-12.317672,-1.5845897,-1.5271424,3,walking
1519421627423,-11.886817,-1.4122477,-1.4122477,3,walking
1519421627432,-10.958084,-1.1058618,-1.1250108,3,walking
1519421627458,-8.621892,-0.25372586,-0.2920241,3,walking
1519421627467,-7.894225,-0.70373017,-0.63670826,3,walking
1519421627475,-7.7314577,-0.92394507,-0.8281995,3,walking
1519421627483,-7.6740103,-0.99096704,-0.7994758,3,walking
1519421627487,-7.587839,-1.0867126,-0.9526688,3,walking
1519421627491,-7.501668,-1.2016073,-1.0771381,3,walking
1519421627497,-7.2335806,-1.7186337,-1.383524,3,walking
1519421627502,-7.137835,-1.9675722,-1.3739494,3,walking
1519421627511,-6.7069798,-2.5420458,-1.1345854,3,walking
1519421627517,-6.5825105,-2.666515,-1.0867126,3,walking
1519421627522,-6.515488,-2.7909844,-1.1633091,3,walking
1519421627527,-6.486765,-3.1835413,-1.2590547,3,walking
1519421627531,-6.5537868,-3.4420545,-1.2590547,3,walking
1519421627536,-6.5729356,-3.7005677,-1.2973529,3,walking
1519421627541,-6.592085,-4.016528,-1.2973529,3,walking
1519421627547,-6.525063,-4.3995104,-1.2016073,3,walking
1519421627552,-6.5059137,-4.456958,-1.14416,3,walking
1519421627561,-6.515488,-4.428234,-1.1058618,3,walking
1519421627567,-6.6208086,-4.2080193,-1.1920328,3,walking
1519421627572,-6.7069798,-4.0739756,-1.1728836,3,walking
1519421627581,-6.850598,-3.7675896,-1.0579889,3,walking
1519421627587,-6.9271946,-3.499502,-1.1058618,3,walking
1519421627593,-6.9080453,-3.3367343,-1.0867126,3,walking
1519421627598,-6.9559183,-3.059072,-1.0388398,3,walking
1519421627603,-6.936769,-2.88673,-0.9622433,3,walking
1519421627608,-6.9176197,-2.7239625,-0.9526688,3,walking
1519421627613,-6.9271946,-2.6090677,-0.8952214,3,walking
1519421627618,-6.9654927,-2.360129,-0.7420284,3,walking
1519421627623,-6.984642,-2.2739582,-0.6558574,3,walking
1519421627629,-7.042089,-2.2739582,-0.64628285,3,walking
1519421627634,-7.137835,-2.321831,-0.5888355,3,walking
1519421627639,-7.1665583,-2.34098,-0.56011176,3,walking
1519421627646,-7.329326,-2.2931073,-0.4356425,3,walking
1519421627651,-7.434646,-2.2931073,-0.37819514,3,walking
1519421627657,-7.6452866,-2.3122563,-0.49308985,3,walking
1519421627662,-7.7984796,-2.2739582,-0.47394073,3,walking
1519421627667,-7.8655014,-2.2739582,-0.47394073,3,walking
1519421627673,-7.9708214,-2.2643836,-0.50266445,3,walking
1519421627677,-8.104865,-2.1782124,-0.47394073,3,walking
1519421627683,-8.191036,-2.187787,-0.5313881,3,walking
1519421627688,-8.401677,-2.149489,-0.56968635,3,walking
1519421627693,-8.430401,-2.168638,-0.6271337,3,walking
1519421627698,-8.564445,-2.1303396,-0.6558574,3,walking
1519421627703,-8.564445,-2.1303396,-0.6558574,3,walking
1519421627708,-8.66019,-2.0920415,-0.7994758,3,walking
1519421627713,-8.708063,-2.0824668,-0.78990126,3,walking
1519421627718,-8.746361,-2.0633178,-0.83777404,3,walking
1519421627723,-8.765511,-1.9867213,-0.9430942,3,walking
1519421627728,-8.7750845,-1.929274,-0.9718179,3,walking
1519421627732,-8.842107,-1.929274,-1.0101161,3,walking
1519421627736,-8.899554,-1.9101248,-1.0388398,3,walking
1519421627741,-8.928278,-1.8814012,-1.0484143,3,walking
1519421627746,-9.129343,-1.79523,-1.1154363,3,walking
1519421627751,-9.244238,-1.7856555,-1.0867126,3,walking
1519421627760,-9.474028,-1.6994845,-1.0005416,3,walking
1519421627767,-9.85701,-1.6324625,-1.0388398,3,walking
1519421627772,-10.029352,-1.5558661,-1.0101161,3,walking
1519421627776,-10.5080805,-1.6037389,-1.0579889,3,walking
1519421627781,-10.699572,-1.6899099,-1.1920328,3,walking
1519421627786,-10.910212,-1.8048047,-1.2877784,3,walking
1519421627791,-11.178299,-1.9005502,-1.4409714,3,walking
1519421627796,-11.542132,-2.0250196,-1.6133134,3,walking
1519421627801,-11.695326,-2.0920415,-1.6611862,3,walking
1519421627806,-11.848518,-2.1590633,-1.6803354,3,walking
1519421627811,-11.9346895,-2.187787,-1.6707608,3,walking
1519421627817,-12.059159,-2.1303396,-1.6994845,3,walking
1519421627822,-12.068733,-2.149489,-1.709059,3,walking
1519421627829,-12.078308,-2.1590633,-1.6516117,3,walking
1519421627836,-11.886817,-2.0537431,-1.4601204,3,walking
1519421627842,-11.848518,-1.9771467,-1.4122477,3,walking
1519421627847,-11.666602,-1.6803354,-1.3260766,3,walking
1519421627852,-11.542132,-1.6420372,-1.3069274,3,walking
1519421627857,-11.398514,-1.5558661,-1.2877784,3,walking
1519421627863,-11.321918,-1.4409714,-1.3069274,3,walking
1519421627867,-11.034681,-1.3165021,-1.5654407,3,walking
1519421627872,-10.862339,-1.2877784,-1.6324625,3,walking
1519421627876,-10.728295,-1.2494801,-1.7569319,3,walking
1519421627880,-10.488931,-1.2494801,-1.7856555,3,walking
1519421627887,-10.115523,-1.3069274,-2.015445,3,walking
1519421627891,-9.8953085,-1.3165021,-2.0824668,3,walking
1519421627896,-9.780414,-1.3069274,-2.149489,3,walking
1519421627900,-9.742115,-1.2207564,-2.3888528,3,walking
1519421627907,-10.555953,-0.85692316,-3.0303483,3,walking
1519421627911,-11.293194,-0.77075213,-3.3558834,3,walking
1519421627922,-12.872996,-0.9430942,-3.7388659,3,walking
1519421627927,-13.571939,-1.862252,-3.126094,3,walking
1519421627931,-13.591088,-2.5420458,-2.752686,3,walking
1519421627984,-9.29211,-2.9346027,-1.6516117,3,walking
1519421627993,-9.119769,-2.475024,-1.9005502,3,walking
1519421627999,-9.148493,-1.1920328,-2.6090677,3,walking
1519421628005,-9.301685,-0.8186249,-2.819708,3,walking
1519421628051,-12.700654,-0.77075213,-3.1643922,3,walking
1519421628060,-12.844273,-1.0388398,-3.020774,3,walking
1519421628068,-13.00704,-1.9196993,-2.5707695,3,walking
1519421628076,-12.911295,-2.4558747,-2.666515,3,walking
1519421628084,-12.317672,-2.580344,-2.321831,3,walking
1519421628092,-12.145329,-2.494173,-2.1782124,3,walking
1519421628099,-11.838944,-2.2931073,-2.168638,3,walking
1519421628106,-11.417664,-2.2356598,-2.254809,3,walking
1519421628111,-11.168725,-2.2260852,-2.3792782,3,walking
1519421628120,-10.584677,-1.9962958,-2.3122563,3,walking
1519421628126,-10.058076,-1.7186337,-2.2260852,3,walking
1519421628131,-9.742115,-1.5462915,-2.149489,3,walking
1519421628136,-9.359133,-1.2686293,-1.9771467,3,walking
1519421628141,-9.272962,-1.2399056,-1.9196993,3,walking
1519421628145,-9.158067,-1.2877784,-1.929274,3,walking
1519421628151,-9.062322,-1.2973529,-1.948423,3,walking
1519421628156,-8.746361,-1.4122477,-1.9101248,3,walking
1519421628161,-8.66019,-1.4122477,-1.9867213,3,walking
1519421628166,-8.478273,-1.3643749,-1.9196993,3,walking
1519421628171,-8.363379,-1.3356512,-1.8526775,3,walking
1519421628176,-8.133589,-1.2303311,-1.7282082,3,walking
1519421628180,-8.047418,-1.1154363,-1.6324625,3,walking
1519421628190,-8.104865,-1.2782038,-1.7856555,3,walking
1519421628196,-7.855927,-1.3739494,-1.8048047,3,walking
1519421628200,-7.8367777,-1.3452257,-1.7282082,3,walking
1519421628205,-7.875076,-1.2303311,-1.7569319,3,walking
1519421628211,-7.8176284,-1.2111819,-1.7665064,3,walking
1519421628216,-7.7793303,-1.2303311,-1.7569319,3,walking
1519421628220,-7.769756,-1.1633091,-1.8048047,3,walking
1519421628226,-7.808054,-1.2973529,-1.9867213,3,walking
1519421628230,-7.8655014,-1.3452257,-2.0250196,3,walking
1519421628235,-7.8655014,-1.3452257,-2.0250196,3,walking
1519421628239,-7.8655014,-1.5654407,-2.149489,3,walking
1519421628246,-7.8655014,-1.6611862,-2.1399143,3,walking
1519421628250,-7.8367777,-1.6994845,-2.1207652,3,walking
1519421628259,-7.788905,-1.7856555,-2.1207652,3,walking
1519421628266,-7.7793303,-1.862252,-2.1590633,3,walking
1519421628270,-7.7506065,-1.8718265,-2.0728924,3,walking
1519421628280,-7.702734,-1.9005502,-2.101616,3,walking
1519421628285,-7.6740103,-1.9101248,-2.1399143,3,walking
1519421628290,-7.6452866,-1.948423,-2.1782124,3,walking
1519421628299,-7.587839,-1.9867213,-2.1973617,3,walking
1519421628305,-7.4729443,-1.9962958,-2.2069361,3,walking
1519421628310,-7.501668,-1.9196993,-2.254809,3,walking
1519421628315,-7.482519,-1.8431029,-2.2260852,3,walking
1519421628320,-7.4729443,-1.8143792,-2.2356598,3,walking
1519421628325,-7.4729443,-1.7856555,-2.2356598,3,walking
1519421628330,-7.501668,-1.7282082,-2.2931073,3,walking
1519421628336,-7.5303917,-1.6899099,-2.2452345,3,walking
1519421628341,-7.549541,-1.7186337,-2.3122563,3,walking
1519421628350,-7.511243,-1.709059,-2.3122563,3,walking
1519421628355,-7.549541,-1.7186337,-2.2643836,3,walking
1519421628361,-7.56869,-1.6611862,-2.2739582,3,walking
1519421628366,-7.501668,-1.7473572,-2.1111906,3,walking
1519421628371,-7.511243,-1.6994845,-2.1111906,3,walking
1519421628376,-7.4250717,-1.7377827,-2.0250196,3,walking
1519421628380,-7.434646,-1.6707608,-1.9388485,3,walking
1519421628385,-7.3771987,-1.6420372,-1.8239537,3,walking
1519421628390,-7.3771987,-1.622888,-1.8048047,3,walking
1519421628395,-7.3676243,-1.6133134,-1.7569319,3,walking
1519421628401,-7.4059224,-1.6133134,-1.7665064,3,walking
1519421628405,-7.511243,-1.5845897,-1.8143792,3,walking
1519421628411,-7.56869,-1.5271424,-1.8143792,3,walking
1519421628416,-7.664436,-1.5175679,-1.8718265,3,walking
1519421628420,-7.7601814,-1.4792696,-1.9579976,3,walking
1519421628426,-8.066567,-1.4888442,-2.149489,3,walking
1519421628430,-8.23891,-1.5367169,-2.187787,3,walking
1519421628435,-8.363379,-1.5654407,-2.3026817,3,walking
1519421628440,-8.535721,-1.5941644,-2.3505547,3,walking
1519421628445,-8.813383,-1.7569319,-2.4175766,3,walking
1519421628451,-8.899554,-1.79523,-2.408002,3,walking
1519421628456,-9.138918,-1.8909757,-2.3792782,3,walking
1519421628461,-9.215514,-1.929274,-2.254809,3,walking
1519421628466,-9.29211,-1.9771467,-2.2260852,3,walking
1519421628471,-9.378282,-2.0441687,-2.2069361,3,walking
1519421628476,-9.493176,-2.1207652,-2.168638,3,walking
1519421628481,-9.5889225,-2.0920415,-2.1303396,3,walking
1519421628486,-9.617646,-2.0728924,-2.0728924,3,walking
1519421628491,-9.598496,-2.1111906,-2.0058703,3,walking
1519421628496,-9.474028,-2.101616,-1.8239537,3,walking
1519421628504,-9.493176,-2.0441687,-1.7856555,3,walking
1519421628509,-9.330409,-1.9675722,-1.6420372,3,walking
1519421628516,-9.244238,-1.8526775,-1.4313968,3,walking
1519421628521,-9.167642,-1.7665064,-1.4218222,3,walking
1519421628526,-9.091045,-1.6324625,-1.3165021,3,walking
1519421628531,-9.091045,-1.6324625,-1.3165021,3,walking
1519421628536,-8.937852,-1.5941644,-1.2111819,3,walking
1519421628540,-8.937852,-1.5941644,-1.1728836,3,walking
1519421628549,-8.995299,-1.6707608,-0.8952214,3,walking
1519421628555,-9.0814705,-1.6516117,-0.8760723,3,walking
1519421628560,-9.148493,-1.6707608,-0.8090504,3,walking
1519421628565,-9.512326,-1.5750152,-0.64628285,3,walking
1519421628571,-9.7899885,-1.5079932,-0.6558574,3,walking
1519421628575,-10.220843,-1.3643749,-0.665432,3,walking
1519421628580,-10.804892,-1.1824582,-0.8186249,3,walking
1519421628587,-12.422992,-0.9526688,-1.2686293,3,walking
1519421628591,-13.169807,-1.0005416,-1.5079932,3,walking
1519421628596,-14.261308,-1.3643749,-1.948423,3,walking
1519421628601,-14.424075,-1.5941644,-1.9388485,3,walking
1519421628607,-14.290031,-1.7665064,-1.7377827,3,walking
1519421628612,-13.897474,-1.9771467,-1.6420372,3,walking
1519421628639,-10.833615,-2.6186423,-0.7994758,3,walking
1519421628645,-10.421909,-2.666515,-0.6845811,3,walking
1519421628649,-10.019777,-2.6377914,-0.59841,3,walking
1519421628655,-9.225089,-2.6186423,-0.5792609,3,walking
1519421628660,-8.880404,-2.6090677,-0.56968635,3,walking
1519421628664,-8.6697645,-2.5899186,-0.6079846,3,walking
1519421628669,-8.564445,-2.4558747,-0.6845811,3,walking
1519421628675,-8.688913,-2.0058703,-0.5505372,3,walking
1519421628680,-9.062322,-1.8526775,-0.63670826,3,walking
1519421628685,-9.598496,-1.7569319,-0.8473486,3,walking
1519421628689,-10.182545,-1.6803354,-0.9430942,3,walking
1519421628696,-11.063405,-1.6611862,-0.8952214,3,walking
1519421628701,-11.522984,-1.6994845,-0.9718179,3,walking
1519421628705,-12.001712,-1.7856555,-1.0579889,3,walking
1519421628748,-12.327247,-1.862252,-1.8909757,3,walking
1519421628754,-12.011286,-1.7665064,-1.9675722,3,walking
1519421628762,-11.475111,-1.4122477,-1.7473572,3,walking
1519421628770,-11.197449,-1.2782038,-1.6420372,3,walking
1519421628776,-10.833615,-1.2494801,-1.7377827,3,walking
1519421628780,-10.833615,-1.2494801,-1.7377827,3,walking
1519421628785,-10.575102,-1.469695,-1.776081,3,walking
1519421628790,-10.441058,-1.5941644,-1.8048047,3,walking
1519421628794,-10.307014,-1.6516117,-1.709059,3,walking
1519421628799,-10.038927,-1.776081,-1.6803354,3,walking
1519421628805,-9.943181,-1.8143792,-1.7282082,3,walking
1519421628809,-9.761265,-1.8526775,-1.6994845,3,walking
1519421628815,-9.454879,-1.8814012,-1.6707608,3,walking
1519421628820,-9.29211,-1.929274,-1.6420372,3,walking
1519421628824,-9.0814705,-1.9388485,-1.6037389,3,walking
1519421628829,-8.918703,-1.929274,-1.5654407,3,walking
1519421628835,-8.535721,-1.9962958,-1.4792696,3,walking
1519421628840,-8.392102,-2.0250196,-1.4888442,3,walking
1519421628844,-8.229335,-2.0920415,-1.4888442,3,walking
1519421628849,-8.056993,-2.149489,-1.5271424,3,walking
1519421628855,-7.741032,-2.1782124,-1.4601204,3,walking
1519421628859,-7.616563,-2.1973617,-1.469695,3,walking
1519421628869,-7.329326,-2.2452345,-1.4888442,3,walking
1519421628875,-7.0612383,-2.2260852,-1.3930986,3,walking
1519421628880,-6.9271946,-2.2835326,-1.3739494,3,walking
1519421628885,-6.831449,-2.321831,-1.4984187,3,walking
1519421628890,-6.8027253,-2.3026817,-1.5271424,3,walking
1519421628895,-6.7548523,-2.3984275,-1.5271424,3,walking
1519421628899,-6.7357035,-2.4175766,-1.6516117,3,walking
1519421628905,-6.630383,-2.475024,-1.5941644,3,walking
1519421628910,-6.678256,-2.494173,-1.6420372,3,walking
1519421628915,-6.611234,-2.5899186,-1.6037389,3,walking
1519421628920,-6.639958,-2.6282167,-1.6707608,3,walking
1519421628925,-6.7357035,-2.7431116,-1.7186337,3,walking
1519421628930,-6.7261286,-2.8484318,-1.622888,3,walking
1519421628935,-6.6495323,-2.905879,-1.4218222,3,walking
1519421628941,-6.6495323,-2.905879,-1.4218222,3,walking
1519421628945,-6.6878304,-2.9441774,-1.4409714,3,walking
1519421628950,-6.745278,-2.8963046,-1.4218222,3,walking
1519421628958,-6.869747,-2.752686,-1.3356512,3,walking
1519421628965,-6.869747,-2.580344,-1.3260766,3,walking
1519421628970,-6.936769,-2.4463003,-1.3643749,3,walking
1519421628974,-6.936769,-2.4175766,-1.3069274,3,walking
1519421628979,-7.0325146,-2.3792782,-1.3739494,3,walking
1519421628984,-7.042089,-2.3792782,-1.3356512,3,walking
1519421628989,-7.0708127,-2.3697038,-1.2782038,3,walking
1519421628995,-7.0995364,-2.3026817,-1.2207564,3,walking
1519421628999,-7.12826,-2.321831,-1.2207564,3,walking
1519421629004,-7.12826,-2.3697038,-1.3069274,3,walking
1519421629009,-7.243155,-2.3697038,-1.2782038,3,walking
1519421629015,-7.2910275,-2.4558747,-1.0388398,3,walking
1519421629020,-7.348475,-2.4845984,-1.0484143,3,walking
1519421629025,-7.4059224,-2.475024,-1.0579889,3,walking
1519421629030,-7.4537954,-2.4654493,-1.0101161,3,walking
1519421629036,-7.4442205,-2.4175766,-0.92394507,3,walking
1519421629040,-7.46337,-2.3697038,-0.85692316,3,walking
1519421629044,-7.482519,-2.3026817,-0.8281995,3,walking
1519421629049,-7.549541,-2.2931073,-0.85692316,3,walking
1519421629055,-7.7123084,-2.2069361,-0.69415563,3,walking
1519421629060,-7.702734,-2.1973617,-0.6558574,3,walking
1519421629065,-7.7506065,-2.1303396,-0.54096264,3,walking
1519421629070,-7.808054,-2.1111906,-0.50266445,3,walking
1519421629075,-7.875076,-2.0920415,-0.49308985,3,walking
1519421629080,-7.894225,-2.0728924,-0.47394073,3,walking
1519421629085,-8.018694,-2.0728924,-0.4835153,3,walking
1519421629091,-8.124015,-2.0058703,-0.4356425,3,walking
1519421629095,-8.2676325,-1.948423,-0.46436617,3,walking
1519421629101,-8.392102,-1.929274,-0.47394073,3,walking
1519421629106,-8.564445,-1.929274,-0.512239,3,walking
1519421629111,-8.66019,-1.9675722,-0.5792609,3,walking
1519421629116,-9.014449,-2.0250196,-0.70373017,3,walking
1519421629121,-9.167642,-2.0728924,-0.70373017,3,walking
1519421629126,-9.550624,-2.1590633,-0.71330476,3,walking
1519421629131,-9.75169,-2.168638,-0.78990126,3,walking
1519421629137,-9.971905,-2.2165108,-0.78990126,3,walking
1519421629147,-10.670848,-2.3792782,-0.91437054,3,walking
1519421629152,-10.92936,-2.427151,-0.99096704,3,walking
1519421629157,-11.245321,-2.5037475,-1.0484143,3,walking
1519421629162,-11.695326,-2.647366,-1.0675635,3,walking
1519421629168,-11.896391,-2.6952388,-1.0675635,3,walking
1519421629174,-12.221927,-2.7814097,-1.0867126,3,walking
1519421629180,-12.413418,-2.7814097,-1.0388398,3,walking
1519421629187,-12.6527815,-2.714388,-1.0484143,3,walking
1519421629192,-12.710229,-2.6952388,-0.91437054,3,walking
1519421629197,-12.729378,-2.6090677,-0.7324539,3,walking
1519421629201,-12.729378,-2.6090677,-0.7324539,3,walking
1519421629206,-12.58576,-2.475024,-0.6079846,3,walking
1519421629210,-12.58576,-2.475024,-0.6079846,3,walking
1519421629215,-12.470865,-2.2356598,-0.359046,3,walking
1519421629219,-12.375119,-2.0633178,-0.3398969,3,walking
1519421629224,-12.269799,-1.6707608,-0.27287498,3,walking
1519421629229,-12.269799,-1.5654407,-0.3398969,3,walking
1519421629234,-12.288948,-1.4218222,-0.359046,3,walking
1519421629239,-12.279374,-1.3069274,-0.42606795,3,walking
1519421629244,-12.499589,-1.0484143,-0.78990126,3,walking
1519421629249,-12.758101,-0.90479594,-1.0388398,3,walking
1519421629254,-13.121935,-0.78990126,-1.2877784,3,walking
1519421629259,-13.390023,-0.83777404,-1.5462915,3,walking
1519421629264,-13.7730055,-0.8664977,-1.7377827,3,walking
1519421629269,-14.414501,-1.2111819,-1.9771467,3,walking
1519421629273,-14.529395,-1.6516117,-2.0633178,3,walking
1519421629299,-13.868751,-3.6239712,-1.6037389,3,walking
1519421629304,-12.911295,-3.8346114,-1.4888442,3,walking
1519421629309,-12.413418,-3.758015,-1.3452257,3,walking
1519421629314,-11.925115,-3.7005677,-1.2877784,3,walking
1519421629318,-10.910212,-3.2218397,-1.2016073,3,walking
1519421629324,-10.546378,-2.8484318,-1.2686293,3,walking
1519421629329,-10.249567,-2.494173,-1.2399056,3,walking
1519421629334,-9.818711,-1.7377827,-1.2399056,3,walking
1519421629341,-9.617646,-1.383524,-1.1633091,3,walking
1519421629346,-9.464453,-0.77075213,-1.0196906,3,walking
1519421629350,-9.464453,-0.77075213,-1.0196906,3,walking
1519421629354,-9.378282,-0.56011176,-0.99096704,3,walking
1519421629359,-9.359133,-0.19627848,-0.91437054,3,walking
1519421629363,-9.301685,-0.0718092,-0.8473486,3,walking
1519421629368,-9.301685,0.062234644,-0.8281995,3,walking
1519421629374,-9.445304,0.20585304,-0.9430942,3,walking
1519421629378,-9.7899885,0.512239,-1.0867126,3,walking
1519421629384,-10.153821,0.7420284,-1.2207564,3,walking
1519421629389,-10.153821,0.7420284,-1.2207564,3,walking
1519421629394,-10.536804,0.665432,-1.469695,3,walking
1519421629400,-10.814466,0.54096264,-1.5558661,3,walking
1519421629404,-11.245321,0.19627848,-1.709059,3,walking
1519421629409,-11.484685,0.05266008,-1.862252,3,walking
1519421629414,-11.647452,-0.13883112,-1.9196993,3,walking
1519421629418,-11.819795,-0.2441513,-2.168638,3,walking
1519421629424,-11.848518,-0.4835153,-2.360129,3,walking
1519421629429,-11.743198,-0.64628285,-2.3697038,3,walking
1519421629435,-11.647452,-0.8090504,-2.4558747,3,walking
1519421629440,-11.484685,-0.90479594,-2.5994933,3,walking
1519421629445,-11.350641,-1.1154363,-2.8292825,3,walking
1519421629450,-11.302769,-1.1250108,-3.0111992,3,walking
1519421629455,-11.092129,-0.9622433,-2.9250283,3,walking
1519421629460,-11.111278,-0.8952214,-3.0016246,3,walking
1519421629466,-10.881488,-0.9430942,-3.0494976,3,walking
1519421629470,-10.594251,-0.63670826,-2.5324712,3,walking
1519421629476,-10.460207,-0.3398969,-2.0824668,3,walking
1519421629480,-10.517654,-0.09095833,-1.7856555,3,walking
1519421629486,-10.374036,-0.10053288,-1.9962958,3,walking
1519421629491,-10.335738,-0.70373017,-2.321831,3,walking
1519421629496,-10.307014,-1.1058618,-2.321831,3,walking
1519421629501,-10.2016945,-1.4984187,-2.1590633,3,walking
1519421629506,-9.8953085,-1.7665064,-2.149489,3,walking
1519421629511,-9.876159,-1.5941644,-2.187787,3,walking
1519421629517,-9.770839,-1.4505459,-2.0441687,3,walking
1519421629521,-9.483603,-1.2973529,-1.9101248,3,walking
1519421629527,-9.397431,-1.2207564,-1.8526775,3,walking
1519421629537,-9.091045,-1.1537346,-1.6803354,3,walking
1519421629542,-9.091045,-1.1537346,-1.6803354,3,walking
1519421629547,-8.889979,-1.0675635,-1.776081,3,walking
1519421629554,-8.736787,-1.0101161,-1.8814012,3,walking
1519421629559,-8.602742,-1.0005416,-1.8814012,3,walking
1519421629564,-8.315506,-1.0388398,-1.948423,3,walking
1519421629569,-8.315506,-1.0388398,-1.948423,3,walking
1519421629575,-8.11444,-1.0388398,-2.1111906,3,walking
1519421629580,-8.056993,-1.0484143,-2.1973617,3,walking
1519421629585,-7.999545,-0.9526688,-2.2643836,3,walking
1519421629590,-7.9420977,-0.8952214,-2.2452345,3,walking
1519421629595,-7.9037995,-0.8186249,-2.2260852,3,walking
1519421629600,-7.922949,-0.8281995,-2.2452345,3,walking
1519421629606,-7.9037995,-0.85692316,-2.254809,3,walking
1519421629610,-7.8655014,-0.85692316,-2.3026817,3,walking
1519421629616,-7.9133744,-0.8952214,-2.4367256,3,walking
1519421629620,-7.9133744,-0.93351966,-2.4845984,3,walking
1519421629626,-7.9516726,-0.9526688,-2.5228968,3,walking
1519421629630,-7.9133744,-1.0101161,-2.475024,3,walking
1519421629635,-7.9325233,-1.1058618,-2.3888528,3,walking
1519421629639,-7.9325233,-1.1058618,-2.3888528,3,walking
1519421629644,-7.999545,-1.2399056,-2.408002,3,walking
1519421629649,-8.047418,-1.3260766,-2.408002,3,walking
1519421629654,-8.056993,-1.5271424,-2.3122563,3,walking
1519421629660,-8.076141,-1.5941644,-2.2643836,3,walking
1519421629665,-8.11444,-1.6899099,-2.2452345,3,walking
1519421629670,-8.171887,-1.776081,-2.2069361,3,walking
1519421629675,-8.1623125,-1.8335283,-2.168638,3,walking
1519421629680,-8.21976,-1.79523,-2.1207652,3,walking
1519421629685,-8.200611,-1.7282082,-2.015445,3,walking
1519421629690,-8.143164,-1.6707608,-1.9196993,3,walking
1519421629696,-8.095291,-1.6133134,-1.8814012,3,walking
1519421629700,-8.076141,-1.5175679,-1.8335283,3,walking
1519421629706,-7.9899707,-1.3643749,-1.7665064,3,walking
1519421629710,-7.894225,-1.2973529,-1.709059,3,walking
1519421629716,-7.7793303,-1.2782038,-1.6803354,3,walking
1519421629720,-7.5974135,-1.2494801,-1.5750152,3,walking
1519421629726,-7.5208173,-1.1920328,-1.5558661,3,walking
1519421629736,-7.2910275,-1.1633091,-1.5175679,3,walking
1519421629741,-7.2335806,-1.1537346,-1.4888442,3,walking
1519421629746,-7.1186857,-1.1728836,-1.4409714,3,walking
1519421629751,-7.0612383,-1.1633091,-1.4409714,3,walking
1519421629756,-6.9654927,-1.14416,-1.3356512,3,walking
1519421629761,-6.9654927,-1.14416,-1.3356512,3,walking
1519421629769,-6.8793216,-1.2016073,-1.3548003,3,walking
1519421629774,-6.8793216,-1.2111819,-1.3165021,3,walking
1519421629779,-6.850598,-1.2303311,-1.2686293,3,walking
1519421629784,-6.783576,-1.3260766,-1.2303311,3,walking
1519421629789,-6.7740016,-1.3260766,-1.1633091,3,walking
1519421629794,-6.783576,-1.3356512,-1.0771381,3,walking
1519421629799,-6.783576,-1.3356512,-1.0771381,3,walking
1519421629804,-6.821874,-1.2686293,-0.99096704,3,walking
1519421629809,-6.898471,-1.2016073,-0.99096704,3,walking
1519421629815,-7.0803876,-1.2016073,-0.90479594,3,walking
1519421629820,-7.195282,-1.2303311,-0.8856468,3,walking
1519421629825,-7.2910275,-1.2973529,-0.8281995,3,walking
1519421629829,-7.4059224,-1.3739494,-0.78990126,3,walking
1519421629833,-7.5303917,-1.5271424,-0.7228793,3,walking
1519421629838,-7.6261373,-1.5750152,-0.665432,3,walking
1519421629843,-7.6835847,-1.6324625,-0.6271337,3,walking
1519421629848,-7.7793303,-1.6803354,-0.6079846,3,walking
1519421629854,-7.846352,-1.7473572,-0.56011176,3,walking
1519421629858,-7.999545,-1.8718265,-0.47394073,3,walking
1519421629863,-8.047418,-1.8718265,-0.512239,3,walking
1519421629868,-8.133589,-1.8814012,-0.56011176,3,walking
1519421629873,-8.21976,-1.8909757,-0.56968635,3,walking
1519421629878,-8.459125,-1.8718265,-0.6845811,3,walking
1519421629882,-8.621892,-1.862252,-0.751603,3,walking
1519421629888,-8.7750845,-1.8431029,-0.83777404,3,walking
1519421629893,-9.167642,-1.7665064,-1.0196906,3,walking
1519421629899,-9.397431,-1.7186337,-1.0867126,3,walking
1519421629904,-9.866585,-1.7473572,-1.2016073,3,walking
1519421629908,-9.866585,-1.7473572,-1.2016073,3,walking
1519421629913,-10.287866,-1.7473572,-1.2782038,3,walking
1519421629918,-10.517654,-1.8335283,-1.2494801,3,walking
1519421629923,-10.94851,-1.948423,-1.1537346,3,walking
1519421629928,-11.111278,-1.9962958,-1.0771381,3,walking
1519421629934,-11.235746,-2.1399143,-1.0388398,3,walking
1519421629939,-11.36979,-2.1973617,-0.9526688,3,walking
1519421629944,-11.637878,-2.360129,-0.7994758,3,walking
1519421629949,-11.752773,-2.4367256,-0.78990126,3,walking
1519421629954,-12.001712,-2.5228968,-0.83777404,3,walking
1519421629959,-12.001712,-2.5228968,-0.83777404,3,walking
1519421629964,-12.212352,-2.3792782,-0.92394507,3,walking
1519421629970,-12.872996,-2.2356598,-1.4122477,3,walking
1519421629975,-13.533641,-2.0824668,-1.7856555,3,walking
1519421629980,-14.232584,-1.948423,-2.1399143,3,walking
1519421629985,-14.864505,-1.8526775,-2.4558747,3,walking
1519421629993,-15.936856,-1.8431029,-3.193116,3,walking
1519421629999,-15.936856,-1.8431029,-3.193116,3,walking
1519421630004,-15.553873,-2.149489,-3.2409887,3,walking
1519421630043,-10.239992,-3.8633351,-1.4888442,3,walking
1519421630052,-9.943181,-3.7963133,-1.2303311,3,walking
1519421630063,-8.928278,-3.9207826,-0.54096264,3,walking
1519421630068,-8.928278,-3.9207826,-0.54096264,3,walking
1519421630073,-9.3878565,-3.844186,-0.665432,3,walking
1519421630077,-9.799562,-3.6814184,-0.6845811,3,walking
1519421630083,-10.728295,-3.4803526,-0.90479594,3,walking
1519421630088,-11.1208515,-3.346309,-1.1250108,3,walking
1519421630093,-11.532558,-3.212265,-1.3643749,3,walking
1519421630098,-11.877242,-3.0686467,-1.5175679,3,walking
1519421630103,-12.308098,-2.7048132,-1.9101248,3,walking
1519421630108,-12.442142,-2.4654493,-2.2260852,3,walking
1519421630113,-12.557036,-2.2643836,-2.513322,3,walking
1519421630119,-12.604909,-1.9771467,-2.8388572,3,walking
1519421630124,-12.432567,-1.3643749,-3.1548176,3,walking
1519421630128,-12.298523,-1.0675635,-3.2601378,3,walking
1519421630133,-12.107032,-0.77075213,-3.365458,3,walking
1519421630138,-11.867668,-0.54096264,-3.346309,3,walking
1519421630143,-11.503835,0.0,-3.2601378,3,walking
1519421630148,-11.331492,0.15798025,-3.2792869,3,walking
1519421630153,-11.082554,0.18670394,-3.3271596,3,walking
1519421630157,-10.843189,0.19627848,-3.365458,3,walking
1519421630163,-10.393186,-0.10053288,-3.1548176,3,walking
1519421630168,-10.182545,-0.2154276,-3.059072,3,walking
1519421630173,-9.809137,-0.5218136,-2.9920502,3,walking
1519421630178,-9.665519,-0.5888355,-3.0016246,3,walking
1519421630183,-9.531475,-0.70373017,-2.9920502,3,walking
1519421630188,-9.349558,-0.8281995,-2.9537518,3,walking
1519421630192,-9.043172,-1.0579889,-3.0494976,3,walking
1519421630197,-8.851681,-1.3069274,-3.0494976,3,walking
1519421630202,-8.708063,-1.5079932,-3.078221,3,walking
1519421630208,-8.593168,-1.6611862,-3.078221,3,walking
1519421630213,-8.181462,-2.0633178,-2.972901,3,walking
1519421630218,-8.00912,-2.1973617,-2.9441774,3,walking
1519421630223,-7.769756,-2.3122563,-2.7718353,3,walking
1519421630228,-7.5591154,-2.3888528,-2.6760898,3,walking
1519421630233,-7.156984,-2.3888528,-2.427151,3,walking
1519421630237,-7.003791,-2.3697038,-2.2452345,3,walking
1519421630243,-6.7740016,-2.3505547,-2.0537431,3,walking
1519421630247,-6.592085,-2.3314054,-1.9101248,3,walking
1519421630253,-6.391019,-2.2356598,-1.776081,3,walking
1519421630257,-6.323997,-2.1590633,-1.7282082,3,walking
1519421630263,-6.1612296,-2.0920415,-1.7282082,3,walking
1519421630267,-6.0846334,-2.0633178,-1.7569319,3,walking
1519421630272,-6.0846334,-2.015445,-1.7665064,3,walking
1519421630277,-6.0367603,-1.9675722,-1.7282082,3,walking
1519421630283,-6.0080366,-1.8909757,-1.7473572,3,walking
1519421630287,-5.912291,-1.6420372,-1.7856555,3,walking
1519421630292,-5.8931417,-1.5175679,-1.8048047,3,walking
1519421630297,-5.82612,-1.4218222,-1.8909757,3,walking
1519421630303,-5.787822,-1.3548003,-1.9196993,3,walking
1519421630307,-5.797396,-1.2686293,-2.015445,3,walking
1519421630313,-5.8165455,-1.2686293,-2.0250196,3,walking
1519421630318,-5.835695,-1.3452257,-2.0537431,3,walking
1519421630323,-5.9027166,-1.5271424,-2.0920415,3,walking
1519421630328,-5.979313,-1.622888,-2.1111906,3,walking
1519421630333,-6.113357,-1.862252,-2.1207652,3,walking
1519421630338,-6.113357,-1.862252,-2.1207652,3,walking
1519421630342,-6.2761245,-2.168638,-1.9867213,3,walking
1519421630348,-6.3622956,-2.321831,-1.9675722,3,walking
1519421630352,-6.592085,-2.5899186,-1.8909757,3,walking
1519421630357,-6.678256,-2.714388,-1.79523,3,walking
1519421630362,-6.745278,-2.7622607,-1.6899099,3,walking
1519421630367,-6.869747,-2.867581,-1.6420372,3,walking
1519421630372,-6.9463434,-2.9537518,-1.5845897,3,walking
1519421630377,-7.137835,-3.0016246,-1.4792696,3,walking
1519421630382,-7.2240057,-3.0111992,-1.469695,3,walking
1519421630387,-7.310177,-3.0111992,-1.4218222,3,walking
1519421630392,-7.3867736,-2.9824755,-1.383524,3,walking
1519421630397,-7.549541,-2.9154537,-1.3643749,3,walking
1519421630402,-7.6261373,-2.8388572,-1.3930986,3,walking
1519421630407,-7.7123084,-2.819708,-1.3165021,3,walking
1519421630412,-7.855927,-2.8292825,-1.2782038,3,walking
1519421630417,-7.9420977,-2.7718353,-1.2016073,3,walking
1519421630422,-8.11444,-2.752686,-1.1154363,3,walking
1519421630427,-8.11444,-2.752686,-1.1154363,3,walking
1519421630432,-8.200611,-2.7814097,-1.0005416,3,walking
1519421630438,-8.277207,-2.800559,-0.93351966,3,walking
1519421630443,-8.363379,-2.7909844,-0.8281995,3,walking
1519421630448,-8.478273,-2.8963046,-0.63670826,3,walking
1519421630453,-8.487848,-2.9441774,-0.5313881,3,walking
1519421630458,-8.535721,-2.9824755,-0.47394073,3,walking
1519421630464,-8.602742,-2.9250283,-0.27287498,3,walking
1519421630468,-8.621892,-2.9346027,-0.16755481,3,walking
1519421630474,-8.746361,-2.7909844,-0.09095833,3,walking
1519421630479,-8.813383,-2.6952388,-0.062234644,3,walking
1519421630484,-8.851681,-2.6186423,-0.03351096,3,walking
1519421630489,-8.995299,-2.4175766,-0.023936402,3,walking
1519421630495,-9.0814705,-2.2931073,-0.0718092,3,walking
1519421630499,-9.138918,-2.2069361,-0.081383765,3,walking
1519421630504,-9.234664,-2.1207652,-0.15798025,3,walking
1519421630509,-9.454879,-2.015445,-0.17712937,3,walking
1519421630514,-9.5889225,-1.9579976,-0.26330042,3,walking
1519421630525,-10.038927,-2.015445,-0.2441513,3,walking
1519421630531,-10.431483,-2.0058703,-0.27287498,3,walking
1519421630537,-10.536804,-2.0250196,-0.2154276,3,walking
1519421630542,-10.680422,-2.034594,-0.17712937,3,walking
1519421630548,-10.804892,-2.0441687,-0.2154276,3,walking
1519421630553,-11.207023,-2.0824668,-0.39734426,3,walking
1519421630558,-11.417664,-2.1590633,-0.50266445,3,walking
1519421630564,-11.905966,-2.34098,-0.665432,3,walking
1519421630568,-12.174053,-2.4175766,-0.751603,3,walking
1519421630574,-12.308098,-2.5228968,-0.78032666,3,walking
1519421630579,-12.604909,-2.6952388,-0.7994758,3,walking
1519421630584,-12.700654,-2.7239625,-0.8090504,3,walking
1519421630589,-12.8538475,-2.733537,-0.8186249,3,walking
1519421630594,-12.892146,-2.6856642,-0.78032666,3,walking
1519421630599,-12.940019,-2.6377914,-0.8186249,3,walking
1519421630604,-13.035764,-2.427151,-0.8664977,3,walking
1519421630609,-13.02619,-2.2643836,-0.8664977,3,walking
1519421630615,-13.141085,-1.8143792,-1.0196906,3,walking
1519421630619,-13.045339,-1.5941644,-1.0484143,3,walking
1519421630625,-12.978316,-1.2686293,-1.1537346,3,walking
1519421630630,-12.815549,-0.6845811,-1.2303311,3,walking
1519421630635,-12.633633,-0.37819514,-1.2686293,3,walking
1519421630645,-12.030436,0.36862057,-1.3930986,3,walking
1519421630650,-11.9346895,0.6271337,-1.4409714,3,walking
1519421630655,-11.944264,0.83777404,-1.5750152,3,walking
1519421630666,-12.949593,1.1154363,-2.2260852,3,walking
1519421630671,-13.409172,0.99096704,-2.34098,3,walking
1519421630676,-13.753856,0.77075213,-2.3026817,3,walking
1519421630683,-13.763431,0.05266008,-1.9579976,3,walking
1519421630689,-13.313426,-0.8856468,-1.6037389,3,walking
1519421630694,-13.1602335,-1.2877784,-1.4313968,3,walking
1519421630699,-12.9591675,-1.776081,-1.2207564,3,walking
1519421630734,-10.689997,-3.8633351,-1.14416,3,walking
1519421630739,-10.527229,-3.6431203,-1.3548003,3,walking
1519421630744,-10.287866,-3.0973704,-1.8048047,3,walking
1519421630748,-10.172971,-2.8580062,-2.0058703,3,walking
1519421630754,-10.144247,-2.6186423,-2.1303396,3,walking
1519421630758,-10.077225,-2.321831,-2.1782124,3,walking
1519421630762,-10.19212,-1.6707608,-2.427151,3,walking
1519421630767,-10.19212,-1.6707608,-2.427151,3,walking
1519421630772,-10.383611,-1.0771381,-2.5516202,3,walking
1519421630778,-10.5080805,-0.7994758,-2.5994933,3,walking
1519421630783,-10.651698,-0.5792609,-2.6282167,3,walking
1519421630787,-10.910212,-0.23457673,-2.6090677,3,walking
1519421630797,-11.015532,-0.05266008,-2.475024,3,walking
1519421630802,-11.082554,-0.09095833,-2.4845984,3,walking
1519421630807,-11.226172,-0.28244954,-2.5994933,3,walking
1519421630813,-11.350641,-0.45479164,-2.7431116,3,walking
1519421630818,-11.350641,-0.5313881,-2.8388572,3,walking
1519421630823,-11.302769,-0.665432,-2.8484318,3,walking
1519421630828,-11.28362,-0.8090504,-2.867581,3,walking
1519421630833,-11.05383,-0.9526688,-2.867581,3,walking
1519421630838,-10.938935,-0.9526688,-2.7048132,3,walking
1519421630844,-10.833615,-0.9526688,-2.6760898,3,walking
1519421630848,-10.594251,-1.0196906,-2.6186423,3,walking
1519421630854,-10.412334,-1.0484143,-2.6282167,3,walking
1519421630864,-10.010203,-1.2782038,-2.5324712,3,walking
1519421630869,-9.866585,-1.4313968,-2.6186423,3,walking
1519421630874,-9.64637,-1.5271424,-2.5420458,3,walking
1519421630879,-9.407005,-1.5845897,-2.5324712,3,walking
1519421630885,-9.0814705,-1.7282082,-2.4175766,3,walking
1519421630889,-8.9761505,-1.7377827,-2.427151,3,walking
1519421630895,-8.813383,-1.6707608,-2.254809,3,walking
1519421630900,-8.784659,-1.6133134,-2.2452345,3,walking
1519421630905,-8.688913,-1.5845897,-2.1111906,3,walking
1519421630915,-8.392102,-1.6803354,-1.8814012,3,walking
1519421630920,-8.277207,-1.709059,-1.8335283,3,walking
1519421630925,-8.23891,-1.709059,-1.7377827,3,walking
1519421630930,-8.171887,-1.7569319,-1.6899099,3,walking
1519421630935,-8.047418,-1.7856555,-1.6133134,3,walking
1519421630940,-7.922949,-1.8048047,-1.5750152,3,walking
1519421630945,-7.808054,-1.8143792,-1.6420372,3,walking
1519421630954,-7.664436,-1.8143792,-1.7186337,3,walking
1519421630958,-7.56869,-1.8909757,-1.7665064,3,walking
1519421630963,-7.5303917,-1.948423,-1.8048047,3,walking
1519421630967,-7.4920936,-2.015445,-1.8526775,3,walking
1519421630972,-7.5303917,-2.0537431,-1.948423,3,walking
1519421630977,-7.56869,-2.1111906,-1.9962958,3,walking
1519421630982,-7.46337,-2.2069361,-2.034594,3,walking
1519421630987,-7.4920936,-2.187787,-2.0633178,3,walking
1519421630992,-7.482519,-2.2069361,-2.101616,3,walking
1519421630997,-7.482519,-2.2069361,-2.101616,3,walking
1519421631002,-7.4920936,-2.321831,-2.1399143,3,walking
1519421631007,-7.5208173,-2.3792782,-2.2452345,3,walking
1519421631012,-7.5591154,-2.4367256,-2.360129,3,walking
1519421631017,-7.5591154,-2.4367256,-2.360129,3,walking
1519421631022,-7.5974135,-2.4367256,-2.3697038,3,walking
1519421631027,-7.6835847,-2.475024,-2.408002,3,walking
1519421631032,-7.721883,-2.475024,-2.4463003,3,walking
1519421631037,-7.721883,-2.475024,-2.4463003,3,walking
1519421631043,-8.056993,-2.427151,-2.580344,3,walking
1519421631048,-8.124015,-2.3888528,-2.5707695,3,walking
1519421631053,-8.210186,-2.3792782,-2.5516202,3,walking
1519421631058,-8.296356,-2.3697038,-2.5324712,3,walking
1519421631063,-8.392102,-2.2739582,-2.5228968,3,walking
1519421631068,-8.372953,-2.254809,-2.4558747,3,walking
1519421631073,-8.459125,-2.1973617,-2.494173,3,walking
1519421631078,-8.459125,-2.1590633,-2.360129,3,walking
1519421631084,-8.430401,-2.1399143,-2.321831,3,walking
1519421631088,-8.411251,-2.1207652,-2.3122563,3,walking
1519421631094,-8.286782,-2.0633178,-2.2452345,3,walking
1519421631099,-8.23891,-1.9867213,-2.1782124,3,walking
1519421631104,-8.23891,-1.9579976,-2.1590633,3,walking
1519421631114,-8.171887,-1.8814012,-2.1399143,3,walking
1519421631119,-8.143164,-1.862252,-2.1399143,3,walking
1519421631124,-8.104865,-1.8335283,-2.1303396,3,walking
1519421631129,-8.00912,-1.8143792,-2.168638,3,walking
1519421631133,-7.9325233,-1.7282082,-2.1590633,3,walking
1519421631137,-7.9325233,-1.7282082,-2.1590633,3,walking
1519421631142,-7.9516726,-1.7377827,-2.149489,3,walking
1519421631147,-7.8846507,-1.7282082,-2.1303396,3,walking
1519421631152,-7.9037995,-1.7473572,-2.1303396,3,walking
1519421631157,-7.9037995,-1.7377827,-2.101616,3,walking
1519421631161,-7.9325233,-1.7377827,-2.1303396,3,walking
1519421631167,-7.9708214,-1.7186337,-2.1973617,3,walking
1519421631172,-8.028269,-1.7186337,-2.2452345,3,walking
1519421631176,-8.076141,-1.7282082,-2.3026817,3,walking
1519421631180,-8.143164,-1.6707608,-2.3122563,3,walking
1519421631185,-8.191036,-1.6516117,-2.4175766,3,walking
1519421631189,-8.315506,-1.622888,-2.475024,3,walking
1519421631194,-8.420826,-1.6516117,-2.5037475,3,walking
1519421631203,-8.6697645,-1.6803354,-2.5899186,3,walking
1519421631207,-8.813383,-1.6803354,-2.6569405,3,walking
1519421631211,-9.129343,-1.7186337,-2.7814097,3,walking
1519421631216,-9.349558,-1.7186337,-2.7814097,3,walking
1519421631222,-9.502751,-1.7473572,-2.819708,3,walking
1519421631227,-9.6942425,-1.7665064,-2.8580062,3,walking
1519421631231,-9.971905,-1.776081,-2.9346027,3,walking
1519421631236,-10.383611,-1.8143792,-2.9537518,3,walking
1519421631241,-10.498506,-1.862252,-2.8292825,3,walking
1519421631246,-10.632549,-1.9196993,-2.7909844,3,walking
1519421631251,-10.843189,-1.9867213,-2.7718353,3,walking
1519421631256,-10.82404,-2.0441687,-2.580344,3,walking
1519421631262,-10.71872,-2.0250196,-2.3792782,3,walking
1519421631267,-10.71872,-2.0250196,-2.3792782,3,walking
1519421631272,-10.498506,-1.929274,-2.1207652,3,walking
1519421631277,-10.40276,-1.862252,-2.034594,3,walking
1519421631281,-10.048501,-1.8143792,-1.6707608,3,walking
1519421631286,-10.048501,-1.8143792,-1.6707608,3,walking
1519421631292,-9.828286,-1.6133134,-1.4313968,3,walking
1519421631296,-9.5889225,-1.5750152,-1.3165021,3,walking
1519421631301,-9.426155,-1.4984187,-1.1633091,3,walking
1519421631306,-9.177217,-1.3930986,-1.0005416,3,walking
1519421631312,-9.148493,-1.3930986,-0.8760723,3,walking
1519421631317,-9.167642,-1.4026731,-0.8090504,3,walking
1519421631321,-9.665519,-1.3930986,-0.7324539,3,walking
1519421631326,-10.163396,-1.3260766,-0.8090504,3,walking
1519421631330,-10.785743,-1.3069274,-0.91437054,3,walking
1519421631340,-12.451715,-1.6133134,-1.3452257,3,walking
1519421631345,-12.6527815,-1.79523,-1.4409714,3,walking
1519421631349,-12.786825,-1.929274,-1.4888442,3,walking
1519421631353,-12.8538475,-2.0250196,-1.5367169,3,walking
1519421631404,-8.497422,-2.015445,-1.2303311,3,walking
1519421631410,-8.00912,-1.7856555,-1.0867126,3,walking
1519421631415,-7.894225,-1.6516117,-1.0675635,3,walking
1519421631419,-7.9133744,-1.5367169,-0.9622433,3,walking
1519421631424,-8.133589,-1.3452257,-0.8856468,3,walking
1519421631433,-9.617646,-1.0101161,-1.0771381,3,walking
1519421631437,-9.617646,-1.0101161,-1.0771381,3,walking
1519421631442,-10.239992,-1.0005416,-1.2016073,3,walking
1519421631449,-11.49426,-1.2111819,-1.3260766,3,walking
1519421631454,-12.643207,-1.3548003,-1.5558661,3,walking
1519421631458,-13.1602335,-1.4601204,-1.5941644,3,walking
1519421631501,-12.834699,-1.709059,-2.5899186,3,walking
1519421631509,-12.126181,-1.7665064,-2.4654493,3,walking
1519421631517,-11.341067,-1.7186337,-2.2739582,3,walking
1519421631525,-10.469782,-1.5654407,-1.9867213,3,walking
1519421631535,-9.684668,-1.5079932,-1.6803354,3,walking
1519421631539,-9.2825365,-1.469695,-1.5175679,3,walking
1519421631544,-8.5740185,-1.4792696,-1.1250108,3,walking
1519421631548,-8.34423,-1.4601204,-1.0484143,3,walking
1519421631553,-8.133589,-1.4792696,-1.0101161,3,walking
1519421631586,-6.592085,-1.8431029,-0.7994758,3,walking
1519421631591,-6.37187,-1.9196993,-0.83777404,3,walking
1519421631597,-6.3527207,-1.9867213,-0.8186249,3,walking
1519421631601,-6.256975,-2.0920415,-0.8952214,3,walking
1519421631606,-6.170804,-2.015445,-0.8856468,3,walking
1519421631611,-6.1420803,-2.2643836,-1.1058618,3,walking
1519421631616,-6.113357,-2.2835326,-1.14416,3,walking
1519421631621,-6.0559096,-2.3122563,-1.1250108,3,walking
1519421631626,-6.0559096,-2.3122563,-1.1250108,3,walking
1519421631631,-5.988888,-2.5228968,-1.1920328,3,walking
1519421631636,-6.027186,-2.5899186,-1.2590547,3,walking
1519421631641,-6.103782,-2.6952388,-1.3356512,3,walking
1519421631646,-6.3431463,-2.9537518,-1.383524,3,walking
1519421631651,-6.4963393,-3.020774,-1.469695,3,walking
1519421631656,-6.5729356,-3.0973704,-1.469695,3,walking
1519421631662,-6.6878304,-3.173967,-1.4792696,3,walking
1519421631666,-6.7069798,-3.193116,-1.4409714,3,walking
1519421631671,-6.821874,-3.193116,-1.4313968,3,walking
1519421631676,-6.9176197,-3.1835413,-1.4218222,3,walking
1519421631681,-7.176133,-3.173967,-1.5079932,3,walking
1519421631686,-7.281453,-3.1356685,-1.5175679,3,walking
1519421631691,-7.2910275,-3.1165195,-1.4409714,3,walking
1519421631696,-7.3389006,-3.039923,-1.3643749,3,walking
1519421631702,-7.4920936,-2.88673,-1.2494801,3,walking
1519421631706,-7.56869,-2.8580062,-1.2207564,3,walking
1519421631711,-7.654861,-2.7239625,-1.1154363,3,walking
1519421631716,-7.654861,-2.7239625,-1.1154363,3,walking
1519421631722,-7.855927,-2.5707695,-0.9622433,3,walking
1519421631727,-7.894225,-2.5228968,-0.93351966,3,walking
1519421631733,-7.9325233,-2.475024,-0.90479594,3,walking
1519421631737,-7.9899707,-2.4175766,-0.8664977,3,walking
1519421631742,-8.066567,-2.360129,-0.751603,3,walking
1519421631747,-8.124015,-2.3505547,-0.7420284,3,walking
1519421631753,-8.133589,-2.321831,-0.6845811,3,walking
1519421631757,-8.210186,-2.2931073,-0.6558574,3,walking
1519421631762,-8.334655,-2.2069361,-0.5505372,3,walking
1519421631767,-8.372953,-2.149489,-0.512239,3,walking
1519421631772,-8.420826,-2.1207652,-0.47394073,3,walking
1519421631777,-8.516571,-2.1111906,-0.46436617,3,walking
1519421631782,-8.631466,-2.034594,-0.37819514,3,walking
1519421631787,-8.746361,-2.0728924,-0.3398969,3,walking
1519421631792,-8.957002,-2.0728924,-0.36862057,3,walking
1519421631797,-9.071896,-2.0824668,-0.3398969,3,walking
1519421631802,-9.215514,-2.015445,-0.4356425,3,walking
1519421631813,-9.445304,-1.9867213,-0.59841,3,walking
1519421631817,-9.560199,-1.9196993,-0.63670826,3,walking
1519421631823,-9.665519,-1.8526775,-0.64628285,3,walking
1519421631827,-9.7899885,-1.7377827,-0.7228793,3,walking
1519421631833,-9.837861,-1.6899099,-0.8281995,3,walking
1519421631838,-9.96233,-1.6899099,-0.8664977,3,walking
1519421631843,-10.115523,-1.622888,-1.0005416,3,walking
1519421631848,-10.172971,-1.6516117,-1.0675635,3,walking
1519421631853,-10.220843,-1.6133134,-0.99096704,3,walking
1519421631863,-10.450633,-1.6420372,-0.93351966,3,walking
1519421631868,-10.527229,-1.6803354,-0.9526688,3,walking
1519421631874,-10.709146,-1.6899099,-0.9526688,3,walking
1519421631884,-11.178299,-1.8239537,-1.0388398,3,walking
1519421631889,-11.321918,-1.9005502,-1.0484143,3,walking
1519421631894,-11.522984,-2.015445,-1.0962871,3,walking
1519421631899,-11.752773,-2.2452345,-1.1058618,3,walking
1519421631904,-11.810221,-2.3122563,-1.0388398,3,walking
1519421631909,-11.810221,-2.34098,-1.0005416,3,walking
1519421631914,-11.637878,-2.3984275,-0.83777404,3,walking
1519421631921,-11.580431,-2.3697038,-0.78990126,3,walking
1519421631926,-11.484685,-2.321831,-0.751603,3,walking
1519421631931,-11.168725,-2.2260852,-0.70373017,3,walking
1519421631936,-11.05383,-2.1399143,-0.7228793,3,walking
1519421631941,-10.881488,-2.0537431,-0.7228793,3,walking
1519421631947,-10.517654,-1.9005502,-0.8281995,3,walking
1519421631952,-10.230418,-1.709059,-0.8473486,3,walking
1519421631957,-10.096374,-1.6133134,-0.8952214,3,walking
1519421631962,-9.96233,-1.4984187,-0.9622433,3,walking
1519421631973,-9.96233,-1.1058618,-1.3548003,3,walking
1519421631977,-10.259142,-0.9526688,-1.622888,3,walking
1519421631983,-10.661273,-0.83777404,-1.9867213,3,walking
1519421631988,-11.953838,-0.83777404,-2.6856642,3,walking
1519421631993,-12.624058,-0.98139244,-2.8580062,3,walking
1519421632000,-13.141085,-1.1633091,-2.905879,3,walking
1519421632005,-13.686834,-1.6899099,-2.6952388,3,walking
1519421632011,-13.897474,-2.4463003,-2.3984275,3,walking
1519421632052,-10.335738,-3.8824842,-1.6420372,3,walking
1519421632060,-9.512326,-3.0877957,-2.321831,3,walking
1519421632068,-9.196365,-2.4463003,-2.6760898,3,walking
1519421632076,-9.215514,-1.7569319,-3.0303483,3,walking
1519421632083,-9.359133,-1.469695,-3.2601378,3,walking
1519421632093,-9.971905,-1.1824582,-3.5473747,3,walking
1519421632097,-10.431483,-1.1154363,-3.6239712,3,walking
1519421632101,-11.28362,-1.1920328,-3.7675896,3,walking
1519421632106,-11.28362,-1.1920328,-3.7675896,3,walking
1519421632112,-12.164479,-1.4409714,-3.3175852,3,walking
1519421632118,-12.25065,-1.5654407,-3.0973704,3,walking
1519421632123,-12.394268,-1.7377827,-2.8484318,3,walking
1519421632165,-12.020861,-2.3697038,-2.0058703,3,walking
1519421632174,-11.503835,-2.1782124,-2.1973617,3,walking
1519421632181,-10.814466,-1.7856555,-2.5899186,3,walking
1519421632189,-10.220843,-1.5175679,-2.6856642,3,walking
1519421632196,-10.220843,-1.5175679,-2.6856642,3,walking
1519421632201,-9.703817,-1.5175679,-3.039923,3,walking
1519421632206,-9.62722,-1.1920328,-3.0494976,3,walking
1519421632211,-9.5219,-1.1728836,-2.752686,3,walking
1519421632216,-9.5219,-1.1728836,-2.752686,3,walking
1519421632221,-8.947427,-1.1728836,-2.4654493,3,walking
1519421632226,-8.822957,-1.1345854,-2.321831,3,walking
1519421632230,-8.593168,-0.98139244,-2.2260852,3,walking
1519421632236,-8.593168,-0.98139244,-2.2260852,3,walking
1519421632241,-8.583593,-0.8090504,-2.1303396,3,walking
1519421632246,-8.506997,-0.751603,-2.0824668,3,walking
1519421632251,-8.248484,-0.665432,-1.8526775,3,walking
1519421632255,-8.11444,-0.63670826,-1.8048047,3,walking
1519421632260,-8.056993,-0.64628285,-1.7856555,3,walking
1519421632265,-7.9037995,-0.64628285,-1.7282082,3,walking
1519421632270,-7.7506065,-0.6750065,-1.5750152,3,walking
1519421632276,-7.741032,-0.61755913,-1.5462915,3,walking
1519421632280,-7.7793303,-0.78032666,-1.7665064,3,walking
1519421632286,-7.7793303,-0.78032666,-1.7665064,3,walking
1519421632290,-7.6069884,-0.93351966,-1.7665064,3,walking
1519421632295,-7.635712,-1.0292653,-1.8431029,3,walking
1519421632300,-7.6740103,-1.2016073,-1.929274,3,walking
1519421632305,-7.6740103,-1.2016073,-1.929274,3,walking
1519421632311,-7.6261373,-1.3452257,-1.948423,3,walking
1519421632315,-7.549541,-1.4505459,-1.9196993,3,walking
1519421632320,-7.5782647,-1.5271424,-2.0250196,3,walking
1519421632325,-7.6069884,-1.7282082,-2.0824668,3,walking
1519421632331,-7.6069884,-1.8239537,-2.1782124,3,walking
1519421632335,-7.549541,-1.948423,-2.1590633,3,walking
1519421632340,-7.511243,-1.9388485,-2.1590633,3,walking
1519421632346,-7.4920936,-1.929274,-2.1782124,3,walking
1519421632350,-7.4250717,-1.9579976,-2.2452345,3,walking
1519421632355,-7.4250717,-1.948423,-2.3026817,3,walking
1519421632360,-7.35805,-2.0058703,-2.427151,3,walking
1519421632366,-7.348475,-2.0633178,-2.4654493,3,walking
1519421632370,-7.2718787,-2.015445,-2.5228968,3,walking
1519421632376,-7.2718787,-2.015445,-2.5228968,3,walking
1519421632380,-7.243155,-1.9867213,-2.5707695,3,walking
1519421632385,-7.2240057,-1.9675722,-2.580344,3,walking
1519421632390,-7.2335806,-1.9867213,-2.6377914,3,walking
1519421632395,-7.2335806,-1.9867213,-2.6377914,3,walking
1519421632401,-7.195282,-1.929274,-2.6760898,3,walking
1519421632405,-7.1857076,-1.8909757,-2.666515,3,walking
1519421632410,-7.1857076,-1.929274,-2.714388,3,walking
1519421632415,-7.176133,-1.9101248,-2.733537,3,walking
1519421632420,-7.1091113,-1.9579976,-2.6569405,3,walking
1519421632425,-7.137835,-1.9867213,-2.7048132,3,walking
1519421632430,-7.12826,-2.0633178,-2.6569405,3,walking
1519421632436,-7.12826,-2.0633178,-2.6856642,3,walking
1519421632440,-7.1665583,-2.101616,-2.6186423,3,walking
1519421632445,-7.137835,-2.1303396,-2.5707695,3,walking
1519421632450,-7.0995364,-2.187787,-2.5037475,3,walking
1519421632455,-7.137835,-2.168638,-2.4367256,3,walking
1519421632460,-7.1857076,-2.1590633,-2.2931073,3,walking
1519421632465,-7.1857076,-2.1590633,-2.2931073,3,walking
1519421632471,-7.3197513,-2.1303396,-2.2260852,3,walking
1519421632475,-7.4250717,-2.101616,-2.2069361,3,walking
1519421632480,-7.549541,-2.149489,-2.1303396,3,walking
1519421632485,-7.549541,-2.149489,-2.1303396,3,walking
1519421632490,-7.769756,-2.1207652,-2.0920415,3,walking
1519421632495,-7.9899707,-2.1207652,-2.1782124,3,walking
1519421632500,-8.143164,-2.1111906,-2.1590633,3,walking
1519421632505,-8.564445,-2.1111906,-2.2835326,3,walking
1519421632510,-8.928278,-2.2356598,-2.2643836,3,walking
1519421632516,-8.928278,-2.2356598,-2.2643836,3,walking
1519421632520,-9.263388,-2.34098,-2.2835326,3,walking
1519421632526,-9.3878565,-2.3792782,-2.2931073,3,walking
1519421632530,-9.512326,-2.3888528,-2.2931073,3,walking
1519421632535,-9.6942425,-2.4175766,-2.3026817,3,walking
1519421632540,-9.837861,-2.408002,-2.2643836,3,walking
1519421632545,-9.885734,-2.4463003,-2.2739582,3,walking
1519421632550,-9.924032,-2.34098,-2.3122563,3,walking
1519421632555,-9.924032,-2.34098,-2.3122563,3,walking
1519421632561,-9.933606,-2.2643836,-2.2931073,3,walking
1519421632566,-9.799562,-2.1111906,-2.3122563,3,walking
1519421632571,-9.732541,-2.0537431,-2.2835326,3,walking
1519421632578,-9.550624,-1.862252,-2.2356598,3,walking
1519421632584,-9.426155,-1.8239537,-2.1207652,3,walking
1519421632593,-9.244238,-1.6803354,-1.9962958,3,walking
1519421632597,-9.177217,-1.6803354,-1.862252,3,walking
1519421632601,-9.043172,-1.6707608,-1.7665064,3,walking
1519421632605,-8.957002,-1.7473572,-1.5845897,3,walking
1519421632610,-8.822957,-1.8814012,-1.2782038,3,walking
1519421632615,-8.842107,-1.9675722,-1.1154363,3,walking
1519421632620,-8.842107,-2.0920415,-0.99096704,3,walking
1519421632625,-8.957002,-2.168638,-0.8856468,3,walking
1519421632630,-9.062322,-2.3505547,-0.5313881,3,walking
1519421632635,-9.100619,-2.4463003,-0.42606795,3,walking
1519421632640,-9.0814705,-2.5228968,-0.23457673,3,walking
1519421632645,-9.0814705,-2.5228968,-0.23457673,3,walking
1519421632650,-9.579348,-2.6282167,-0.081383765,3,walking
1519421632655,-10.077225,-2.561195,-0.26330042,3,walking
1519421632659,-10.689997,-2.475024,-0.39734426,3,walking
1519421632662,-11.4272375,-2.408002,-0.64628285,3,walking
1519421632669,-12.90172,-2.3697038,-1.1824582,3,walking
1519421632674,-13.390023,-2.3888528,-1.4409714,3,walking
1519421632678,-13.648536,-2.408002,-1.6516117,3,walking
1519421632720,-10.2016945,-1.79523,-1.5750152,3,walking
1519421632727,-9.31126,-1.6420372,-1.3069274,3,walking
1519421632740,-7.875076,-1.3356512,-0.9622433,3,walking
1519421632746,-7.875076,-1.3356512,-0.9622433,3,walking
1519421632750,-7.922949,-1.0771381,-0.7994758,3,walking
1519421632755,-8.133589,-1.0005416,-0.8664977,3,walking
1519421632760,-9.263388,-0.8281995,-1.0388398,3,walking
1519421632789,-13.380448,-1.6803354,-1.5750152,3,walking
1519421632796,-14.270883,-1.9962958,-1.7282082,3,walking
1519421632820,-14.127264,-2.3792782,-2.34098,3,walking
1519421632825,-14.127264,-2.3792782,-2.34098,3,walking
1519421632858,-9.991054,-1.6037389,-1.7856555,3,walking
1519421632862,-9.464453,-1.6899099,-1.5175679,3,walking
1519421632866,-9.464453,-1.6899099,-1.5175679,3,walking
1519421632871,-9.052747,-1.8718265,-1.4505459,3,walking
1519421632876,-8.880404,-1.9867213,-1.4601204,3,walking
1519421632881,-8.497422,-2.1782124,-1.3165021,3,walking
1519421632886,-8.353804,-2.187787,-1.2782038,3,walking
1519421632890,-8.353804,-2.187787,-1.2782038,3,walking
1519421632895,-8.353804,-2.187787,-1.2782038,3,walking
1519421632901,-7.7793303,-2.5707695,-1.1633091,3,walking
1519421632906,-7.6835847,-2.6377914,-1.1824582,3,walking
1519421632911,-7.6452866,-2.7048132,-1.2016073,3,walking
1519421632921,-7.4729443,-2.5420458,-1.1728836,3,walking
1519421632926,-7.4537954,-2.5324712,-1.2494801,3,walking
1519421632932,-7.4442205,-2.5994933,-1.4122477,3,walking
1519421632937,-7.396348,-2.6090677,-1.3452257,3,walking
1519421632942,-7.204857,-2.6282167,-1.2399056,3,walking
1519421632952,-6.936769,-2.4845984,-1.0101161,3,walking
1519421632957,-6.984642,-2.580344,-1.0962871,3,walking
1519421632962,-7.051664,-2.580344,-1.2686293,3,walking
1519421632973,-6.975067,-2.7431116,-1.1250108,3,walking
1519421632977,-6.936769,-2.6856642,-1.0771381,3,walking
1519421632983,-6.850598,-2.647366,-1.0388398,3,walking
1519421632993,-6.9942164,-2.561195,-1.2494801,3,walking
1519421632998,-7.1091113,-2.5420458,-1.2494801,3,walking
1519421633003,-7.1665583,-2.561195,-1.3165021,3,walking
1519421633008,-7.2527294,-2.4175766,-1.3356512,3,walking
1519421633013,-7.2623043,-2.3314054,-1.3930986,3,walking
1519421633018,-7.2718787,-2.1782124,-1.3260766,3,walking
1519421633024,-7.2910275,-2.1303396,-1.3739494,3,walking
1519421633028,-7.3676243,-2.1590633,-1.4026731,3,walking
1519421633034,-7.46337,-2.1590633,-1.3452257,3,walking
1519421633039,-7.6261373,-2.1782124,-1.2877784,3,walking
1519421633044,-7.721883,-2.1303396,-1.2399056,3,walking
1519421633049,-7.8176284,-2.0728924,-1.2207564,3,walking
1519421633054,-7.8655014,-2.0824668,-1.14416,3,walking
1519421633059,-8.037844,-2.101616,-1.1250108,3,walking
1519421633064,-8.085716,-2.101616,-1.0388398,3,walking
1519421633069,-8.133589,-2.149489,-1.0675635,3,walking
1519421633077,-8.392102,-2.2356598,-1.0675635,3,walking
1519421633083,-8.411251,-2.2835326,-1.0101161,3,walking
1519421633088,-8.506997,-2.2931073,-1.0292653,3,walking
1519421633093,-8.545295,-2.3026817,-0.99096704,3,walking
1519421633099,-8.516571,-2.2452345,-0.98139244,3,walking
1519421633104,-8.564445,-2.254809,-1.0484143,3,walking
1519421633109,-8.5740185,-2.2739582,-0.99096704,3,walking
1519421633114,-8.526146,-2.2643836,-0.93351966,3,walking
1519421633119,-8.487848,-2.2643836,-0.98139244,3,walking
1519421633124,-8.526146,-2.2739582,-1.0005416,3,walking
1519421633129,-8.535721,-2.2835326,-0.93351966,3,walking
1519421633137,-8.5740185,-2.2643836,-0.9430942,3,walking
1519421633143,-8.583593,-2.2260852,-0.9526688,3,walking
1519421633148,-8.602742,-2.1399143,-1.0579889,3,walking
1519421633153,-8.602742,-2.0728924,-0.98139244,3,walking
1519421633158,-8.602742,-2.0441687,-1.0101161,3,walking
1519421633163,-8.66019,-1.948423,-1.0867126,3,walking
1519421633168,-8.717637,-1.8909757,-1.0771381,3,walking
1519421633174,-8.717637,-1.8718265,-1.0962871,3,walking
1519421633178,-8.803808,-1.776081,-1.0867126,3,walking
1519421633184,-8.842107,-1.79523,-1.1345854,3,walking
1519421633188,-8.937852,-1.8143792,-1.14416,3,walking
1519421633194,-8.995299,-1.776081,-1.0484143,3,walking
1519421633199,-9.0814705,-1.8239537,-1.0867126,3,walking
1519421633204,-9.445304,-1.9388485,-1.1537346,3,walking
1519421633209,-9.914457,-2.1207652,-1.2494801,3,walking
1519421633214,-9.914457,-2.1207652,-1.2494801,3,walking
1519421633220,-10.460207,-2.3314054,-1.2877784,3,walking
1519421633224,-10.71872,-2.475024,-1.2877784,3,walking
1519421633230,-10.92936,-2.561195,-1.2686293,3,walking
1519421633237,-11.532558,-2.8484318,-1.1920328,3,walking
1519421633242,-11.657027,-2.8963046,-1.1537346,3,walking
1519421633249,-11.819795,-2.9250283,-1.0867126,3,walking
1519421633257,-11.9346895,-2.867581,-1.0101161,3,walking
1519421633263,-11.9346895,-2.7814097,-1.0388398,3,walking
1519421633268,-11.867668,-2.5994933,-1.0388398,3,walking
1519421633273,-11.781497,-2.475024,-1.0675635,3,walking
1519421633278,-11.7049,-2.3122563,-1.1345854,3,walking
1519421633283,-11.580431,-2.2069361,-1.1537346,3,walking
1519421633288,-11.379365,-2.0537431,-1.1250108,3,walking
1519421633294,-11.025106,-1.6994845,-1.1920328,3,walking
1519421633298,-10.804892,-1.5462915,-1.1824582,3,walking
1519421633303,-10.661273,-1.3548003,-1.2590547,3,walking
1519421633312,-10.555953,-0.8760723,-1.6133134,3,walking
1519421633317,-10.900637,-0.69415563,-1.9771467,3,walking
1519421633322,-11.455961,-0.54096264,-2.3122563,3,walking
1519421633337,-13.208106,-1.2494801,-2.6282167,3,walking
1519421633341,-13.294277,-1.6611862,-2.4654493,3,walking
1519421633351,-13.217681,-2.8771553,-1.8335283,3,walking
1519421633357,-13.074062,-3.2218397,-1.6707608,3,walking
1519421633361,-12.911295,-3.5952475,-1.4888442,3,walking
1519421633367,-12.375119,-4.2080193,-1.2303311,3,walking
1519421633372,-12.030436,-4.466532,-1.0867126,3,walking
1519421633381,-11.28362,-4.4856815,-1.2111819,3,walking
1519421633387,-11.044255,-4.303765,-1.3165021,3,walking
1519421633392,-10.843189,-4.1409974,-1.4313968,3,walking
1519421633401,-10.29744,-3.6431203,-1.7377827,3,walking
1519421633407,-10.2016945,-3.365458,-1.7569319,3,walking
1519421633414,-10.115523,-3.078221,-1.8814012,3,walking
1519421633418,-10.153821,-2.4175766,-2.0920415,3,walking
1519421633423,-10.163396,-2.0824668,-2.2069361,3,walking
1519421633431,-10.412334,-1.6133134,-2.4558747,3,walking
1519421633437,-10.709146,-1.5175679,-2.800559,3,walking
1519421633442,-10.871913,-1.4218222,-2.8771553,3,walking
1519421633451,-10.986808,-1.3356512,-2.9633265,3,walking
1519421633457,-11.082554,-1.2590547,-2.9920502,3,walking
1519421633462,-11.1208515,-1.1920328,-3.0111992,3,walking
1519421633471,-11.092129,-1.3452257,-2.819708,3,walking
1519421633477,-11.034681,-1.4505459,-2.6856642,3,walking
1519421633482,-10.977234,-1.5175679,-2.561195,3,walking
1519421633491,-10.699572,-1.8718265,-2.2356598,3,walking
1519421633497,-10.594251,-2.0058703,-2.2356598,3,walking
1519421633502,-10.469782,-2.1590633,-2.1303396,3,walking
1519421633507,-10.268716,-2.4845984,-2.0058703,3,walking
1519421633512,-10.239992,-2.647366,-2.034594,3,walking
1519421633517,-10.182545,-2.8388572,-2.101616,3,walking
1519421633522,-10.010203,-2.8101335,-2.2165108,3,walking
1519421633527,-9.579348,-2.9154537,-2.149489,3,walking
1519421633532,-9.502751,-2.8963046,-2.101616,3,walking
1519421633541,-9.378282,-2.4463003,-1.8143792,3,walking
1519421633547,-9.272962,-2.2931073,-1.709059,3,walking
1519421633552,-9.18679,-2.187787,-1.6803354,3,walking
1519421633562,-8.957002,-1.9867213,-1.5750152,3,walking
1519421633567,-8.794233,-1.9101248,-1.469695,3,walking
1519421633572,-8.6697645,-1.8239537,-1.4505459,3,walking
1519421633577,-8.420826,-1.5462915,-1.4122477,3,walking
1519421633583,-8.32508,-1.469695,-1.3260766,3,walking
1519421633588,-8.2676325,-1.2111819,-1.3260766,3,walking
1519421633593,-8.2676325,-1.2111819,-1.3260766,3,walking
1519421633598,-8.171887,-0.9622433,-1.1824582,3,walking
1519421633603,-8.133589,-0.7420284,-1.0675635,3,walking
1519421633608,-8.028269,-0.5505372,-0.8952214,3,walking
1519421633614,-8.11444,-0.6558574,-1.2111819,3,walking
1519421633619,-7.9516726,-0.76117754,-1.2399056,3,walking
1519421633626,-7.894225,-0.85692316,-1.2399056,3,walking
1519421633632,-8.00912,-1.0196906,-1.4505459,3,walking
1519421633637,-8.037844,-1.1154363,-1.6133134,3,walking
1519421633641,-8.00912,-1.2016073,-1.6994845,3,walking
1519421633651,-7.999545,-1.4984187,-1.8143792,3,walking
1519421633656,-8.076141,-1.622888,-1.948423,3,walking
1519421633661,-8.143164,-1.709059,-2.0250196,3,walking
1519421633671,-8.143164,-2.1782124,-2.1590633,3,walking
1519421633676,-8.076141,-2.2931073,-2.187787,3,walking
1519421633681,-8.104865,-2.3697038,-2.1973617,3,walking
1519421633687,-8.018694,-2.4367256,-2.1207652,3,walking
1519421633692,-8.028269,-2.4558747,-2.0537431,3,walking
1519421633697,-7.999545,-2.4463003,-1.9867213,3,walking
1519421633701,-8.037844,-2.4463003,-1.9579976,3,walking
1519421633707,-8.056993,-2.4845984,-1.929274,3,walking
1519421633713,-8.028269,-2.5037475,-1.8909757,3,walking
1519421633717,-8.047418,-2.5228968,-1.8526775,3,walking
1519421633723,-8.028269,-2.494173,-1.8431029,3,walking
1519421633727,-7.999545,-2.4175766,-1.8048047,3,walking
1519421633732,-7.9708214,-2.408002,-1.79523,3,walking
1519421633741,-7.999545,-2.2835326,-1.8718265,3,walking
1519421633746,-8.037844,-2.2643836,-1.8335283,3,walking
1519421633752,-8.085716,-2.2356598,-1.948423,3,walking
1519421633757,-8.104865,-2.2260852,-1.9867213,3,walking
1519421633762,-8.085716,-2.2069361,-2.0633178,3,walking
1519421633767,-8.085716,-2.2069361,-2.0633178,3,walking
1519421633772,-8.095291,-2.2165108,-2.0920415,3,walking
1519421633777,-8.028269,-2.2356598,-2.1303396,3,walking
1519421633783,-7.9899707,-2.254809,-2.1303396,3,walking
1519421633788,-8.018694,-2.2452345,-2.0824668,3,walking
1519421633793,-7.9516726,-2.187787,-2.0633178,3,walking
1519421633798,-7.9420977,-2.2165108,-1.9867213,3,walking
1519421633803,-7.894225,-2.168638,-1.9101248,3,walking
1519421633809,-7.875076,-2.149489,-1.8526775,3,walking
1519421633814,-7.8655014,-2.1590633,-1.8048047,3,walking
1519421633819,-7.894225,-2.149489,-1.7856555,3,walking
1519421633826,-8.018694,-2.1303396,-1.7377827,3,walking
1519421633831,-8.076141,-2.0824668,-1.7473572,3,walking
1519421633836,-8.181462,-2.0728924,-1.7186337,3,walking
1519421633842,-8.258059,-2.0633178,-1.7377827,3,walking
1519421633847,-8.506997,-2.015445,-1.8335283,3,walking
1519421633852,-8.602742,-2.0537431,-1.8718265,3,walking
1519421633857,-8.746361,-2.034594,-1.9196993,3,walking
1519421633862,-8.842107,-2.0537431,-1.9196993,3,walking
1519421633867,-9.043172,-2.0633178,-1.9962958,3,walking
1519421633875,-9.18679,-2.0824668,-2.0250196,3,walking
1519421633880,-9.3878565,-2.149489,-2.1207652,3,walking
1519421633887,-9.569773,-2.2165108,-2.1782124,3,walking
1519421633892,-9.636795,-2.2069361,-2.2356598,3,walking
1519421633897,-9.732541,-2.254809,-2.3026817,3,walking
1519421633903,-9.684668,-2.254809,-2.2931073,3,walking
1519421633907,-9.665519,-2.321831,-2.2356598,3,walking
1519421633912,-9.675094,-2.321831,-2.254809,3,walking
1519421633920,-9.665519,-2.34098,-2.0824668,3,walking
1519421633926,-9.665519,-2.34098,-1.9579976,3,walking
1519421633931,-9.703817,-2.3314054,-1.9196993,3,walking
1519421633936,-9.665519,-2.408002,-1.6133134,3,walking
1519421633941,-9.655944,-2.4654493,-1.4601204,3,walking
1519421633951,-9.742115,-2.6186423,-1.14416,3,walking
1519421633957,-9.85701,-2.8101335,-0.8186249,3,walking
1519421633962,-9.904882,-2.9250283,-0.64628285,3,walking
1519421633967,-10.038927,-2.9920502,-0.5313881,3,walking
1519421633972,-10.393186,-3.0494976,-0.32074776,3,walking
1519421633977,-10.517654,-3.0686467,-0.3111732,3,walking
1519421633981,-10.6134,-3.0877957,-0.28244954,3,walking
1519421633990,-11.101703,-2.8771553,-0.5218136,3,walking
1519421633996,-11.398514,-2.7718353,-0.6750065,3,walking
1519421634000,-11.810221,-2.5899186,-0.9430942,3,walking
1519421634006,-12.805975,-2.321831,-1.4888442,3,walking
1519421634012,-13.198531,-2.2643836,-1.79523,3,walking
1519421634019,-13.399597,-2.2739582,-2.0824668,3,walking
1519421634026,-12.815549,-2.2643836,-2.015445,3,walking
1519421634071,-8.4686985,-2.1207652,-1.2111819,3,walking
1519421634080,-7.46337,-1.9196993,-1.1154363,3,walking
1519421634088,-6.936769,-1.7473572,-1.0101161,3,walking
1519421634096,-6.783576,-1.469695,-1.0388398,3,walking
1519421634104,-7.051664,-1.1728836,-1.1824582,3,walking
1519421634109,-7.3867736,-1.0388398,-1.2973529,3,walking
1519421634117,-8.459125,-0.8186249,-1.4409714,3,walking
1519421634122,-8.9761505,-0.78990126,-1.5271424,3,walking
1519421634127,-9.483603,-0.8186249,-1.6324625,3,walking
1519421634131,-10.06765,-0.8952214,-1.79523,3,walking
1519421634138,-11.1208515,-0.9430942,-1.9579976,3,walking
1519421634143,-11.542132,-0.9430942,-2.0920415,3,walking
1519421634148,-12.087883,-1.0101161,-2.187787,3,walking
1519421634153,-12.269799,-1.1824582,-2.254809,3,walking
1519421634158,-12.384694,-1.3069274,-2.3122563,3,walking
1519421634191,-11.072979,-2.1590633,-1.9675722,3,walking
1519421634200,-10.651698,-2.0728924,-2.1590633,3,walking
1519421634207,-9.943181,-2.2069361,-2.101616,3,walking
1519421634216,-9.742115,-2.1973617,-2.149489,3,walking
1519421634223,-9.617646,-2.2165108,-2.2165108,3,walking
1519421634228,-9.560199,-2.168638,-2.1782124,3,walking
1519421634232,-9.426155,-2.1399143,-2.168638,3,walking
1519421634237,-9.158067,-2.1207652,-2.1399143,3,walking
1519421634241,-8.966576,-2.1303396,-2.1207652,3,walking
1519421634246,-8.832532,-2.1973617,-2.0824668,3,walking
1519421634251,-8.717637,-2.1399143,-2.015445,3,walking
1519421634255,-8.612317,-2.2452345,-1.948423,3,walking
1519421634260,-8.545295,-2.2452345,-1.9196993,3,walking
1519421634265,-8.4686985,-2.2835326,-1.9388485,3,walking
1519421634270,-8.439975,-2.2356598,-1.9388485,3,walking
1519421634276,-8.32508,-2.0633178,-1.7856555,3,walking
1519421634281,-8.210186,-1.9771467,-1.6516117,3,walking
1519421634286,-8.124015,-1.8814012,-1.6133134,3,walking
1519421634291,-8.104865,-1.8239537,-1.5654407,3,walking
1519421634296,-7.9516726,-1.8048047,-1.5654407,3,walking
1519421634302,-7.8367777,-1.8143792,-1.5079932,3,walking
1519421634306,-7.7601814,-1.8143792,-1.4313968,3,walking
1519421634311,-7.741032,-1.79523,-1.3643749,3,walking
1519421634316,-7.654861,-1.8335283,-1.3165021,3,walking
1519421634320,-7.549541,-1.948423,-1.3260766,3,walking
1519421634330,-7.4059224,-2.1399143,-1.3260766,3,walking
1519421634335,-7.310177,-2.2356598,-1.2973529,3,walking
1519421634340,-7.2910275,-2.2643836,-1.2590547,3,walking
1519421634350,-7.348475,-2.3792782,-1.1154363,3,walking
1519421634355,-7.3771987,-2.3888528,-1.1633091,3,walking
1519421634359,-7.3676243,-2.427151,-1.0771381,3,walking
1519421634366,-7.35805,-2.4845984,-1.1250108,3,walking
1519421634370,-7.3867736,-2.475024,-1.1058618,3,walking
1519421634375,-7.4059224,-2.475024,-1.0962871,3,walking
1519421634379,-7.4154973,-2.4845984,-1.0579889,3,walking
1519421634386,-7.3867736,-2.4175766,-0.9622433,3,walking
1519421634391,-7.4442205,-2.3505547,-0.9526688,3,walking
1519421634399,-7.511243,-2.168638,-0.8856468,3,walking
1519421634406,-7.5303917,-1.9962958,-0.8952214,3,walking
1519421634410,-7.587839,-1.9101248,-0.8856468,3,walking
1519421634420,-7.56869,-1.8431029,-0.77075213,3,walking
1519421634425,-7.6069884,-1.7377827,-0.7324539,3,walking
1519421634430,-7.693159,-1.7377827,-0.7324539,3,walking
1519421634436,-7.769756,-1.6516117,-0.6271337,3,walking
1519421634440,-7.8176284,-1.6516117,-0.5313881,3,walking
1519421634445,-7.8655014,-1.6994845,-0.50266445,3,walking
1519421634449,-7.922949,-1.7473572,-0.4835153,3,walking
1519421634456,-8.076141,-1.8335283,-0.3398969,3,walking
1519421634460,-8.152739,-1.8909757,-0.2920241,3,walking
1519421634465,-8.229335,-1.8909757,-0.2920241,3,walking
1519421634470,-8.305931,-1.929274,-0.27287498,3,walking
1519421634476,-8.439975,-2.0250196,-0.30159867,3,walking
1519421634481,-8.612317,-2.0537431,-0.2920241,3,walking
1519421634486,-8.889979,-2.1111906,-0.3877697,3,walking
1519421634491,-9.071896,-2.1590633,-0.44521707,3,walking
1519421634496,-9.253813,-2.1399143,-0.46436617,3,walking
1519421634500,-9.397431,-2.149489,-0.50266445,3,walking
1519421634509,-9.828286,-2.2260852,-0.5313881,3,walking
1519421634515,-10.000628,-2.2260852,-0.512239,3,walking
1519421634519,-10.182545,-2.2356598,-0.5313881,3,walking
1519421634526,-10.555953,-2.2739582,-0.45479164,3,walking
1519421634531,-10.737869,-2.2452345,-0.49308985,3,walking
1519421634536,-10.938935,-2.168638,-0.5792609,3,walking
1519421634541,-11.130426,-2.0633178,-0.5792609,3,walking
1519421634546,-11.408089,-1.9101248,-0.76117754,3,walking
1519421634551,-11.580431,-1.8526775,-0.8281995,3,walking
1519421634555,-11.714475,-1.862252,-0.92394507,3,walking
1519421634560,-11.9346895,-1.8526775,-1.0196906,3,walking
1519421634566,-12.288948,-1.9579976,-1.1728836,3,walking
1519421634571,-12.528313,-2.034594,-1.2782038,3,walking
1519421634576,-12.882571,-2.2452345,-1.3452257,3,walking
1519421634582,-12.997466,-2.408002,-1.3548003,3,walking
1519421634587,-13.045339,-2.5420458,-1.3452257,3,walking
1519421634592,-13.150659,-2.6377914,-1.4026731,3,walking
1519421634597,-13.141085,-2.7909844,-1.3165021,3,walking
1519421634602,-13.150659,-2.7814097,-1.3356512,3,walking
1519421634607,-13.016615,-2.5516202,-1.5367169,3,walking
1519421634611,-13.016615,-2.5516202,-1.5367169,3,walking
1519421634616,-12.758101,-2.149489,-1.6611862,3,walking
1519421634620,-12.6527815,-1.9771467,-1.7282082,3,walking
1519421634625,-12.528313,-1.7377827,-1.8718265,3,walking
1519421634630,-12.375119,-1.5079932,-1.9196993,3,walking
1519421634636,-12.116607,-1.1633091,-2.0728924,3,walking
1519421634641,-11.925115,-1.0771381,-2.0728924,3,walking
1519421634646,-11.72405,-0.9622433,-2.1111906,3,walking
1519421634652,-11.762347,-0.9526688,-2.2643836,3,walking
1519421634657,-11.915541,-0.8952214,-2.4558747,3,walking
1519421634661,-12.288948,-0.91437054,-2.666515,3,walking
1519421634665,-13.255979,-1.2303311,-2.8101335,3,walking
1519421634670,-13.725132,-1.4792696,-2.6282167,3,walking
1519421634676,-14.09854,-1.8143792,-2.3314054,3,walking
1519421634681,-14.213435,-2.1399143,-1.9867213,3,walking
1519421634685,-13.935773,-2.9346027,-1.3260766,3,walking
1519421634744,-8.66019,-2.5228968,-1.6899099,3,walking
1519421634753,-8.631466,-2.4558747,-1.6803354,3,walking
1519421634761,-8.698488,-2.1399143,-1.6707608,3,walking
1519421634766,-9.062322,-1.9196993,-1.7856555,3,walking
1519421634772,-9.244238,-1.79523,-1.8526775,3,walking
1519421634777,-9.464453,-1.7377827,-1.9005502,3,walking
1519421634781,-9.713391,-1.7665064,-1.948423,3,walking
1519421634785,-9.98148,-1.7856555,-2.0058703,3,walking
1519421634790,-10.230418,-1.8431029,-2.0250196,3,walking
1519421634795,-10.82404,-2.0250196,-2.1590633,3,walking
1519421634800,-11.111278,-2.0920415,-2.2452345,3,walking
1519421634804,-11.350641,-2.187787,-2.254809,3,walking
1519421634809,-11.570856,-2.321831,-2.3314054,3,walking
1519421634815,-11.992137,-2.647366,-2.427151,3,walking
1519421634821,-12.2410755,-2.8771553,-2.5324712,3,walking
1519421634826,-12.557036,-3.2409887,-2.513322,3,walking
1519421634830,-12.767676,-3.2888615,-2.408002,3,walking
1519421634835,-12.940019,-3.2697124,-2.3984275,3,walking
1519421634839,-12.987891,-3.2601378,-2.4367256,3,walking
1519421634849,-13.121935,-3.4037561,-2.666515,3,walking
1519421634854,-13.1602335,-3.193116,-2.6569405,3,walking
1519421634859,-13.074062,-3.039923,-2.6090677,3,walking
1519421634865,-12.58576,-2.8771553,-2.5420458,3,walking
1519421634870,-12.432567,-2.7431116,-2.5228968,3,walking
1519421634874,-12.375119,-2.6282167,-2.4558747,3,walking
1519421634879,-12.2410755,-2.5324712,-2.34098,3,walking
1519421634885,-11.905966,-2.714388,-2.2452345,3,walking
1519421634890,-11.82937,-2.666515,-2.254809,3,walking
1519421634895,-11.771922,-2.5420458,-2.2452345,3,walking
1519421634900,-11.561282,-2.475024,-2.0920415,3,walking
1519421634905,-11.140001,-2.2069361,-2.0441687,3,walking
1519421634911,-10.910212,-2.149489,-1.9962958,3,walking
1519421634915,-10.498506,-2.168638,-1.8143792,3,walking
1519421634920,-10.431483,-2.149489,-1.6899099,3,walking
1519421634925,-10.374036,-2.1590633,-1.6803354,3,walking
1519421634930,-10.115523,-2.2260852,-1.79523,3,walking
1519421634940,-9.502751,-2.475024,-1.8814012,3,walking
1519421634945,-9.359133,-2.4845984,-1.79523,3,walking
1519421634950,-9.2825365,-2.408002,-1.8048047,3,walking
1519421634955,-9.119769,-2.4845984,-2.0537431,3,walking
1519421634960,-9.014449,-2.6282167,-2.1782124,3,walking
1519421634965,-8.966576,-2.7718353,-2.3314054,3,walking
1519421634970,-8.937852,-2.819708,-2.4654493,3,walking
1519421634975,-8.688913,-2.8484318,-2.4558747,3,walking
1519421634980,-8.602742,-2.819708,-2.5324712,3,walking
1519421634985,-8.497422,-2.666515,-2.6282167,3,walking
1519421634991,-8.497422,-2.666515,-2.6282167,3,walking
1519421634996,-8.459125,-2.6856642,-2.7048132,3,walking
1519421635001,-8.487848,-2.7239625,-2.819708,3,walking
1519421635006,-8.44955,-2.7239625,-2.905879,3,walking
1519421635011,-8.353804,-2.6760898,-2.867581,3,walking
1519421635016,-8.305931,-2.6856642,-2.8963046,3,walking
1519421635021,-8.2676325,-2.6569405,-2.8484318,3,walking
1519421635026,-8.229335,-2.561195,-2.905879,3,walking
1519421635031,-8.133589,-2.5994933,-2.8101335,3,walking
1519421635036,-8.104865,-2.5899186,-2.7431116,3,walking
1519421635041,-7.9325233,-2.561195,-2.666515,3,walking
1519421635046,-7.894225,-2.5420458,-2.6282167,3,walking
1519421635051,-7.8655014,-2.5037475,-2.580344,3,walking
1519421635057,-7.769756,-2.494173,-2.4845984,3,walking
1519421635061,-7.664436,-2.3984275,-2.408002,3,walking
1519421635067,-7.5974135,-2.3505547,-2.321831,3,walking
1519421635072,-7.635712,-2.2739582,-2.427151,3,walking
1519421635077,-7.5399666,-2.187787,-2.3697038,3,walking
1519421635082,-7.4250717,-2.101616,-2.3505547,3,walking
1519421635087,-7.396348,-2.0441687,-2.360129,3,walking
1519421635092,-7.35805,-1.9867213,-2.34098,3,walking
1519421635097,-7.348475,-1.9579976,-2.3697038,3,walking
1519421635102,-7.2623043,-1.9771467,-2.34098,3,walking
1519421635107,-7.243155,-1.9196993,-2.360129,3,walking
1519421635115,-7.1474094,-1.776081,-2.3122563,3,walking
1519421635121,-7.1186857,-1.7473572,-2.254809,3,walking
1519421635125,-7.0612383,-1.6899099,-2.2452345,3,walking
1519421635131,-6.9654927,-1.6994845,-2.1973617,3,walking
1519421635136,-6.8888965,-1.6899099,-2.168638,3,walking
1519421635141,-6.869747,-1.6707608,-2.1399143,3,walking
1519421635146,-6.7740016,-1.6707608,-2.0633178,3,walking
1519421635151,-6.678256,-1.6994845,-1.9579976,3,walking
1519421635157,-6.6878304,-1.7186337,-1.9771467,3,walking
1519421635161,-6.6878304,-1.7377827,-1.9579976,3,walking
1519421635167,-6.745278,-1.7569319,-1.9962958,3,walking
1519421635171,-6.831449,-1.7856555,-2.0250196,3,walking
1519421635176,-6.9559183,-1.8814012,-2.0728924,3,walking
1519421635182,-6.9559183,-1.8814012,-2.0728924,3,walking
1519421635187,-7.042089,-1.8909757,-2.1590633,3,walking
1519421635192,-7.0612383,-1.9675722,-2.149489,3,walking
1519421635197,-7.1857076,-2.034594,-2.101616,3,walking
1519421635202,-7.310177,-2.149489,-2.2260852,3,walking
1519421635207,-7.4154973,-2.2452345,-2.2260852,3,walking
1519421635214,-7.635712,-2.321831,-2.2739582,3,walking
1519421635220,-7.664436,-2.3792782,-2.254809,3,walking
1519421635225,-7.788905,-2.4558747,-2.2165108,3,walking
1519421635230,-7.8846507,-2.4463003,-2.2069361,3,walking
1519421635235,-7.9708214,-2.4558747,-2.1207652,3,walking
1519421635241,-7.9708214,-2.4558747,-2.1207652,3,walking
1519421635246,-7.9325233,-2.4845984,-2.015445,3,walking
1519421635251,-7.9708214,-2.4558747,-1.9196993,3,walking
1519421635257,-7.855927,-2.408002,-1.7377827,3,walking
1519421635261,-7.8367777,-2.427151,-1.6037389,3,walking
1519421635266,-7.7506065,-2.3792782,-1.4313968,3,walking
1519421635271,-7.7601814,-2.3984275,-1.3069274,3,walking
1519421635277,-7.702734,-2.3984275,-1.1824582,3,walking
1519421635282,-7.664436,-2.4463003,-1.0388398,3,walking
1519421635287,-7.721883,-2.4558747,-0.9622433,3,walking
1519421635292,-7.7123084,-2.5037475,-0.69415563,3,walking
1519421635297,-7.7984796,-2.5899186,-0.32074776,3,walking
1519421635304,-7.846352,-2.5899186,-0.12925656,3,walking
1519421635309,-7.9325233,-2.5994933,0.081383765,3,walking
1519421635315,-8.2676325,-2.5707695,0.27287498,3,walking
1519421635320,-8.5740185,-2.5037475,0.2441513,3,walking
1519421635325,-9.598496,-2.3026817,-0.10053288,3,walking
1519421635330,-9.598496,-2.3026817,-0.10053288,3,walking
1519421635335,-10.986808,-2.0920415,-0.8664977,3,walking
1519421635345,-12.394268,-2.3314054,-1.3069274,3,walking
1519421635350,-12.614484,-2.4463003,-1.3356512,3,walking
1519421635355,-12.624058,-2.5420458,-1.4122477,3,walking
1519421635359,-12.480439,-2.666515,-1.4122477,3,walking
1519421635364,-12.011286,-2.8580062,-1.2590547,3,walking
1519421635369,-11.714475,-2.8771553,-1.1250108,3,walking
1519421635374,-11.714475,-2.8771553,-1.1250108,3,walking
1519421635378,-10.938935,-2.8388572,-0.8760723,3,walking
1519421635385,-10.239992,-2.9346027,-0.54096264,3,walking
1519421635389,-9.8953085,-2.9633265,-0.4164934,3,walking
1519421635394,-9.64637,-2.9633265,-0.32074776,3,walking
1519421635403,-9.330409,-2.8580062,-0.26330042,3,walking
1519421635407,-9.29211,-2.475024,-0.32074776,3,walking
1519421635414,-9.349558,-2.34098,-0.45479164,3,walking
1519421635418,-9.550624,-2.1590633,-0.59841,3,walking
1519421635425,-10.374036,-1.6803354,-1.0388398,3,walking
1519421635429,-10.871913,-1.5079932,-1.2207564,3,walking
1519421635438,-12.624058,-1.1537346,-1.6516117,3,walking
1519421635444,-13.112361,-1.0675635,-1.7473572,3,walking
1519421635470,-15.218764,-1.469695,-2.4367256,3,walking
1519421635475,-15.046422,-1.6994845,-2.513322,3,walking
1519421635479,-14.988975,-1.7377827,-2.6186423,3,walking
1519421635488,-14.74961,-1.7282082,-2.5228968,3,walking
1519421635495,-14.30918,-1.7569319,-2.6090677,3,walking
1519421635499,-14.088965,-1.7569319,-2.7048132,3,walking
1519421635506,-13.629387,-1.8239537,-2.6952388,3,walking
1519421635511,-13.44747,-1.8048047,-2.6569405,3,walking
1519421635515,-13.217681,-1.7186337,-2.647366,3,walking
1519421635520,-12.911295,-1.6037389,-2.5037475,3,walking
1519421635525,-12.2410755,-1.622888,-2.168638,3,walking
1519421635529,-11.905966,-1.5845897,-2.0441687,3,walking
1519421635534,-11.580431,-1.6707608,-1.8909757,3,walking
1519421635538,-11.312344,-1.6994845,-1.7186337,3,walking
1519421635544,-10.757019,-1.6994845,-1.3165021,3,walking
1519421635549,-10.498506,-1.6803354,-1.14416,3,walking
1519421635553,-10.144247,-1.6803354,-0.8952214,3,walking
1519421635558,-9.818711,-1.776081,-0.7420284,3,walking
1519421635565,-9.339984,-2.0824668,-0.6271337,3,walking
1519421635570,-9.110194,-2.2452345,-0.7324539,3,walking
1519421635575,-8.822957,-2.5420458,-0.77075213,3,walking
1519421635580,-8.794233,-2.3314054,-0.8090504,3,walking
1519421635585,-8.641041,-1.9771467,-0.34947145,3,walking
1519421635590,-8.23891,-1.9579976,-0.2154276,3,walking
1519421635595,-7.808054,-2.1399143,-0.69415563,3,walking
1519421635600,-7.7314577,-2.2452345,-0.71330476,3,walking
1519421635605,-7.788905,-2.3505547,-0.91437054,3,walking
1519421635611,-7.8176284,-2.321831,-0.90479594,3,walking
1519421635616,-7.511243,-2.5037475,-0.8952214,3,walking
1519421635621,-7.3771987,-2.6952388,-0.9430942,3,walking
1519421635626,-7.4537954,-2.7718353,-1.1920328,3,walking
1519421635631,-7.6261373,-3.2218397,-1.6516117,3,walking
1519421635637,-7.788905,-3.3750327,-1.9196993,3,walking
1519421635641,-7.8367777,-3.4420545,-1.9005502,3,walking
1519421635647,-7.6740103,-3.4420545,-1.7186337,3,walking
1519421635652,-7.6740103,-3.4420545,-1.7186337,3,walking
1519421635657,-7.6069884,-3.5473747,-1.709059,3,walking
1519421635663,-7.6835847,-3.5856729,-1.6803354,3,walking
1519421635669,-7.7506065,-3.6431203,-1.622888,3,walking
1519421635675,-7.721883,-3.7101421,-1.4218222,3,walking
1519421635680,-7.6740103,-3.777164,-1.4888442,3,walking
1519421635685,-7.616563,-3.8346114,-1.469695,3,walking
1519421635690,-7.664436,-3.6526947,-1.3260766,3,walking
1519421635695,-7.693159,-3.4899273,-1.2399056,3,walking
1519421635700,-7.5974135,-3.1643922,-1.0292653,3,walking
1519421635706,-7.6069884,-3.078221,-1.0388398,3,walking
1519421635711,-7.6261373,-3.0111992,-0.99096704,3,walking
1519421635716,-7.654861,-2.9346027,-1.0005416,3,walking
1519421635721,-7.8176284,-2.800559,-0.9718179,3,walking
1519421635726,-7.894225,-2.819708,-0.9718179,3,walking
1519421635731,-8.076141,-2.8101335,-0.9526688,3,walking
1519421635737,-8.133589,-2.8101335,-0.9622433,3,walking
1519421635741,-8.21976,-2.7622607,-0.8856468,3,walking
1519421635746,-8.23891,-2.6377914,-0.6558574,3,walking
1519421635751,-8.277207,-2.5707695,-0.59841,3,walking
1519421635757,-8.315506,-2.4845984,-0.49308985,3,walking
1519421635762,-8.372953,-2.408002,-0.49308985,3,walking
1519421635767,-8.487848,-2.4558747,-0.46436617,3,walking
1519421635774,-8.583593,-2.5037475,-0.45479164,3,walking
1519421635780,-8.5740185,-2.475024,-0.512239,3,walking
1519421635785,-8.593168,-2.4463003,-0.4164934,3,walking
1519421635790,-8.55487,-2.4558747,-0.42606795,3,walking
1519421635795,-8.66019,-2.4463003,-0.4164934,3,walking
1519421635800,-8.688913,-2.4367256,-0.45479164,3,walking
1519421635805,-8.7750845,-2.408002,-0.45479164,3,walking
1519421635810,-8.880404,-2.3026817,-0.50266445,3,walking
1519421635815,-8.928278,-2.2739582,-0.54096264,3,walking
1519421635820,-8.985725,-2.2643836,-0.5505372,3,walking
1519421635826,-9.071896,-2.2739582,-0.5792609,3,walking
1519421635831,-9.091045,-2.2643836,-0.56968635,3,walking
1519421635836,-9.110194,-2.427151,-0.512239,3,walking
1519421635841,-9.110194,-2.427151,-0.512239,3,walking
1519421635846,-9.177217,-2.513322,-0.512239,3,walking
1519421635851,-9.301685,-2.5228968,-0.512239,3,walking
1519421635857,-9.301685,-2.5707695,-0.44521707,3,walking
1519421635861,-9.560199,-2.6377914,-0.46436617,3,walking
1519421635867,-9.713391,-2.714388,-0.46436617,3,walking
1519421635874,-10.182545,-2.8388572,-0.45479164,3,walking
1519421635879,-10.40276,-2.9154537,-0.44521707,3,walking
1519421635884,-11.063405,-2.9824755,-0.5218136,3,walking
1519421635889,-11.321918,-2.9920502,-0.50266445,3,walking
1519421635894,-11.59958,-3.0686467,-0.5313881,3,walking
1519421635899,-11.858093,-3.1069448,-0.512239,3,walking
1519421635904,-12.212352,-3.1452432,-0.512239,3,walking
1519421635910,-12.336822,-3.0877957,-0.54096264,3,walking
1519421635915,-12.365545,-2.9824755,-0.63670826,3,walking
1519421635920,-12.365545,-2.9824755,-0.63670826,3,walking
1519421635925,-12.35597,-2.6952388,-0.8856468,3,walking
1519421635930,-12.212352,-2.5516202,-1.0196906,3,walking
1519421635936,-12.154904,-2.1782124,-1.2207564,3,walking
1519421635940,-12.0400095,-2.015445,-1.3260766,3,walking
1519421635947,-11.743198,-1.7186337,-1.4888442,3,walking
1519421635954,-11.532558,-1.5462915,-1.5845897,3,walking
1519421635959,-11.465536,-1.4505459,-1.6707608,3,walking
1519421635964,-11.36979,-1.4122477,-1.7186337,3,walking
1519421635968,-11.341067,-1.3643749,-1.8048047,3,walking
1519421635974,-11.522984,-1.2877784,-2.1973617,3,walking
1519421635979,-11.800646,-1.2399056,-2.3984275,3,walking
1519421635983,-12.202777,-1.2494801,-2.4463003,3,walking
1519421635987,-12.710229,-1.4026731,-2.3984275,3,walking
1519421635994,-13.619812,-1.948423,-1.8909757,3,walking
1519421635999,-13.840027,-2.3984275,-1.5558661,3,walking
1519421636008,-14.041093,-3.3080106,-1.1728836,3,walking
1519421636053,-11.341067,-3.8920588,-1.6994845,3,walking
1519421636061,-10.737869,-3.2984362,-1.9101248,3,walking
1519421636069,-10.603826,-3.1165195,-1.948423,3,walking
1519421636075,-10.450633,-2.6569405,-2.1111906,3,walking
1519421636080,-10.450633,-2.6569405,-2.1111906,3,walking
1519421636084,-10.40276,-2.3888528,-2.2356598,3,walking
1519421636088,-10.460207,-2.2069361,-2.321831,3,walking
1519421636098,-10.651698,-1.8718265,-2.427151,3,walking
1519421636104,-10.871913,-1.6899099,-2.494173,3,walking
1519421636108,-11.005958,-1.6516117,-2.475024,3,walking
1519421636114,-11.360216,-1.5654407,-2.5037475,3,walking
1519421636118,-11.475111,-1.5462915,-2.4654493,3,walking
1519421636123,-11.628304,-1.5845897,-2.5899186,3,walking
1519421636128,-11.838944,-1.6611862,-2.6856642,3,walking
1519421636133,-12.068733,-1.7665064,-2.7718353,3,walking
1519421636139,-12.145329,-1.7569319,-2.752686,3,walking
1519421636144,-12.078308,-1.7856555,-2.7718353,3,walking
1519421636149,-11.944264,-1.9388485,-2.8101335,3,walking
1519421636154,-11.810221,-2.3505547,-2.9154537,3,walking
1519421636159,-11.810221,-2.580344,-2.9537518,3,walking
1519421636164,-11.580431,-2.5994933,-2.819708,3,walking
1519421636170,-11.580431,-2.647366,-3.0111992,3,walking
1519421636175,-11.05383,-2.819708,-3.193116,3,walking
1519421636180,-10.517654,-2.819708,-3.212265,3,walking
1519421636185,-10.82404,-2.8580062,-3.0877957,3,walking
1519421636193,-11.207023,-2.9154537,-2.7622607,3,walking
1519421636198,-11.226172,-2.7431116,-2.6569405,3,walking
1519421636244,-9.991054,-1.2686293,-2.321831,3,walking
1519421636249,-10.000628,-0.9526688,-2.4845984,3,walking
1519421636254,-9.454879,-0.512239,-2.6856642,3,walking
1519421636259,-9.454879,-0.512239,-2.6856642,3,walking
1519421636263,-9.435729,-0.2154276,-2.8580062,3,walking
1519421636268,-9.512326,-0.16755481,-2.666515,3,walking
1519421636277,-9.320834,-0.0718092,-2.34098,3,walking
1519421636283,-8.688913,0.062234644,-2.4367256,3,walking
1519421636288,-8.372953,0.110107444,-2.5420458,3,walking
1519421636293,-8.037844,-0.15798025,-2.6377914,3,walking
1519421636298,-7.855927,-0.45479164,-2.5707695,3,walking
1519421636303,-7.769756,-0.7228793,-2.6282167,3,walking
1519421636307,-7.635712,-0.92394507,-2.733537,3,walking
1519421636314,-7.3197513,-1.2782038,-2.819708,3,walking
1519421636318,-7.281453,-1.4505459,-2.9441774,3,walking
1519421636327,-7.3676243,-1.7665064,-3.078221,3,walking
1519421636333,-7.3197513,-2.2165108,-3.0494976,3,walking
1519421636338,-7.310177,-2.427151,-2.9920502,3,walking
1519421636343,-7.3006024,-2.5420458,-2.9154537,3,walking
1519421636348,-7.2623043,-2.666515,-2.9346027,3,walking
1519421636353,-7.2623043,-2.733537,-2.7718353,3,walking
1519421636359,-7.2144313,-2.7909844,-2.733537,3,walking
1519421636364,-7.1857076,-2.8580062,-2.6090677,3,walking
1519421636368,-7.137835,-2.905879,-2.6569405,3,walking
1519421636373,-7.051664,-2.972901,-2.580344,3,walking
1519421636378,-6.9559183,-3.0111992,-2.5324712,3,walking
1519421636384,-6.9271946,-2.9346027,-2.5228968,3,walking
1519421636388,-6.898471,-2.8963046,-2.513322,3,walking
1519421636393,-6.8122997,-2.819708,-2.4845984,3,walking
1519421636398,-6.8027253,-2.733537,-2.513322,3,walking
1519421636404,-6.6591067,-2.6377914,-2.4558747,3,walking
1519421636409,-6.6016593,-2.5324712,-2.4558747,3,walking
1519421636413,-6.563361,-2.3984275,-2.4558747,3,walking
1519421636418,-6.5059137,-2.2739582,-2.3697038,3,walking
1519421636423,-6.458041,-2.0728924,-2.2835326,3,walking
1519421636428,-6.4197426,-1.9579976,-2.2452345,3,walking
1519421636437,-6.4197426,-1.8526775,-2.1399143,3,walking
1519421636443,-6.4005938,-1.8048047,-2.0728924,3,walking
1519421636448,-6.391019,-1.79523,-2.0824668,3,walking
1519421636453,-6.4005938,-1.7377827,-1.9675722,3,walking
1519421636458,-6.333572,-1.7377827,-1.948423,3,walking
1519421636463,-6.304848,-1.7186337,-1.929274,3,walking
1519421636467,-6.333572,-1.6994845,-1.8526775,3,walking
1519421636473,-6.2952733,-1.6324625,-1.79523,3,walking
1519421636478,-6.2761245,-1.6133134,-1.7569319,3,walking
1519421636482,-6.3144226,-1.5941644,-1.7186337,3,walking
1519421636488,-6.323997,-1.5750152,-1.7377827,3,walking
1519421636494,-6.438892,-1.6037389,-1.7665064,3,walking
1519421636499,-6.486765,-1.6133134,-1.7856555,3,walking
1519421636504,-6.678256,-1.6324625,-1.7377827,3,walking
1519421636509,-6.678256,-1.6324625,-1.7377827,3,walking
1519421636513,-6.975067,-1.6516117,-1.8431029,3,walking
1519421636518,-7.1186857,-1.7377827,-1.79523,3,walking
1519421636522,-7.3389006,-1.7665064,-1.8143792,3,walking
1519421636527,-7.5591154,-1.8239537,-1.8143792,3,walking
1519421636533,-7.9516726,-1.9101248,-1.79523,3,walking
1519421636538,-8.152739,-1.9962958,-1.7569319,3,walking
1519421636543,-8.583593,-2.1207652,-1.6803354,3,walking
1519421636548,-8.7750845,-2.187787,-1.6994845,3,walking
1519421636553,-8.966576,-2.2260852,-1.6803354,3,walking
1519421636558,-9.158067,-2.2739582,-1.6516117,3,walking
1519421636563,-9.31126,-2.3888528,-1.5654407,3,walking
1519421636568,-9.397431,-2.4463003,-1.5175679,3,walking
1519421636573,-9.426155,-2.4463003,-1.4601204,3,walking
1519421636579,-9.41658,-2.4558747,-1.4505459,3,walking
1519421636584,-9.41658,-2.4463003,-1.4026731,3,walking
1519421636589,-9.41658,-2.4175766,-1.3739494,3,walking
1519421636594,-9.445304,-2.3505547,-1.3739494,3,walking
1519421636599,-9.445304,-2.3505547,-1.3739494,3,walking
1519421636604,-9.407005,-2.3026817,-1.3643749,3,walking
1519421636609,-9.368708,-2.34098,-1.3069274,3,walking
1519421636614,-9.31126,-2.3122563,-1.1728836,3,walking
1519421636619,-9.320834,-2.3888528,-1.0675635,3,walking
1519421636624,-9.320834,-2.4367256,-1.0005416,3,walking
1519421636629,-9.407005,-2.5516202,-0.76117754,3,walking
1519421636637,-9.62722,-2.5707695,-0.59841,3,walking
1519421636642,-9.799562,-2.6090677,-0.5792609,3,walking
1519421636648,-10.000628,-2.6090677,-0.56011176,3,walking
1519421636653,-10.814466,-2.4654493,-0.64628285,3,walking
1519421636658,-11.341067,-2.4367256,-0.7420284,3,walking
1519421636663,-11.925115,-2.3984275,-0.8952214,3,walking
1519421636668,-12.537887,-2.3888528,-0.99096704,3,walking
1519421636675,-13.323001,-2.580344,-1.1250108,3,walking
1519421636680,-13.485768,-2.733537,-1.1058618,3,walking
1519421636685,-13.284702,-2.9250283,-0.98139244,3,walking
1519421636695,-12.997466,-2.88673,-0.85692316,3,walking
1519421636699,-12.815549,-2.819708,-0.90479594,3,walking
1519421636703,-12.490014,-2.5707695,-0.98139244,3,walking
1519421636726,-10.804892,-2.2452345,-1.0675635,3,walking
1519421636732,-10.594251,-2.101616,-1.14416,3,walking
1519421636737,-10.383611,-1.9962958,-1.14416,3,walking
1519421636743,-10.19212,-1.9005502,-1.2016073,3,walking
1519421636747,-10.010203,-1.6516117,-1.1728836,3,walking
1519421636752,-9.991054,-1.5558661,-1.3069274,3,walking
1519421636757,-10.038927,-1.5367169,-1.3452257,3,walking
1519421636763,-10.412334,-1.5654407,-1.4601204,3,walking
1519421636767,-10.757019,-1.5367169,-1.469695,3,walking
1519421636776,-11.455961,-1.5367169,-1.3548003,3,walking
1519421636783,-12.288948,-1.7186337,-1.2303311,3,walking
1519421636787,-12.6527815,-1.862252,-1.1920328,3,walking
1519421636793,-13.275128,-2.254809,-1.0962871,3,walking
1519421636798,-13.552791,-2.3888528,-1.1537346,3,walking
1519421636802,-13.801729,-2.4558747,-1.2111819,3,walking
1519421636807,-13.868751,-2.4845984,-1.2877784,3,walking
1519421636813,-13.801729,-2.4845984,-1.5367169,3,walking
1519421636817,-13.753856,-2.4463003,-1.7377827,3,walking
1519421636845,-12.5474615,-2.2165108,-2.752686,3,walking
1519421636850,-12.413418,-2.149489,-2.7814097,3,walking
1519421636854,-12.145329,-2.1399143,-2.8388572,3,walking
1519421636859,-11.819795,-2.2643836,-2.8771553,3,walking
1519421636863,-11.532558,-2.360129,-2.819708,3,walking
1519421636867,-11.26447,-2.4845984,-2.7431116,3,walking
1519421636872,-11.005958,-2.580344,-2.6186423,3,walking
1519421636877,-10.412334,-2.6090677,-2.2452345,3,walking
1519421636882,-9.876159,-2.6186423,-1.9196993,3,walking
1519421636887,-9.64637,-2.5899186,-1.776081,3,walking
1519421636892,-9.41658,-2.5707695,-1.5654407,3,walking
1519421636897,-9.138918,-2.647366,-1.4409714,3,walking
1519421636903,-8.928278,-2.6952388,-1.3548003,3,walking
1519421636907,-8.526146,-2.7718353,-1.1824582,3,walking
1519421636911,-8.210186,-2.867581,-1.0962871,3,walking
1519421636917,-7.999545,-2.8963046,-0.9526688,3,walking
1519421636923,-7.7601814,-2.9441774,-0.92394507,3,walking
1519421636927,-7.434646,-2.8963046,-0.8281995,3,walking
1519421636931,-7.2240057,-2.9154537,-0.8186249,3,walking
1519421636936,-7.1474094,-2.867581,-0.76117754,3,walking
1519421636943,-7.0133657,-2.7814097,-0.8664977,3,walking
1519421636948,-6.936769,-2.733537,-0.8473486,3,walking
1519421636953,-6.7931504,-2.666515,-0.91437054,3,walking
1519421636958,-6.716554,-2.6569405,-0.9718179,3,walking
1519421636963,-6.716554,-2.6569405,-1.0292653,3,walking
1519421636967,-6.7261286,-2.6282167,-1.0962871,3,walking
1519421636972,-6.6878304,-2.7239625,-1.2303311,3,walking
1519421636977,-6.6878304,-2.6952388,-1.2494801,3,walking
1519421636982,-6.630383,-2.7048132,-1.3739494,3,walking
1519421636987,-6.6208086,-2.7431116,-1.4313968,3,walking
1519421636992,-6.563361,-2.752686,-1.4888442,3,walking
1519421636997,-6.525063,-2.8101335,-1.5175679,3,walking
1519421637001,-6.5729356,-2.8580062,-1.5845897,3,walking
1519421637007,-6.5537868,-2.8963046,-1.6516117,3,walking
1519421637012,-6.563361,-2.905879,-1.709059,3,walking
1519421637018,-6.6016593,-2.905879,-1.709059,3,walking
1519421637022,-6.611234,-2.88673,-1.6994845,3,walking
1519421637027,-6.668681,-2.8580062,-1.6516117,3,walking
1519421637032,-6.8410234,-2.7909844,-1.6133134,3,walking
1519421637037,-6.9080453,-2.800559,-1.622888,3,walking
1519421637042,-7.1091113,-2.752686,-1.5558661,3,walking
1519421637048,-7.2144313,-2.714388,-1.5079932,3,walking
1519421637053,-7.281453,-2.7718353,-1.4792696,3,walking
1519421637058,-7.4059224,-2.7431116,-1.4792696,3,walking
1519421637063,-7.635712,-2.7048132,-1.3548003,3,walking
1519421637068,-7.7506065,-2.7048132,-1.3452257,3,walking
1519421637073,-7.922949,-2.666515,-1.2590547,3,walking
1519421637078,-8.047418,-2.647366,-1.2494801,3,walking
1519421637083,-8.2676325,-2.580344,-1.1537346,3,walking
1519421637088,-8.401677,-2.5037475,-1.0675635,3,walking
1519421637092,-8.4686985,-2.3984275,-1.0579889,3,walking
1519421637096,-8.516571,-2.3314054,-1.0675635,3,walking
1519421637102,-8.641041,-2.2643836,-0.9430942,3,walking
1519421637107,-8.6697645,-2.2165108,-0.90479594,3,walking
1519421637116,-8.66019,-2.2165108,-0.8760723,3,walking
1519421637122,-8.755936,-2.1303396,-0.85692316,3,walking
1519421637127,-8.794233,-2.1111906,-0.83777404,3,walking
1519421637132,-8.899554,-2.0824668,-0.8186249,3,walking
1519421637137,-8.918703,-2.0250196,-0.8186249,3,walking
1519421637142,-8.937852,-2.0250196,-0.8952214,3,walking
1519421637147,-8.995299,-1.9675722,-0.90479594,3,walking
1519421637152,-9.138918,-1.9101248,-0.9718179,3,walking
1519421637158,-9.234664,-1.862252,-0.98139244,3,walking
1519421637163,-9.2825365,-1.8526775,-1.0101161,3,walking
1519421637168,-9.349558,-1.8431029,-1.0005416,3,walking
1519421637173,-9.474028,-1.8048047,-1.0484143,3,walking
1519421637178,-9.512326,-1.7856555,-1.0675635,3,walking
1519421637182,-9.560199,-1.7473572,-1.0867126,3,walking
1519421637187,-9.617646,-1.709059,-1.1250108,3,walking
1519421637192,-9.828286,-1.6324625,-1.1537346,3,walking
1519421637198,-9.933606,-1.5750152,-1.1633091,3,walking
1519421637203,-10.287866,-1.4505459,-1.1728836,3,walking
1519421637208,-10.287866,-1.4505459,-1.1728836,3,walking
1519421637213,-10.728295,-1.4601204,-1.2016073,3,walking
1519421637218,-11.015532,-1.5175679,-1.1250108,3,walking
1519421637224,-11.590006,-1.6994845,-1.0675635,3,walking
1519421637228,-11.82937,-1.8048047,-1.0196906,3,walking
1519421637233,-12.030436,-1.8814012,-0.92394507,3,walking
1519421637239,-12.269799,-2.034594,-0.8281995,3,walking
1519421637244,-12.413418,-2.0920415,-0.78032666,3,walking
1519421637249,-12.528313,-2.149489,-0.7228793,3,walking
1519421637254,-12.738953,-2.168638,-0.751603,3,walking
1519421637261,-12.777251,-2.101616,-0.7324539,3,walking
1519421637266,-12.7964,-1.929274,-0.9526688,3,walking
1519421637271,-12.777251,-1.8431029,-1.0771381,3,walking
1519421637277,-12.758101,-1.7473572,-1.1824582,3,walking
1519421637282,-12.528313,-1.5558661,-1.469695,3,walking
1519421637288,-12.451715,-1.4888442,-1.5175679,3,walking
1519421637293,-12.269799,-1.2686293,-1.622888,3,walking
1519421637297,-12.269799,-1.2686293,-1.622888,3,walking
1519421637302,-12.154904,-1.1154363,-1.862252,3,walking
1519421637306,-12.193203,-1.0388398,-2.0728924,3,walking
1519421637312,-12.67193,-1.0292653,-2.4558747,3,walking
1519421637317,-13.102786,-1.0675635,-2.6186423,3,walking
1519421637321,-13.102786,-1.0675635,-2.6186423,3,walking
1519421637328,-13.686834,-1.5271424,-2.647366,3,walking
1519421637333,-13.945347,-2.3122563,-2.187787,3,walking
1519421637338,-13.907049,-2.7814097,-1.9196993,3,walking
1519421637343,-13.571939,-3.5856729,-1.469695,3,walking
1519421637391,-10.584677,-3.2601378,-1.622888,3,walking
1519421637396,-10.220843,-2.8580062,-1.5175679,3,walking
1519421637402,-9.847435,-2.5420458,-1.3643749,3,walking
1519421637407,-9.75169,-2.3314054,-1.2877784,3,walking
1519421637412,-9.64637,-2.2165108,-1.2686293,3,walking
1519421637416,-9.531475,-2.0633178,-1.2399056,3,walking
1519421637422,-9.445304,-1.8814012,-1.2303311,3,walking
1519421637426,-9.2825365,-1.7569319,-1.2111819,3,walking
1519421637431,-9.359133,-1.6611862,-1.2973529,3,walking
1519421637436,-9.474028,-1.5558661,-1.3260766,3,walking
1519421637442,-9.713391,-1.5079932,-1.5367169,3,walking
1519421637447,-9.914457,-1.4409714,-1.6133134,3,walking
1519421637452,-10.125097,-1.4122477,-1.6994845,3,walking
1519421637456,-10.29744,-1.4313968,-1.7856555,3,walking
1519421637462,-10.632549,-1.5558661,-2.0537431,3,walking
1519421637467,-10.852764,-1.622888,-2.1399143,3,walking
1519421637472,-11.254896,-1.8048047,-2.1973617,3,walking
1519421637477,-11.360216,-1.9771467,-2.3122563,3,walking
1519421637482,-11.379365,-2.1111906,-2.427151,3,walking
1519421637487,-11.398514,-2.34098,-2.561195,3,walking
1519421637492,-11.503835,-2.5994933,-2.7048132,3,walking
1519421637497,-11.695326,-2.9154537,-2.800559,3,walking
1519421637502,-11.800646,-3.039923,-2.9920502,3,walking
1519421637507,-11.618729,-3.078221,-3.0973704,3,walking
1519421637512,-10.94851,-2.733537,-2.6569405,3,walking
1519421637516,-10.804892,-2.819708,-2.7909844,3,walking
1519421637521,-10.833615,-2.8484318,-3.039923,3,walking
1519421637528,-10.795317,-2.752686,-3.0973704,3,walking
1519421637533,-10.5080805,-2.475024,-2.8484318,3,walking
1519421637537,-10.498506,-2.408002,-2.647366,3,walking
1519421637541,-10.594251,-2.4558747,-2.647366,3,walking
1519421637579,-9.5889225,-1.5750152,-1.7665064,3,walking
1519421637586,-9.655944,-1.3930986,-1.8239537,3,walking
1519421637594,-9.41658,-1.2973529,-1.79523,3,walking
1519421637601,-9.225089,-1.3643749,-1.8718265,3,walking
1519421637607,-9.158067,-1.3643749,-1.9196993,3,walking
1519421637616,-9.110194,-1.5558661,-2.149489,3,walking
1519421637622,-9.091045,-1.8526775,-2.3792782,3,walking
1519421637626,-9.0814705,-1.9962958,-2.5516202,3,walking
1519421637631,-9.024023,-2.1399143,-2.6760898,3,walking
1519421637636,-8.995299,-2.2069361,-2.733537,3,walking
1519421637642,-8.842107,-2.3314054,-2.7814097,3,walking
1519421637647,-8.755936,-2.3505547,-2.8484318,3,walking
1519421637652,-8.679339,-2.494173,-2.9920502,3,walking
1519421637657,-8.679339,-2.5324712,-3.020774,3,walking
1519421637661,-8.593168,-2.5994933,-3.020774,3,walking
1519421637667,-8.55487,-2.6569405,-3.059072,3,walking
1519421637672,-8.420826,-2.733537,-3.078221,3,walking
1519421637676,-8.32508,-2.7431116,-3.0973704,3,walking
1519421637681,-8.21976,-2.7909844,-3.039923,3,walking
1519421637686,-8.23891,-2.7431116,-3.0303483,3,walking
1519421637691,-8.181462,-2.752686,-3.0303483,3,walking
1519421637697,-8.076141,-2.6856642,-2.9441774,3,walking
1519421637701,-8.076141,-2.647366,-2.9250283,3,walking
1519421637707,-7.999545,-2.666515,-2.88673,3,walking
1519421637712,-7.894225,-2.5994933,-2.819708,3,walking
1519421637717,-7.8846507,-2.5228968,-2.7814097,3,walking
1519421637721,-7.8272033,-2.5037475,-2.647366,3,walking
1519421637726,-7.8272033,-2.5037475,-2.647366,3,walking
1519421637731,-7.769756,-2.408002,-2.561195,3,walking
1519421637737,-7.7793303,-2.3792782,-2.5994933,3,walking
1519421637742,-7.6835847,-2.3792782,-2.5420458,3,walking
1519421637747,-7.702734,-2.3505547,-2.5420458,3,walking
1519421637752,-7.6452866,-2.321831,-2.513322,3,walking
1519421637757,-7.6261373,-2.34098,-2.494173,3,walking
1519421637763,-7.587839,-2.2643836,-2.561195,3,walking
1519421637767,-7.5399666,-2.2931073,-2.5037475,3,walking
1519421637773,-7.549541,-2.2931073,-2.5994933,3,walking
1519421637777,-7.549541,-2.2931073,-2.5994933,3,walking
1519421637782,-7.46337,-2.34098,-2.5994933,3,walking
1519421637786,-7.501668,-2.2739582,-2.6186423,3,walking
1519421637791,-7.587839,-2.2069361,-2.666515,3,walking
1519421637796,-7.5591154,-2.2069361,-2.647366,3,walking
1519421637801,-7.6261373,-2.149489,-2.6952388,3,walking
1519421637806,-7.702734,-2.1207652,-2.7239625,3,walking
1519421637811,-7.8655014,-2.0824668,-2.733537,3,walking
1519421637816,-7.894225,-2.0633178,-2.666515,3,walking
1519421637822,-7.961247,-2.0633178,-2.6186423,3,walking
1519421637827,-8.037844,-2.0728924,-2.5516202,3,walking
1519421637831,-8.11444,-2.1207652,-2.5037475,3,walking
1519421637836,-8.258059,-2.1782124,-2.360129,3,walking
1519421637841,-8.34423,-2.2452345,-2.254809,3,walking
1519421637846,-8.372953,-2.2931073,-2.1303396,3,walking
1519421637851,-8.382527,-2.360129,-1.8239537,3,walking
1519421637857,-8.353804,-2.4463003,-1.6611862,3,walking
1519421637862,-8.363379,-2.475024,-1.5654407,3,walking
1519421637867,-8.420826,-2.561195,-1.4601204,3,walking
1519421637872,-8.420826,-2.580344,-1.383524,3,walking
1519421637877,-8.497422,-2.580344,-1.3452257,3,walking
1519421637883,-8.478273,-2.5324712,-1.4313968,3,walking
1519421637888,-8.478273,-2.494173,-1.4888442,3,walking
1519421637893,-8.439975,-2.4367256,-1.4888442,3,walking
1519421637898,-8.392102,-2.321831,-1.5271424,3,walking
1519421637903,-8.411251,-2.2260852,-1.5941644,3,walking
1519421637908,-8.401677,-2.187787,-1.5750152,3,walking
1519421637913,-8.420826,-2.0633178,-1.5558661,3,walking
1519421637918,-8.420826,-2.0633178,-1.5558661,3,walking
1519421637922,-8.5740185,-2.0920415,-1.4409714,3,walking
1519421637926,-8.641041,-2.101616,-1.3452257,3,walking
1519421637931,-8.650616,-2.1207652,-1.2590547,3,walking
1519421637936,-8.66019,-2.2452345,-1.14416,3,walking
1519421637941,-8.66019,-2.3026817,-0.9430942,3,walking
1519421637946,-8.621892,-2.4463003,-0.5313881,3,walking
1519421637951,-8.583593,-2.6282167,-0.10053288,3,walking
1519421637957,-8.583593,-2.6282167,-0.10053288,3,walking
1519421637961,-8.621892,-2.800559,0.2441513,3,walking
1519421637967,-8.6697645,-2.8580062,0.3398969,3,walking
1519421637972,-8.736787,-2.9441774,0.54096264,3,walking
1519421637977,-8.813383,-2.9633265,0.59841,3,walking
1519421637983,-9.004874,-2.905879,0.5888355,3,walking
1519421637987,-9.703817,-2.6569405,0.37819514,3,walking
1519421637993,-10.211268,-2.513322,0.18670394,3,walking
1519421637997,-10.71872,-2.3697038,0.014361841,3,walking
1519421638002,-11.59958,-2.254809,-0.5313881,3,walking
1519421638008,-11.867668,-2.2260852,-0.70373017,3,walking
1519421638013,-11.953838,-2.2165108,-0.8473486,3,walking
1519421638020,-11.858093,-2.1111906,-1.0292653,3,walking
1519421638026,-11.714475,-1.9962958,-0.99096704,3,walking
1519421638031,-11.226172,-1.862252,-0.99096704,3,walking
1519421638036,-10.958084,-1.8814012,-0.92394507,3,walking
1519421638072,-8.363379,-1.7665064,-0.4164934,3,walking
1519421638080,-8.305931,-1.5271424,-0.5505372,3,walking
1519421638087,-8.708063,-1.2973529,-0.85692316,3,walking
1519421638094,-9.138918,-1.1250108,-1.0196906,3,walking
1519421638103,-10.163396,-0.93351966,-1.3643749,3,walking
1519421638107,-10.709146,-0.8473486,-1.5750152,3,walking
1519421638115,-11.838944,-0.9526688,-1.7186337,3,walking
1519421638123,-12.8538475,-1.3930986,-1.6133134,3,walking
1519421638166,-13.34215,-3.4803526,-0.3877697,3,walking
1519421638174,-12.604909,-3.2697124,-0.50266445,3,walking
1519421638182,-11.915541,-3.0494976,-0.6845811,3,walking
1519421638187,-11.590006,-2.9346027,-0.78990126,3,walking
1519421638194,-11.063405,-2.7239625,-1.0005416,3,walking
1519421638198,-10.795317,-2.5228968,-1.0867126,3,walking
1519421638203,-10.565528,-2.2931073,-1.14416,3,walking
1519421638245,-8.487848,-1.3069274,-0.8281995,3,walking
1519421638253,-8.171887,-1.6133134,-0.71330476,3,walking
1519421638261,-7.7793303,-1.6324625,-0.54096264,3,walking
1519421638267,-7.5782647,-1.6420372,-0.40691882,3,walking
1519421638271,-7.434646,-1.7282082,-0.42606795,3,walking
1519421638276,-7.3389006,-1.8909757,-0.5218136,3,walking
1519421638280,-7.310177,-2.0441687,-0.6079846,3,walking
1519421638286,-7.2718787,-2.3505547,-0.70373017,3,walking
1519421638291,-7.2335806,-2.475024,-0.7994758,3,walking
1519421638295,-7.137835,-2.580344,-0.85692316,3,walking
1519421638301,-7.003791,-2.666515,-0.8090504,3,walking
1519421638305,-6.9559183,-2.819708,-0.9526688,3,walking
1519421638310,-6.9654927,-2.8771553,-1.0005416,3,walking
1519421638315,-7.003791,-2.9633265,-1.0579889,3,walking
1519421638320,-7.0612383,-3.078221,-1.1154363,3,walking
1519421638326,-7.0612383,-3.0877957,-1.1154363,3,walking
1519421638332,-7.0803876,-3.1069448,-1.0484143,3,walking
1519421638337,-7.0803876,-3.0877957,-1.0292653,3,walking
1519421638342,-7.137835,-3.0303483,-0.9526688,3,walking
1519421638347,-7.1474094,-3.0111992,-0.90479594,3,walking
1519421638353,-7.156984,-2.9441774,-0.8952214,3,walking
1519421638357,-7.137835,-2.972901,-0.85692316,3,walking
1519421638363,-7.1665583,-2.9441774,-0.71330476,3,walking
1519421638367,-7.204857,-2.9441774,-0.70373017,3,walking
1519421638372,-7.2240057,-2.9154537,-0.59841,3,walking
1519421638376,-7.2335806,-2.905879,-0.512239,3,walking
1519421638380,-7.2527294,-2.9154537,-0.46436617,3,walking
1519421638385,-7.2335806,-2.867581,-0.47394073,3,walking
1519421638390,-7.2623043,-2.8484318,-0.42606795,3,walking
1519421638395,-7.2718787,-2.7814097,-0.34947145,3,walking
1519421638400,-7.3389006,-2.752686,-0.32074776,3,walking
1519421638405,-7.3867736,-2.666515,-0.2920241,3,walking
1519421638410,-7.5303917,-2.6090677,-0.2920241,3,walking
1519421638416,-7.5974135,-2.5516202,-0.3111732,3,walking
1519421638420,-7.7601814,-2.5707695,-0.33032233,3,walking
1519421638425,-7.9037995,-2.6090677,-0.359046,3,walking
1519421638430,-7.999545,-2.6282167,-0.359046,3,walking
1519421638435,-8.066567,-2.6377914,-0.3398969,3,walking
1519421638440,-8.258059,-2.666515,-0.32074776,3,walking
1519421638445,-8.420826,-2.6760898,-0.32074776,3,walking
1519421638451,-8.650616,-2.6569405,-0.32074776,3,walking
1519421638456,-8.650616,-2.6569405,-0.32074776,3,walking
1519421638460,-8.794233,-2.6760898,-0.3398969,3,walking
1519421638465,-9.043172,-2.580344,-0.3877697,3,walking
1519421638470,-9.148493,-2.5420458,-0.36862057,3,walking
1519421638475,-9.263388,-2.4654493,-0.37819514,3,walking
1519421638480,-9.608071,-2.2643836,-0.5313881,3,walking
1519421638485,-9.732541,-2.187787,-0.5505372,3,walking
1519421638490,-9.914457,-2.0728924,-0.6079846,3,walking
1519421638495,-10.105948,-1.9771467,-0.70373017,3,walking
1519421638500,-10.450633,-1.862252,-0.8090504,3,walking
1519421638505,-10.555953,-1.8143792,-0.8664977,3,walking
1519421638510,-10.938935,-1.6611862,-1.0005416,3,walking
1519421638515,-11.044255,-1.6611862,-1.0005416,3,walking
1519421638520,-11.130426,-1.6133134,-1.0005416,3,walking
1519421638525,-11.226172,-1.5558661,-1.0579889,3,walking
1519421638530,-11.26447,-1.5558661,-1.0675635,3,walking
1519421638535,-11.398514,-1.5558661,-1.1058618,3,walking
1519421638541,-11.475111,-1.6037389,-1.14416,3,walking
1519421638546,-11.542132,-1.7282082,-1.2111819,3,walking
1519421638550,-11.838944,-1.9771467,-1.4218222,3,walking
1519421638555,-11.963413,-2.1111906,-1.469695,3,walking
1519421638560,-12.078308,-2.2452345,-1.5271424,3,walking
1519421638565,-12.068733,-2.34098,-1.5462915,3,walking
1519421638570,-12.011286,-2.5324712,-1.5079932,3,walking
1519421638575,-11.915541,-2.561195,-1.4409714,3,walking
1519421638580,-11.877242,-2.580344,-1.3643749,3,walking
1519421638585,-11.771922,-2.5707695,-1.3069274,3,walking
1519421638590,-11.570856,-2.4367256,-1.2399056,3,walking
1519421638595,-11.465536,-2.3122563,-1.1728836,3,walking
1519421638600,-11.398514,-2.1590633,-1.1250108,3,walking
1519421638605,-11.312344,-1.8048047,-1.0484143,3,walking
1519421638610,-11.312344,-1.5654407,-1.0101161,3,walking
1519421638614,-11.274045,-1.3643749,-1.0005416,3,walking
1519421638620,-11.111278,-1.0292653,-1.0196906,3,walking
1519421638625,-11.015532,-0.8952214,-1.0579889,3,walking
1519421638631,-11.025106,-0.77075213,-1.2303311,3,walking
1519421638636,-11.025106,-0.77075213,-1.2303311,3,walking
1519421638640,-11.140001,-0.751603,-1.3356512,3,walking
1519421638645,-11.771922,-0.5888355,-1.8048047,3,walking
1519421638650,-12.231501,-0.54096264,-2.101616,3,walking
1519421638655,-12.777251,-0.5792609,-2.3314054,3,walking
1519421638662,-14.136839,-1.1633091,-2.475024,3,walking
1519421638667,-14.261308,-1.5654407,-2.3697038,3,walking
1519421638672,-14.261308,-1.9388485,-2.3122563,3,walking
1519421638676,-14.261308,-1.9388485,-2.3122563,3,walking
1519421638714,-10.565528,-3.3175852,-1.5750152,3,walking
1519421638723,-10.105948,-2.867581,-1.7377827,3,walking
1519421638731,-9.742115,-2.3026817,-1.6611862,3,walking
1519421638736,-9.560199,-2.0537431,-1.6803354,3,walking
1519421638740,-9.359133,-1.5558661,-1.622888,3,walking
1519421638745,-9.359133,-1.5558661,-1.622888,3,walking
1519421638750,-9.368708,-1.0771381,-1.5750152,3,walking
1519421638755,-9.339984,-0.91437054,-1.5558661,3,walking
1519421638760,-9.397431,-0.6079846,-1.5271424,3,walking
1519421638765,-9.464453,-0.42606795,-1.6133134,3,walking
1519421638769,-9.531475,-0.2920241,-1.6611862,3,walking
1519421638775,-9.885734,-0.023936402,-1.8431029,3,walking
1519421638780,-10.134672,0.00478728,-1.9867213,3,walking
1519421638785,-10.441058,-0.0718092,-2.2452345,3,walking
1519421638791,-10.92936,-0.30159867,-2.5516202,3,walking
1519421638797,-11.149575,-0.49308985,-2.7718353,3,walking
1519421638802,-11.312344,-0.665432,-2.8484318,3,walking
1519421638807,-11.695326,-1.0771381,-2.88673,3,walking
1519421638812,-11.714475,-1.4409714,-3.059072,3,walking
1519421638817,-11.609155,-1.7473572,-3.0016246,3,walking
1519421638822,-11.609155,-1.8909757,-2.7909844,3,walking
1519421638827,-11.72405,-2.1207652,-2.3122563,3,walking
1519421638833,-11.762347,-2.3026817,-2.2643836,3,walking
1519421638843,-11.685751,-2.9537518,-2.101616,3,walking
1519421638848,-11.628304,-3.0973704,-2.0250196,3,walking
1519421638853,-11.455961,-3.1356685,-1.9675722,3,walking
1519421638858,-10.967659,-2.9633265,-1.7473572,3,walking
1519421638863,-10.728295,-2.8101335,-1.6133134,3,walking
1519421638874,-10.19212,-2.4463003,-1.6420372,3,walking
1519421638878,-10.029352,-2.3314054,-1.6899099,3,walking
1519421638884,-9.876159,-2.168638,-1.6133134,3,walking
1519421638888,-9.636795,-1.776081,-1.6133134,3,walking
1519421638894,-9.407005,-1.6420372,-1.5750152,3,walking
1519421638899,-9.31126,-1.5175679,-1.6037389,3,walking
1519421638904,-9.129343,-1.4601204,-1.6324625,3,walking
1519421638909,-9.014449,-1.3548003,-1.6611862,3,walking
1519421638914,-8.784659,-1.3452257,-1.8431029,3,walking
1519421638919,-8.641041,-1.2877784,-1.8431029,3,walking
1519421638924,-8.526146,-1.2973529,-1.8143792,3,walking
1519421638930,-8.258059,-1.2399056,-1.6803354,3,walking
1519421638935,-8.21976,-1.2303311,-1.6899099,3,walking
1519421638940,-8.171887,-1.1537346,-1.622888,3,walking
1519421638945,-8.095291,-1.2494801,-1.8239537,3,walking
1519421638950,-7.9133744,-1.3643749,-1.7665064,3,walking
1519421638955,-7.8272033,-1.4505459,-1.6803354,3,walking
1519421638960,-7.7984796,-1.4984187,-1.7282082,3,walking
1519421638965,-7.8176284,-1.5558661,-1.7377827,3,walking
1519421638970,-7.7793303,-1.6611862,-1.8814012,3,walking
1519421638976,-7.7123084,-1.6803354,-1.9101248,3,walking
1519421638981,-7.7123084,-1.6803354,-1.948423,3,walking
1519421638986,-7.7314577,-1.6994845,-1.9962958,3,walking
1519421638991,-7.769756,-1.776081,-2.1590633,3,walking
1519421638996,-7.7793303,-1.8335283,-2.2739582,3,walking
1519421639001,-7.7984796,-1.8814012,-2.2739582,3,walking
1519421639006,-7.788905,-1.929274,-2.321831,3,walking
1519421639012,-7.8272033,-2.0250196,-2.427151,3,walking
1519421639022,-7.7123084,-2.2931073,-2.4654493,3,walking
1519421639027,-7.5974135,-2.408002,-2.3792782,3,walking
1519421639032,-7.5399666,-2.4654493,-2.2931073,3,walking
1519421639037,-7.5208173,-2.561195,-2.2452345,3,walking
1519421639042,-7.482519,-2.5994933,-2.149489,3,walking
1519421639047,-7.4442205,-2.666515,-2.149489,3,walking
1519421639053,-7.434646,-2.800559,-2.1303396,3,walking
1519421639057,-7.4442205,-2.8771553,-2.0920415,3,walking
1519421639063,-7.4250717,-2.867581,-2.0441687,3,walking
1519421639068,-7.3867736,-2.8771553,-2.0633178,3,walking
1519421639073,-7.348475,-2.6760898,-2.1111906,3,walking
1519421639078,-7.3197513,-2.5994933,-2.0824668,3,walking
1519421639083,-7.310177,-2.475024,-2.1399143,3,walking
1519421639088,-7.3771987,-2.34098,-2.2069361,3,walking
1519421639094,-7.310177,-2.187787,-2.1973617,3,walking
1519421639098,-7.3676243,-2.101616,-2.2260852,3,walking
1519421639104,-7.348475,-2.034594,-2.2165108,3,walking
1519421639108,-7.3867736,-1.929274,-2.187787,3,walking
1519421639114,-7.4250717,-1.9101248,-2.1399143,3,walking
1519421639119,-7.482519,-1.9005502,-2.1303396,3,walking
1519421639124,-7.482519,-1.9101248,-2.1303396,3,walking
1519421639130,-7.5303917,-1.929274,-2.0633178,3,walking
1519421639135,-7.654861,-1.948423,-2.0728924,3,walking
1519421639141,-7.702734,-2.015445,-2.034594,3,walking
1519421639145,-7.769756,-2.0537431,-2.0537431,3,walking
1519421639150,-7.9516726,-2.101616,-2.015445,3,walking
1519421639156,-8.037844,-2.101616,-2.0250196,3,walking
1519421639161,-8.23891,-2.1399143,-2.0537431,3,walking
1519421639166,-8.32508,-2.187787,-2.101616,3,walking
1519421639172,-8.392102,-2.168638,-2.1303396,3,walking
1519421639182,-8.6697645,-2.168638,-2.2165108,3,walking
1519421639187,-8.765511,-2.1590633,-2.2452345,3,walking
1519421639192,-8.928278,-2.1207652,-2.2931073,3,walking
1519421639202,-9.3878565,-2.0441687,-2.4654493,3,walking
1519421639207,-9.550624,-2.0633178,-2.5324712,3,walking
1519421639213,-9.818711,-2.101616,-2.5994933,3,walking
1519421639217,-9.914457,-2.1207652,-2.5707695,3,walking
1519421639223,-10.077225,-2.1782124,-2.580344,3,walking
1519421639227,-10.163396,-2.187787,-2.5516202,3,walking
1519421639233,-10.374036,-2.254809,-2.4654493,3,walking
1519421639238,-10.383611,-2.3122563,-2.3122563,3,walking
1519421639243,-10.393186,-2.360129,-2.2165108,3,walking
1519421639248,-10.469782,-2.3026817,-1.948423,3,walking
1519421639254,-10.441058,-2.3122563,-1.7282082,3,walking
1519421639260,-10.354887,-2.3026817,-1.5558661,3,walking
1519421639266,-10.239992,-2.187787,-1.3356512,3,walking
1519421639271,-10.125097,-2.1782124,-1.1250108,3,walking
1519421639276,-10.029352,-2.1782124,-1.0579889,3,walking
1519421639280,-9.933606,-2.168638,-0.98139244,3,walking
1519421639285,-9.933606,-2.168638,-0.98139244,3,walking
1519421639290,-9.636795,-2.168638,-0.78032666,3,walking
1519421639295,-9.569773,-2.1207652,-0.70373017,3,walking
1519421639299,-9.531475,-2.1303396,-0.6079846,3,walking
1519421639304,-9.502751,-2.0728924,-0.56968635,3,walking
1519421639309,-9.713391,-2.0058703,-0.6558574,3,walking
1519421639315,-9.952756,-1.8909757,-0.7420284,3,walking
1519421639320,-11.034681,-1.5367169,-1.1824582,3,walking
1519421639325,-11.7049,-1.3930986,-1.5367169,3,walking
1519421639330,-12.930444,-1.2782038,-2.360129,3,walking
1519421639338,-13.150659,-1.5367169,-2.494173,3,walking
1519421639343,-12.9591675,-1.709059,-2.34098,3,walking
1519421639348,-12.624058,-1.8814012,-2.2165108,3,walking
1519421639353,-12.269799,-2.0250196,-2.1399143,3,walking
1519421639389,-8.564445,-2.752686,-1.0005416,3,walking
1519421639396,-7.7793303,-2.4367256,-0.78032666,3,walking
1519421639404,-7.281453,-2.0633178,-0.6271337,3,walking
1519421639411,-7.511243,-1.5845897,-0.61755913,3,walking
1519421639416,-7.8176284,-1.3739494,-0.5792609,3,walking
1519421639421,-8.372953,-1.1824582,-0.6750065,3,walking
1519421639425,-8.918703,-1.0771381,-0.70373017,3,walking
1519421639430,-9.560199,-0.8952214,-0.77075213,3,walking
1519421639434,-10.287866,-0.8473486,-0.92394507,3,walking
1519421639441,-11.522984,-0.8281995,-1.0962871,3,walking
1519421639451,-13.169807,-0.8760723,-1.5750152,3,walking
1519421639456,-13.552791,-0.9430942,-1.8143792,3,walking
1519421639461,-13.811303,-1.0579889,-2.0441687,3,walking
1519421639465,-13.974071,-1.1537346,-2.1782124,3,walking
1519421639470,-14.002794,-1.2877784,-2.3697038,3,walking
1519421639475,-14.002794,-1.3260766,-2.5037475,3,walking
1519421639479,-13.964497,-1.3643749,-2.580344,3,walking
1519421639484,-13.524067,-1.4505459,-2.8292825,3,walking
1519421639490,-13.323001,-1.469695,-2.972901,3,walking
1519421639494,-13.141085,-1.5079932,-3.078221,3,walking
1519421639499,-12.710229,-1.5462915,-3.1643922,3,walking
1519421639505,-12.432567,-1.4888442,-3.1356685,3,walking
1519421639510,-11.714475,-1.3739494,-2.9154537,3,walking
1519421639514,-11.714475,-1.3739494,-2.9154537,3,walking
1519421639519,-10.814466,-1.2111819,-2.4463003,3,walking
1519421639524,-10.555953,-1.1250108,-2.2165108,3,walking
1519421639529,-9.98148,-1.0579889,-1.9005502,3,walking
1519421639534,-9.98148,-1.0579889,-1.9005502,3,walking
1519421639540,-9.445304,-0.99096704,-1.6611862,3,walking
1519421639545,-9.177217,-0.9622433,-1.5654407,3,walking
1519421639549,-8.899554,-0.90479594,-1.4792696,3,walking
1519421639554,-8.430401,-0.64628285,-1.2016073,3,walking
1519421639559,-8.200611,-0.50266445,-1.0771381,3,walking
1519421639564,-7.9708214,-0.4164934,-0.99096704,3,walking
1519421639569,-7.7506065,-0.2154276,-1.0962871,3,walking
1519421639574,-7.6835847,-0.16755481,-1.2111819,3,walking
1519421639579,-7.6261373,-0.2154276,-1.2686293,3,walking
1519421639584,-7.616563,-0.2441513,-1.2782038,3,walking
1519421639589,-7.4250717,-0.46436617,-1.2782038,3,walking
1519421639595,-7.3867736,-0.61755913,-1.2494801,3,walking
1519421639599,-7.3676243,-1.0292653,-1.4984187,3,walking
1519421639604,-7.3676243,-1.0292653,-1.4984187,3,walking
1519421639609,-7.12826,-1.5271424,-1.2590547,3,walking
1519421639614,-7.02294,-1.6611862,-1.1633091,3,walking
1519421639619,-7.003791,-1.929274,-1.1250108,3,walking
1519421639624,-7.003791,-1.929274,-1.1250108,3,walking
1519421639630,-7.02294,-2.2260852,-1.2303311,3,walking
1519421639637,-7.0708127,-2.4175766,-1.2590547,3,walking
1519421639641,-7.089962,-2.3697038,-1.2590547,3,walking
1519421639646,-7.0708127,-2.2835326,-1.2590547,3,walking
1519421639650,-7.089962,-2.1111906,-1.5271424,3,walking
1519421639655,-7.089962,-2.1111906,-1.5271424,3,walking
1519421639659,-7.1474094,-2.1111906,-1.9101248,3,walking
1519421639665,-7.1665583,-2.1590633,-1.9579976,3,walking
1519421639669,-7.1474094,-2.168638,-2.0250196,3,walking
1519421639674,-7.089962,-2.168638,-2.0633178,3,walking
1519421639679,-6.9080453,-2.0920415,-2.0728924,3,walking
1519421639684,-6.8410234,-2.0441687,-2.034594,3,walking
1519421639689,-6.8601727,-1.9771467,-2.0250196,3,walking
1519421639695,-6.8601727,-1.9771467,-2.0250196,3,walking
1519421639700,-6.975067,-1.7569319,-1.776081,3,walking
1519421639705,-6.9942164,-1.6994845,-1.6611862,3,walking
1519421639709,-7.02294,-1.6611862,-1.6133134,3,walking
1519421639714,-7.02294,-1.6611862,-1.6133134,3,walking
1519421639720,-7.348475,-1.5750152,-1.4026731,3,walking
1519421639724,-7.482519,-1.6037389,-1.3548003,3,walking
1519421639729,-7.702734,-1.6516117,-1.383524,3,walking
1519421639734,-7.7984796,-1.6611862,-1.3356512,3,walking
1519421639739,-7.8655014,-1.6516117,-1.383524,3,walking
1519421639744,-7.894225,-1.6611862,-1.3739494,3,walking
1519421639749,-8.018694,-1.7282082,-1.3356512,3,walking
1519421639754,-8.037844,-1.8143792,-1.3643749,3,walking
1519421639759,-8.1623125,-2.0441687,-1.3739494,3,walking
1519421639765,-8.1623125,-2.0441687,-1.3739494,3,walking
1519421639769,-8.286782,-2.2260852,-1.4026731,3,walking
1519421639774,-8.382527,-2.3314054,-1.4122477,3,walking
1519421639779,-8.4686985,-2.4175766,-1.4026731,3,walking
1519421639784,-8.4686985,-2.4175766,-1.4026731,3,walking
1519421639790,-8.641041,-2.5228968,-1.4792696,3,walking
1519421639795,-8.679339,-2.580344,-1.5175679,3,walking
1519421639801,-8.755936,-2.5899186,-1.5558661,3,walking
1519421639811,-9.0814705,-2.6760898,-1.6420372,3,walking
1519421639816,-9.18679,-2.6090677,-1.6611862,3,walking
1519421639821,-9.378282,-2.6090677,-1.6803354,3,walking
1519421639826,-9.531475,-2.6090677,-1.622888,3,walking
1519421639830,-9.809137,-2.561195,-1.5654407,3,walking
1519421639835,-9.809137,-2.561195,-1.5654407,3,walking
1519421639839,-10.010203,-2.5037475,-1.4313968,3,walking
1519421639844,-10.134672,-2.4845984,-1.4026731,3,walking
1519421639849,-10.259142,-2.475024,-1.2877784,3,walking
1519421639855,-10.460207,-2.3505547,-1.1728836,3,walking
1519421639860,-10.833615,-2.2835326,-1.1154363,3,walking
1519421639865,-11.05383,-2.2165108,-1.0388398,3,walking
1519421639870,-11.26447,-2.254809,-1.0484143,3,walking
1519421639880,-12.087883,-2.3314054,-0.91437054,3,walking
1519421639885,-12.35597,-2.4367256,-0.85692316,3,walking
1519421639891,-12.509163,-2.513322,-0.7994758,3,walking
1519421639896,-12.892146,-2.714388,-0.6271337,3,walking
1519421639901,-12.949593,-2.7622607,-0.49308985,3,walking
1519421639906,-13.045339,-2.7814097,-0.4835153,3,walking
1519421639911,-13.13151,-2.6282167,-0.512239,3,walking
1519421639916,-13.102786,-2.4845984,-0.512239,3,walking
1519421639922,-13.064487,-2.3314054,-0.63670826,3,walking
1519421639928,-12.978316,-2.1111906,-0.77075213,3,walking
1519421639934,-12.681505,-1.6611862,-0.9718179,3,walking
1519421639939,-12.509163,-1.4026731,-1.0867126,3,walking
1519421639945,-12.135756,-0.8664977,-1.2782038,3,walking
1519421639950,-11.685751,-0.34947145,-1.4888442,3,walking
1519421639955,-11.551707,-0.0718092,-1.6324625,3,walking
1519421639960,-11.475111,0.12925656,-1.8335283,3,walking
1519421639970,-12.174053,0.36862057,-2.6569405,3,walking
1519421639975,-12.58576,0.10053288,-2.7048132,3,walking
1519421639980,-12.987891,-0.30159867,-2.513322,3,walking
1519421639986,-13.485768,-1.3548003,-1.7856555,3,walking
1519421639993,-13.476193,-1.9101248,-1.383524,3,walking
1519421639998,-13.3612995,-2.4175766,-1.1058618,3,walking
1519421640003,-13.0549135,-3.3941817,-0.5792609,3,walking
1519421640008,-12.825124,-3.7963133,-0.37819514,3,walking
1519421640013,-12.5474615,-4.045252,-0.34947145,3,walking
1519421640017,-12.212352,-4.2175937,-0.34947145,3,walking
1519421640021,-11.408089,-4.0261025,-0.54096264,3,walking
1519421640025,-11.044255,-3.8058877,-0.6271337,3,walking
1519421640030,-10.632549,-3.5569491,-0.83777404,3,walking
1519421640034,-10.632549,-3.5569491,-0.83777404,3,walking
1519421640039,-9.8953085,-2.9537518,-1.2303311,3,walking
1519421640043,-9.579348,-2.6760898,-1.4313968,3,walking
1519421640048,-8.9761505,-2.0920415,-1.6516117,3,walking
1519421640054,-8.9761505,-2.0920415,-1.6516117,3,walking
1519421640059,-8.688913,-1.3548003,-1.7856555,3,walking
1519421640064,-8.583593,-1.0196906,-1.8718265,3,walking
1519421640068,-8.612317,-0.70373017,-1.9388485,3,walking
1519421640073,-8.937852,-0.27287498,-1.9962958,3,walking
1519421640079,-9.138918,-0.23457673,-2.0058703,3,walking
1519421640083,-9.454879,-0.2154276,-2.0441687,3,walking
1519421640088,-9.933606,-0.28244954,-2.0728924,3,walking
1519421640094,-10.172971,-0.359046,-2.0920415,3,walking
1519421640098,-10.326163,-0.512239,-2.0633178,3,walking
1519421640103,-10.488931,-0.71330476,-2.0728924,3,walking
1519421640108,-10.488931,-0.71330476,-2.0728924,3,walking
1519421640113,-11.082554,-1.3643749,-1.9579976,3,walking
1519421640118,-11.532558,-1.9388485,-2.0920415,3,walking
1519421640123,-11.532558,-1.9388485,-2.0920415,3,walking
1519421640129,-11.896391,-2.5324712,-2.1782124,3,walking
1519421640134,-12.087883,-2.7814097,-2.1973617,3,walking
1519421640138,-12.394268,-3.193116,-2.254809,3,walking
1519421640143,-12.394268,-3.193116,-2.254809,3,walking
1519421640149,-12.537887,-3.384607,-2.3888528,3,walking
1519421640154,-12.595334,-3.4803526,-2.5037475,3,walking
1519421640158,-12.633633,-3.4899273,-2.8101335,3,walking
1519421640163,-12.614484,-3.4324799,-2.9346027,3,walking
1519421640169,-12.413418,-3.365458,-3.0303483,3,walking
1519421640174,-12.413418,-3.365458,-3.0303483,3,walking
1519421640178,-12.260224,-3.4803526,-3.3367343,3,walking
1519421640184,-12.221927,-3.384607,-3.346309,3,walking
1519421640188,-12.097457,-3.2505634,-3.384607,3,walking
1519421640193,-11.810221,-2.9824755,-3.2984362,3,walking
1519421640198,-11.810221,-2.9824755,-3.2984362,3,walking
1519421640203,-10.94851,-2.168638,-3.212265,3,walking
1519421640208,-10.71872,-2.0058703,-2.9441774,3,walking
1519421640213,-10.71872,-2.0058703,-2.9441774,3,walking
1519421640219,-10.354887,-1.5654407,-2.6760898,3,walking
1519421640224,-10.172971,-1.3069274,-2.494173,3,walking
1519421640228,-9.991054,-0.44521707,-2.2356598,3,walking
1519421640233,-9.991054,-0.44521707,-2.2356598,3,walking
1519421640239,-9.847435,0.03351096,-1.9005502,3,walking
1519421640243,-9.770839,0.17712937,-1.8048047,3,walking
1519421640248,-9.732541,0.32074776,-1.7569319,3,walking
1519421640254,-9.598496,0.4835153,-1.5367169,3,walking
1519421640258,-9.579348,0.5792609,-1.3739494,3,walking
1519421640263,-9.560199,0.5505372,-1.3739494,3,walking
1519421640268,-9.339984,0.26330042,-1.3548003,3,walking
1519421640274,-9.29211,0.062234644,-1.2686293,3,walking
1519421640278,-9.359133,-0.30159867,-1.2782038,3,walking
1519421640283,-9.359133,-0.30159867,-1.2782038,3,walking
1519421640288,-9.272962,-0.78032666,-1.5750152,3,walking
1519421640293,-9.244238,-1.0484143,-1.7473572,3,walking
1519421640298,-9.0814705,-1.5367169,-1.8718265,3,walking
1519421640303,-9.0814705,-1.5367169,-1.8718265,3,walking
1519421640309,-9.129343,-1.9579976,-2.1973617,3,walking
1519421640325,-9.330409,-2.7048132,-2.7622607,3,walking
1519421640329,-9.3878565,-2.867581,-3.0494976,3,walking
1519421640334,-9.3878565,-2.867581,-3.0494976,3,walking
1519421640339,-9.464453,-2.9537518,-3.2505634,3,walking
1519421640344,-9.512326,-2.9824755,-3.3750327,3,walking
1519421640348,-9.54105,-2.9346027,-3.4420545,3,walking
1519421640353,-9.560199,-2.905879,-3.5665238,3,walking
1519421640358,-9.368708,-2.8484318,-3.5569491,3,walking
1519421640364,-9.301685,-2.800559,-3.5282254,3,walking
1519421640368,-9.138918,-2.6377914,-3.3175852,3,walking
1519421640373,-9.138918,-2.6377914,-3.3175852,3,walking
1519421640379,-8.918703,-2.4558747,-3.0494976,3,walking
1519421640384,-8.736787,-2.3697038,-3.0111992,3,walking
1519421640389,-8.535721,-2.3314054,-2.88673,3,walking
1519421640393,-8.535721,-2.3314054,-2.88673,3,walking
1519421640399,-8.171887,-2.0824668,-2.580344,3,walking
1519421640404,-8.076141,-2.0441687,-2.4654493,3,walking
1519421640408,-7.922949,-1.9962958,-2.3984275,3,walking
1519421640414,-7.721883,-1.862252,-2.2643836,3,walking
1519421640419,-7.5303917,-1.862252,-2.2165108,3,walking
1519421640424,-7.5303917,-1.862252,-2.2165108,3,walking
1519421640429,-7.396348,-1.8335283,-2.1207652,3,walking
1519421640434,-7.3676243,-1.9005502,-2.0920415,3,walking
1519421640438,-7.3771987,-1.8909757,-2.0824668,3,walking
1519421640444,-7.3676243,-1.9579976,-2.101616,3,walking
1519421640448,-7.3771987,-2.0728924,-2.0920415,3,walking
1519421640453,-7.348475,-2.0824668,-2.0728924,3,walking
1519421640458,-7.2144313,-2.1207652,-2.0250196,3,walking
1519421640463,-7.2144313,-2.1207652,-2.0250196,3,walking
1519421640469,-7.12826,-2.1399143,-2.0920415,3,walking
1519421640474,-7.0708127,-2.1399143,-2.0824668,3,walking
1519421640478,-7.042089,-2.1782124,-2.015445,3,walking
1519421640483,-7.042089,-2.1782124,-2.015445,3,walking
1519421640489,-7.0995364,-2.1303396,-1.9867213,3,walking
1519421640493,-7.0995364,-2.149489,-1.9771467,3,walking
1519421640498,-7.2623043,-2.101616,-1.9867213,3,walking
1519421640504,-7.3389006,-2.0633178,-1.9579976,3,walking
1519421640509,-7.4250717,-2.0441687,-2.0058703,3,walking
1519421640514,-7.4250717,-2.0441687,-2.0058703,3,walking
1519421640518,-7.434646,-1.9867213,-1.9962958,3,walking
1519421640523,-7.4537954,-1.9675722,-1.9962958,3,walking
1519421640528,-7.4059224,-1.9867213,-1.9771467,3,walking
1519421640533,-7.4059224,-1.9867213,-1.9771467,3,walking
1519421640538,-7.4442205,-1.929274,-1.9771467,3,walking
1519421640543,-7.434646,-1.862252,-1.9867213,3,walking
1519421640548,-7.348475,-1.9101248,-1.929274,3,walking
1519421640553,-7.348475,-1.9101248,-1.929274,3,walking
1519421640558,-7.2335806,-1.8909757,-1.7856555,3,walking
1519421640566,-7.1665583,-1.862252,-1.6899099,3,walking
1519421640571,-7.1474094,-1.8431029,-1.6324625,3,walking
1519421640580,-7.0708127,-1.8048047,-1.4409714,3,walking
1519421640585,-7.0612383,-1.8048047,-1.3643749,3,walking
1519421640590,-7.042089,-1.8335283,-1.2782038,3,walking
1519421640596,-7.0612383,-1.9579976,-1.0771381,3,walking
1519421640601,-7.0995364,-2.0441687,-0.91437054,3,walking
1519421640606,-7.0803876,-2.1399143,-0.7324539,3,walking
1519421640611,-7.1091113,-2.360129,-0.44521707,3,walking
1519421640616,-7.1474094,-2.4845984,-0.28244954,3,walking
1519421640620,-7.2240057,-2.5707695,-0.22500217,3,walking
1519421640630,-8.181462,-2.6952388,-0.37819514,3,walking
1519421640636,-8.6697645,-2.6856642,-0.47394073,3,walking
1519421640640,-9.20594,-2.6856642,-0.59841,3,walking
1519421640650,-10.6134,-2.8292825,-0.7324539,3,walking
1519421640656,-10.94851,-2.9346027,-0.76117754,3,walking
1519421640660,-11.226172,-3.020774,-0.7228793,3,walking
1519421640666,-11.455961,-3.2409887,-0.76117754,3,walking
1519421640671,-11.446387,-3.2792869,-0.71330476,3,walking
1519421640718,-9.933606,-2.7718353,-1.0292653,3,walking
1519421640722,-10.000628,-2.5228968,-1.1920328,3,walking
1519421640726,-10.058076,-2.3314054,-1.2782038,3,walking
1519421640731,-10.239992,-2.101616,-1.3930986,3,walking
1519421640739,-10.891063,-1.6516117,-1.6037389,3,walking
1519421640745,-11.838944,-1.2590547,-1.9388485,3,walking
1519421640750,-12.365545,-1.1345854,-2.101616,3,walking
1519421640757,-13.380448,-0.99096704,-2.254809,3,walking
1519421640761,-13.801729,-0.9622433,-2.2835326,3,walking
1519421640768,-14.43365,-1.0005416,-2.3984275,3,walking
1519421640772,-14.615566,-1.0579889,-2.3984275,3,walking
1519421640777,-14.759185,-1.0388398,-2.4367256,3,walking
1519421640819,-13.198531,-0.92394507,-2.3697038,3,walking
1519421640825,-12.490014,-0.78990126,-1.9579976,3,walking
1519421640830,-12.059159,-0.7228793,-1.7856555,3,walking
1519421640836,-11.38894,-0.8090504,-1.6803354,3,walking
1519421640841,-11.38894,-0.8090504,-1.6803354,3,walking
1519421640846,-10.94851,-0.93351966,-1.4792696,3,walking
1519421640888,-8.621892,-2.0920415,-0.56968635,3,walking
1519421640895,-8.353804,-2.427151,-0.54096264,3,walking
1519421640900,-8.296356,-2.4175766,-0.3877697,3,walking
1519421640905,-8.191036,-2.5899186,-0.33032233,3,walking
1519421640909,-8.066567,-2.7718353,-0.45479164,3,walking
1519421640920,-8.363379,-3.4037561,-0.6750065,3,walking
1519421640925,-8.286782,-3.5378,-0.751603,3,walking
1519421640930,-8.21976,-3.6143966,-0.7994758,3,walking
1519421640936,-8.11444,-3.3175852,-0.8281995,3,walking
1519421640940,-7.9708214,-3.4229054,-0.91437054,3,walking
1519421640950,-7.8655014,-3.8346114,-1.3452257,3,walking
1519421640956,-7.808054,-3.7292912,-1.2494801,3,walking
1519421640960,-7.693159,-3.6526947,-1.2303311,3,walking
1519421640969,-7.664436,-3.4037561,-1.5175679,3,walking
1519421640975,-7.6740103,-3.1643922,-1.5367169,3,walking
1519421640980,-7.56869,-3.020774,-1.3260766,3,walking
1519421640989,-7.6740103,-3.0016246,-1.4601204,3,walking
1519421640995,-7.7793303,-3.059072,-1.4601204,3,walking
1519421640999,-7.846352,-3.0877957,-1.4505459,3,walking
1519421641006,-7.846352,-3.173967,-1.2877784,3,walking
1519421641011,-7.9325233,-3.1452432,-1.2782038,3,walking
1519421641020,-8.047418,-3.0686467,-1.14416,3,walking
1519421641026,-8.210186,-2.9537518,-0.8664977,3,walking
1519421641030,-8.277207,-2.8963046,-0.8664977,3,walking
1519421641040,-8.363379,-2.580344,-0.63670826,3,walking
1519421641045,-8.372953,-2.475024,-0.54096264,3,walking
1519421641051,-8.32508,-2.3888528,-0.5218136,3,walking
1519421641055,-8.34423,-2.3314054,-0.37819514,3,walking
1519421641060,-8.392102,-2.3026817,-0.3398969,3,walking
1519421641065,-8.411251,-2.2452345,-0.359046,3,walking
1519421641069,-8.4686985,-2.2739582,-0.3111732,3,walking
1519421641081,-8.430401,-2.3505547,-0.28244954,3,walking
1519421641086,-8.392102,-2.3697038,-0.2154276,3,walking
1519421641091,-8.392102,-2.3697038,-0.2154276,3,walking
1519421641096,-8.392102,-2.360129,-0.13883112,3,walking
1519421641101,-8.382527,-2.3122563,-0.16755481,3,walking
1519421641106,-8.277207,-2.3122563,-0.23457673,3,walking
1519421641112,-8.277207,-2.2835326,-0.28244954,3,walking
1519421641117,-8.305931,-2.2643836,-0.30159867,3,walking
1519421641122,-8.315506,-2.2452345,-0.32074776,3,walking
1519421641127,-8.487848,-2.149489,-0.42606795,3,walking
1519421641135,-8.727212,-2.0728924,-0.512239,3,walking
1519421641141,-8.851681,-2.0441687,-0.63670826,3,walking
1519421641145,-9.071896,-1.8718265,-0.71330476,3,walking
1519421641151,-9.18679,-1.8718265,-0.71330476,3,walking
1519421641156,-9.31126,-1.8526775,-0.76117754,3,walking
1519421641161,-9.445304,-1.7856555,-0.7994758,3,walking
1519421641166,-9.732541,-1.7856555,-0.9430942,3,walking
1519421641171,-9.943181,-1.7569319,-0.9430942,3,walking
1519421641176,-10.316589,-1.8239537,-1.0388398,3,walking
1519421641181,-10.316589,-1.8239537,-1.0388398,3,walking
1519421641186,-10.82404,-1.9005502,-1.0388398,3,walking
1519421641191,-11.149575,-2.0537431,-1.0675635,3,walking
1519421641196,-11.436812,-2.1590633,-1.0962871,3,walking
1519421641202,-12.116607,-2.494173,-1.0675635,3,walking
1519421641207,-12.432567,-2.6569405,-1.0292653,3,walking
1519421641212,-12.662356,-2.8580062,-1.0292653,3,walking
1519421641217,-13.112361,-3.1069448,-0.8186249,3,walking
1519421641222,-13.198531,-3.1548176,-0.77075213,3,walking
1519421641227,-13.255979,-3.126094,-0.70373017,3,walking
1519421641234,-13.074062,-2.88673,-0.5792609,3,walking
1519421641240,-12.940019,-2.714388,-0.61755913,3,walking
1519421641245,-12.805975,-2.5324712,-0.70373017,3,walking
1519421641250,-12.719804,-2.3026817,-0.71330476,3,walking
1519421641257,-12.451715,-1.6803354,-0.7228793,3,walking
1519421641264,-12.011286,-1.0675635,-0.751603,3,walking
1519421641270,-11.791071,-0.76117754,-0.76117754,3,walking
1519421641276,-11.446387,-0.2920241,-0.7994758,3,walking
1519421641281,-11.312344,-0.12925656,-0.78032666,3,walking
1519421641286,-11.044255,0.15798025,-0.9430942,3,walking
1519421641291,-11.005958,0.22500217,-1.0388398,3,walking
1519421641296,-10.958084,0.23457673,-1.2973529,3,walking
1519421641301,-11.063405,0.2441513,-1.622888,3,walking
1519421641305,-11.819795,-0.023936402,-2.149489,3,walking
1519421641309,-12.384694,-0.30159867,-2.321831,3,walking
1519421641316,-12.940019,-0.63670826,-2.34098,3,walking
1519421641321,-13.294277,-1.0579889,-2.1973617,3,walking
1519421641325,-13.370873,-2.0537431,-1.9005502,3,walking
1519421641367,-9.780414,-3.8346114,-1.8526775,3,walking
1519421641374,-9.560199,-3.758015,-1.929274,3,walking
1519421641379,-9.330409,-3.604822,-1.8814012,3,walking
1519421641385,-8.947427,-3.2697124,-1.9388485,3,walking
1519421641390,-8.794233,-3.059072,-1.929274,3,walking
1519421641399,-8.784659,-2.3984275,-1.8718265,3,walking
1519421641405,-8.870831,-2.2452345,-1.9005502,3,walking
1519421641409,-9.043172,-2.1207652,-1.9388485,3,walking
1519421641419,-9.732541,-1.9101248,-2.149489,3,walking
1519421641424,-9.96233,-1.9579976,-2.1973617,3,walking
1519421641429,-10.220843,-1.9962958,-2.254809,3,walking
1519421641435,-10.852764,-2.2165108,-2.3792782,3,walking
1519421641440,-11.130426,-2.360129,-2.4175766,3,walking
1519421641449,-11.666602,-2.6569405,-2.4845984,3,walking
1519421641455,-12.183628,-2.972901,-2.561195,3,walking
1519421641460,-12.413418,-3.126094,-2.5899186,3,walking
1519421641469,-13.045339,-3.4420545,-2.5037475,3,walking
1519421641475,-13.13151,-3.6143966,-2.5707695,3,walking
1519421641479,-13.198531,-3.8154624,-2.5707695,3,walking
1519421641488,-13.399597,-3.9782298,-2.7239625,3,walking
1519421641494,-13.351725,-3.9399316,-2.752686,3,walking
1519421641499,-13.121935,-3.9016335,-2.7431116,3,walking
1519421641508,-12.614484,-3.1452432,-2.4845984,3,walking
1519421641514,-12.279374,-3.231414,-2.5899186,3,walking
1519421641519,-12.135756,-3.0016246,-2.733537,3,walking
1519421641525,-11.791071,-3.0016246,-2.3122563,3,walking
1519421641530,-11.7336235,-3.1548176,-2.5324712,3,walking
1519421641539,-11.532558,-2.5707695,-2.6377914,3,walking
1519421641545,-11.149575,-1.8526775,-2.2931073,3,walking
1519421641550,-11.034681,-1.6324625,-2.2260852,3,walking
1519421641559,-10.82404,-1.1824582,-1.8814012,3,walking
1519421641564,-10.670848,-1.1058618,-1.79523,3,walking
1519421641569,-10.460207,-1.0962871,-1.709059,3,walking
1519421641579,-9.713391,-1.1154363,-1.469695,3,walking
1519421641584,-9.502751,-1.1058618,-1.4409714,3,walking
1519421641589,-9.29211,-1.1250108,-1.4601204,3,walking
1519421641595,-8.9761505,-1.2973529,-1.5845897,3,walking
1519421641600,-8.928278,-1.3739494,-1.6611862,3,walking
1519421641608,-8.487848,-1.4888442,-1.6516117,3,walking
1519421641615,-8.124015,-1.4313968,-1.6899099,3,walking
1519421641620,-8.00912,-1.4122477,-1.7377827,3,walking
1519421641625,-7.8846507,-1.4026731,-1.8143792,3,walking
1519421641630,-7.8272033,-1.4409714,-2.0058703,3,walking
1519421641635,-7.808054,-1.469695,-2.1303396,3,walking
1519421641640,-7.8176284,-1.5079932,-2.2452345,3,walking
1519421641645,-7.6740103,-1.6037389,-2.4367256,3,walking
1519421641650,-7.654861,-1.6899099,-2.513322,3,walking
1519421641655,-7.6261373,-1.7473572,-2.5994933,3,walking
1519421641660,-7.587839,-1.7856555,-2.6569405,3,walking
1519421641665,-7.56869,-1.929274,-2.7622607,3,walking
1519421641671,-7.5399666,-1.9962958,-2.800559,3,walking
1519421641675,-7.5399666,-2.0250196,-2.8388572,3,walking
1519421641680,-7.5303917,-2.0537431,-2.8580062,3,walking
1519421641685,-7.56869,-2.1303396,-2.8101335,3,walking
1519421641690,-7.549541,-2.168638,-2.8101335,3,walking
1519421641695,-7.5399666,-2.2356598,-2.7239625,3,walking
1519421641700,-7.5591154,-2.2835326,-2.647366,3,walking
1519421641705,-7.4920936,-2.34098,-2.4845984,3,walking
1519421641709,-7.46337,-2.3888528,-2.475024,3,walking
1519421641719,-7.4250717,-2.513322,-2.0728924,3,walking
1519421641724,-7.4442205,-2.494173,-1.9962958,3,walking
1519421641730,-7.3676243,-2.5420458,-1.9101248,3,walking
1519421641735,-7.3389006,-2.475024,-1.7473572,3,walking
1519421641740,-7.3676243,-2.3984275,-1.6803354,3,walking
1519421641744,-7.329326,-2.408002,-1.6516117,3,walking
1519421641750,-7.310177,-2.3505547,-1.5845897,3,walking
1519421641754,-7.2144313,-2.187787,-1.5750152,3,walking
1519421641760,-7.195282,-2.1303396,-1.6324625,3,walking
1519421641764,-7.2240057,-2.0537431,-1.6803354,3,walking
1519421641769,-7.2240057,-1.9771467,-1.7569319,3,walking
1519421641775,-7.2240057,-1.8909757,-1.8909757,3,walking
1519421641780,-7.195282,-1.79523,-1.9388485,3,walking
1519421641785,-7.243155,-1.7377827,-1.9962958,3,walking
1519421641790,-7.2623043,-1.709059,-2.0441687,3,walking
1519421641795,-7.329326,-1.6516117,-2.187787,3,walking
1519421641800,-7.310177,-1.6516117,-2.2069361,3,walking
1519421641804,-7.3676243,-1.6994845,-2.2260852,3,walking
1519421641810,-7.4059224,-1.7186337,-2.2452345,3,walking
1519421641815,-7.396348,-1.7473572,-2.187787,3,walking
1519421641820,-7.4250717,-1.7856555,-2.1973617,3,walking
1519421641825,-7.511243,-1.8814012,-2.0920415,3,walking
1519421641830,-7.56869,-1.8909757,-2.0633178,3,walking
1519421641835,-7.5303917,-1.9675722,-1.9579976,3,walking
1519421641840,-7.635712,-1.9771467,-1.9005502,3,walking
1519421641845,-7.6835847,-2.034594,-1.7473572,3,walking
1519421641850,-7.7506065,-2.0728924,-1.7282082,3,walking
1519421641855,-7.855927,-2.0441687,-1.79523,3,walking
1519421641860,-7.9133744,-2.0250196,-1.8143792,3,walking
1519421641865,-8.133589,-2.0537431,-1.8431029,3,walking
1519421641869,-8.23891,-2.0250196,-1.8814012,3,walking
1519421641878,-8.411251,-1.9867213,-1.9867213,3,walking
1519421641884,-8.487848,-1.929274,-2.0250196,3,walking
1519421641889,-8.459125,-1.9579976,-2.0441687,3,walking
1519421641898,-8.4686985,-1.9196993,-2.0058703,3,walking
1519421641904,-8.411251,-1.8909757,-1.9771467,3,walking
1519421641909,-8.401677,-1.9005502,-1.9005502,3,walking
1519421641918,-8.353804,-1.9867213,-1.6324625,3,walking
1519421641924,-8.32508,-2.034594,-1.5654407,3,walking
1519421641928,-8.21976,-2.187787,-1.3260766,3,walking
1519421641935,-8.104865,-2.360129,-0.98139244,3,walking
1519421641939,-8.047418,-2.427151,-0.7994758,3,walking
1519421641944,-7.999545,-2.5228968,-0.5792609,3,walking
1519421641949,-8.018694,-2.580344,-0.512239,3,walking
1519421641954,-8.334655,-2.6377914,-0.30159867,3,walking
1519421641962,-9.024023,-2.5899186,-0.36862057,3,walking
1519421641967,-9.454879,-2.513322,-0.47394073,3,walking
1519421641974,-10.575102,-2.360129,-0.8664977,3,walking
1519421641980,-11.111278,-2.3697038,-1.0292653,3,walking
1519421641985,-11.810221,-2.561195,-1.2016073,3,walking
1519421641993,-12.030436,-2.7431116,-1.2877784,3,walking
1519421641998,-11.982562,-2.733537,-1.2590547,3,walking
1519421642008,-11.618729,-2.6186423,-1.2207564,3,walking
1519421642014,-11.475111,-2.475024,-1.1824582,3,walking
1519421642052,-9.29211,-1.622888,-1.0675635,3,walking
1519421642061,-9.531475,-1.5175679,-1.14416,3,walking
1519421642068,-9.885734,-1.4409714,-1.2207564,3,walking
1519421642075,-10.938935,-1.383524,-1.4505459,3,walking
1519421642080,-11.551707,-1.4218222,-1.6037389,3,walking
1519421642084,-12.164479,-1.5175679,-1.6707608,3,walking
1519421642091,-12.69108,-1.6803354,-1.6516117,3,walking
1519421642096,-13.763431,-1.9867213,-1.5462915,3,walking
1519421642100,-14.117689,-2.2452345,-1.383524,3,walking
1519421642143,-13.552791,-2.2643836,-1.9675722,3,walking
1519421642152,-12.940019,-1.8431029,-1.929274,3,walking
1519421642160,-12.777251,-1.622888,-1.9005502,3,walking
1519421642167,-12.2410755,-1.2590547,-1.8048047,3,walking
1519421642174,-12.059159,-1.1633091,-1.7665064,3,walking
1519421642178,-11.944264,-1.1154363,-1.6994845,3,walking
1519421642184,-11.417664,-1.1154363,-1.4792696,3,walking
1519421642189,-11.140001,-1.0101161,-1.3356512,3,walking
1519421642194,-10.843189,-1.0196906,-1.1920328,3,walking
1519421642198,-10.460207,-1.0771381,-1.0962871,3,walking
1519421642204,-9.885734,-1.4313968,-0.92394507,3,walking
1519421642209,-9.780414,-1.6516117,-1.0196906,3,walking
1519421642218,-9.675094,-1.9005502,-1.0867126,3,walking
1519421642224,-9.397431,-1.8048047,-0.9430942,3,walking
1519421642228,-9.014449,-1.9196993,-0.8760723,3,walking
1519421642238,-8.258059,-2.2643836,-0.78032666,3,walking
1519421642244,-8.248484,-2.321831,-0.8090504,3,walking
1519421642248,-8.32508,-2.321831,-0.78032666,3,walking
1519421642258,-7.9803963,-2.5037475,-0.7324539,3,walking
1519421642263,-7.875076,-2.7718353,-0.85692316,3,walking
1519421642268,-7.855927,-2.9537518,-0.9718179,3,walking
1519421642274,-7.7314577,-3.384607,-1.0005416,3,walking
1519421642279,-7.6261373,-3.5473747,-1.0484143,3,walking
1519421642284,-7.5591154,-3.6335456,-1.1824582,3,walking
1519421642289,-7.501668,-3.6622694,-1.1920328,3,walking
1519421642294,-7.3197513,-3.4420545,-1.1345854,3,walking
1519421642298,-7.12826,-3.3080106,-1.0292653,3,walking
1519421642308,-6.9942164,-3.0877957,-1.1345854,3,walking
1519421642314,-7.1857076,-2.9537518,-1.2973529,3,walking
1519421642319,-7.2527294,-2.9441774,-1.3548003,3,walking
1519421642324,-7.2144313,-2.9441774,-1.2877784,3,walking
1519421642329,-7.2623043,-2.9154537,-1.2973529,3,walking
1519421642334,-7.3006024,-2.8484318,-1.2590547,3,walking
1519421642340,-7.3197513,-2.8292825,-1.1920328,3,walking
1519421642345,-7.329326,-2.8580062,-1.0388398,3,walking
1519421642349,-7.3389006,-2.9154537,-0.98139244,3,walking
1519421642354,-7.3867736,-2.9537518,-0.8664977,3,walking
1519421642358,-7.4442205,-3.0494976,-0.8090504,3,walking
1519421642364,-7.5208173,-3.0111992,-0.6079846,3,walking
1519421642369,-7.587839,-2.9537518,-0.45479164,3,walking
1519421642374,-7.6069884,-2.819708,-0.37819514,3,walking
1519421642380,-7.654861,-2.647366,-0.28244954,3,walking
1519421642385,-7.7601814,-2.3505547,-0.19627848,3,walking
1519421642390,-7.8176284,-2.2643836,-0.13883112,3,walking
1519421642395,-8.018694,-2.168638,-0.18670394,3,walking
1519421642400,-8.152739,-2.1782124,-0.359046,3,walking
1519421642405,-8.248484,-2.2069361,-0.3398969,3,walking
1519421642410,-8.34423,-2.1973617,-0.359046,3,walking
1519421642415,-8.430401,-2.1590633,-0.25372586,3,walking
1519421642420,-8.497422,-2.187787,-0.22500217,3,walking
1519421642425,-8.698488,-2.321831,-0.16755481,3,walking
1519421642430,-8.803808,-2.408002,-0.22500217,3,walking
1519421642436,-8.918703,-2.4367256,-0.17712937,3,walking
1519421642440,-8.966576,-2.513322,-0.10053288,3,walking
1519421642446,-8.995299,-2.6377914,-0.12925656,3,walking
1519421642451,-9.129343,-2.6377914,-0.12925656,3,walking
1519421642456,-9.148493,-2.6090677,-0.110107444,3,walking
1519421642463,-9.167642,-2.5707695,-0.0718092,3,walking
1519421642468,-9.20594,-2.5516202,-0.09095833,3,walking
1519421642473,-9.148493,-2.3984275,-0.12925656,3,walking
1519421642478,-9.20594,-2.2931073,-0.15798025,3,walking
1519421642487,-9.225089,-2.0633178,-0.3111732,3,walking
1519421642494,-9.29211,-1.8431029,-0.3111732,3,walking
1519421642498,-9.339984,-1.8048047,-0.3877697,3,walking
1519421642503,-9.655944,-1.6611862,-0.5218136,3,walking
1519421642508,-9.770839,-1.6899099,-0.61755913,3,walking
1519421642513,-9.943181,-1.6611862,-0.64628285,3,walking
1519421642518,-10.096374,-1.709059,-0.7420284,3,walking
1519421642524,-10.488931,-1.8239537,-0.8090504,3,walking
1519421642528,-10.747444,-1.8814012,-0.8856468,3,walking
1519421642533,-10.986808,-2.0250196,-0.8952214,3,walking
1519421642537,-11.312344,-2.1207652,-0.91437054,3,walking
1519421642544,-11.858093,-2.2835326,-1.0388398,3,walking
1519421642548,-12.126181,-2.3792782,-1.0867126,3,walking
1519421642558,-12.557036,-2.5228968,-1.0484143,3,walking
1519421642564,-12.719804,-2.6186423,-0.9622433,3,walking
1519421642568,-12.767676,-2.6186423,-0.99096704,3,walking
1519421642573,-12.758101,-2.6377914,-0.93351966,3,walking
1519421642577,-12.719804,-2.5707695,-0.8664977,3,walking
1519421642583,-12.557036,-2.2931073,-0.76117754,3,walking
1519421642588,-12.422992,-2.1207652,-0.78032666,3,walking
1519421642597,-12.030436,-1.5845897,-0.78032666,3,walking
1519421642604,-11.867668,-1.383524,-0.76117754,3,walking
1519421642609,-11.676176,-1.2207564,-0.78032666,3,walking
1519421642614,-11.436812,-0.8664977,-0.77075213,3,walking
1519421642619,-11.341067,-0.77075213,-0.77075213,3,walking
1519421642624,-11.207023,-0.59841,-0.76117754,3,walking
1519421642629,-11.1208515,-0.44521707,-0.8952214,3,walking
1519421642633,-11.101703,-0.22500217,-1.1345854,3,walking
1519421642638,-11.293194,-0.11968201,-1.4984187,3,walking
1519421642643,-11.570856,-0.13883112,-1.8143792,3,walking
1519421642647,-12.011286,-0.28244954,-2.034594,3,walking
1519421642653,-12.499589,-0.50266445,-2.0633178,3,walking
1519421642656,-12.920869,-0.8473486,-1.9579976,3,walking
1519421642662,-13.188957,-1.79523,-1.6994845,3,walking
1519421642667,-12.911295,-2.6090677,-1.4984187,3,walking
1519421642673,-12.710229,-2.9633265,-1.4026731,3,walking
1519421642724,-9.971905,-2.0824668,-2.1111906,3,walking
1519421642732,-9.952756,-1.8718265,-2.254809,3,walking
1519421642737,-10.096374,-1.7856555,-2.3697038,3,walking
1519421642743,-10.268716,-1.709059,-2.3505547,3,walking
1519421642748,-10.383611,-1.6037389,-2.3314054,3,walking
1519421642753,-10.527229,-1.5558661,-2.2835326,3,walking
1519421642758,-10.852764,-1.4026731,-2.3697038,3,walking
1519421642763,-10.996383,-1.383524,-2.3122563,3,walking
1519421642768,-11.1208515,-1.3643749,-2.2835326,3,walking
1519421642773,-11.455961,-1.5175679,-2.427151,3,walking
1519421642778,-11.637878,-1.6420372,-2.5037475,3,walking
1519421642782,-11.858093,-1.7569319,-2.5899186,3,walking
1519421642788,-12.0400095,-1.9579976,-2.7239625,3,walking
1519421642793,-12.2410755,-2.3026817,-2.9537518,3,walking
1519421642799,-12.3463955,-2.4654493,-3.020774,3,walking
1519421642803,-12.470865,-2.7048132,-3.2218397,3,walking
1519421642809,-12.595334,-2.8484318,-3.2409887,3,walking
1519421642814,-12.681505,-3.0111992,-3.2792869,3,walking
1519421642819,-12.710229,-2.9441774,-3.2409887,3,walking
1519421642824,-12.499589,-2.8771553,-3.5569491,3,walking
1519421642829,-12.317672,-2.647366,-3.1835413,3,walking
1519421642834,-12.183628,-2.647366,-2.9633265,3,walking
1519421642840,-12.269799,-2.6569405,-3.126094,3,walking
1519421642845,-12.135756,-2.5324712,-2.8388572,3,walking
1519421642850,-12.135756,-2.5899186,-2.8292825,3,walking
1519421642855,-12.116607,-2.4845984,-2.9154537,3,walking
1519421642860,-11.858093,-2.3122563,-2.714388,3,walking
1519421642865,-11.676176,-2.149489,-2.5994933,3,walking
1519421642870,-11.38894,-1.9005502,-2.4367256,3,walking
1519421642876,-11.207023,-1.8048047,-2.3026817,3,walking
1519421642883,-10.862339,-1.6611862,-2.1399143,3,walking
1519421642888,-10.642124,-1.5750152,-2.101616,3,walking
1519421642893,-10.29744,-1.4026731,-1.9196993,3,walking
1519421642898,-10.29744,-1.4026731,-1.9196993,3,walking
1519421642903,-9.933606,-1.2782038,-1.8431029,3,walking
1519421642909,-9.732541,-1.2399056,-1.862252,3,walking
1519421642914,-9.3878565,-1.14416,-1.8909757,3,walking
1519421642919,-9.225089,-1.14416,-1.8909757,3,walking
1519421642924,-9.0814705,-1.1920328,-1.9675722,3,walking
1519421642929,-8.861256,-1.2590547,-2.015445,3,walking
1519421642934,-8.822957,-1.3452257,-2.2165108,3,walking
1519421642939,-8.7750845,-1.3930986,-2.2739582,3,walking
1519421642944,-8.621892,-1.4122477,-2.3026817,3,walking
1519421642949,-8.334655,-1.5271424,-2.2643836,3,walking
1519421642955,-8.277207,-1.6707608,-2.34098,3,walking
1519421642959,-8.23891,-1.8143792,-2.3984275,3,walking
1519421642965,-8.258059,-1.9962958,-2.5228968,3,walking
1519421642970,-8.277207,-2.0537431,-2.5324712,3,walking
1519421642975,-8.2676325,-2.0250196,-2.5707695,3,walking
1519421642980,-8.277207,-1.948423,-2.580344,3,walking
1519421642985,-8.2676325,-1.8048047,-2.6090677,3,walking
1519421642995,-8.32508,-1.709059,-2.6569405,3,walking
1519421643000,-8.392102,-1.6803354,-2.714388,3,walking
1519421643006,-8.420826,-1.6420372,-2.7239625,3,walking
1519421643010,-8.44955,-1.6420372,-2.7622607,3,walking
1519421643016,-8.430401,-1.5941644,-2.819708,3,walking
1519421643023,-8.296356,-1.6133134,-2.8101335,3,walking
1519421643029,-8.248484,-1.5654407,-2.867581,3,walking
1519421643034,-8.1623125,-1.5845897,-2.8580062,3,walking
1519421643039,-8.11444,-1.6133134,-2.9154537,3,walking
1519421643044,-7.9037995,-1.7186337,-2.867581,3,walking
1519421643049,-7.9037995,-1.7377827,-2.9441774,3,walking
1519421643055,-7.664436,-1.862252,-2.9824755,3,walking
1519421643059,-7.664436,-1.862252,-2.9824755,3,walking
1519421643063,-7.5591154,-1.9196993,-2.9441774,3,walking
1519421643068,-7.4059224,-2.015445,-2.867581,3,walking
1519421643077,-7.176133,-2.0441687,-2.8484318,3,walking
1519421643083,-7.003791,-2.0250196,-2.714388,3,walking
1519421643088,-6.869747,-2.0441687,-2.6377914,3,walking
1519421643093,-6.7069798,-2.0728924,-2.408002,3,walking
1519421643098,-6.7069798,-2.101616,-2.3888528,3,walking
1519421643103,-6.783576,-2.0824668,-2.360129,3,walking
1519421643107,-6.831449,-2.0824668,-2.321831,3,walking
1519421643113,-6.783576,-2.1111906,-2.2356598,3,walking
1519421643118,-6.764427,-2.1207652,-2.254809,3,walking
1519421643122,-6.7069798,-2.101616,-2.1303396,3,walking
1519421643127,-6.6878304,-2.1399143,-2.0633178,3,walking
1519421643133,-6.6878304,-2.149489,-1.948423,3,walking
1519421643137,-6.630383,-2.1399143,-1.9101248,3,walking
1519421643147,-6.592085,-2.1399143,-1.79523,3,walking
1519421643153,-6.5729356,-2.149489,-1.7186337,3,walking
1519421643158,-6.5537868,-2.1399143,-1.6994845,3,walking
1519421643163,-6.5346375,-2.1207652,-1.6324625,3,walking
1519421643168,-6.5346375,-2.1207652,-1.6324625,3,walking
1519421643173,-6.563361,-2.1590633,-1.5462915,3,walking
1519421643178,-6.6495323,-2.187787,-1.4984187,3,walking
1519421643182,-6.668681,-2.1782124,-1.5079932,3,walking
1519421643187,-6.850598,-2.168638,-1.5367169,3,walking
1519421643192,-6.936769,-2.2260852,-1.5367169,3,walking
1519421643197,-7.0803876,-2.2356598,-1.4984187,3,walking
1519421643203,-7.3006024,-2.2452345,-1.5845897,3,walking
1519421643207,-7.4059224,-2.2165108,-1.5558661,3,walking
1519421643212,-7.549541,-2.2165108,-1.5558661,3,walking
1519421643217,-7.664436,-2.1973617,-1.5462915,3,walking
1519421643223,-7.9037995,-2.168638,-1.5271424,3,walking
1519421643228,-8.018694,-2.149489,-1.5175679,3,walking
1519421643233,-8.210186,-2.0633178,-1.4026731,3,walking
1519421643238,-8.210186,-2.0633178,-1.4026731,3,walking
1519421643243,-8.34423,-1.9962958,-1.2686293,3,walking
1519421643249,-8.363379,-1.9579976,-1.2207564,3,walking
1519421643254,-8.420826,-1.8431029,-1.0675635,3,walking
1519421643259,-8.487848,-1.8143792,-1.0005416,3,walking
1519421643264,-8.497422,-1.776081,-0.9430942,3,walking
1519421643269,-8.506997,-1.7665064,-0.6845811,3,walking
1519421643274,-8.506997,-1.8143792,-0.54096264,3,walking
1519421643279,-8.44955,-1.8526775,-0.37819514,3,walking
1519421643286,-8.430401,-1.929274,-0.15798025,3,walking
1519421643293,-8.497422,-2.0920415,0.0,3,walking
1519421643298,-8.602742,-2.1399143,0.014361841,3,walking
1519421643302,-8.755936,-2.187787,0.05266008,3,walking
1519421643307,-8.985725,-2.1973617,-0.00478728,3,walking
1519421643313,-9.675094,-2.2260852,-0.12925656,3,walking
1519421643318,-10.096374,-2.2452345,-0.28244954,3,walking
1519421643323,-11.36979,-2.2739582,-0.751603,3,walking
1519421643328,-11.36979,-2.2739582,-0.751603,3,walking
1519421643336,-12.834699,-2.5420458,-1.0005416,3,walking
1519421643341,-12.997466,-2.7048132,-1.0388398,3,walking
1519421643347,-13.074062,-2.8388572,-0.8473486,3,walking
1519421643352,-12.9591675,-2.8580062,-0.8473486,3,walking
1519421643357,-12.844273,-2.7718353,-0.8760723,3,walking
1519421643387,-11.226172,-2.5899186,-0.6750065,3,walking
1519421643392,-11.130426,-2.513322,-0.6845811,3,walking
1519421643398,-10.996383,-2.475024,-0.6845811,3,walking
1519421643403,-10.747444,-2.3122563,-0.56011176,3,walking
1519421643407,-10.642124,-2.2165108,-0.4356425,3,walking
1519421643412,-10.575102,-2.1782124,-0.36862057,3,walking
1519421643416,-10.622974,-2.1207652,-0.30159867,3,walking
1519421643422,-11.034681,-2.0058703,-0.26330042,3,walking
1519421643428,-11.360216,-1.9196993,-0.32074776,3,walking
1519421643433,-12.116607,-1.7856555,-0.42606795,3,walking
1519421643438,-12.528313,-1.7569319,-0.5218136,3,walking
1519421643443,-12.825124,-1.79523,-0.6079846,3,walking
1519421643449,-13.581514,-1.7282082,-0.78032666,3,walking
1519421643454,-13.897474,-1.7282082,-0.8856468,3,walking
1519421643459,-14.0793915,-1.709059,-0.9622433,3,walking
1519421643466,-14.385777,-1.5941644,-1.3165021,3,walking
1519421643472,-14.251733,-1.5462915,-1.6611862,3,walking
1519421643478,-14.108115,-1.5271424,-1.862252,3,walking
1519421643483,-13.7730055,-1.4218222,-2.1207652,3,walking
1519421643488,-13.7730055,-1.4218222,-2.1207652,3,walking
1519421643493,-13.399597,-1.2782038,-2.3792782,3,walking
1519421643498,-13.217681,-1.2973529,-2.513322,3,walking
1519421643502,-12.949593,-1.3548003,-2.6856642,3,walking
1519421643507,-12.7964,-1.3739494,-2.7909844,3,walking
1519421643512,-12.422992,-1.5654407,-2.800559,3,walking
1519421643518,-12.164479,-1.5558661,-2.7622607,3,walking
1519421643522,-11.609155,-1.5941644,-2.513322,3,walking
1519421643527,-11.302769,-1.5462915,-2.3505547,3,walking
1519421643535,-10.910212,-1.4792696,-2.034594,3,walking
1519421643542,-10.5080805,-1.4313968,-1.6707608,3,walking
1519421643547,-10.259142,-1.4601204,-1.5462915,3,walking
1519421643556,-9.837861,-1.4409714,-1.14416,3,walking
1519421643562,-9.234664,-1.7282082,-0.8473486,3,walking
1519421643567,-8.966576,-1.9196993,-0.91437054,3,walking
1519421643572,-8.813383,-2.0728924,-0.7994758,3,walking
1519421643576,-8.602742,-2.2165108,-0.7420284,3,walking
1519421643582,-8.305931,-2.4463003,-0.8090504,3,walking
1519421643587,-8.104865,-2.6186423,-0.7994758,3,walking
1519421643596,-7.8846507,-2.800559,-0.91437054,3,walking
1519421643602,-7.7601814,-2.8580062,-1.1154363,3,walking
1519421643607,-7.6835847,-2.88673,-1.1728836,3,walking
1519421643612,-7.35805,-2.9346027,-1.2016073,3,walking
1519421643617,-7.195282,-2.9920502,-1.2686293,3,walking
1519421643621,-7.1474094,-3.039923,-1.2590547,3,walking
1519421643626,-7.12826,-3.059072,-1.383524,3,walking
1519421643632,-7.1474094,-3.1835413,-1.383524,3,walking
1519421643637,-7.1186857,-3.231414,-1.4313968,3,walking
1519421643642,-7.1091113,-3.2792869,-1.4505459,3,walking
1519421643646,-7.0612383,-3.2409887,-1.4601204,3,walking
1519421643652,-6.936769,-3.3080106,-1.4792696,3,walking
1519421643657,-6.936769,-3.3271596,-1.4505459,3,walking
1519421643661,-6.984642,-3.2505634,-1.4505459,3,walking
1519421643666,-6.9942164,-3.1835413,-1.4218222,3,walking
1519421643672,-7.051664,-3.0686467,-1.5079932,3,walking
1519421643677,-7.0325146,-3.039923,-1.5079932,3,walking
1519421643686,-6.9942164,-2.9920502,-1.4313968,3,walking
1519421643692,-7.003791,-2.9633265,-1.4122477,3,walking
1519421643698,-7.0325146,-2.9250283,-1.3930986,3,walking
1519421643703,-7.156984,-2.9154537,-1.3452257,3,walking
1519421643707,-7.176133,-2.8580062,-1.2782038,3,walking
1519421643712,-7.2240057,-2.8484318,-1.2686293,3,walking
1519421643716,-7.2623043,-2.8101335,-1.1920328,3,walking
1519421643722,-7.2910275,-2.6856642,-1.0675635,3,walking
1519421643728,-7.2910275,-2.6282167,-0.98139244,3,walking
1519421643733,-7.310177,-2.5324712,-0.92394507,3,walking
1519421643738,-7.310177,-2.5324712,-0.92394507,3,walking
1519421643743,-7.4250717,-2.4367256,-0.8090504,3,walking
1519421643748,-7.4729443,-2.3984275,-0.7994758,3,walking
1519421643754,-7.5782647,-2.2739582,-0.7994758,3,walking
1519421643758,-7.664436,-2.2165108,-0.76117754,3,walking
1519421643764,-7.769756,-2.1207652,-0.7420284,3,walking
1519421643768,-7.8176284,-2.1111906,-0.751603,3,walking
1519421643774,-8.056993,-2.034594,-0.76117754,3,walking
1519421643779,-8.181462,-2.0250196,-0.7420284,3,walking
1519421643784,-8.411251,-2.034594,-0.78032666,3,walking
1519421643789,-8.526146,-2.0633178,-0.78032666,3,walking
1519421643794,-8.650616,-2.0633178,-0.7994758,3,walking
1519421643799,-8.794233,-2.1111906,-0.8186249,3,walking
1519421643804,-8.889979,-2.1399143,-0.8281995,3,walking
1519421643809,-9.158067,-2.2069361,-0.8281995,3,walking
1519421643814,-9.196365,-2.2165108,-0.8281995,3,walking
1519421643819,-9.378282,-2.2356598,-0.9526688,3,walking
1519421643825,-9.454879,-2.2165108,-0.99096704,3,walking
1519421643835,-9.5889225,-2.1111906,-1.0771381,3,walking
1519421643841,-9.636795,-2.0633178,-1.14416,3,walking
1519421643847,-9.665519,-2.0633178,-1.1537346,3,walking
1519421643852,-9.742115,-2.015445,-1.1824582,3,walking
1519421643857,-9.809137,-2.0633178,-1.1345854,3,walking
1519421643862,-9.904882,-2.1782124,-1.0484143,3,walking
1519421643867,-9.98148,-2.168638,-0.9526688,3,walking
1519421643872,-10.029352,-2.168638,-0.8473486,3,walking
1519421643878,-10.058076,-2.1973617,-0.78990126,3,walking
1519421643883,-10.211268,-2.149489,-0.63670826,3,walking
1519421643888,-10.259142,-2.1207652,-0.5792609,3,walking
1519421643893,-10.354887,-2.101616,-0.512239,3,walking
1519421643898,-10.450633,-2.034594,-0.4835153,3,walking
1519421643903,-10.689997,-1.9579976,-0.40691882,3,walking
1519421643907,-10.785743,-1.929274,-0.34947145,3,walking
1519421643911,-10.919786,-1.8335283,-0.34947145,3,walking
1519421643916,-10.986808,-1.7473572,-0.32074776,3,walking
1519421643922,-11.1208515,-1.622888,-0.4356425,3,walking
1519421643927,-11.207023,-1.4313968,-0.50266445,3,walking
1519421643936,-11.341067,-1.3260766,-0.63670826,3,walking
1519421643942,-11.465536,-1.0675635,-0.8473486,3,walking
1519421643946,-11.522984,-0.98139244,-0.9718179,3,walking
1519421643952,-11.570856,-0.8281995,-1.1345854,3,walking
1519421643956,-11.609155,-0.8090504,-1.2877784,3,walking
1519421643961,-11.570856,-0.76117754,-1.4026731,3,walking
1519421643966,-11.513409,-0.78032666,-1.4313968,3,walking
1519421643971,-11.398514,-0.8281995,-1.5654407,3,walking
1519421643976,-11.341067,-0.8856468,-1.5367169,3,walking
1519421643981,-11.293194,-0.93351966,-1.622888,3,walking
1519421643986,-11.28362,-0.99096704,-1.709059,3,walking
1519421643992,-11.455961,-1.1250108,-2.149489,3,walking
1519421643996,-11.743198,-1.2399056,-2.3697038,3,walking
1519421644006,-12.729378,-1.5175679,-2.6377914,3,walking
1519421644013,-13.638962,-2.015445,-2.4175766,3,walking
1519421644019,-13.964497,-2.905879,-1.862252,3,walking
1519421644024,-13.907049,-3.3750327,-1.5654407,3,walking
1519421644065,-10.239992,-2.8388572,-1.5271424,3,walking
1519421644074,-9.675094,-2.2069361,-1.9005502,3,walking
1519421644082,-9.378282,-1.5750152,-2.0920415,3,walking
1519421644095,-9.31126,-0.54096264,-2.4175766,3,walking
1519421644101,-9.41658,-0.11968201,-2.475024,3,walking
1519421644106,-9.550624,0.014361841,-2.5994933,3,walking
1519421644111,-10.058076,0.110107444,-2.8484318,3,walking
1519421644145,-11.130426,-1.0962871,-2.7814097,3,walking
1519421644153,-11.762347,-1.9005502,-2.666515,3,walking
1519421644161,-12.145329,-2.4463003,-2.6760898,3,walking
1519421644169,-12.212352,-2.7431116,-2.6090677,3,walking
1519421644175,-12.193203,-3.173967,-2.3314054,3,walking
1519421644180,-12.35597,-3.4420545,-2.3122563,3,walking
1519421644186,-12.595334,-3.8729098,-2.494173,3,walking
1519421644190,-12.90172,-4.198445,-2.752686,3,walking
1519421644194,-12.729378,-4.428234,-2.9441774,3,walking
1519421644200,-12.25065,-4.284616,-2.867581,3,walking
1519421644204,-11.886817,-3.9878044,-2.8484318,3,walking
1519421644211,-11.522984,-3.2697124,-2.867581,3,walking
1519421644252,-9.924032,-1.4984187,-2.475024,3,walking
1519421644259,-9.560199,-1.3643749,-2.2931073,3,walking
1519421644267,-9.234664,-1.1728836,-1.9388485,3,walking
1519421644274,-9.091045,-1.0196906,-1.8143792,3,walking
1519421644281,-8.7750845,-0.665432,-1.4218222,3,walking
1519421644286,-8.727212,-0.5218136,-1.3356512,3,walking
1519421644291,-8.430401,-0.44521707,-1.1250108,3,walking
1519421644296,-8.34423,-0.45479164,-1.0579889,3,walking
1519421644301,-8.305931,-0.50266445,-1.1728836,3,walking
1519421644306,-8.200611,-0.6845811,-1.2686293,3,walking
1519421644311,-7.999545,-0.8281995,-1.4122477,3,walking
1519421644316,-7.922949,-0.8760723,-1.4218222,3,walking
1519421644321,-7.808054,-0.93351966,-1.5845897,3,walking
1519421644326,-7.769756,-1.0675635,-1.7377827,3,walking
1519421644331,-7.808054,-1.3260766,-1.9005502,3,walking
1519421644336,-7.7793303,-1.4888442,-1.9675722,3,walking
1519421644345,-7.693159,-1.6611862,-2.0824668,3,walking
1519421644351,-7.664436,-1.7856555,-2.168638,3,walking
1519421644356,-7.693159,-1.8239537,-2.187787,3,walking
1519421644361,-7.808054,-2.0250196,-2.3888528,3,walking
1519421644366,-7.808054,-2.0250196,-2.3888528,3,walking
1519421644371,-7.9516726,-2.2835326,-2.513322,3,walking
1519421644376,-7.9708214,-2.34098,-2.5994933,3,walking
1519421644381,-8.104865,-2.5037475,-2.6952388,3,walking
1519421644386,-8.124015,-2.561195,-2.6952388,3,walking
1519421644391,-8.1623125,-2.561195,-2.752686,3,walking
1519421644397,-8.210186,-2.5899186,-2.733537,3,walking
1519421644401,-8.210186,-2.580344,-2.7431116,3,walking
1519421644407,-8.296356,-2.5420458,-2.8292825,3,walking
1519421644412,-8.334655,-2.427151,-2.867581,3,walking
1519421644417,-8.334655,-2.427151,-2.867581,3,walking
1519421644422,-8.2676325,-2.3122563,-2.7909844,3,walking
1519421644427,-8.258059,-2.254809,-2.7431116,3,walking
1519421644432,-8.181462,-2.1207652,-2.6760898,3,walking
1519421644437,-8.181462,-2.1207652,-2.6760898,3,walking
1519421644442,-8.095291,-1.9675722,-2.6090677,3,walking
1519421644447,-7.922949,-1.8718265,-2.5324712,3,walking
1519421644453,-7.8655014,-1.8526775,-2.4367256,3,walking
1519421644457,-7.741032,-1.8526775,-2.408002,3,walking
1519421644463,-7.5974135,-1.79523,-2.2739582,3,walking
1519421644468,-7.56869,-1.7569319,-2.2643836,3,walking
1519421644473,-7.46337,-1.709059,-2.168638,3,walking
1519421644478,-7.4059224,-1.6994845,-2.1111906,3,walking
1519421644483,-7.2527294,-1.6516117,-2.0537431,3,walking
1519421644488,-7.2240057,-1.6707608,-2.0728924,3,walking
1519421644494,-7.0803876,-1.6611862,-2.0441687,3,walking
1519421644499,-7.042089,-1.6611862,-2.034594,3,walking
1519421644504,-7.003791,-1.6516117,-2.0728924,3,walking
1519421644514,-7.204857,-1.7186337,-2.2356598,3,walking
1519421644520,-7.3006024,-1.7473572,-2.2835326,3,walking
1519421644525,-7.35805,-1.8048047,-2.360129,3,walking
1519421644531,-7.5303917,-1.79523,-2.5516202,3,walking
1519421644536,-7.5782647,-1.8526775,-2.5324712,3,walking
1519421644541,-7.7314577,-1.9101248,-2.5516202,3,walking
1519421644545,-7.9803963,-2.015445,-2.4845984,3,walking
1519421644550,-8.104865,-2.0633178,-2.427151,3,walking
1519421644555,-8.191036,-2.1399143,-2.4654493,3,walking
1519421644561,-8.392102,-2.2931073,-2.3888528,3,walking
1519421644566,-8.526146,-2.34098,-2.3314054,3,walking
1519421644570,-8.679339,-2.360129,-2.360129,3,walking
1519421644575,-8.794233,-2.3984275,-2.2931073,3,walking
1519421644580,-8.947427,-2.4367256,-2.2643836,3,walking
1519421644585,-9.129343,-2.3888528,-2.2165108,3,walking
1519421644590,-9.167642,-2.408002,-2.1111906,3,walking
1519421644595,-9.177217,-2.321831,-2.101616,3,walking
1519421644601,-9.110194,-2.2069361,-1.948423,3,walking
1519421644605,-9.071896,-2.0920415,-1.8431029,3,walking
1519421644611,-8.909128,-1.929274,-1.622888,3,walking
1519421644616,-8.909128,-1.929274,-1.622888,3,walking
1519421644621,-8.822957,-1.8239537,-1.5175679,3,walking
1519421644626,-8.717637,-1.8048047,-1.3930986,3,walking
1519421644630,-8.593168,-1.7856555,-1.2303311,3,walking
1519421644635,-8.478273,-1.8143792,-1.1250108,3,walking
1519421644640,-8.392102,-1.8431029,-1.0292653,3,walking
1519421644645,-8.286782,-1.8335283,-0.9430942,3,walking
1519421644650,-8.248484,-1.9101248,-0.7994758,3,walking
1519421644655,-8.296356,-1.948423,-0.77075213,3,walking
1519421644660,-8.459125,-1.929274,-0.78032666,3,walking
1519421644665,-8.736787,-1.929274,-0.8473486,3,walking
1519421644671,-9.0814705,-1.8909757,-0.98139244,3,walking
1519421644675,-10.230418,-1.7569319,-1.3930986,3,walking
1519421644679,-10.852764,-1.7665064,-1.6324625,3,walking
1519421644686,-11.446387,-1.7856555,-1.9005502,3,walking
1519421644691,-12.422992,-1.9771467,-2.2165108,3,walking
1519421644696,-12.633633,-2.1111906,-2.254809,3,walking
1519421644739,-10.460207,-3.0016246,-1.14416,3,walking
1519421644747,-9.742115,-2.819708,-1.0675635,3,walking
1519421644754,-9.435729,-2.6856642,-0.99096704,3,walking
1519421644761,-9.052747,-2.513322,-0.8952214,3,walking
1519421644766,-9.014449,-2.3984275,-0.90479594,3,walking
1519421644771,-9.244238,-2.1782124,-0.92394507,3,walking
1519421644776,-9.244238,-2.1782124,-0.92394507,3,walking
1519421644780,-9.244238,-2.1782124,-0.92394507,3,walking
1519421644785,-10.220843,-1.7473572,-0.92394507,3,walking
1519421644790,-11.130426,-1.6037389,-0.99096704,3,walking
1519421644795,-11.130426,-1.6037389,-0.99096704,3,walking
1519421644799,-11.609155,-1.5845897,-1.0675635,3,walking
1519421644803,-12.403843,-2.0441687,-1.383524,3,walking
1519421644809,-12.834699,-2.2931073,-1.5558661,3,walking
1519421644815,-13.524067,-2.7239625,-2.187787,3,walking
1519421644820,-13.658111,-2.905879,-2.5516202,3,walking
1519421644826,-13.705983,-3.1356685,-2.905879,3,walking
1519421644831,-13.753856,-3.5473747,-3.346309,3,walking
1519421644860,-12.9591675,-4.428234,-3.7675896,3,walking
1519421644865,-12.710229,-4.236743,-3.7292912,3,walking
1519421644870,-12.221927,-3.3080106,-3.451629,3,walking
1519421644875,-11.838944,-2.7718353,-3.126094,3,walking
1519421644889,-10.488931,-1.7856555,-2.3026817,3,walking
1519421644895,-10.096374,-1.1728836,-1.929274,3,walking
1519421644900,-9.636795,-0.751603,-1.5750152,3,walking
1519421644934,-8.506997,0.61755913,-0.45479164,3,walking
1519421644944,-7.9037995,-0.014361841,-0.54096264,3,walking
1519421644950,-7.846352,-0.27287498,-0.5505372,3,walking
1519421644956,-7.846352,-0.27287498,-0.5505372,3,walking
1519421644960,-7.8272033,-0.45479164,-0.7994758,3,walking
1519421644965,-7.7314577,-0.6845811,-0.8281995,3,walking
1519421644970,-7.702734,-1.2016073,-0.8186249,3,walking
1519421644975,-7.702734,-1.2016073,-0.8186249,3,walking
1519421644980,-7.7314577,-1.776081,-0.7420284,3,walking
1519421644985,-7.7123084,-2.101616,-0.77075213,3,walking
1519421644991,-7.7123084,-2.752686,-1.1154363,3,walking
1519421644996,-7.721883,-3.039923,-1.2399056,3,walking
1519421645001,-7.702734,-3.2601378,-1.3930986,3,walking
1519421645006,-7.7506065,-3.346309,-1.5271424,3,walking
1519421645011,-7.664436,-3.4037561,-1.6994845,3,walking
1519421645016,-7.6069884,-3.3558834,-1.8048047,3,walking
1519421645020,-7.6261373,-3.3558834,-1.9771467,3,walking
1519421645025,-7.5591154,-3.3558834,-2.0824668,3,walking
1519421645030,-7.616563,-3.365458,-2.2165108,3,walking
1519421645035,-7.654861,-3.2984362,-2.2643836,3,walking
1519421645040,-7.635712,-3.0303483,-2.0824668,3,walking
1519421645046,-7.635712,-3.0303483,-2.0824668,3,walking
1519421645050,-7.56869,-2.733537,-1.8814012,3,walking
1519421645056,-7.5208173,-2.5707695,-1.6611862,3,walking
1519421645061,-7.511243,-2.3792782,-1.3643749,3,walking
1519421645066,-7.5208173,-2.2739582,-1.2207564,3,walking
1519421645071,-7.5303917,-2.2452345,-1.1345854,3,walking
1519421645076,-7.396348,-2.149489,-0.83777404,3,walking
1519421645081,-7.3389006,-2.0920415,-0.6845811,3,walking
1519421645086,-7.2335806,-2.1111906,-0.69415563,3,walking
1519421645092,-7.243155,-2.0633178,-0.50266445,3,walking
1519421645097,-7.2623043,-2.0728924,-0.44521707,3,walking
1519421645102,-7.3389006,-2.0537431,-0.3398969,3,walking
1519421645107,-7.3771987,-2.0633178,-0.23457673,3,walking
1519421645112,-7.434646,-1.9196993,0.05266008,3,walking
1519421645116,-7.501668,-1.9675722,-0.18670394,3,walking
1519421645121,-7.6069884,-1.9005502,-0.18670394,3,walking
1519421645125,-7.6835847,-1.8718265,-0.09095833,3,walking
1519421645130,-7.875076,-1.6899099,0.0,3,walking
1519421645135,-7.875076,-1.6899099,0.0,3,walking
1519421645140,-8.143164,-1.5175679,-0.03351096,3,walking
1519421645145,-8.258059,-1.4984187,-0.062234644,3,walking
1519421645150,-8.420826,-1.4218222,-0.13883112,3,walking
1519421645155,-8.889979,-1.3260766,-0.28244954,3,walking
1519421645159,-9.052747,-1.2686293,-0.32074776,3,walking
1519421645165,-9.215514,-1.2973529,-0.40691882,3,walking
1519421645170,-9.569773,-1.2494801,-0.5792609,3,walking
1519421645175,-9.703817,-1.2016073,-0.6845811,3,walking
1519421645184,-9.98148,-1.2494801,-0.9430942,3,walking
1519421645190,-10.0868,-1.2399056,-1.0005416,3,walking
1519421645195,-10.354887,-1.3739494,-1.1920328,3,walking
1519421645200,-10.565528,-1.4505459,-1.2877784,3,walking
1519421645205,-10.728295,-1.5654407,-1.3260766,3,walking
1519421645210,-10.958084,-1.6324625,-1.2207564,3,walking
1519421645216,-11.034681,-1.6899099,-1.2111819,3,walking
1519421645220,-11.130426,-1.709059,-1.14416,3,walking
1519421645226,-11.130426,-1.709059,-1.14416,3,walking
1519421645230,-11.168725,-1.7282082,-1.2016073,3,walking
1519421645236,-11.1208515,-1.6899099,-1.2399056,3,walking
1519421645240,-11.111278,-1.6037389,-1.2877784,3,walking
1519421645245,-11.1208515,-1.5175679,-1.4409714,3,walking
1519421645250,-11.15915,-1.4313968,-1.5367169,3,walking
1519421645255,-11.207023,-1.3260766,-1.6037389,3,walking
1519421645260,-11.36979,-1.1537346,-1.7186337,3,walking
1519421645265,-11.446387,-1.0867126,-1.7569319,3,walking
1519421645274,-11.590006,-1.0388398,-1.6994845,3,walking
1519421645280,-11.685751,-1.0675635,-1.6420372,3,walking
1519421645285,-11.819795,-1.0771381,-1.4505459,3,walking
1519421645290,-11.819795,-1.1920328,-1.3643749,3,walking
1519421645296,-11.819795,-1.1920328,-1.3643749,3,walking
1519421645303,-11.676176,-1.2016073,-1.2686293,3,walking
1519421645308,-11.609155,-1.1537346,-1.2590547,3,walking
1519421645313,-11.49426,-1.0484143,-1.3260766,3,walking
1519421645323,-10.919786,-0.7228793,-1.4505459,3,walking
1519421645328,-10.689997,-0.6079846,-1.4888442,3,walking
1519421645334,-10.19212,-0.5792609,-1.5941644,3,walking
1519421645339,-9.98148,-0.56968635,-1.709059,3,walking
1519421645344,-9.761265,-0.5792609,-1.862252,3,walking
1519421645349,-9.608071,-0.6271337,-1.9962958,3,walking
1519421645355,-9.665519,-0.6558574,-2.733537,3,walking
1519421645360,-9.971905,-0.665432,-3.1643922,3,walking
1519421645365,-10.431483,-0.665432,-3.4899273,3,walking
1519421645370,-11.743198,-0.90479594,-3.9590807,3,walking
1519421645377,-12.614484,-1.6037389,-3.930357,3,walking
1519421645383,-12.738953,-2.1111906,-3.7101421,3,walking
1519421645388,-12.5474615,-3.2792869,-2.7622607,3,walking
1519421645393,-12.403843,-3.9207826,-2.34098,3,walking
1519421645397,-12.2410755,-4.466532,-1.948423,3,walking
1519421645429,-10.747444,-4.303765,-1.5750152,3,walking
1519421645437,-10.642124,-3.8346114,-1.6803354,3,walking
1519421645445,-10.6134,-3.1452432,-1.7473572,3,walking
1519421645452,-11.005958,-2.3792782,-2.0058703,3,walking
1519421645457,-11.312344,-1.9005502,-2.0728924,3,walking
1519421645461,-11.570856,-1.5558661,-2.1782124,3,walking
1519421645465,-11.771922,-1.2590547,-2.3026817,3,walking
1519421645469,-12.020861,-0.91437054,-2.408002,3,walking
1519421645474,-12.260224,-0.64628285,-2.494173,3,walking
1519421645479,-12.786825,-0.2441513,-2.714388,3,walking
1519421645484,-12.940019,-0.16755481,-2.9154537,3,walking
1519421645489,-13.093211,-0.12925656,-3.0973704,3,walking
1519421645494,-13.112361,-0.18670394,-3.3271596,3,walking
1519421645499,-13.112361,-0.28244954,-3.5282254,3,walking
1519421645504,-13.13151,-0.36862057,-3.6143966,3,walking
1519421645509,-13.102786,-0.64628285,-3.7388659,3,walking
1519421645514,-12.987891,-0.85692316,-3.7292912,3,walking
1519421645519,-12.90172,-1.1154363,-3.7963133,3,walking
1519421645524,-12.8538475,-1.4218222,-3.9016335,3,walking
1519421645529,-12.681505,-1.9867213,-4.2175937,3,walking
1519421645535,-12.375119,-2.1207652,-4.275041,3,walking
1519421645539,-12.020861,-2.101616,-4.1601467,3,walking
1519421645545,-11.503835,-2.034594,-3.8824842,3,walking
1519421645549,-11.15915,-2.0633178,-3.5665238,3,walking
1519421645556,-10.958084,-2.149489,-3.5665238,3,walking
1519421645560,-10.527229,-2.1303396,-3.2026904,3,walking
1519421645565,-10.527229,-2.1303396,-3.2026904,3,walking
1519421645569,-10.354887,-1.9005502,-2.6377914,3,walking
1519421645574,-10.29744,-1.862252,-2.7048132,3,walking
1519421645579,-10.038927,-1.8909757,-2.5037475,3,walking
1519421645584,-9.8953085,-2.0250196,-2.360129,3,walking
1519421645589,-9.75169,-2.0058703,-2.2452345,3,walking
1519421645594,-9.617646,-1.9771467,-2.0920415,3,walking
1519421645599,-9.359133,-1.9867213,-1.7473572,3,walking
1519421645604,-9.148493,-2.101616,-1.6899099,3,walking
1519421645608,-9.148493,-2.101616,-1.6899099,3,walking
1519421645614,-8.966576,-2.1303396,-1.6803354,3,walking
1519421645619,-8.832532,-2.1782124,-1.6516117,3,walking
1519421645624,-8.535721,-2.1207652,-1.6803354,3,walking
1519421645630,-8.459125,-1.9005502,-1.6133134,3,walking
1519421645634,-8.526146,-1.7569319,-1.6611862,3,walking
1519421645641,-8.095291,-1.7186337,-1.7665064,3,walking
1519421645646,-8.056993,-1.7665064,-1.8048047,3,walking
1519421645650,-8.104865,-1.8718265,-2.2069361,3,walking
1519421645654,-8.104865,-1.8718265,-2.2069361,3,walking
1519421645659,-8.00912,-1.8526775,-2.4654493,3,walking
1519421645664,-7.922949,-1.8814012,-2.5420458,3,walking
1519421645669,-7.9037995,-1.948423,-2.6856642,3,walking
1519421645674,-7.922949,-2.0824668,-2.972901,3,walking
1519421645679,-7.9803963,-2.1782124,-3.0494976,3,walking
1519421645684,-7.9803963,-2.2069361,-3.0973704,3,walking
1519421645689,-8.047418,-2.2643836,-3.0973704,3,walking
1519421645694,-8.133589,-2.2739582,-3.0686467,3,walking
1519421645698,-8.200611,-2.2739582,-3.1356685,3,walking
1519421645704,-8.305931,-2.2165108,-3.1643922,3,walking
1519421645709,-8.382527,-2.2069361,-3.1835413,3,walking
1519421645714,-8.526146,-2.2739582,-3.231414,3,walking
1519421645719,-8.5740185,-2.2931073,-3.193116,3,walking
1519421645724,-8.631466,-2.2931073,-3.212265,3,walking
1519421645729,-8.621892,-2.2835326,-3.1356685,3,walking
1519421645734,-8.66019,-2.2069361,-3.1069448,3,walking
1519421645739,-8.641041,-2.149489,-3.0686467,3,walking
1519421645744,-8.612317,-2.101616,-3.039923,3,walking
1519421645749,-8.564445,-2.0728924,-2.9920502,3,walking
1519421645754,-8.44955,-2.0537431,-2.9154537,3,walking
1519421645759,-8.248484,-2.0537431,-2.733537,3,walking
1519421645764,-8.21976,-2.015445,-2.752686,3,walking
1519421645769,-8.181462,-1.9867213,-2.7814097,3,walking
1519421645774,-8.11444,-1.948423,-2.7431116,3,walking
1519421645779,-7.9803963,-1.9579976,-2.6952388,3,walking
1519421645784,-7.855927,-1.9675722,-2.6760898,3,walking
1519421645789,-7.7123084,-1.948423,-2.580344,3,walking
1519421645795,-7.7123084,-1.948423,-2.580344,3,walking
1519421645800,-7.6261373,-1.929274,-2.6760898,3,walking
1519421645805,-7.5974135,-1.9005502,-2.666515,3,walking
1519421645809,-7.4537954,-1.8431029,-2.714388,3,walking
1519421645815,-7.4537954,-1.8431029,-2.714388,3,walking
1519421645820,-7.3676243,-1.7569319,-2.6760898,3,walking
1519421645825,-7.3676243,-1.7665064,-2.6760898,3,walking
1519421645830,-7.1857076,-1.6707608,-2.6090677,3,walking
1519421645835,-7.1857076,-1.6707608,-2.6090677,3,walking
1519421645840,-6.9942164,-1.6133134,-2.408002,3,walking
1519421645845,-6.9559183,-1.6133134,-2.360129,3,walking
1519421645851,-6.9463434,-1.5941644,-2.34098,3,walking
1519421645856,-6.898471,-1.6133134,-2.3026817,3,walking
1519421645861,-6.8888965,-1.6994845,-2.2739582,3,walking
1519421645866,-6.8888965,-1.6707608,-2.2739582,3,walking
1519421645871,-6.8888965,-1.7186337,-2.1973617,3,walking
1519421645876,-6.936769,-1.7377827,-2.1782124,3,walking
1519421645881,-7.0133657,-1.6994845,-2.1973617,3,walking
1519421645886,-7.1186857,-1.7282082,-2.2069361,3,walking
1519421645891,-7.3197513,-1.7665064,-2.187787,3,walking
1519421645896,-7.4537954,-1.7569319,-2.149489,3,walking
1519421645902,-7.587839,-1.7282082,-2.1303396,3,walking
1519421645912,-7.9037995,-1.6611862,-2.1590633,3,walking
1519421645917,-8.037844,-1.6133134,-2.149489,3,walking
1519421645922,-8.200611,-1.622888,-2.1399143,3,walking
1519421645927,-8.439975,-1.5271424,-2.1111906,3,walking
1519421645933,-8.506997,-1.5079932,-2.1590633,3,walking
1519421645939,-8.698488,-1.4313968,-2.1111906,3,walking
1519421645945,-8.708063,-1.4409714,-2.015445,3,walking
1519421645950,-8.708063,-1.4409714,-1.9388485,3,walking
1519421645955,-8.708063,-1.4409714,-1.8814012,3,walking
1519421645960,-8.708063,-1.4601204,-1.7665064,3,walking
1519421645965,-8.621892,-1.5367169,-1.5079932,3,walking
1519421645971,-8.55487,-1.5845897,-1.4313968,3,walking
1519421645976,-8.583593,-1.6420372,-1.2877784,3,walking
1519421645981,-8.602742,-1.7186337,-1.1633091,3,walking
1519421645986,-8.564445,-1.948423,-0.8952214,3,walking
1519421645991,-8.583593,-2.0441687,-0.7324539,3,walking
1519421646001,-8.688913,-2.321831,-0.4356425,3,walking
1519421646006,-8.717637,-2.427151,-0.33032233,3,walking
1519421646011,-8.813383,-2.513322,-0.25372586,3,walking
1519421646016,-8.880404,-2.5994933,-0.20585304,3,walking
1519421646021,-9.062322,-2.7814097,-0.0718092,3,walking
1519421646027,-9.215514,-2.819708,-0.00478728,3,walking
1519421646032,-9.550624,-2.8963046,0.014361841,3,walking
1519421646037,-9.866585,-2.819708,-0.0718092,3,walking
1519421646042,-10.335738,-2.752686,-0.18670394,3,walking
1519421646052,-12.537887,-2.3026817,-0.93351966,3,walking
1519421646057,-13.323001,-2.2452345,-1.2303311,3,walking
1519421646065,-14.462374,-2.2069361,-1.7473572,3,walking
1519421646071,-14.682589,-2.2069361,-1.8335283,3,walking
1519421646076,-14.510246,-2.1399143,-1.7665064,3,walking
1519421646081,-14.108115,-2.1207652,-1.5271424,3,walking
1519421646091,-12.58576,-1.9579976,-0.9430942,3,walking
1519421646117,-9.675094,-1.4313968,-0.22500217,3,walking
1519421646125,-9.177217,-1.1537346,-0.22500217,3,walking
1519421646133,-9.033598,-0.98139244,-0.26330042,3,walking
1519421646139,-8.966576,-0.78990126,-0.33032233,3,walking
1519421646144,-9.20594,-0.4356425,-0.5505372,3,walking
1519421646149,-9.885734,-0.19627848,-0.8186249,3,walking
1519421646154,-9.885734,-0.19627848,-0.8186249,3,walking
1519421646159,-10.910212,-0.4356425,-1.0196906,3,walking
1519421646163,-11.503835,-0.71330476,-1.1058618,3,walking
1519421646173,-13.102786,-1.1824582,-1.2782038,3,walking
1519421646179,-14.127264,-1.5750152,-1.1633091,3,walking
1519421646184,-14.395351,-1.7473572,-1.1537346,3,walking
1519421646189,-14.424075,-2.0058703,-1.0101161,3,walking
1519421646225,-13.198531,-2.5994933,-1.6611862,3,walking
1519421646229,-12.56661,-2.321831,-1.948423,3,walking
1519421646234,-12.231501,-2.1973617,-1.9196993,3,walking
1519421646239,-11.446387,-2.0728924,-1.9579976,3,walking
1519421646244,-11.446387,-2.0728924,-1.9579976,3,walking
1519421646248,-10.747444,-2.0441687,-1.9005502,3,walking
1519421646254,-10.460207,-1.9867213,-1.8048047,3,walking
1519421646259,-9.799562,-1.6420372,-1.3930986,3,walking
1519421646264,-9.799562,-1.6420372,-1.3930986,3,walking
1519421646269,-9.004874,-1.5558661,-1.0962871,3,walking
1519421646274,-8.889979,-1.4218222,-1.0484143,3,walking
1519421646279,-8.736787,-1.4409714,-0.99096704,3,walking
1519421646284,-8.487848,-1.5558661,-0.9718179,3,walking
1519421646289,-8.334655,-1.6611862,-0.8760723,3,walking
1519421646294,-8.143164,-1.7856555,-1.0388398,3,walking
1519421646299,-8.00912,-1.8526775,-0.98139244,3,walking
1519421646305,-7.7793303,-1.9196993,-0.93351966,3,walking
1519421646310,-7.654861,-1.8909757,-0.8760723,3,walking
1519421646315,-7.702734,-1.8909757,-1.0292653,3,walking
1519421646320,-7.664436,-2.101616,-1.2303311,3,walking
1519421646325,-7.434646,-2.3697038,-1.0675635,3,walking
1519421646330,-7.2910275,-2.4367256,-0.90479594,3,walking
1519421646335,-7.2718787,-2.494173,-1.0005416,3,walking
1519421646341,-7.3006024,-2.6186423,-1.3260766,3,walking
1519421646345,-7.3006024,-2.733537,-1.4313968,3,walking
1519421646351,-7.3006024,-2.819708,-1.5271424,3,walking
1519421646361,-7.137835,-3.039923,-1.5750152,3,walking
1519421646366,-7.1186857,-3.1069448,-1.6133134,3,walking
1519421646371,-7.2144313,-3.2026904,-1.79523,3,walking
1519421646376,-7.2335806,-3.2697124,-1.8718265,3,walking
1519421646381,-7.3197513,-3.346309,-1.9388485,3,walking
1519421646386,-7.281453,-3.384607,-1.9675722,3,walking
1519421646392,-7.2144313,-3.2792869,-1.8718265,3,walking
1519421646396,-7.195282,-3.193116,-1.8048047,3,walking
1519421646402,-7.156984,-3.1356685,-1.7186337,3,walking
1519421646407,-7.2527294,-2.9537518,-1.6420372,3,walking
1519421646412,-7.2910275,-2.9346027,-1.6324625,3,walking
1519421646417,-7.348475,-2.9824755,-1.6420372,3,walking
1519421646422,-7.396348,-3.020774,-1.6133134,3,walking
1519421646427,-7.434646,-3.0494976,-1.5941644,3,walking
1519421646433,-7.5208173,-3.0494976,-1.4792696,3,walking
1519421646437,-7.5591154,-3.020774,-1.4409714,3,walking
1519421646443,-7.6261373,-3.0016246,-1.3452257,3,walking
1519421646448,-7.7314577,-2.905879,-1.2877784,3,walking
1519421646454,-7.7506065,-2.88673,-1.2877784,3,walking
1519421646458,-7.846352,-2.8292825,-1.2016073,3,walking
1519421646463,-7.922949,-2.8484318,-1.2111819,3,walking
1519421646469,-8.00912,-2.8388572,-1.2016073,3,walking
1519421646474,-8.143164,-2.819708,-1.2399056,3,walking
1519421646478,-8.171887,-2.8388572,-1.2494801,3,walking
1519421646483,-8.363379,-2.800559,-1.1250108,3,walking
1519421646488,-8.420826,-2.733537,-1.0675635,3,walking
1519421646493,-8.487848,-2.6952388,-1.0771381,3,walking
1519421646498,-8.583593,-2.580344,-1.0196906,3,walking
1519421646504,-8.602742,-2.5037475,-0.9526688,3,walking
1519421646508,-8.679339,-2.3984275,-0.8760723,3,walking
1519421646513,-8.717637,-2.254809,-0.8760723,3,walking
1519421646518,-8.7750845,-2.034594,-0.8664977,3,walking
1519421646523,-8.794233,-1.9675722,-0.8760723,3,walking
1519421646528,-8.822957,-1.8526775,-0.91437054,3,walking
1519421646533,-8.947427,-1.7377827,-0.9430942,3,walking
1519421646538,-8.995299,-1.6803354,-0.9622433,3,walking
1519421646543,-9.043172,-1.6516117,-0.9526688,3,walking
1519421646548,-9.0814705,-1.5845897,-1.0292653,3,walking
1519421646553,-9.138918,-1.5845897,-1.0771381,3,walking
1519421646558,-9.129343,-1.6037389,-1.0771381,3,walking
1519421646563,-9.158067,-1.7377827,-1.14416,3,walking
1519421646568,-9.234664,-1.776081,-1.1728836,3,walking
1519421646573,-9.330409,-1.9675722,-1.2016073,3,walking
1519421646578,-9.378282,-2.034594,-1.2399056,3,walking
1519421646583,-9.493176,-2.0824668,-1.2111819,3,walking
1519421646588,-9.684668,-2.1399143,-1.1728836,3,walking
1519421646594,-9.799562,-2.187787,-1.1633091,3,walking
1519421646598,-9.943181,-2.2069361,-1.1154363,3,walking
1519421646603,-10.163396,-2.321831,-1.1058618,3,walking
1519421646608,-10.728295,-2.4654493,-1.1633091,3,walking
1519421646613,-11.034681,-2.561195,-1.2303311,3,walking
1519421646618,-11.522984,-2.647366,-1.2782038,3,walking
1519421646623,-11.72405,-2.666515,-1.2973529,3,walking
1519421646629,-11.858093,-2.666515,-1.3452257,3,walking
1519421646633,-12.030436,-2.6282167,-1.2877784,3,walking
1519421646637,-12.154904,-2.5516202,-1.2303311,3,walking
1519421646643,-12.221927,-2.3697038,-1.1345854,3,walking
1519421646648,-12.164479,-2.2643836,-1.0675635,3,walking
1519421646653,-12.087883,-2.149489,-1.0196906,3,walking
1519421646658,-11.972988,-1.9867213,-1.0101161,3,walking
1519421646663,-11.618729,-1.6133134,-0.91437054,3,walking
1519421646668,-11.4272375,-1.3930986,-0.91437054,3,walking
1519421646673,-11.274045,-1.1728836,-0.9526688,3,walking
1519421646678,-10.843189,-0.77075213,-0.8952214,3,walking
1519421646683,-10.670848,-0.6271337,-1.0484143,3,walking
1519421646688,-10.488931,-0.56011176,-1.1728836,3,walking
1519421646693,-10.326163,-0.42606795,-1.1728836,3,walking
1519421646698,-9.924032,-0.26330042,-1.1250108,3,walking
1519421646703,-9.608071,-0.30159867,-1.2590547,3,walking
1519421646708,-9.138918,-0.27287498,-1.3260766,3,walking
1519421646713,-8.966576,-0.25372586,-1.4026731,3,walking
1519421646718,-9.091045,-0.16755481,-1.6803354,3,walking
1519421646724,-10.239992,-0.03351096,-2.7239625,3,walking
1519421646729,-11.216598,0.0,-3.193116,3,walking
1519421646734,-12.193203,-0.03351096,-3.4324799,3,walking
1519421646741,-13.504917,-0.665432,-3.5090764,3,walking
1519421646749,-13.734707,-2.0441687,-2.9537518,3,walking
1519421646804,-9.091045,-3.7484405,-2.408002,3,walking
1519421646813,-8.928278,-3.3175852,-2.5516202,3,walking
1519421646819,-8.9761505,-2.2356598,-2.8101335,3,walking
1519421646824,-9.119769,-1.7186337,-2.8292825,3,walking
1519421646828,-9.378282,-1.2973529,-2.9346027,3,walking
1519421646872,-12.930444,-1.5271424,-1.6803354,3,walking
1519421646880,-13.217681,-1.6420372,-1.6899099,3,walking
1519421646888,-13.141085,-1.79523,-1.8335283,3,walking
1519421646896,-12.8538475,-1.9005502,-2.0441687,3,walking
1519421646904,-12.56661,-1.7665064,-2.1782124,3,walking
1519421646909,-12.35597,-1.7186337,-2.34098,3,walking
1519421646914,-11.896391,-1.6611862,-2.6090677,3,walking
1519421646920,-11.513409,-1.709059,-2.7718353,3,walking
1519421646924,-11.207023,-1.5750152,-2.9920502,3,walking
1519421646929,-10.891063,-1.3260766,-3.0877957,3,walking
1519421646934,-10.536804,-1.0962871,-2.972901,3,walking
1519421646938,-10.249567,-0.9430942,-2.7814097,3,walking
1519421646943,-9.971905,-0.78990126,-2.5707695,3,walking
1519421646948,-9.474028,-0.7228793,-2.254809,3,walking
1519421646953,-9.272962,-0.61755913,-2.2165108,3,walking
1519421646959,-8.736787,-0.665432,-2.1111906,3,walking
1519421646964,-8.478273,-0.6271337,-2.0824668,3,walking
1519421646969,-8.2676325,-0.50266445,-1.7665064,3,walking
1519421646974,-8.23891,-0.40691882,-1.6803354,3,walking
1519421646979,-8.171887,-0.46436617,-1.5558661,3,walking
1519421646984,-8.085716,-0.5313881,-1.5367169,3,walking
1519421646989,-7.7314577,-0.28244954,-0.9718179,3,walking
1519421646994,-7.7123084,-0.12925656,-0.7420284,3,walking
1519421646999,-7.6835847,-0.110107444,-0.69415563,3,walking
1519421647004,-7.788905,-0.10053288,-0.77075213,3,walking
1519421647009,-7.616563,-0.15798025,-0.92394507,3,walking
1519421647014,-7.6452866,-0.05266008,-0.92394507,3,walking
1519421647019,-7.702734,-0.110107444,-1.0196906,3,walking
1519421647024,-7.2718787,-0.23457673,-1.0292653,3,walking
1519421647029,-7.2718787,-0.25372586,-1.1154363,3,walking
1519421647039,-7.243155,-0.2920241,-1.469695,3,walking
1519421647044,-7.348475,-0.3111732,-1.6324625,3,walking
1519421647049,-7.3867736,-0.32074776,-1.79523,3,walking
1519421647060,-7.396348,-0.4164934,-2.101616,3,walking
1519421647065,-7.4729443,-0.512239,-2.2356598,3,walking
1519421647070,-7.56869,-0.63670826,-2.3984275,3,walking
1519421647075,-7.635712,-0.93351966,-2.6282167,3,walking
1519421647080,-7.6261373,-1.1154363,-2.6952388,3,walking
1519421647091,-7.587839,-1.4888442,-2.7718353,3,walking
1519421647096,-7.654861,-1.5271424,-2.7814097,3,walking
1519421647101,-7.6452866,-1.5845897,-2.7622607,3,walking
1519421647106,-7.741032,-1.7569319,-2.733537,3,walking
1519421647111,-7.788905,-1.8718265,-2.7048132,3,walking
1519421647116,-7.8176284,-1.929274,-2.6952388,3,walking
1519421647121,-7.9516726,-1.948423,-2.6856642,3,walking
1519421647126,-8.00912,-1.9962958,-2.6377914,3,walking
1519421647131,-8.085716,-2.0058703,-2.6569405,3,walking
1519421647136,-8.200611,-2.0728924,-2.6952388,3,walking
1519421647142,-8.200611,-2.0728924,-2.6952388,3,walking
1519421647146,-8.430401,-2.0633178,-2.8484318,3,walking
1519421647151,-8.526146,-2.1111906,-2.8292825,3,walking
1519421647155,-8.641041,-2.0824668,-2.9250283,3,walking
1519421647160,-8.727212,-2.101616,-2.9346027,3,walking
1519421647164,-8.947427,-2.015445,-3.059072,3,walking
1519421647170,-9.004874,-1.9867213,-3.039923,3,walking
1519421647175,-9.129343,-1.8909757,-3.1452432,3,walking
1519421647180,-9.29211,-1.776081,-3.1069448,3,walking
1519421647185,-9.464453,-1.6516117,-3.1452432,3,walking
1519421647190,-9.435729,-1.5750152,-3.0686467,3,walking
1519421647200,-9.608071,-1.3643749,-3.059072,3,walking
1519421647205,-9.560199,-1.3165021,-3.0016246,3,walking
1519421647210,-9.483603,-1.3548003,-2.8963046,3,walking
1519421647215,-9.359133,-1.3643749,-2.8580062,3,walking
1519421647221,-9.272962,-1.3356512,-2.800559,3,walking
1519421647225,-9.18679,-1.3452257,-2.6952388,3,walking
1519421647231,-9.0814705,-1.5175679,-2.6186423,3,walking
1519421647236,-9.052747,-1.5845897,-2.580344,3,walking
1519421647241,-9.024023,-1.6420372,-2.5707695,3,walking
1519421647246,-8.918703,-1.7282082,-2.494173,3,walking
1519421647251,-8.803808,-1.7856555,-2.4558747,3,walking
1519421647256,-8.784659,-1.7856555,-2.4558747,3,walking
1519421647261,-8.794233,-1.8143792,-2.475024,3,walking
1519421647266,-8.803808,-1.8048047,-2.513322,3,walking
1519421647272,-8.698488,-1.8431029,-2.580344,3,walking
1519421647277,-8.727212,-1.7569319,-2.5994933,3,walking
1519421647282,-8.688913,-1.6037389,-2.5707695,3,walking
1519421647287,-8.842107,-1.2399056,-2.5037475,3,walking
1519421647293,-8.822957,-0.98139244,-2.4845984,3,walking
1519421647298,-8.803808,-0.7994758,-2.4845984,3,walking
1519421647303,-8.698488,-0.5218136,-2.513322,3,walking
1519421647308,-8.631466,-0.33032233,-2.3122563,3,walking
1519421647315,-8.506997,-0.2154276,-2.1782124,3,walking
1519421647320,-8.191036,0.014361841,-1.9196993,3,walking
1519421647325,-7.999545,0.19627848,-1.7665064,3,walking
1519421647331,-7.741032,0.28244954,-1.6611862,3,walking
1519421647336,-7.4154973,0.2920241,-1.3548003,3,walking
1519421647341,-7.2527294,0.19627848,-1.1728836,3,walking
1519421647346,-7.1474094,0.023936402,-0.93351966,3,walking
1519421647351,-7.051664,-0.16755481,-0.7324539,3,walking
1519421647356,-7.0325146,-0.45479164,-0.54096264,3,walking
1519421647361,-7.02294,-1.1250108,-0.2154276,3,walking
1519421647366,-7.003791,-1.4601204,-0.023936402,3,walking
1519421647371,-7.12826,-1.6707608,0.15798025,3,walking
1519421647376,-7.4537954,-1.79523,0.081383765,3,walking
1519421647382,-7.635712,-1.6899099,0.05266008,3,walking
1519421647387,-8.248484,-1.1920328,-0.19627848,3,walking
1519421647392,-8.248484,-1.1920328,-0.19627848,3,walking
1519421647397,-9.62722,-0.4835153,-0.9718179,3,walking
1519421647400,-10.29744,-0.15798025,-1.2111819,3,walking
1519421647407,-11.7049,-0.36862057,-1.8048047,3,walking
1519421647413,-12.413418,-0.83777404,-2.2835326,3,walking
1519421647418,-13.44747,-1.7569319,-2.5037475,3,walking
1519421647423,-13.476193,-2.2356598,-2.2643836,3,walking
1519421647460,-12.107032,-3.7484405,0.16755481,3,walking
1519421647468,-12.145329,-3.9590807,0.27287498,3,walking
1519421647476,-12.413418,-3.844186,0.09095833,3,walking
1519421647483,-12.413418,-3.844186,0.09095833,3,walking
1519421647488,-14.414501,-3.059072,-0.9622433,3,walking
1519421647493,-14.414501,-3.059072,-0.9622433,3,walking
1519421647500,-15.994304,-2.4463003,-1.6803354,3,walking
1519421647504,-17.487934,-1.8048047,-2.2356598,3,walking
1519421647509,-18.062408,-1.469695,-2.5707695,3,walking
1519421647513,-18.062408,-1.469695,-2.5707695,3,walking
1519421647552,-16.568777,2.1590633,-2.800559,3,walking
1519421647561,-14.692163,3.997379,-1.1154363,3,walking
1519421647569,-13.112361,4.131423,-1.1920328,3,walking
1519421647591,-9.876159,1.0101161,-2.5324712,3,walking
1519421647596,-9.3878565,0.78032666,-2.6090677,3,walking
1519421647601,-9.014449,0.5792609,-2.714388,3,walking
1519421647606,-8.353804,0.26330042,-2.8101335,3,walking
1519421647611,-8.037844,0.03351096,-2.88673,3,walking
1519421647615,-7.654861,-0.2441513,-2.905879,3,walking
1519421647620,-7.348475,-0.512239,-2.819708,3,walking
1519421647629,-6.391019,-1.5558661,-3.0494976,3,walking
1519421647633,-6.113357,-1.9579976,-3.039923,3,walking
1519421647638,-5.950589,-2.321831,-3.0494976,3,walking
1519421647642,-5.950589,-2.321831,-3.0494976,3,walking
1519421647647,-5.6154795,-2.972901,-2.9824755,3,walking
1519421647652,-5.481436,-3.2409887,-3.0111992,3,walking
1519421647657,-5.328243,-3.5760984,-3.0111992,3,walking
1519421647662,-5.328243,-3.5760984,-3.0111992,3,walking
1519421647667,-5.1654754,-3.6239712,-2.9633265,3,walking
1519421647672,-5.1654754,-3.6239712,-2.9633265,3,walking
1519421647677,-5.1654754,-3.451629,-2.88673,3,walking
1519421647683,-4.9739842,-3.126094,-2.7622607,3,walking
1519421647688,-4.83994,-3.0303483,-2.7718353,3,walking
1519421647693,-4.83994,-3.0303483,-2.7718353,3,walking
1519421647697,-4.8973875,-2.8580062,-3.020774,3,walking
1519421647702,-4.935686,-2.867581,-3.0111992,3,walking
1519421647707,-5.088879,-2.867581,-3.1835413,3,walking
1519421647712,-5.088879,-2.867581,-3.1835413,3,walking
1519421647717,-5.0601554,-2.8388572,-3.1356685,3,walking
1519421647722,-5.0314317,-2.7909844,-3.1069448,3,walking
1519421647727,-4.8973875,-2.8484318,-2.9920502,3,walking
1519421647732,-4.8973875,-2.8484318,-2.9920502,3,walking
1519421647737,-4.9452605,-2.905879,-2.733537,3,walking
1519421647742,-5.0314317,-2.9250283,-2.7048132,3,walking
1519421647747,-5.1367517,-2.9154537,-2.5994933,3,walking
1519421647752,-5.3378177,-2.9154537,-2.5228968,3,walking
1519421647757,-5.4048395,-2.9250283,-2.494173,3,walking
1519421647762,-5.462287,-2.8580062,-2.4654493,3,walking
1519421647767,-5.567607,-2.752686,-2.3792782,3,walking
1519421647772,-5.5484576,-2.7909844,-2.2931073,3,walking
1519421647777,-5.672927,-2.7718353,-2.2356598,3,walking
1519421647782,-5.672927,-2.7718353,-2.2356598,3,walking
1519421647787,-5.653778,-2.7622607,-2.1111906,3,walking
1519421647792,-5.672927,-2.6952388,-2.0633178,3,walking
1519421647797,-5.682502,-2.6856642,-1.929274,3,walking
1519421647802,-5.682502,-2.6856642,-1.929274,3,walking
1519421647808,-5.7208,-2.6377914,-1.862252,3,walking
1519421647813,-5.759098,-2.6760898,-1.7186337,3,walking
1519421647818,-5.787822,-2.733537,-1.6611862,3,walking
1519421647828,-5.912291,-2.8388572,-1.5654407,3,walking
1519421647833,-5.960164,-2.800559,-1.5462915,3,walking
1519421647839,-5.988888,-2.8292825,-1.5175679,3,walking
1519421647843,-6.132506,-2.8101335,-1.5750152,3,walking
1519421647849,-6.2282515,-2.7622607,-1.6420372,3,walking
1519421647854,-6.333572,-2.800559,-1.6037389,3,walking
1519421647858,-6.438892,-2.752686,-1.6133134,3,walking
1519421647863,-6.5825105,-2.733537,-1.622888,3,walking
1519421647867,-6.8601727,-2.7048132,-1.6516117,3,walking
1519421647872,-6.8601727,-2.7048132,-1.6516117,3,walking
1519421647877,-7.1857076,-2.7239625,-1.7186337,3,walking
1519421647882,-7.35805,-2.752686,-1.709059,3,walking
1519421647887,-7.6740103,-2.8101335,-1.709059,3,walking
1519421647892,-7.6740103,-2.8101335,-1.709059,3,walking
1519421647898,-8.258059,-2.8963046,-1.6037389,3,walking
1519421647903,-8.34423,-2.800559,-1.4218222,3,walking
1519421647908,-8.535721,-2.8388572,-1.1920328,3,walking
1519421647919,-9.5219,-3.078221,-1.5079932,3,walking
1519421647924,-9.684668,-3.3367343,-1.5271424,3,walking
1519421647929,-9.924032,-3.4803526,-1.4409714,3,walking
1519421647934,-10.2016945,-3.777164,-1.2303311,3,walking
1519421647939,-10.268716,-3.7963133,-1.1824582,3,walking
1519421647949,-10.469782,-3.844186,-0.54096264,3,walking
1519421647954,-10.728295,-3.8537605,-0.37819514,3,walking
1519421647960,-11.005958,-3.8920588,-0.2154276,3,walking
1519421647970,-11.944264,-4.2941904,0.10053288,3,walking
1519421647975,-12.221927,-4.428234,0.25372586,3,walking
1519421647980,-12.442142,-4.437809,0.33032233,3,walking
1519421647987,-12.480439,-4.284616,0.71330476,3,walking
1519421647992,-12.58576,-3.825037,0.8664977,3,walking
1519421647998,-12.67193,-3.5090764,0.7420284,3,walking
1519421648008,-13.275128,-2.6569405,0.0718092,3,walking
1519421648013,-13.265553,-2.4463003,-0.081383765,3,walking
1519421648018,-13.246405,-2.2739582,-0.3398969,3,walking
1519421648023,-13.169807,-2.0728924,-0.5218136,3,walking
1519421648028,-12.987891,-1.6133134,-0.8952214,3,walking
1519421648033,-12.911295,-1.4601204,-1.1345854,3,walking
1519421648038,-12.920869,-1.2111819,-1.5175679,3,walking
1519421648042,-12.978316,-1.0388398,-1.8718265,3,walking
1519421648046,-13.524067,-0.5888355,-2.5324712,3,walking
1519421648051,-13.524067,-0.5888355,-2.5324712,3,walking
1519421648056,-14.701737,-0.20585304,-3.0877957,3,walking
1519421648059,-15.352808,-0.26330042,-3.2505634,3,walking
1519421648066,-15.831535,-0.56011176,-3.2888615,3,walking
1519421648070,-16.15707,-1.0962871,-3.020774,3,walking
1519421648074,-16.377285,-2.2069361,-2.0537431,3,walking
1519421648079,-16.271965,-2.714388,-1.5367169,3,walking
1519421648117,-11.762347,-4.83994,-0.10053288,3,walking
1519421648125,-11.379365,-4.6005764,-0.32074776,3,walking
1519421648133,-10.374036,-3.0494976,-0.90479594,3,walking
1519421648145,-9.64637,-1.2494801,-1.0101161,3,walking
1519421648149,-9.655944,-0.85692316,-0.93351966,3,walking
1519421648154,-9.799562,-0.5888355,-0.8473486,3,walking
1519421648159,-10.058076,-0.39734426,-0.8281995,3,walking
1519421648195,-12.604909,-1.6899099,-1.2399056,3,walking
1519421648204,-12.719804,-2.187787,-1.3260766,3,walking
1519421648212,-12.643207,-2.4654493,-1.383524,3,walking
1519421648220,-12.298523,-2.9250283,-1.7856555,3,walking
1519421648226,-12.25065,-3.1452432,-1.9579976,3,walking
1519421648231,-12.25065,-3.1452432,-1.9579976,3,walking
1519421648237,-12.011286,-3.1165195,-2.1399143,3,walking
1519421648244,-11.628304,-3.0016246,-2.4367256,3,walking
1519421648249,-11.436812,-2.905879,-2.4654493,3,walking
1519421648259,-10.919786,-2.1973617,-2.6952388,3,walking
1519421648264,-10.766593,-1.862252,-2.7718353,3,walking
1519421648269,-10.555953,-1.5750152,-2.752686,3,walking
1519421648275,-10.172971,-1.0579889,-2.733537,3,walking
1519421648279,-9.933606,-0.8281995,-2.6760898,3,walking
1519421648284,-9.761265,-0.71330476,-2.5899186,3,walking
1519421648289,-9.608071,-0.13883112,-2.3888528,3,walking
1519421648294,-9.64637,0.32074776,-2.0537431,3,walking
1519421648299,-9.464453,0.8473486,-1.6516117,3,walking
1519421648304,-9.18679,1.1824582,-1.4313968,3,walking
1519421648309,-8.7750845,1.4218222,-1.6133134,3,walking
1519421648314,-8.957002,1.3548003,-1.4505459,3,walking
1519421648319,-8.937852,1.469695,-0.99096704,3,walking
1519421648328,-8.095291,1.1250108,-0.85692316,3,walking
1519421648334,-8.248484,1.2111819,-0.8281995,3,walking
1519421648338,-8.23891,1.1824582,-0.3877697,3,walking
1519421648348,-7.434646,0.44521707,-1.0962871,3,walking
1519421648354,-7.2623043,0.28244954,-1.2973529,3,walking
1519421648358,-7.329326,0.32074776,-1.5271424,3,walking
1519421648364,-7.9133744,0.20585304,-1.3452257,3,walking
1519421648369,-8.2676325,0.110107444,-1.1920328,3,walking
1519421648378,-8.305931,0.22500217,-0.9430942,3,walking
1519421648384,-8.258059,0.4164934,-0.93351966,3,walking
1519421648389,-8.191036,0.45479164,-0.99096704,3,walking
1519421648398,-8.401677,-0.2441513,-1.5079932,3,walking
1519421648404,-8.631466,-0.70373017,-1.709059,3,walking
1519421648409,-8.765511,-1.1633091,-1.8814012,3,walking
1519421648414,-8.889979,-1.6707608,-2.254809,3,walking
1519421648419,-8.736787,-1.7473572,-2.3792782,3,walking
1519421648424,-8.497422,-1.79523,-2.4845984,3,walking
1519421648429,-8.248484,-1.9005502,-2.5420458,3,walking
1519421648434,-7.9803963,-2.321831,-2.5994933,3,walking
1519421648438,-7.9133744,-2.580344,-2.6186423,3,walking
1519421648444,-7.922949,-2.7622607,-2.5899186,3,walking
1519421648449,-7.846352,-2.9250283,-2.5037475,3,walking
1519421648454,-7.769756,-2.8484318,-2.4845984,3,walking
1519421648459,-7.6069884,-2.7718353,-2.4367256,3,walking
1519421648465,-7.3867736,-2.5994933,-2.427151,3,walking
1519421648470,-7.310177,-2.5037475,-2.3792782,3,walking
1519421648475,-7.2718787,-2.4367256,-2.3122563,3,walking
1519421648480,-7.2240057,-2.34098,-2.34098,3,walking
1519421648485,-7.1091113,-2.2069361,-2.2260852,3,walking
1519421648490,-7.089962,-2.1973617,-2.2739582,3,walking
1519421648495,-6.9654927,-2.0920415,-2.2643836,3,walking
1519421648501,-6.9654927,-2.0920415,-2.2643836,3,walking
1519421648505,-6.8793216,-1.9675722,-2.2356598,3,walking
1519421648510,-6.850598,-1.9196993,-2.2739582,3,walking
1519421648515,-6.8410234,-1.8431029,-2.2069361,3,walking
1519421648521,-6.8410234,-1.8431029,-2.2069361,3,walking
1519421648526,-6.9654927,-1.7377827,-2.2165108,3,walking
1519421648534,-7.0995364,-1.6037389,-2.3122563,3,walking
1519421648539,-7.0995364,-1.5175679,-2.2165108,3,walking
1519421648544,-7.1474094,-1.4792696,-2.2069361,3,walking
1519421648549,-7.089962,-1.469695,-2.2452345,3,walking
1519421648558,-7.12826,-1.4888442,-2.1782124,3,walking
1519421648564,-7.1474094,-1.5750152,-2.1782124,3,walking
1519421648569,-7.204857,-1.6420372,-2.2165108,3,walking
1519421648578,-7.4059224,-1.8431029,-2.2452345,3,walking
1519421648583,-7.4920936,-1.9579976,-2.2452345,3,walking
1519421648588,-7.4920936,-2.0920415,-2.187787,3,walking
1519421648594,-7.693159,-2.2452345,-2.2165108,3,walking
1519421648599,-7.635712,-2.427151,-2.015445,3,walking
1519421648608,-7.6452866,-2.5516202,-1.8718265,3,walking
1519421648614,-7.721883,-2.5994933,-1.8048047,3,walking
1519421648619,-7.741032,-2.6856642,-1.7569319,3,walking
1519421648628,-7.846352,-2.6952388,-1.709059,3,walking
1519421648634,-8.056993,-2.7814097,-1.7665064,3,walking
1519421648639,-8.2676325,-2.733537,-1.8335283,3,walking
1519421648645,-8.535721,-2.6282167,-1.8718265,3,walking
1519421648649,-8.621892,-2.5707695,-1.9101248,3,walking
1519421648654,-8.794233,-2.5037475,-1.929274,3,walking
1519421648658,-8.966576,-2.475024,-1.9867213,3,walking
1519421648668,-9.339984,-2.4367256,-1.9867213,3,walking
1519421648673,-9.407005,-2.408002,-1.9579976,3,walking
1519421648677,-9.502751,-2.4175766,-1.8335283,3,walking
1519421648688,-9.655944,-2.3792782,-1.5941644,3,walking
1519421648694,-9.684668,-2.3697038,-1.4505459,3,walking
1519421648698,-9.6942425,-2.4175766,-1.3165021,3,walking
1519421648704,-9.770839,-2.494173,-1.0579889,3,walking
1519421648709,-9.809137,-2.5899186,-0.91437054,3,walking
1519421648713,-9.837861,-2.733537,-0.77075213,3,walking
1519421648718,-9.828286,-2.9537518,-0.56968635,3,walking
1519421648724,-9.828286,-3.0111992,-0.4164934,3,walking
1519421648729,-9.818711,-3.1069448,-0.34947145,3,walking
1519421648738,-10.029352,-3.1643922,-0.19627848,3,walking
1519421648743,-10.163396,-3.173967,-0.110107444,3,walking
1519421648748,-10.326163,-3.1643922,-0.13883112,3,walking
1519421648758,-11.293194,-2.9346027,-0.3111732,3,walking
1519421648763,-11.800646,-2.7622607,-0.64628285,3,walking
1519421648768,-12.451715,-2.5994933,-1.0579889,3,walking
1519421648775,-13.935773,-2.2260852,-1.9196993,3,walking
1519421648779,-14.404926,-2.1207652,-2.360129,3,walking
1519421648784,-14.797483,-1.9579976,-2.5899186,3,walking
1519421648788,-14.9794,-1.8909757,-2.714388,3,walking
1519421648794,-14.720886,-1.8335283,-2.752686,3,walking
1519421648798,-14.347479,-1.9005502,-2.5228968,3,walking
1519421648827,-10.862339,-2.015445,-0.59841,3,walking
1519421648836,-10.230418,-1.9867213,-0.2441513,3,walking
1519421648856,-9.368708,-1.8718265,0.03351096,3,walking
1519421648864,-10.29744,-1.7377827,-0.25372586,3,walking
1519421648898,-14.050668,-1.6707608,-2.0633178,3,walking
1519421648906,-14.117689,-1.6516117,-2.2931073,3,walking
1519421648914,-13.974071,-1.4218222,-2.5037475,3,walking
1519421648923,-13.495343,-1.2111819,-2.4463003,3,walking
1519421648928,-13.093211,-1.14416,-2.427151,3,walking
1519421648938,-11.838944,-1.1250108,-2.149489,3,walking
1519421648943,-11.465536,-1.1154363,-2.034594,3,walking
1519421648950,-10.814466,-0.98139244,-1.9388485,3,walking
1519421648955,-10.527229,-0.8664977,-1.9005502,3,walking
1519421648959,-10.182545,-0.7324539,-1.8718265,3,walking
1519421649001,-7.195282,-0.93351966,-1.7473572,3,walking
1519421649009,-6.458041,-1.2207564,-1.6707608,3,walking
1519421649016,-6.170804,-1.3452257,-1.6803354,3,walking
1519421649024,-5.998462,-1.4792696,-1.6899099,3,walking
1519421649028,-5.873993,-1.5271424,-1.6324625,3,walking
1519421649032,-5.797396,-1.5845897,-1.622888,3,walking
1519421649037,-5.682502,-1.5558661,-1.5367169,3,walking
1519421649044,-5.3952646,-1.622888,-1.4409714,3,walking
1519421649048,-5.328243,-1.709059,-1.5271424,3,walking
1519421649057,-5.366541,-1.6899099,-1.4888442,3,walking
1519421649063,-5.452712,-1.8143792,-1.5462915,3,walking
1519421649068,-5.433563,-1.8909757,-1.6324625,3,walking
1519421649077,-5.538883,-2.0920415,-1.6994845,3,walking
1519421649083,-5.6154795,-2.360129,-1.7473572,3,walking
1519421649088,-5.6633525,-2.5324712,-1.8048047,3,walking
1519421649098,-5.82612,-3.078221,-1.862252,3,walking
1519421649103,-5.873993,-3.212265,-1.79523,3,walking
1519421649108,-5.9314404,-3.3080106,-1.8048047,3,walking
1519421649113,-6.1995277,-3.3750327,-1.9388485,3,walking
1519421649118,-6.3144226,-3.4037561,-2.015445,3,walking
1519421649122,-6.4676156,-3.4612036,-2.0537431,3,walking
1519421649127,-6.5825105,-3.4803526,-2.0250196,3,walking
1519421649133,-6.716554,-3.3750327,-1.862252,3,walking
1519421649138,-6.7931504,-3.2218397,-1.8718265,3,walking
1519421649147,-6.9271946,-2.8388572,-1.7282082,3,walking
1519421649153,-7.089962,-2.3984275,-1.7186337,3,walking
1519421649158,-7.195282,-2.2165108,-1.7473572,3,walking
1519421649163,-7.434646,-1.9675722,-1.7569319,3,walking
1519421649168,-7.4920936,-1.8143792,-1.709059,3,walking
1519421649174,-7.6452866,-1.7282082,-1.709059,3,walking
1519421649178,-7.741032,-1.5654407,-1.5367169,3,walking
1519421649187,-8.028269,-1.2782038,-1.4409714,3,walking
1519421649192,-8.133589,-1.2590547,-1.383524,3,walking
1519421649198,-8.286782,-1.1920328,-1.2590547,3,walking
1519421649203,-8.497422,-1.3165021,-1.1250108,3,walking
1519421649208,-8.66019,-1.3069274,-1.0579889,3,walking
1519421649214,-8.7750845,-1.4313968,-0.8473486,3,walking
1519421649219,-8.7750845,-1.4313968,-0.8473486,3,walking
1519421649224,-8.957002,-1.4984187,-0.8281995,3,walking
1519421649229,-9.033598,-1.5367169,-0.71330476,3,walking
1519421649234,-9.177217,-1.4792696,-0.69415563,3,walking
1519421649239,-9.234664,-1.4601204,-0.77075213,3,walking
1519421649243,-9.31126,-1.3930986,-0.8473486,3,walking
1519421649248,-9.368708,-1.3930986,-0.98139244,3,walking
1519421649252,-9.464453,-1.3930986,-1.2782038,3,walking
1519421649258,-9.502751,-1.3739494,-1.3643749,3,walking
1519421649263,-9.598496,-1.3356512,-1.4984187,3,walking
1519421649268,-9.713391,-1.3165021,-1.6803354,3,walking
1519421649273,-9.761265,-1.3356512,-1.8048047,3,walking
1519421649278,-9.799562,-1.4505459,-1.948423,3,walking
1519421649283,-9.914457,-1.6133134,-2.101616,3,walking
1519421649288,-10.010203,-1.7473572,-2.149489,3,walking
1519421649294,-10.105948,-2.034594,-1.9867213,3,walking
1519421649298,-10.19212,-2.1590633,-1.948423,3,walking
1519421649303,-10.364462,-2.2452345,-1.9771467,3,walking
1519421649307,-10.498506,-2.3792782,-1.929274,3,walking
1519421649313,-10.757019,-2.6186423,-1.776081,3,walking
1519421649318,-10.94851,-2.6952388,-1.7856555,3,walking
1519421649327,-11.4272375,-2.905879,-1.7377827,3,walking
1519421649333,-11.791071,-3.0877957,-1.622888,3,walking
1519421649337,-11.982562,-3.173967,-1.5845897,3,walking
1519421649347,-12.336822,-3.3080106,-1.3356512,3,walking
1519421649352,-12.413418,-3.3558834,-1.3260766,3,walking
1519421649357,-12.537887,-3.3080106,-1.3452257,3,walking
1519421649367,-12.576185,-3.126094,-1.5175679,3,walking
1519421649372,-12.528313,-2.9920502,-1.5271424,3,walking
1519421649377,-12.451715,-2.8388572,-1.5175679,3,walking
1519421649383,-12.049584,-2.4845984,-1.4792696,3,walking
1519421649388,-11.838944,-2.2452345,-1.5079932,3,walking
1519421649397,-11.455961,-1.8143792,-1.469695,3,walking
1519421649403,-11.1208515,-1.4218222,-1.4888442,3,walking
1519421649408,-10.94851,-1.2782038,-1.4601204,3,walking
1519421649416,-11.005958,-0.98139244,-1.862252,3,walking
1519421649423,-11.82937,-0.71330476,-2.4558747,3,walking
1519421649427,-12.384694,-0.665432,-2.580344,3,walking
1519421649434,-13.294277,-1.14416,-2.4175766,3,walking
1519421649438,-13.571939,-1.5271424,-2.1207652,3,walking
1519421649442,-13.591088,-2.0058703,-1.79523,3,walking
1519421649446,-13.399597,-2.5420458,-1.2973529,3,walking
1519421649456,-12.269799,-3.8154624,-0.2154276,3,walking
1519421649462,-11.72405,-4.0356774,-0.0718092,3,walking
1519421649466,-11.26447,-4.198445,0.023936402,3,walking
1519421649473,-10.335738,-3.997379,0.0,3,walking
1519421649477,-9.904882,-3.7963133,-0.12925656,3,walking
1519421649482,-9.5219,-3.5569491,-0.40691882,3,walking
1519421649486,-9.167642,-3.3271596,-0.6750065,3,walking
1519421649493,-8.679339,-2.867581,-1.3069274,3,walking
1519421649497,-8.641041,-2.5994933,-1.5750152,3,walking
1519421649507,-8.995299,-1.7665064,-2.2260852,3,walking
1519421649513,-9.215514,-1.5462915,-2.408002,3,walking
1519421649517,-9.5219,-1.3930986,-2.5707695,3,walking
1519421649526,-10.575102,-1.4122477,-2.733537,3,walking
1519421649532,-10.833615,-1.4984187,-2.6090677,3,walking
1519421649537,-11.082554,-1.6994845,-2.6186423,3,walking
1519421649542,-11.695326,-2.1207652,-2.494173,3,walking
1519421649547,-11.915541,-2.3888528,-2.4558747,3,walking
1519421649551,-12.145329,-2.6282167,-2.4558747,3,walking
1519421649556,-12.365545,-2.819708,-2.3984275,3,walking
1519421649563,-12.643207,-3.2984362,-2.4558747,3,walking
1519421649568,-12.738953,-3.3750327,-2.4845984,3,walking
1519421649576,-12.844273,-3.4707782,-2.494173,3,walking
1519421649582,-12.882571,-3.3750327,-2.5037475,3,walking
1519421649587,-12.882571,-3.2505634,-2.494173,3,walking
1519421649596,-12.56661,-2.800559,-2.4845984,3,walking
1519421649602,-12.432567,-2.666515,-2.427151,3,walking
1519421649607,-12.221927,-2.4845984,-2.3026817,3,walking
1519421649616,-11.513409,-1.9962958,-2.015445,3,walking
1519421649622,-11.274045,-1.8814012,-1.9388485,3,walking
1519421649627,-11.063405,-1.7569319,-1.8718265,3,walking
1519421649633,-10.689997,-1.5271424,-1.709059,3,walking
1519421649637,-10.622974,-1.383524,-1.7856555,3,walking
1519421649646,-10.278291,-1.14416,-1.7665064,3,walking
1519421649652,-9.665519,-1.1537346,-1.8718265,3,walking
1519421649657,-9.474028,-1.1058618,-1.9579976,3,walking
1519421649662,-9.31126,-1.1345854,-1.9388485,3,walking
1519421649693,-8.439975,-1.0388398,-1.2782038,3,walking
1519421649699,-8.439975,-1.0388398,-1.2782038,3,walking
1519421649704,-8.315506,-1.1728836,-1.469695,3,walking
1519421649708,-8.210186,-1.2973529,-1.4218222,3,walking
1519421649712,-8.028269,-1.3356512,-1.4313968,3,walking
1519421649717,-7.9420977,-1.3548003,-1.4409714,3,walking
1519421649722,-7.846352,-1.3356512,-1.4792696,3,walking
1519421649727,-7.8176284,-1.3069274,-1.4792696,3,walking
1519421649732,-7.846352,-1.3165021,-1.5271424,3,walking
1519421649736,-7.8846507,-1.3548003,-1.5750152,3,walking
1519421649742,-7.846352,-1.4313968,-1.7473572,3,walking
1519421649747,-7.875076,-1.4601204,-1.776081,3,walking
1519421649756,-7.9803963,-1.4792696,-1.929274,3,walking
1519421649762,-8.066567,-1.4888442,-2.0250196,3,walking
1519421649767,-8.133589,-1.5271424,-2.101616,3,walking
1519421649776,-8.21976,-1.6133134,-2.187787,3,walking
1519421649782,-8.34423,-1.7186337,-2.2260852,3,walking
1519421649786,-8.353804,-1.776081,-2.1782124,3,walking
1519421649792,-8.430401,-1.8335283,-2.2069361,3,walking
1519421649797,-8.401677,-1.9196993,-2.1782124,3,walking
1519421649806,-8.506997,-2.034594,-2.2452345,3,walking
1519421649812,-8.535721,-2.0537431,-2.168638,3,walking
1519421649817,-8.478273,-2.1207652,-2.1782124,3,walking
1519421649826,-8.478273,-2.1303396,-2.1111906,3,walking
1519421649832,-8.401677,-2.168638,-2.101616,3,walking
1519421649837,-8.411251,-2.1973617,-2.0824668,3,walking
1519421649846,-8.411251,-2.1973617,-2.187787,3,walking
1519421649852,-8.430401,-2.1782124,-2.1973617,3,walking
1519421649857,-8.401677,-2.1782124,-2.2739582,3,walking
1519421649866,-8.353804,-2.2260852,-2.3697038,3,walking
1519421649871,-8.34423,-2.187787,-2.4367256,3,walking
1519421649876,-8.296356,-2.2165108,-2.4463003,3,walking
1519421649882,-8.152739,-2.2739582,-2.4654493,3,walking
1519421649887,-8.037844,-2.3026817,-2.4463003,3,walking
1519421649891,-7.9325233,-2.3505547,-2.427151,3,walking
1519421649896,-7.9516726,-2.3314054,-2.494173,3,walking
1519421649902,-7.7793303,-2.4367256,-2.5420458,3,walking
1519421649906,-7.7123084,-2.4463003,-2.561195,3,walking
1519421649911,-7.6452866,-2.4175766,-2.580344,3,walking
1519421649916,-7.549541,-2.494173,-2.4845984,3,walking
1519421649922,-7.549541,-2.408002,-2.5228968,3,walking
1519421649927,-7.549541,-2.3697038,-2.5037475,3,walking
1519421649936,-7.549541,-2.3505547,-2.475024,3,walking
1519421649942,-7.702734,-2.34098,-2.5420458,3,walking
1519421649947,-7.7601814,-2.360129,-2.494173,3,walking
1519421649956,-8.095291,-2.4558747,-2.6856642,3,walking
1519421649961,-8.229335,-2.5324712,-2.714388,3,walking
1519421649966,-8.258059,-2.494173,-2.7239625,3,walking
1519421649972,-8.439975,-2.5037475,-2.752686,3,walking
1519421649976,-8.439975,-2.5228968,-2.714388,3,walking
1519421649981,-8.564445,-2.5037475,-2.800559,3,walking
1519421649986,-8.535721,-2.5228968,-2.733537,3,walking
1519421649992,-8.526146,-2.5516202,-2.714388,3,walking
1519421649996,-8.439975,-2.5707695,-2.6282167,3,walking
1519421650002,-8.459125,-2.5420458,-2.580344,3,walking
1519421650007,-8.459125,-2.5420458,-2.580344,3,walking
1519421650012,-8.439975,-2.494173,-2.4175766,3,walking
1519421650017,-8.526146,-2.4367256,-2.408002,3,walking
1519421650025,-8.66019,-2.3697038,-2.2069361,3,walking
1519421650032,-8.832532,-2.4175766,-1.9867213,3,walking
1519421650036,-8.937852,-2.3792782,-1.8431029,3,walking
1519421650046,-9.234664,-2.427151,-1.2016073,3,walking
1519421650051,-9.330409,-2.4367256,-0.99096704,3,walking
1519421650056,-9.378282,-2.4558747,-0.76117754,3,walking
1519421650062,-9.464453,-2.513322,-0.47394073,3,walking
1519421650067,-9.483603,-2.5420458,-0.3111732,3,walking
1519421650075,-9.512326,-2.6760898,-0.09095833,3,walking
1519421650081,-9.579348,-2.5994933,-0.05266008,3,walking
1519421650086,-9.770839,-2.4845984,-0.081383765,3,walking
1519421650091,-10.06765,-2.3122563,-0.20585304,3,walking
1519421650096,-10.536804,-2.0728924,-0.5218136,3,walking
1519421650101,-11.714475,-1.6324625,-1.2590547,3,walking
1519421650107,-12.193203,-1.5558661,-1.6516117,3,walking
1519421650117,-12.681505,-1.6994845,-2.408002,3,walking
1519421650122,-12.576185,-1.8335283,-2.5516202,3,walking
1519421650127,-12.394268,-1.9196993,-2.714388,3,walking
1519421650166,-9.119769,-2.9920502,-1.3643749,3,walking
1519421650174,-8.583593,-2.7814097,-1.1154363,3,walking
1519421650182,-8.44955,-2.6090677,-0.9430942,3,walking
1519421650190,-8.794233,-1.7665064,-0.8473486,3,walking
1519421650196,-9.119769,-1.5845897,-0.8186249,3,walking
1519421650206,-10.680422,-1.2590547,-0.92394507,3,walking
1519421650210,-10.680422,-1.2590547,-0.92394507,3,walking
1519421650213,-11.580431,-1.2877784,-0.92394507,3,walking
1519421650219,-11.905966,-1.2973529,-0.8952214,3,walking
1519421650224,-12.25065,-1.2782038,-0.9430942,3,walking
1519421650228,-12.557036,-1.1058618,-1.0962871,3,walking
1519421650233,-12.729378,-0.93351966,-1.1345854,3,walking
1519421650237,-12.7964,-0.83777404,-1.2590547,3,walking
1519421650242,-12.825124,-0.54096264,-1.622888,3,walking
1519421650246,-12.863422,-0.32074776,-1.776081,3,walking
1519421650256,-12.681505,-0.062234644,-2.1590633,3,walking
1519421650271,-11.925115,0.05266008,-2.4367256,3,walking
1519421650276,-11.7049,-0.014361841,-2.5707695,3,walking
1519421650281,-11.293194,-0.20585304,-2.5420458,3,walking
1519421650287,-11.05383,-0.359046,-2.4175766,3,walking
1519421650291,-10.546378,-0.7994758,-2.168638,3,walking
1519421650296,-10.326163,-1.0196906,-1.9771467,3,walking
1519421650301,-10.058076,-1.2207564,-1.7856555,3,walking
1519421650306,-9.828286,-1.4026731,-1.6516117,3,walking
1519421650311,-9.3878565,-1.6611862,-1.3739494,3,walking
1519421650316,-9.129343,-1.7856555,-1.2207564,3,walking
1519421650321,-8.861256,-1.8814012,-1.0579889,3,walking
1519421650325,-8.602742,-1.9675722,-0.8952214,3,walking
1519421650331,-8.210186,-2.1973617,-0.665432,3,walking
1519421650336,-8.171887,-2.1782124,-0.76117754,3,walking
1519421650345,-7.961247,-2.1973617,-0.83777404,3,walking
1519421650351,-7.7506065,-2.034594,-0.8664977,3,walking
1519421650356,-7.654861,-1.929274,-0.8952214,3,walking
1519421650365,-7.5208173,-1.776081,-1.0101161,3,walking
1519421650371,-7.654861,-1.6133134,-1.0867126,3,walking
1519421650376,-7.6835847,-1.3260766,-0.92394507,3,walking
1519421650381,-7.56869,-1.2494801,-0.8760723,3,walking
1519421650386,-7.664436,-1.1920328,-0.69415563,3,walking
1519421650391,-7.664436,-1.1920328,-0.69415563,3,walking
1519421650396,-7.6740103,-1.5367169,-0.76117754,3,walking
1519421650401,-7.808054,-1.709059,-0.8664977,3,walking
1519421650407,-7.999545,-1.79523,-1.2303311,3,walking
1519421650412,-8.1623125,-1.8048047,-1.4313968,3,walking
1519421650417,-8.210186,-1.8718265,-1.469695,3,walking
1519421650423,-7.6261373,-2.6090677,-1.2207564,3,walking
1519421650427,-7.6452866,-2.9154537,-1.4313968,3,walking
1519421650433,-8.085716,-3.0111992,-1.7856555,3,walking
1519421650438,-8.028269,-3.020774,-1.862252,3,walking
1519421650443,-7.9899707,-3.0016246,-1.6420372,3,walking
1519421650448,-7.9899707,-3.0016246,-1.6420372,3,walking
1519421650453,-8.047418,-3.0303483,-1.6803354,3,walking
1519421650463,-8.124015,-3.0973704,-1.6707608,3,walking
1519421650468,-7.9899707,-3.0877957,-1.4792696,3,walking
1519421650474,-7.999545,-2.972901,-1.3643749,3,walking
1519421650478,-7.894225,-2.9920502,-1.383524,3,walking
1519421650484,-7.9516726,-2.8292825,-1.2303311,3,walking
1519421650489,-7.9420977,-2.7431116,-1.0867126,3,walking
1519421650494,-7.922949,-2.5228968,-0.8856468,3,walking
1519421650500,-7.922949,-2.3505547,-0.78032666,3,walking
1519421650506,-7.9803963,-2.187787,-0.751603,3,walking
1519421650511,-7.961247,-2.0633178,-0.7228793,3,walking
1519421650515,-7.9708214,-1.9196993,-0.6271337,3,walking
1519421650520,-7.9420977,-1.9196993,-0.6079846,3,walking
1519421650525,-8.037844,-1.8814012,-0.6271337,3,walking
1519421650531,-8.124015,-1.9962958,-0.76117754,3,walking
1519421650536,-8.124015,-2.0920415,-0.8186249,3,walking
1519421650541,-8.085716,-2.1303396,-0.8856468,3,walking
1519421650546,-8.085716,-2.1303396,-0.8856468,3,walking
1519421650551,-8.11444,-2.2165108,-0.8856468,3,walking
1519421650557,-8.181462,-2.1973617,-1.0292653,3,walking
1519421650561,-8.372953,-2.2260852,-0.9526688,3,walking
1519421650567,-8.4686985,-2.2931073,-1.0484143,3,walking
1519421650572,-8.5740185,-2.3697038,-1.1250108,3,walking
1519421650577,-8.688913,-2.321831,-1.0962871,3,walking
1519421650582,-8.755936,-2.321831,-1.1920328,3,walking
1519421650587,-8.755936,-2.254809,-1.1537346,3,walking
1519421650591,-8.851681,-2.2452345,-1.1920328,3,walking
1519421650597,-8.851681,-2.2452345,-1.1920328,3,walking
1519421650601,-8.889979,-2.187787,-1.0867126,3,walking
1519421650607,-8.918703,-2.1399143,-0.9718179,3,walking
1519421650613,-8.9761505,-2.0441687,-0.92394507,3,walking
1519421650617,-9.024023,-2.0250196,-0.91437054,3,walking
1519421650623,-9.100619,-1.8814012,-0.77075213,3,walking
1519421650628,-9.100619,-1.8814012,-0.77075213,3,walking
1519421650633,-9.301685,-1.8143792,-0.751603,3,walking
1519421650643,-10.019777,-1.8335283,-0.78032666,3,walking
1519421650648,-10.364462,-1.8048047,-0.8664977,3,walking
1519421650654,-10.71872,-1.8814012,-1.0005416,3,walking
1519421650658,-11.034681,-1.929274,-1.1250108,3,walking
1519421650664,-11.771922,-2.0058703,-1.2782038,3,walking
1519421650668,-12.126181,-2.0920415,-1.4218222,3,walking
1519421650674,-12.58576,-2.2739582,-1.4601204,3,walking
1519421650680,-12.815549,-2.3697038,-1.5271424,3,walking
1519421650685,-12.940019,-2.494173,-1.5654407,3,walking
1519421650692,-13.093211,-2.6090677,-1.6324625,3,walking
1519421650698,-13.121935,-2.5994933,-1.5941644,3,walking
1519421650703,-12.9591675,-2.5420458,-1.6994845,3,walking
1519421650713,-12.557036,-2.254809,-1.8335283,3,walking
1519421650718,-12.3463955,-2.187787,-1.8526775,3,walking
1519421650722,-12.193203,-2.0537431,-1.9388485,3,walking
1519421650726,-12.193203,-2.0537431,-1.9388485,3,walking
1519421650731,-11.7336235,-1.8239537,-1.929274,3,walking
1519421650735,-11.618729,-1.6803354,-2.015445,3,walking
1519421650740,-11.331492,-1.4122477,-2.0250196,3,walking
1519421650745,-11.341067,-1.3165021,-2.1590633,3,walking
1519421650750,-11.436812,-1.1633091,-2.2835326,3,walking
1519421650755,-11.695326,-1.0292653,-2.4654493,3,walking
1519421650761,-12.5474615,-0.85692316,-2.7048132,3,walking
1519421650766,-12.968742,-1.0101161,-2.666515,3,walking
1519421650770,-13.370873,-1.2016073,-2.5037475,3,walking
1519421650777,-13.811303,-1.929274,-1.9771467,3,walking
1519421650782,-13.801729,-2.3122563,-1.6611862,3,walking
1519421650786,-13.753856,-2.6856642,-1.5462915,3,walking
1519421650790,-13.610238,-3.0111992,-1.3260766,3,walking
1519421650795,-13.370873,-3.3558834,-1.1824582,3,walking
1519421650800,-12.8538475,-3.8537605,-1.0292653,3,walking
1519421650805,-12.499589,-4.0548263,-1.0101161,3,walking
1519421650810,-12.164479,-4.1409974,-1.0484143,3,walking
1519421650815,-11.455961,-3.9207826,-1.3548003,3,walking
1519421650820,-11.130426,-3.690993,-1.6420372,3,walking
1519421650825,-10.804892,-3.4037561,-1.79523,3,walking
1519421650830,-10.259142,-2.8484318,-2.2931073,3,walking
1519421650835,-10.048501,-2.5420458,-2.4654493,3,walking
1519421650841,-9.924032,-2.3026817,-2.714388,3,walking
1519421650845,-9.8953085,-1.9867213,-2.8771553,3,walking
1519421650850,-9.914457,-1.5271424,-3.1069448,3,walking
1519421650855,-9.96233,-1.2877784,-3.2984362,3,walking
1519421650859,-10.019777,-1.1824582,-3.4133308,3,walking
1519421650864,-10.259142,-1.0005416,-3.4899273,3,walking
1519421650870,-10.479357,-0.9526688,-3.4707782,3,walking
1519421650875,-10.622974,-1.0101161,-3.4229054,3,walking
1519421650879,-10.622974,-1.0101161,-3.4229054,3,walking
1519421650884,-10.71872,-1.1250108,-3.1356685,3,walking
1519421650890,-10.642124,-1.4026731,-2.9154537,3,walking
1519421650895,-10.642124,-1.4792696,-2.7239625,3,walking
1519421650900,-10.642124,-1.709059,-2.513322,3,walking
1519421650905,-10.622974,-1.9005502,-2.360129,3,walking
1519421650910,-10.642124,-2.0250196,-2.3122563,3,walking
1519421650915,-10.670848,-2.1590633,-2.1590633,3,walking
1519421650920,-10.82404,-2.4367256,-1.9962958,3,walking
1519421650925,-10.852764,-2.5037475,-2.034594,3,walking
1519421650929,-10.910212,-2.6569405,-2.0824668,3,walking
1519421650935,-10.891063,-2.733537,-2.0250196,3,walking
1519421650940,-10.986808,-2.9441774,-2.0058703,3,walking
1519421650945,-10.996383,-3.0303483,-2.0537431,3,walking
1519421650949,-10.967659,-3.0877957,-2.1111906,3,walking
1519421650954,-10.986808,-3.0303483,-2.2260852,3,walking
1519421650960,-10.910212,-3.0016246,-2.3697038,3,walking
1519421650965,-10.670848,-2.9537518,-2.561195,3,walking
1519421650970,-10.421909,-2.8388572,-2.8101335,3,walking
1519421650975,-10.421909,-2.8388572,-2.8101335,3,walking
1519421650980,-10.374036,-2.867581,-2.8771553,3,walking
1519421650986,-10.393186,-2.819708,-2.9154537,3,walking
1519421650990,-10.134672,-2.6186423,-2.733537,3,walking
1519421650996,-9.904882,-2.5994933,-2.6090677,3,walking
1519421651001,-9.809137,-2.4654493,-2.5228968,3,walking
1519421651006,-9.799562,-2.2643836,-2.475024,3,walking
1519421651010,-9.560199,-2.2739582,-2.3314054,3,walking
1519421651015,-9.464453,-2.2835326,-2.2835326,3,walking
1519421651019,-9.41658,-2.2260852,-2.2165108,3,walking
1519421651024,-9.397431,-2.187787,-2.168638,3,walking
1519421651030,-9.330409,-2.034594,-1.9771467,3,walking
1519421651036,-9.253813,-1.862252,-1.8143792,3,walking
1519421651040,-9.20594,-1.5941644,-1.6037389,3,walking
1519421651046,-9.20594,-1.5941644,-1.6037389,3,walking
1519421651050,-8.985725,-1.5175679,-1.469695,3,walking
1519421651055,-8.928278,-1.5654407,-1.4505459,3,walking
1519421651060,-8.928278,-1.5654407,-1.5079932,3,walking
1519421651065,-8.928278,-1.5654407,-1.5079932,3,walking
1519421651070,-8.727212,-1.5367169,-1.5271424,3,walking
1519421651075,-8.688913,-1.5271424,-1.622888,3,walking
1519421651080,-8.679339,-1.5750152,-1.7856555,3,walking
1519421651085,-8.650616,-1.5750152,-1.862252,3,walking
1519421651090,-8.545295,-1.5750152,-1.862252,3,walking
1519421651095,-8.430401,-1.6037389,-1.8431029,3,walking
1519421651100,-8.2676325,-1.7377827,-1.9388485,3,walking
1519421651105,-8.2676325,-1.8048047,-1.9867213,3,walking
1519421651110,-8.296356,-1.8526775,-2.101616,3,walking
1519421651115,-8.305931,-1.9196993,-2.2069361,3,walking
1519421651120,-8.363379,-1.9867213,-2.321831,3,walking
1519421651125,-8.34423,-2.0250196,-2.3314054,3,walking
1519421651134,-8.392102,-2.0824668,-2.427151,3,walking
1519421651140,-8.459125,-2.0728924,-2.5228968,3,walking
1519421651145,-8.4686985,-2.0920415,-2.5228968,3,walking
1519421651150,-8.526146,-2.1111906,-2.5994933,3,walking
1519421651155,-8.526146,-2.1111906,-2.5994933,3,walking
1519421651160,-8.535721,-2.1111906,-2.6282167,3,walking
1519421651165,-8.497422,-2.0920415,-2.6569405,3,walking
1519421651170,-8.372953,-2.0441687,-2.561195,3,walking
1519421651174,-8.32508,-1.9962958,-2.513322,3,walking
1519421651180,-8.2676325,-1.9867213,-2.494173,3,walking
1519421651185,-8.21976,-1.9771467,-2.5324712,3,walking
1519421651190,-8.066567,-1.9579976,-2.5324712,3,walking
1519421651195,-8.037844,-1.9388485,-2.561195,3,walking
1519421651199,-7.922949,-1.9101248,-2.5899186,3,walking
1519421651205,-7.846352,-1.8431029,-2.5516202,3,walking
1519421651210,-7.702734,-1.7856555,-2.580344,3,walking
1519421651215,-7.616563,-1.7473572,-2.580344,3,walking
1519421651220,-7.3867736,-1.6899099,-2.561195,3,walking
1519421651225,-7.3867736,-1.6899099,-2.561195,3,walking
1519421651230,-7.0995364,-1.6994845,-2.494173,3,walking
1519421651234,-6.9654927,-1.709059,-2.4654493,3,walking
1519421651240,-6.716554,-1.6707608,-2.408002,3,walking
1519421651245,-6.716554,-1.6707608,-2.408002,3,walking
1519421651250,-6.5346375,-1.622888,-2.408002,3,walking
1519421651255,-6.486765,-1.6037389,-2.4558747,3,walking
1519421651260,-6.4197426,-1.4505459,-2.4463003,3,walking
1519421651266,-6.37187,-1.4218222,-2.5228968,3,walking
1519421651270,-6.391019,-1.3452257,-2.6090677,3,walking
1519421651276,-6.4197426,-1.3356512,-2.647366,3,walking
1519421651283,-6.5537868,-1.3548003,-2.7814097,3,walking
1519421651287,-6.6495323,-1.4218222,-2.8484318,3,walking
1519421651292,-6.898471,-1.4122477,-2.972901,3,walking
1519421651296,-6.898471,-1.4122477,-2.972901,3,walking
1519421651301,-7.1186857,-1.4505459,-3.1165195,3,walking
1519421651305,-7.2335806,-1.4601204,-3.0877957,3,walking
1519421651310,-7.396348,-1.5079932,-3.1069448,3,walking
1519421651315,-7.6069884,-1.5367169,-3.1643922,3,walking
1519421651319,-7.894225,-1.6899099,-3.0877957,3,walking
1519421651324,-8.028269,-1.776081,-3.059072,3,walking
1519421651330,-8.34423,-1.9675722,-3.0494976,3,walking
1519421651334,-8.516571,-2.1111906,-3.0111992,3,walking
1519421651340,-8.6697645,-2.2356598,-2.9441774,3,walking
1519421651345,-8.813383,-2.321831,-2.8771553,3,walking
1519421651349,-9.062322,-2.513322,-2.733537,3,walking
1519421651355,-9.110194,-2.6282167,-2.6282167,3,walking
1519421651359,-9.244238,-2.666515,-2.513322,3,walking
1519421651365,-9.349558,-2.7909844,-2.3888528,3,walking
1519421651370,-9.378282,-2.8484318,-2.187787,3,walking
1519421651375,-9.474028,-2.88673,-1.8526775,3,walking
1519421651379,-9.454879,-2.8388572,-1.709059,3,walking
1519421651384,-9.550624,-2.7622607,-1.5558661,3,walking
1519421651390,-9.64637,-2.5516202,-1.2303311,3,walking
1519421651395,-9.64637,-2.3984275,-1.0579889,3,walking
1519421651400,-9.598496,-2.1207652,-0.77075213,3,walking
1519421651405,-9.598496,-2.1207652,-0.77075213,3,walking
1519421651409,-9.579348,-1.7377827,-0.54096264,3,walking
1519421651415,-9.62722,-1.5558661,-0.4835153,3,walking
1519421651419,-9.818711,-1.2686293,-0.56011176,3,walking
1519421651425,-9.991054,-1.1537346,-0.5888355,3,walking
1519421651430,-10.239992,-1.14416,-0.7228793,3,walking
1519421651435,-10.622974,-1.1058618,-0.92394507,3,walking
1519421651439,-11.590006,-1.0771381,-1.469695,3,walking
1519421651444,-12.068733,-1.2111819,-1.8048047,3,walking
1519421651450,-12.384694,-1.4026731,-2.1303396,3,walking
1519421651455,-12.576185,-1.5845897,-2.4463003,3,walking
1519421651460,-12.260224,-2.0824668,-2.6760898,3,walking
1519421651466,-11.9346895,-2.3984275,-2.733537,3,walking
1519421651471,-11.350641,-2.7048132,-2.6952388,3,walking
1519421651502,-9.971905,-3.0494976,-1.2877784,3,walking
1519421651507,-9.924032,-2.8771553,-1.0962871,3,walking
1519421651511,-9.971905,-2.647366,-0.99096704,3,walking
1519421651516,-9.991054,-2.427151,-0.8664977,3,walking
1519421651520,-10.125097,-2.2069361,-0.6750065,3,walking
1519421651524,-10.2016945,-2.0058703,-0.5888355,3,walking
1519421651529,-10.747444,-1.5941644,-0.3877697,3,walking
1519421651534,-11.130426,-1.4122477,-0.3111732,3,walking
1519421651539,-11.628304,-1.2686293,-0.14840569,3,walking
1519421651544,-12.2410755,-1.2111819,-0.110107444,3,walking
1519421651557,-14.558119,-1.0867126,-0.56011176,3,walking
1519421651561,-14.883655,-1.0388398,-0.71330476,3,walking
1519421651566,-14.883655,-1.0388398,-0.71330476,3,walking
1519421651570,-15.190041,-0.92394507,-1.1824582,3,walking
1519421651574,-15.170891,-0.8473486,-1.4026731,3,walking
1519421651602,-13.581514,-0.3398969,-3.384607,3,walking
1519421651611,-12.997466,-0.5313881,-3.4229054,3,walking
1519421651619,-12.298523,-0.78990126,-3.1165195,3,walking
1519421651625,-11.9346895,-0.92394507,-2.9537518,3,walking
1519421651629,-11.657027,-1.0388398,-2.7431116,3,walking
1519421651636,-11.082554,-1.4026731,-2.3122563,3,walking
1519421651641,-10.843189,-1.6611862,-2.1111906,3,walking
1519421651645,-10.6134,-1.8526775,-1.9005502,3,walking
1519421651649,-10.307014,-2.0633178,-1.7569319,3,walking
1519421651654,-10.125097,-2.2452345,-1.6516117,3,walking
1519421651659,-9.8953085,-2.34098,-1.4601204,3,walking
1519421651688,-7.6835847,-2.905879,-1.2016073,3,walking
1519421651697,-7.654861,-3.1069448,-1.469695,3,walking
1519421651704,-7.243155,-2.9250283,-1.2973529,3,walking
1519421651712,-6.9942164,-2.8101335,-1.3548003,3,walking
1519421651717,-6.8027253,-2.8101335,-1.4505459,3,walking
1519421651721,-6.764427,-2.8101335,-1.6037389,3,walking
1519421651725,-6.764427,-2.8101335,-1.6037389,3,walking
1519421651730,-6.6878304,-3.0016246,-1.6899099,3,walking
1519421651735,-6.639958,-3.039923,-1.7282082,3,walking
1519421651739,-6.6495323,-3.0494976,-1.6516117,3,walking
1519421651744,-6.6495323,-2.9824755,-1.6516117,3,walking
1519421651749,-6.563361,-2.8771553,-1.6324625,3,walking
1519421651754,-6.563361,-2.8771553,-1.6516117,3,walking
1519421651759,-6.6016593,-2.88673,-1.6994845,3,walking
1519421651763,-6.6016593,-2.867581,-1.79523,3,walking
1519421651769,-6.7261286,-2.9441774,-1.8431029,3,walking
1519421651774,-6.7261286,-2.9346027,-1.862252,3,walking
1519421651779,-6.7069798,-2.9824755,-1.8431029,3,walking
1519421651783,-6.7548523,-2.9633265,-1.929274,3,walking
1519421651788,-6.7357035,-2.9537518,-1.9005502,3,walking
1519421651794,-6.7069798,-2.9633265,-1.8526775,3,walking
1519421651799,-6.7261286,-2.972901,-1.8048047,3,walking
1519421651803,-6.745278,-2.972901,-1.7282082,3,walking
1519421651808,-6.8027253,-2.972901,-1.6611862,3,walking
1519421651813,-6.8410234,-2.9633265,-1.6516117,3,walking
1519421651819,-6.9080453,-2.9346027,-1.6420372,3,walking
1519421651823,-6.9080453,-2.9250283,-1.5558661,3,walking
1519421651829,-6.936769,-2.905879,-1.5462915,3,walking
1519421651834,-6.9463434,-2.9250283,-1.5367169,3,walking
1519421651839,-7.1474094,-2.8963046,-1.4984187,3,walking
1519421651843,-7.2335806,-2.867581,-1.4984187,3,walking
1519421651849,-7.3771987,-2.800559,-1.4792696,3,walking
1519421651854,-7.3771987,-2.800559,-1.4792696,3,walking
1519421651859,-7.5303917,-2.733537,-1.469695,3,walking
1519421651865,-7.6069884,-2.6377914,-1.4505459,3,walking
1519421651869,-7.741032,-2.5037475,-1.4218222,3,walking
1519421651875,-7.8367777,-2.408002,-1.4218222,3,walking
1519421651879,-7.9420977,-2.360129,-1.4026731,3,walking
1519421651884,-8.047418,-2.3122563,-1.4218222,3,walking
1519421651889,-8.23891,-2.2739582,-1.4409714,3,walking
1519421651894,-8.4686985,-2.2260852,-1.469695,3,walking
1519421651898,-8.612317,-2.2356598,-1.5367169,3,walking
1519421651903,-8.755936,-2.2260852,-1.4984187,3,walking
1519421651909,-8.9761505,-2.187787,-1.4888442,3,walking
1519421651914,-9.100619,-2.2069361,-1.4888442,3,walking
1519421651919,-9.234664,-2.168638,-1.4984187,3,walking
1519421651924,-9.31126,-2.168638,-1.469695,3,walking
1519421651928,-9.464453,-2.1111906,-1.469695,3,walking
1519421651934,-9.5219,-2.0728924,-1.4888442,3,walking
1519421651938,-9.5889225,-2.0728924,-1.4601204,3,walking
1519421651944,-9.655944,-2.0441687,-1.4984187,3,walking
1519421651948,-9.722966,-1.9388485,-1.4792696,3,walking
1519421651954,-9.742115,-1.9101248,-1.4888442,3,walking
1519421651958,-9.809137,-1.776081,-1.469695,3,walking
1519421651963,-9.866585,-1.7665064,-1.4792696,3,walking
1519421651968,-9.904882,-1.7473572,-1.4218222,3,walking
1519421651973,-10.010203,-1.709059,-1.4026731,3,walking
1519421651979,-10.172971,-1.7473572,-1.2877784,3,walking
1519421651984,-10.287866,-1.7282082,-1.2111819,3,walking
1519421651989,-10.40276,-1.6803354,-1.1250108,3,walking
1519421651994,-10.5080805,-1.6324625,-1.1250108,3,walking
1519421651999,-10.728295,-1.5845897,-1.1058618,3,walking
1519421652004,-10.910212,-1.5462915,-1.1058618,3,walking
1519421652009,-11.245321,-1.5941644,-1.0962871,3,walking
1519421652015,-11.245321,-1.5941644,-1.0962871,3,walking
1519421652019,-11.484685,-1.6707608,-1.2303311,3,walking
1519421652024,-11.590006,-1.709059,-1.2207564,3,walking
1519421652029,-11.685751,-1.8431029,-1.2973529,3,walking
1519421652034,-11.72405,-1.8718265,-1.3069274,3,walking
1519421652039,-11.743198,-1.9005502,-1.3356512,3,walking
1519421652044,-11.7336235,-1.948423,-1.3452257,3,walking
1519421652051,-11.752773,-1.8909757,-1.4888442,3,walking
1519421652057,-11.7049,-1.8048047,-1.6420372,3,walking
1519421652062,-11.590006,-1.79523,-1.6899099,3,walking
1519421652072,-11.36979,-1.7377827,-1.8718265,3,walking
1519421652077,-11.321918,-1.7186337,-1.862252,3,walking
1519421652081,-11.235746,-1.6803354,-1.8718265,3,walking
1519421652090,-11.1208515,-1.5941644,-1.9579976,3,walking
1519421652094,-11.101703,-1.5750152,-1.929274,3,walking
1519421652099,-11.149575,-1.5462915,-2.1207652,3,walking
1519421652103,-11.379365,-1.4888442,-2.3984275,3,walking
1519421652108,-12.279374,-1.4888442,-2.88673,3,walking
1519421652113,-12.882571,-1.6324625,-2.9824755,3,walking
1519421652124,-14.194285,-2.6090677,-2.101616,3,walking
1519421652129,-14.20386,-3.1069448,-1.7473572,3,walking
1519421652135,-14.117689,-3.6143966,-1.4984187,3,walking
1519421652139,-13.935773,-4.1026993,-1.2590547,3,walking
1519421652175,-9.531475,-2.5037475,-1.8526775,3,walking
1519421652184,-9.004874,-1.862252,-1.948423,3,walking
1519421652191,-8.928278,-1.5079932,-2.034594,3,walking
1519421652199,-8.966576,-0.3111732,-2.101616,3,walking
1519421652205,-9.129343,0.0718092,-2.1782124,3,walking
1519421652210,-9.330409,0.39734426,-2.34098,3,walking
1519421652214,-9.62722,0.63670826,-2.4845984,3,walking
1519421652218,-9.924032,0.7324539,-2.6569405,3,walking
1519421652223,-10.153821,0.6750065,-2.733537,3,walking
1519421652228,-10.555953,0.37819514,-2.7622607,3,walking
1519421652233,-10.776168,0.15798025,-2.819708,3,walking
1519421652239,-11.005958,-0.043085523,-2.8292825,3,walking
1519421652244,-11.235746,-0.2441513,-2.800559,3,walking
1519421652248,-11.446387,-0.5218136,-2.733537,3,walking
1519421652253,-11.685751,-1.1250108,-2.5899186,3,walking
1519421652258,-11.905966,-1.5558661,-2.5516202,3,walking
1519421652263,-12.0400095,-2.0250196,-2.561195,3,walking
1519421652268,-12.116607,-2.6377914,-2.408002,3,walking
1519421652273,-12.2410755,-2.819708,-2.360129,3,walking
1519421652278,-12.308098,-2.9824755,-2.3314054,3,walking
1519421652284,-12.470865,-3.1452432,-2.4558747,3,walking
1519421652288,-12.5474615,-3.384607,-2.6952388,3,walking
1519421652294,-12.470865,-3.3271596,-2.6760898,3,walking
1519421652298,-12.221927,-3.2601378,-2.5420458,3,walking
1519421652303,-11.886817,-2.8580062,-2.6282167,3,walking
1519421652308,-11.858093,-2.9633265,-2.9250283,3,walking
1519421652313,-11.867668,-3.1548176,-3.384607,3,walking
1519421652318,-11.570856,-2.9633265,-3.4899273,3,walking
1519421652323,-11.072979,-2.647366,-3.4420545,3,walking
1519421652328,-10.374036,-2.3314054,-3.4037561,3,walking
1519421652332,-9.761265,-2.0441687,-3.3750327,3,walking
1519421652339,-9.598496,-1.5175679,-3.193116,3,walking
1519421652344,-9.703817,-1.3260766,-2.9920502,3,walking
1519421652348,-9.655944,-1.3356512,-2.7909844,3,walking
1519421652391,-8.727212,-1.14416,-1.4792696,3,walking
1519421652400,-8.487848,-1.2111819,-1.1633091,3,walking
1519421652408,-8.526146,-1.3452257,-1.2111819,3,walking
1519421652415,-8.296356,-1.5175679,-1.2207564,3,walking
1519421652420,-8.133589,-1.6899099,-1.2303311,3,walking
1519421652424,-8.133589,-1.6899099,-1.2303311,3,walking
1519421652429,-8.056993,-1.8143792,-1.5558661,3,walking
1519421652433,-8.028269,-1.8718265,-1.709059,3,walking
1519421652438,-8.037844,-1.9005502,-1.8239537,3,walking
1519421652443,-8.028269,-1.9962958,-1.9101248,3,walking
1519421652448,-7.9803963,-2.0920415,-2.0250196,3,walking
1519421652454,-7.961247,-2.2931073,-2.3122563,3,walking
1519421652458,-7.961247,-2.3505547,-2.5516202,3,walking
1519421652464,-7.961247,-2.3505547,-2.5516202,3,walking
1519421652468,-7.846352,-2.3697038,-2.5324712,3,walking
1519421652474,-7.8655014,-2.3697038,-2.5324712,3,walking
1519421652478,-7.855927,-2.4367256,-2.6569405,3,walking
1519421652482,-7.9420977,-2.475024,-2.6760898,3,walking
1519421652488,-7.9899707,-2.5324712,-2.733537,3,walking
1519421652493,-7.9708214,-2.5324712,-2.733537,3,walking
1519421652498,-7.9899707,-2.5516202,-2.7048132,3,walking
1519421652503,-7.9899707,-2.5324712,-2.714388,3,walking
1519421652508,-7.9899707,-2.513322,-2.714388,3,walking
1519421652513,-7.9516726,-2.4558747,-2.6760898,3,walking
1519421652518,-8.018694,-2.3792782,-2.6856642,3,walking
1519421652523,-7.999545,-2.2452345,-2.6090677,3,walking
1519421652528,-7.894225,-2.0824668,-2.561195,3,walking
1519421652533,-7.894225,-2.0824668,-2.561195,3,walking
1519421652537,-7.7601814,-1.9579976,-2.4175766,3,walking
1519421652544,-7.693159,-1.8814012,-2.34098,3,walking
1519421652548,-7.6261373,-1.8526775,-2.3505547,3,walking
1519421652554,-7.6261373,-1.8526775,-2.3505547,3,walking
1519421652559,-7.348475,-1.7473572,-2.1207652,3,walking
1519421652564,-7.2910275,-1.709059,-2.0537431,3,walking
1519421652568,-7.176133,-1.7377827,-2.0441687,3,walking
1519421652573,-7.051664,-1.6133134,-1.9771467,3,walking
1519421652579,-6.9942164,-1.6037389,-1.9196993,3,walking
1519421652584,-6.898471,-1.5462915,-1.8814012,3,walking
1519421652589,-6.821874,-1.5079932,-1.9196993,3,walking
1519421652594,-6.764427,-1.4792696,-1.9196993,3,walking
1519421652599,-6.716554,-1.4313968,-1.9675722,3,walking
1519421652604,-6.716554,-1.4313968,-1.9675722,3,walking
1519421652609,-6.639958,-1.4218222,-2.0824668,3,walking
1519421652614,-6.678256,-1.4122477,-2.168638,3,walking
1519421652618,-6.678256,-1.383524,-2.1303396,3,walking
1519421652624,-6.7357035,-1.4122477,-2.3122563,3,walking
1519421652629,-6.8027253,-1.4409714,-2.3697038,3,walking
1519421652633,-6.8793216,-1.4888442,-2.4845984,3,walking
1519421652638,-7.0803876,-1.6324625,-2.580344,3,walking
1519421652643,-7.0803876,-1.6324625,-2.580344,3,walking
1519421652648,-7.329326,-1.709059,-2.7048132,3,walking
1519421652653,-7.5208173,-1.7473572,-2.7718353,3,walking
1519421652657,-7.721883,-1.9005502,-2.819708,3,walking
1519421652663,-7.922949,-1.948423,-2.8771553,3,walking
1519421652668,-8.095291,-1.9962958,-2.905879,3,walking
1519421652674,-8.430401,-2.2260852,-2.8292825,3,walking
1519421652679,-8.545295,-2.3697038,-2.7814097,3,walking
1519421652684,-8.631466,-2.494173,-2.733537,3,walking
1519421652688,-8.765511,-2.561195,-2.6952388,3,walking
1519421652693,-8.851681,-2.666515,-2.647366,3,walking
1519421652697,-8.957002,-2.7431116,-2.647366,3,walking
1519421652702,-9.043172,-2.8580062,-2.5516202,3,walking
1519421652706,-9.091045,-2.8963046,-2.4654493,3,walking
1519421652711,-9.138918,-2.9250283,-2.4463003,3,walking
1519421652719,-9.148493,-2.88673,-2.2356598,3,walking
1519421652724,-9.129343,-2.9154537,-2.101616,3,walking
1519421652728,-9.20594,-2.8484318,-2.101616,3,walking
1519421652733,-9.20594,-2.8484318,-2.101616,3,walking
1519421652737,-9.272962,-2.733537,-1.8048047,3,walking
1519421652742,-9.263388,-2.733537,-1.622888,3,walking
1519421652747,-9.215514,-2.6856642,-1.4026731,3,walking
1519421652752,-9.272962,-2.6856642,-1.3356512,3,walking
1519421652758,-9.330409,-2.647366,-1.2686293,3,walking
1519421652763,-9.41658,-2.6282167,-1.2016073,3,walking
1519421652768,-9.493176,-2.5899186,-1.14416,3,walking
1519421652772,-9.924032,-2.4654493,-1.14416,3,walking
1519421652778,-10.843189,-2.2643836,-1.3165021,3,walking
1519421652783,-10.843189,-2.2643836,-1.3165021,3,walking
1519421652787,-10.843189,-2.2643836,-1.3165021,3,walking
1519421652793,-12.978316,-2.0633178,-1.9101248,3,walking
1519421652800,-13.954922,-2.3697038,-2.149489,3,walking
1519421652809,-14.127264,-2.8292825,-2.0824668,3,walking
1519421652814,-13.945347,-3.039923,-1.948423,3,walking
1519421652818,-13.696408,-3.193116,-1.7569319,3,walking
1519421652822,-13.141085,-3.2218397,-1.5271424,3,walking
1519421652828,-12.767676,-3.1643922,-1.4218222,3,walking
1519421652833,-12.308098,-3.2026904,-1.3452257,3,walking
1519421652838,-11.915541,-3.1835413,-1.3069274,3,walking
1519421652842,-11.082554,-3.2026904,-0.93351966,3,walking
1519421652848,-10.527229,-3.1643922,-0.78990126,3,walking
1519421652853,-10.134672,-3.126094,-0.6845811,3,walking
1519421652857,-9.64637,-2.972901,-0.63670826,3,walking
1519421652864,-8.698488,-2.3984275,-0.5505372,3,walking
1519421652869,-8.5740185,-2.1973617,-0.50266445,3,walking
1519421652873,-8.5740185,-2.1973617,-0.50266445,3,walking
1519421652878,-8.842107,-1.6899099,-0.61755913,3,walking
1519421652883,-9.2825365,-1.4984187,-0.70373017,3,walking
1519421652887,-9.914457,-1.2877784,-0.8281995,3,walking
1519421652893,-10.670848,-1.0962871,-0.91437054,3,walking
1519421652914,-14.491097,-1.6037389,-1.2494801,3,walking
1519421652920,-14.64429,-1.7282082,-1.3739494,3,walking
1519421652924,-14.64429,-1.8239537,-1.4888442,3,walking
1519421652928,-14.596417,-1.79523,-1.6516117,3,walking
1519421652933,-14.471948,-1.7569319,-1.8143792,3,walking
1519421652950,-13.6676855,-1.3165021,-2.6856642,3,walking
1519421652954,-13.02619,-1.0675635,-3.0111992,3,walking
1519421652959,-12.748528,-0.93351966,-3.173967,3,walking
1519421652963,-12.451715,-0.8090504,-3.2505634,3,walking
1519421652969,-12.107032,-0.6750065,-3.2409887,3,walking
1519421652974,-11.360216,-0.5888355,-3.020774,3,walking
1519421652978,-11.360216,-0.5888355,-3.020774,3,walking
1519421652983,-11.360216,-0.5888355,-3.020774,3,walking
1519421652988,-10.268716,-0.4356425,-2.3314054,3,walking
1519421652993,-10.029352,-0.39734426,-2.1303396,3,walking
1519421652997,-9.8953085,-0.3111732,-1.9771467,3,walking
1519421653002,-9.636795,-0.12925656,-1.6037389,3,walking
1519421653008,-9.3878565,-0.14840569,-1.4888442,3,walking
1519421653013,-9.158067,-0.19627848,-1.4313968,3,walking
1519421653018,-8.947427,-0.2154276,-1.2494801,3,walking
1519421653023,-8.746361,-0.22500217,-1.1537346,3,walking
1519421653028,-8.353804,-0.09095833,-0.8760723,3,walking
1519421653034,-8.11444,-0.25372586,-1.0196906,3,walking
1519421653039,-8.037844,-0.4835153,-1.1824582,3,walking
1519421653043,-7.9133744,-0.76117754,-1.3069274,3,walking
1519421653048,-7.769756,-1.1345854,-1.5367169,3,walking
1519421653054,-7.4059224,-1.3165021,-1.5462915,3,walking
1519421653059,-6.869747,-1.5750152,-1.5941644,3,walking
1519421653064,-6.6016593,-1.6803354,-1.6324625,3,walking
1519421653069,-6.4293175,-1.6611862,-1.5750152,3,walking
1519421653079,-5.8835673,-1.9962958,-1.6420372,3,walking
1519421653084,-5.835695,-2.1207652,-1.7186337,3,walking
1519421653090,-5.7782474,-2.2739582,-1.7856555,3,walking
1519421653095,-5.7208,-2.561195,-1.9101248,3,walking
1519421653100,-5.7208,-2.666515,-1.9388485,3,walking
1519421653105,-5.7303743,-2.7718353,-1.9867213,3,walking
1519421653110,-5.759098,-2.9537518,-1.9196993,3,walking
1519421653115,-5.845269,-3.0494976,-2.0058703,3,walking
1519421653120,-5.8835673,-3.1069448,-1.9771467,3,walking
1519421653130,-6.151655,-3.4037561,-2.0441687,3,walking
1519421653135,-6.2665496,-3.4899273,-2.0633178,3,walking
1519421653141,-6.3431463,-3.5090764,-2.0441687,3,walking
1519421653146,-6.544212,-3.5378,-1.948423,3,walking
1519421653151,-6.7261286,-3.499502,-1.9388485,3,walking
1519421653156,-6.898471,-3.4707782,-1.8909757,3,walking
1519421653161,-7.042089,-3.4133308,-1.9196993,3,walking
1519421653166,-7.2240057,-3.2792869,-1.8431029,3,walking
1519421653171,-7.2910275,-3.1643922,-1.7473572,3,walking
1519421653176,-7.348475,-2.9441774,-1.5845897,3,walking
1519421653182,-7.3676243,-2.752686,-1.5845897,3,walking
1519421653186,-7.4250717,-2.6282167,-1.5079932,3,walking
1519421653192,-7.482519,-2.4558747,-1.4409714,3,walking
1519421653197,-7.654861,-2.2069361,-1.3930986,3,walking
1519421653203,-7.7793303,-2.1207652,-1.3930986,3,walking
1519421653208,-7.875076,-2.034594,-1.383524,3,walking
1519421653213,-8.056993,-1.9005502,-1.3165021,3,walking
1519421653218,-8.124015,-1.8526775,-1.2973529,3,walking
1519421653223,-8.191036,-1.8814012,-1.1633091,3,walking
1519421653229,-8.2676325,-1.8909757,-1.1345854,3,walking
1519421653234,-8.34423,-1.8718265,-1.0771381,3,walking
1519421653239,-8.497422,-1.9388485,-0.9622433,3,walking
1519421653244,-8.583593,-1.9675722,-0.90479594,3,walking
1519421653249,-8.708063,-2.0058703,-0.8473486,3,walking
1519421653259,-9.004874,-2.034594,-0.6845811,3,walking
1519421653264,-9.129343,-1.929274,-0.71330476,3,walking
1519421653269,-9.20594,-1.948423,-0.5792609,3,walking
1519421653275,-9.368708,-1.7569319,-0.59841,3,walking
1519421653280,-9.512326,-1.709059,-0.61755913,3,walking
1519421653290,-9.876159,-1.4409714,-0.6558574,3,walking
1519421653295,-9.991054,-1.4313968,-0.6845811,3,walking
1519421653300,-10.134672,-1.3356512,-0.7228793,3,walking
1519421653305,-10.412334,-1.1920328,-0.9622433,3,walking
1519421653311,-10.5080805,-1.1154363,-1.0101161,3,walking
1519421653315,-10.546378,-1.0675635,-1.1058618,3,walking
1519421653321,-10.632549,-0.99096704,-1.1920328,3,walking
1519421653326,-10.785743,-0.93351966,-1.3643749,3,walking
1519421653331,-11.05383,-0.8856468,-1.6324625,3,walking
1519421653336,-11.187874,-0.92394507,-1.8143792,3,walking
1519421653341,-11.503835,-1.1058618,-1.9196993,3,walking
1519421653346,-11.714475,-1.2303311,-1.9675722,3,walking
1519421653351,-11.877242,-1.3930986,-2.0058703,3,walking
1519421653356,-12.078308,-1.4505459,-2.0250196,3,walking
1519421653361,-12.384694,-1.6037389,-1.9579976,3,walking
1519421653367,-12.46129,-1.6803354,-1.9101248,3,walking
1519421653375,-12.422992,-1.79523,-1.8718265,3,walking
1519421653380,-12.298523,-1.9771467,-1.7569319,3,walking
1519421653385,-12.164479,-2.101616,-1.6899099,3,walking
1519421653390,-12.020861,-2.149489,-1.5941644,3,walking
1519421653395,-11.657027,-2.1782124,-1.469695,3,walking
1519421653401,-11.513409,-2.1590633,-1.4601204,3,walking
1519421653406,-11.302769,-2.0824668,-1.3739494,3,walking
1519421653411,-11.1208515,-2.0537431,-1.3069274,3,walking
1519421653416,-10.71872,-1.9675722,-1.2782038,3,walking
1519421653420,-10.6134,-1.9196993,-1.2686293,3,walking
1519421653425,-10.40276,-1.8718265,-1.2399056,3,walking
1519421653429,-10.2016945,-1.8335283,-1.2494801,3,walking
1519421653433,-10.172971,-1.7473572,-1.3356512,3,walking
1519421653438,-10.421909,-1.4984187,-1.9005502,3,walking
1519421653442,-10.421909,-1.4984187,-1.9005502,3,walking
1519421653447,-10.852764,-1.3548003,-2.2356598,3,walking
1519421653451,-10.852764,-1.3548003,-2.2356598,3,walking
1519421653454,-12.825124,-1.5750152,-2.666515,3,walking
1519421653461,-13.3612995,-1.9005502,-2.4367256,3,walking
1519421653465,-13.840027,-2.8292825,-1.9101248,3,walking
1519421653470,-13.897474,-3.2888615,-1.7186337,3,walking
1519421653474,-13.8879,-3.7292912,-1.5175679,3,walking
1519421653512,-10.584677,-3.0303483,-2.2165108,3,walking
1519421653521,-9.952756,-2.5037475,-2.4463003,3,walking
1519421653528,-9.493176,-1.9388485,-2.561195,3,walking
1519421653535,-9.378282,-1.6133134,-2.580344,3,walking
1519421653540,-9.349558,-1.3356512,-2.5707695,3,walking
1519421653544,-9.550624,-0.8281995,-2.6377914,3,walking
1519421653548,-9.770839,-0.71330476,-2.6856642,3,walking
1519421653553,-9.991054,-0.61755913,-2.6760898,3,walking
1519421653557,-10.182545,-0.5505372,-2.5899186,3,walking
1519421653562,-10.335738,-0.5888355,-2.5228968,3,walking
1519421653567,-10.661273,-0.69415563,-2.2739582,3,walking
1519421653572,-10.843189,-0.77075213,-2.1303396,3,walking
1519421653577,-10.977234,-0.91437054,-1.9867213,3,walking
1519421653582,-11.245321,-1.2207564,-1.776081,3,walking
1519421653588,-11.417664,-1.3356512,-1.6420372,3,walking
1519421653593,-11.609155,-1.5462915,-1.5845897,3,walking
1519421653597,-11.762347,-1.6899099,-1.5654407,3,walking
1519421653602,-11.886817,-1.8909757,-1.5558661,3,walking
1519421653607,-11.972988,-2.0441687,-1.622888,3,walking
1519421653612,-12.011286,-2.2452345,-1.8526775,3,walking
1519421653617,-11.905966,-2.2260852,-1.8718265,3,walking
1519421653622,-11.82937,-2.187787,-1.9962958,3,walking
1519421653627,-11.762347,-2.0824668,-2.0920415,3,walking
1519421653632,-11.503835,-1.8814012,-2.2931073,3,walking
1519421653637,-11.302769,-1.6803354,-2.5516202,3,walking
1519421653642,-11.302769,-1.6803354,-2.5516202,3,walking
1519421653647,-11.044255,-1.7186337,-2.7622607,3,walking
1519421653652,-10.92936,-1.6133134,-2.7814097,3,walking
1519421653656,-10.555953,-1.6037389,-2.8484318,3,walking
1519421653661,-10.555953,-1.6037389,-2.8484318,3,walking
1519421653667,-10.010203,-1.4888442,-3.126094,3,walking
1519421653672,-9.761265,-1.6133134,-2.9824755,3,walking
1519421653677,-9.5889225,-1.622888,-2.867581,3,walking
1519421653682,-9.5889225,-1.622888,-2.867581,3,walking
1519421653687,-9.512326,-1.6899099,-2.6282167,3,walking
1519421653692,-9.445304,-1.6994845,-2.5707695,3,walking
1519421653697,-9.368708,-1.6994845,-2.5707695,3,walking
1519421653702,-9.129343,-1.5271424,-2.408002,3,walking
1519421653707,-8.803808,-1.4122477,-2.2069361,3,walking
1519421653713,-8.746361,-1.2973529,-2.1303396,3,walking
1519421653718,-8.717637,-1.2590547,-1.9196993,3,walking
1519421653723,-8.832532,-1.3548003,-1.8239537,3,walking
1519421653728,-8.708063,-1.622888,-1.9388485,3,walking
1519421653733,-8.55487,-1.6516117,-1.7856555,3,walking
1519421653738,-8.411251,-1.709059,-1.9005502,3,walking
1519421653743,-8.506997,-1.6420372,-2.015445,3,walking
1519421653748,-8.411251,-1.7473572,-2.0728924,3,walking
1519421653759,-8.392102,-1.9867213,-2.34098,3,walking
1519421653764,-8.420826,-2.034594,-2.4463003,3,walking
1519421653769,-8.34423,-2.1399143,-2.5228968,3,walking
1519421653775,-8.34423,-2.168638,-2.6282167,3,walking
1519421653780,-8.296356,-2.1782124,-2.5899186,3,walking
1519421653785,-8.248484,-2.101616,-2.5324712,3,walking
1519421653789,-8.143164,-2.0728924,-2.5228968,3,walking
1519421653794,-8.085716,-2.101616,-2.494173,3,walking
1519421653798,-8.085716,-2.0920415,-2.5324712,3,walking
1519421653802,-8.028269,-2.1303396,-2.5228968,3,walking
1519421653807,-8.00912,-2.101616,-2.475024,3,walking
1519421653812,-7.9037995,-2.101616,-2.4558747,3,walking
1519421653817,-7.8367777,-1.9867213,-2.4845984,3,walking
1519421653821,-7.8367777,-1.9867213,-2.4845984,3,walking
1519421653827,-7.6835847,-1.929274,-2.3984275,3,walking
1519421653832,-7.5782647,-1.9101248,-2.3314054,3,walking
1519421653836,-7.5591154,-1.8335283,-2.3122563,3,walking
1519421653841,-7.5591154,-1.8335283,-2.3122563,3,walking
1519421653847,-7.4250717,-1.79523,-2.1207652,3,walking
1519421653852,-7.35805,-1.7665064,-2.1207652,3,walking
1519421653857,-7.3197513,-1.7377827,-1.9962958,3,walking
1519421653862,-7.3197513,-1.7377827,-1.9962958,3,walking
1519421653867,-7.2623043,-1.79523,-1.929274,3,walking
1519421653871,-7.310177,-1.8048047,-1.9579976,3,walking
1519421653877,-7.4059224,-1.79523,-1.948423,3,walking
1519421653882,-7.4059224,-1.8048047,-1.9771467,3,walking
1519421653887,-7.4729443,-1.8431029,-1.9675722,3,walking
1519421653891,-7.4729443,-1.8431029,-1.9675722,3,walking
1519421653896,-7.4729443,-1.8718265,-1.929274,3,walking
1519421653902,-7.4729443,-1.9005502,-1.9196993,3,walking
1519421653907,-7.4059224,-1.862252,-1.8335283,3,walking
1519421653911,-7.4059224,-1.862252,-1.8335283,3,walking
1519421653917,-7.3006024,-1.8814012,-1.7473572,3,walking
1519421653922,-7.2718787,-1.9101248,-1.7282082,3,walking
1519421653926,-7.195282,-1.9196993,-1.6803354,3,walking
1519421653931,-7.195282,-1.9196993,-1.6803354,3,walking
1519421653937,-7.204857,-1.9867213,-1.7377827,3,walking
1519421653942,-7.2144313,-1.9675722,-1.8143792,3,walking
1519421653946,-7.281453,-1.9579976,-1.8526775,3,walking
1519421653952,-7.281453,-1.9579976,-1.8526775,3,walking
1519421653957,-7.4154973,-1.8909757,-2.0728924,3,walking
1519421653961,-7.482519,-1.8814012,-2.1111906,3,walking
1519421653967,-7.664436,-1.8718265,-2.149489,3,walking
1519421653972,-7.846352,-1.79523,-2.2356598,3,walking
1519421653977,-7.9516726,-1.8431029,-2.3026817,3,walking
1519421653983,-8.2676325,-1.8526775,-2.360129,3,walking
1519421653987,-8.44955,-1.9196993,-2.3888528,3,walking
1519421653992,-8.621892,-1.948423,-2.4463003,3,walking
1519421653997,-8.832532,-2.0728924,-2.3697038,3,walking
1519421654002,-8.832532,-2.0728924,-2.3697038,3,walking
1519421654008,-9.0814705,-2.2069361,-2.3505547,3,walking
1519421654013,-9.0814705,-2.2643836,-2.3314054,3,walking
1519421654018,-9.138918,-2.3122563,-2.321831,3,walking
1519421654029,-9.004874,-2.5037475,-2.0441687,3,walking
1519421654036,-8.966576,-2.5228968,-1.9579976,3,walking
1519421654041,-8.947427,-2.5420458,-1.7473572,3,walking
1519421654046,-9.014449,-2.561195,-1.5941644,3,walking
1519421654051,-9.091045,-2.5707695,-1.5175679,3,walking
1519421654057,-9.18679,-2.5707695,-1.2303311,3,walking
1519421654062,-9.31126,-2.5994933,-1.1345854,3,walking
1519421654067,-9.397431,-2.647366,-0.8664977,3,walking
1519421654072,-9.512326,-2.6569405,-0.7994758,3,walking
1519421654078,-9.608071,-2.6760898,-0.7228793,3,walking
1519421654083,-9.684668,-2.6952388,-0.56968635,3,walking
1519421654088,-9.75169,-2.6952388,-0.5313881,3,walking
1519421654093,-9.75169,-2.6952388,-0.5313881,3,walking
1519421654098,-10.163396,-2.752686,-0.37819514,3,walking
1519421654103,-10.412334,-2.666515,-0.47394073,3,walking
1519421654108,-10.71872,-2.561195,-0.512239,3,walking
1519421654118,-12.231501,-2.2260852,-0.9718179,3,walking
1519421654123,-12.748528,-2.1303396,-1.2207564,3,walking
1519421654131,-13.141085,-2.0920415,-1.4601204,3,walking
1519421654136,-12.90172,-2.0537431,-1.4505459,3,walking
1519421654142,-12.90172,-2.0537431,-1.4505459,3,walking
1519421654146,-12.336822,-1.8814012,-1.4409714,3,walking
1519421654182,-8.286782,-1.7473572,-0.8473486,3,walking
1519421654190,-8.037844,-1.6994845,-0.85692316,3,walking
1519421654197,-7.741032,-1.709059,-0.91437054,3,walking
1519421654204,-7.8176284,-1.6994845,-0.92394507,3,walking
1519421654209,-8.028269,-1.7282082,-0.9526688,3,walking
1519421654218,-8.7750845,-1.6611862,-1.0005416,3,walking
1519421654222,-9.234664,-1.6803354,-0.98139244,3,walking
1519421654226,-9.761265,-1.6899099,-0.99096704,3,walking
1519421654231,-10.354887,-1.7665064,-0.85692316,3,walking
1519421654238,-11.38894,-1.9579976,-0.69415563,3,walking
1519421654242,-11.896391,-2.034594,-0.69415563,3,walking
1519421654247,-12.758101,-2.360129,-0.6079846,3,walking
1519421654289,-13.23683,-2.149489,-1.948423,3,walking
1519421654295,-12.911295,-2.0920415,-2.2643836,3,walking
1519421654300,-12.748528,-2.1111906,-2.3888528,3,walking
1519421654305,-12.336822,-1.948423,-2.5420458,3,walking
1519421654309,-12.0400095,-1.8718265,-2.513322,3,walking
1519421654314,-11.695326,-1.8431029,-2.408002,3,walking
1519421654318,-11.302769,-1.776081,-2.3122563,3,walking
1519421654327,-10.632549,-1.8431029,-1.8814012,3,walking
1519421654334,-10.172971,-1.9196993,-1.6324625,3,walking
1519421654339,-10.010203,-1.9771467,-1.5079932,3,walking
1519421654349,-9.435729,-2.015445,-1.2016073,3,walking
1519421654354,-9.20594,-2.1207652,-1.1824582,3,walking
1519421654359,-9.004874,-2.168638,-1.1154363,3,walking
1519421654364,-8.717637,-2.2260852,-1.0388398,3,walking
1519421654369,-8.516571,-2.2260852,-0.9718179,3,walking
1519421654374,-8.315506,-2.2260852,-0.92394507,3,walking
1519421654378,-8.104865,-2.321831,-0.91437054,3,walking
1519421654389,-7.846352,-2.2260852,-0.91437054,3,walking
1519421654394,-7.654861,-2.2452345,-0.99096704,3,walking
1519421654399,-7.587839,-2.2356598,-0.9526688,3,walking
1519421654404,-7.511243,-2.3792782,-0.9718179,3,walking
1519421654410,-7.46337,-2.5516202,-0.99096704,3,walking
1519421654414,-7.396348,-2.752686,-0.9622433,3,walking
1519421654420,-7.348475,-2.800559,-0.9718179,3,walking
1519421654425,-7.3197513,-2.8963046,-0.99096704,3,walking
1519421654429,-7.2910275,-2.9346027,-0.9526688,3,walking
1519421654438,-7.2718787,-3.1452432,-0.93351966,3,walking
1519421654444,-7.2910275,-3.173967,-0.9718179,3,walking
1519421654449,-7.3197513,-3.1643922,-1.0196906,3,walking
1519421654454,-7.3389006,-3.0494976,-1.1058618,3,walking
1519421654459,-7.3389006,-2.9824755,-1.1345854,3,walking
1519421654464,-7.3676243,-2.8580062,-1.2686293,3,walking
1519421654470,-7.3676243,-2.8580062,-1.2686293,3,walking
1519421654475,-7.4442205,-2.733537,-1.4122477,3,walking
1519421654480,-7.4442205,-2.666515,-1.4888442,3,walking
1519421654485,-7.482519,-2.5899186,-1.4792696,3,walking
1519421654490,-7.4729443,-2.5228968,-1.4409714,3,walking
1519421654495,-7.46337,-2.475024,-1.4409714,3,walking
1519421654500,-7.482519,-2.427151,-1.4122477,3,walking
1519421654505,-7.482519,-2.427151,-1.4122477,3,walking
1519421654511,-7.501668,-2.2643836,-1.1728836,3,walking
1519421654516,-7.4920936,-2.2260852,-1.0101161,3,walking
1519421654523,-7.587839,-2.187787,-0.70373017,3,walking
1519421654529,-7.6261373,-2.149489,-0.5888355,3,walking
1519421654534,-7.654861,-2.168638,-0.49308985,3,walking
1519421654539,-7.6835847,-2.168638,-0.40691882,3,walking
1519421654549,-7.769756,-2.1590633,-0.27287498,3,walking
1519421654554,-7.8176284,-2.101616,-0.22500217,3,walking
1519421654559,-7.8655014,-2.015445,-0.25372586,3,walking
1519421654564,-7.9516726,-1.776081,-0.110107444,3,walking
1519421654569,-8.056993,-1.6803354,-0.10053288,3,walking
1519421654575,-8.143164,-1.5845897,-0.0718092,3,walking
1519421654580,-8.353804,-1.5175679,-0.20585304,3,walking
1519421654585,-8.4686985,-1.5079932,-0.28244954,3,walking
1519421654590,-8.55487,-1.5271424,-0.359046,3,walking
1519421654595,-8.55487,-1.5271424,-0.359046,3,walking
1519421654600,-8.803808,-1.4888442,-0.50266445,3,walking
1519421654605,-8.909128,-1.5367169,-0.6271337,3,walking
1519421654610,-9.043172,-1.5367169,-0.751603,3,walking
1519421654614,-9.138918,-1.6707608,-0.98139244,3,walking
1519421654619,-9.244238,-1.7377827,-1.1058618,3,walking
1519421654624,-9.301685,-1.8048047,-1.1537346,3,walking
1519421654629,-9.407005,-1.8335283,-1.2303311,3,walking
1519421654634,-9.512326,-1.9867213,-1.3643749,3,walking
1519421654639,-9.62722,-2.0058703,-1.4122477,3,walking
1519421654644,-9.914457,-2.0441687,-1.4218222,3,walking
1519421654650,-10.010203,-2.187787,-1.4122477,3,walking
1519421654654,-10.144247,-2.2069361,-1.3930986,3,walking
1519421654660,-10.259142,-2.254809,-1.2973529,3,walking
1519421654665,-10.431483,-2.321831,-1.2686293,3,walking
1519421654670,-10.776168,-2.3888528,-1.2111819,3,walking
1519421654675,-11.044255,-2.5228968,-1.14416,3,walking
1519421654680,-11.044255,-2.5228968,-1.14416,3,walking
1519421654686,-11.379365,-2.5324712,-1.0388398,3,walking
1519421654691,-11.570856,-2.5516202,-0.9718179,3,walking
1519421654696,-11.800646,-2.4558747,-0.90479594,3,walking
1519421654703,-11.905966,-2.3505547,-0.78032666,3,walking
1519421654708,-11.915541,-2.34098,-0.7420284,3,walking
1519421654713,-11.944264,-2.2739582,-0.7420284,3,walking
1519421654718,-11.9346895,-2.168638,-0.751603,3,walking
1519421654729,-11.82937,-1.9579976,-0.78032666,3,walking
1519421654734,-11.685751,-1.862252,-0.78990126,3,walking
1519421654739,-11.38894,-1.6611862,-0.83777404,3,walking
1519421654744,-11.254896,-1.5558661,-0.8664977,3,walking
1519421654751,-10.967659,-1.4409714,-0.9526688,3,walking
1519421654756,-10.82404,-1.3548003,-0.9718179,3,walking
1519421654763,-10.546378,-1.3165021,-1.0867126,3,walking
1519421654768,-10.441058,-1.2877784,-1.1920328,3,walking
1519421654777,-10.431483,-1.2111819,-1.8048047,3,walking
1519421654783,-10.776168,-1.1537346,-2.2069361,3,walking
1519421654788,-11.312344,-1.1824582,-2.561195,3,walking
1519421654795,-12.624058,-1.4218222,-2.8484318,3,walking
1519421654799,-13.198531,-1.6611862,-2.7814097,3,walking
1519421654808,-13.7730055,-2.4654493,-2.2643836,3,walking
1519421654814,-13.782579,-3.3367343,-1.7473572,3,walking
1519421654818,-13.753856,-3.7675896,-1.4984187,3,walking
1519421654823,-13.648536,-4.1601467,-1.3643749,3,walking
1519421654828,-13.083637,-4.6293,-1.0292653,3,walking
1519421654833,-12.719804,-4.648449,-1.0484143,3,walking
1519421654838,-12.375119,-4.5239797,-1.0675635,3,walking
1519421654851,-11.178299,-3.6239712,-1.4313968,3,walking
1519421654855,-10.565528,-2.972901,-1.8814012,3,walking
1519421654918,-12.805975,-1.3452257,-3.1452432,3,walking
1519421654924,-12.863422,-1.3930986,-3.0973704,3,walking
1519421654930,-12.882571,-1.4984187,-3.1069448,3,walking
1519421654935,-12.882571,-1.4984187,-3.1069448,3,walking
1519421654943,-12.509163,-1.5558661,-3.0016246,3,walking
1519421654947,-12.384694,-1.4888442,-2.9920502,3,walking
1519421654958,-11.819795,-1.2686293,-2.8963046,3,walking
1519421654963,-11.657027,-1.3356512,-2.8771553,3,walking
1519421654968,-11.580431,-1.4601204,-3.0494976,3,walking
1519421654973,-11.092129,-1.4888442,-2.9441774,3,walking
1519421654979,-10.881488,-1.5175679,-3.0016246,3,walking
1519421654984,-10.661273,-1.6324625,-3.1835413,3,walking
1519421654989,-10.239992,-1.7377827,-3.3558834,3,walking
1519421654994,-9.493176,-1.5941644,-3.212265,3,walking
1519421654999,-9.062322,-1.5462915,-2.972901,3,walking
1519421655004,-8.985725,-1.5175679,-2.7239625,3,walking
1519421655009,-8.9761505,-1.5654407,-2.647366,3,walking
1519421655013,-9.014449,-1.6324625,-2.5420458,3,walking
1519421655018,-8.957002,-1.5845897,-2.427151,3,walking
1519421655027,-8.5740185,-1.5750152,-2.1207652,3,walking
1519421655033,-8.506997,-1.6707608,-2.015445,3,walking
1519421655038,-8.411251,-1.8048047,-1.9771467,3,walking
1519421655048,-8.296356,-2.0441687,-2.0728924,3,walking
1519421655053,-8.286782,-2.0058703,-2.015445,3,walking
1519421655058,-8.181462,-1.9867213,-1.8909757,3,walking
1519421655067,-8.296356,-2.2069361,-2.0250196,3,walking
1519421655073,-8.152739,-2.321831,-1.9196993,3,walking
1519421655077,-8.1623125,-2.2931073,-1.8431029,3,walking
1519421655084,-8.23891,-2.2165108,-1.9196993,3,walking
1519421655088,-8.248484,-2.1973617,-1.9867213,3,walking
1519421655098,-8.229335,-2.2260852,-2.2452345,3,walking
1519421655103,-8.277207,-2.2260852,-2.2452345,3,walking
1519421655107,-8.34423,-2.1782124,-2.3505547,3,walking
1519421655113,-8.32508,-2.0537431,-2.408002,3,walking
1519421655118,-8.286782,-1.9771467,-2.4175766,3,walking
1519421655123,-8.191036,-1.9101248,-2.427151,3,walking
1519421655128,-8.124015,-1.8239537,-2.4367256,3,walking
1519421655134,-8.037844,-1.8048047,-2.3792782,3,walking
1519421655139,-7.9899707,-1.8431029,-2.34098,3,walking
1519421655144,-7.9803963,-1.9196993,-2.3888528,3,walking
1519421655149,-7.9803963,-1.9196993,-2.3888528,3,walking
1519421655154,-7.8367777,-2.015445,-2.3984275,3,walking
1519421655159,-7.7984796,-1.9771467,-2.3697038,3,walking
1519421655164,-7.7601814,-2.0058703,-2.3505547,3,walking
1519421655169,-7.7601814,-2.0058703,-2.3505547,3,walking
1519421655175,-7.7314577,-1.948423,-2.3505547,3,walking
1519421655180,-7.7601814,-1.9962958,-2.321831,3,walking
1519421655185,-7.702734,-1.948423,-2.3888528,3,walking
1519421655193,-7.664436,-1.9579976,-2.3122563,3,walking
1519421655199,-7.6835847,-1.948423,-2.360129,3,walking
1519421655203,-7.6452866,-1.8814012,-2.2739582,3,walking
1519421655209,-7.5974135,-1.8909757,-2.321831,3,walking
1519421655214,-7.5591154,-1.8718265,-2.254809,3,walking
1519421655219,-7.5399666,-1.862252,-2.254809,3,walking
1519421655224,-7.482519,-1.8718265,-2.2452345,3,walking
1519421655229,-7.482519,-1.8526775,-2.2739582,3,walking
1519421655234,-7.434646,-1.8909757,-2.2356598,3,walking
1519421655239,-7.434646,-1.8909757,-2.2356598,3,walking
1519421655244,-7.3006024,-1.8814012,-2.149489,3,walking
1519421655249,-7.195282,-1.8814012,-2.1399143,3,walking
1519421655254,-7.0803876,-1.8814012,-2.034594,3,walking
1519421655259,-7.003791,-1.9005502,-1.948423,3,walking
1519421655263,-6.8888965,-1.9005502,-1.862252,3,walking
1519421655268,-6.8793216,-1.9196993,-1.929274,3,walking
1519421655272,-6.850598,-1.8909757,-1.9771467,3,walking
1519421655278,-6.8601727,-1.8814012,-1.9675722,3,walking
1519421655283,-6.821874,-1.8909757,-2.015445,3,walking
1519421655288,-6.898471,-1.9005502,-2.0633178,3,walking
1519421655293,-7.02294,-1.929274,-2.1973617,3,walking
1519421655298,-7.1091113,-1.9101248,-2.254809,3,walking
1519421655303,-7.195282,-1.948423,-2.3697038,3,walking
1519421655308,-7.348475,-1.948423,-2.494173,3,walking
1519421655314,-7.5782647,-2.015445,-2.6377914,3,walking
1519421655319,-7.664436,-2.0537431,-2.6186423,3,walking
1519421655324,-7.875076,-2.187787,-2.666515,3,walking
1519421655329,-7.875076,-2.187787,-2.666515,3,walking
1519421655334,-8.085716,-2.2356598,-2.6856642,3,walking
1519421655339,-8.1623125,-2.3122563,-2.6569405,3,walking
1519421655344,-8.34423,-2.3888528,-2.6090677,3,walking
1519421655349,-8.497422,-2.3984275,-2.647366,3,walking
1519421655354,-8.602742,-2.3888528,-2.6186423,3,walking
1519421655360,-8.621892,-2.4558747,-2.580344,3,walking
1519421655365,-8.7750845,-2.3984275,-2.513322,3,walking
1519421655369,-8.736787,-2.4558747,-2.4463003,3,walking
1519421655373,-8.803808,-2.3697038,-2.3697038,3,walking
1519421655378,-8.851681,-2.3505547,-2.34098,3,walking
1519421655387,-8.832532,-2.2643836,-2.0537431,3,walking
1519421655392,-8.842107,-2.2069361,-1.929274,3,walking
1519421655397,-8.928278,-2.168638,-1.862252,3,walking
1519421655407,-8.9761505,-2.2165108,-1.5079932,3,walking
1519421655412,-8.995299,-2.2452345,-1.3643749,3,walking
1519421655418,-9.033598,-2.2835326,-1.2399056,3,walking
1519421655423,-9.196365,-2.3314054,-1.0771381,3,walking
1519421655428,-9.29211,-2.360129,-1.0579889,3,walking
1519421655433,-9.426155,-2.3792782,-0.9718179,3,walking
1519421655438,-10.077225,-2.2356598,-1.0101161,3,walking
1519421655443,-10.594251,-2.0537431,-1.1633091,3,walking
1519421655448,-11.28362,-1.862252,-1.4122477,3,walking
1519421655454,-12.767676,-1.6420372,-1.79523,3,walking
1519421655460,-13.399597,-1.709059,-2.0250196,3,walking
1519421655465,-13.878325,-1.8431029,-2.168638,3,walking
1519421655512,-9.713391,-2.867581,-0.91437054,3,walking
1519421655520,-9.110194,-2.647366,-0.76117754,3,walking
1519421655528,-8.736787,-2.2739582,-0.7228793,3,walking
1519421655534,-8.909128,-1.7856555,-0.77075213,3,walking
1519421655539,-8.909128,-1.7856555,-0.77075213,3,walking
1519421655544,-9.742115,-1.3356512,-0.8760723,3,walking
1519421655548,-10.287866,-1.2111819,-0.9622433,3,walking
1519421655552,-10.958084,-1.0771381,-1.0005416,3,walking
1519421655557,-11.59958,-1.0675635,-0.98139244,3,walking
1519421655564,-12.786825,-1.2207564,-0.91437054,3,walking
1519421655568,-13.34215,-1.4218222,-0.76117754,3,walking
1519421655573,-13.677259,-1.7282082,-0.8760723,3,walking
1519421655615,-13.093211,-1.2782038,-1.948423,3,walking
1519421655623,-12.834699,-1.0579889,-2.0824668,3,walking
1519421655631,-11.695326,-1.0962871,-2.0824668,3,walking
1519421655637,-11.408089,-0.98139244,-1.8718265,3,walking
1519421655644,-11.235746,-0.83777404,-1.6611862,3,walking
1519421655648,-11.025106,-0.70373017,-1.5079932,3,walking
1519421655652,-10.479357,-0.56011176,-1.2111819,3,walking
1519421655695,-8.171887,-1.6803354,-0.5888355,3,walking
1519421655703,-8.047418,-1.8335283,-0.8090504,3,walking
1519421655711,-7.4537954,-2.149489,-0.92394507,3,walking
1519421655716,-7.243155,-2.1973617,-0.9718179,3,walking
1519421655726,-7.0325146,-2.4367256,-1.2016073,3,walking
1519421655732,-6.9271946,-2.5228968,-1.2973529,3,walking
1519421655737,-6.9080453,-2.513322,-1.3260766,3,walking
1519421655742,-6.7357035,-2.5324712,-1.3739494,3,walking
1519421655747,-6.6878304,-2.580344,-1.3069274,3,walking
1519421655756,-6.630383,-2.714388,-1.3739494,3,walking
1519421655762,-6.544212,-2.9346027,-1.3548003,3,walking
1519421655767,-6.563361,-3.0494976,-1.3548003,3,walking
1519421655776,-6.745278,-3.193116,-1.3548003,3,walking
1519421655782,-6.8027253,-3.2984362,-1.2494801,3,walking
1519421655787,-6.850598,-3.2984362,-1.1824582,3,walking
1519421655796,-7.0325146,-3.4420545,-1.4122477,3,walking
1519421655802,-7.0803876,-3.518651,-1.3739494,3,walking
1519421655807,-7.1186857,-3.5378,-1.3452257,3,walking
1519421655817,-7.1091113,-3.3080106,-1.2782038,3,walking
1519421655822,-7.137835,-3.173967,-1.3452257,3,walking
1519421655827,-7.1665583,-3.0016246,-1.2973529,3,walking
1519421655833,-7.281453,-2.7718353,-1.1345854,3,walking
1519421655838,-7.310177,-2.6377914,-1.0484143,3,walking
1519421655842,-7.329326,-2.5324712,-0.9430942,3,walking
1519421655846,-7.35805,-2.4463003,-0.8952214,3,walking
1519421655852,-7.4729443,-2.3792782,-0.8760723,3,walking
1519421655857,-7.5303917,-2.408002,-0.92394507,3,walking
1519421655867,-7.7123084,-2.427151,-0.71330476,3,walking
1519421655872,-7.788905,-2.4558747,-0.71330476,3,walking
1519421655877,-7.855927,-2.427151,-0.6271337,3,walking
1519421655882,-7.9325233,-2.3984275,-0.6558574,3,walking
1519421655887,-8.037844,-2.34098,-0.61755913,3,walking
1519421655892,-8.11444,-2.2739582,-0.56968635,3,walking
1519421655897,-8.181462,-2.2069361,-0.63670826,3,walking
1519421655906,-8.439975,-1.9005502,-0.69415563,3,walking
1519421655911,-8.545295,-1.8431029,-0.7420284,3,walking
1519421655916,-8.66019,-1.709059,-0.8473486,3,walking
1519421655922,-8.880404,-1.6707608,-0.9430942,3,walking
1519421655927,-8.947427,-1.622888,-0.9430942,3,walking
1519421655936,-9.091045,-1.6037389,-0.91437054,3,walking
1519421655942,-9.225089,-1.6516117,-1.0292653,3,walking
1519421655946,-9.234664,-1.6899099,-1.0771381,3,walking
1519421655951,-9.263388,-1.6899099,-1.0579889,3,walking
1519421655956,-9.244238,-1.7856555,-1.0867126,3,walking
1519421655962,-9.263388,-1.9005502,-1.1728836,3,walking
1519421655967,-9.263388,-1.9101248,-1.1537346,3,walking
1519421655976,-9.253813,-1.929274,-1.0675635,3,walking
1519421655982,-9.29211,-1.929274,-1.1920328,3,walking
1519421655986,-9.330409,-1.8814012,-1.14416,3,walking
1519421655996,-9.397431,-1.8526775,-0.9622433,3,walking
1519421656001,-9.5219,-1.8143792,-0.91437054,3,walking
1519421656006,-9.64637,-1.8048047,-0.8760723,3,walking
1519421656012,-9.98148,-1.929274,-0.91437054,3,walking
1519421656018,-10.220843,-1.9101248,-0.8856468,3,walking
1519421656023,-10.393186,-2.0441687,-0.9622433,3,walking
1519421656027,-10.632549,-2.1207652,-0.93351966,3,walking
1519421656032,-11.149575,-2.2835326,-1.0196906,3,walking
1519421656036,-11.350641,-2.3505547,-1.0579889,3,walking
1519421656042,-11.714475,-2.4558747,-1.1250108,3,walking
1519421656047,-11.819795,-2.4463003,-1.2207564,3,walking
1519421656052,-11.896391,-2.408002,-1.2399056,3,walking
1519421656057,-11.915541,-2.3505547,-1.3643749,3,walking
1519421656066,-11.781497,-2.1590633,-1.5271424,3,walking
1519421656071,-11.609155,-2.0537431,-1.5271424,3,walking
1519421656076,-11.503835,-1.948423,-1.5271424,3,walking
1519421656082,-11.302769,-1.7569319,-1.6994845,3,walking
1519421656087,-11.168725,-1.7377827,-1.6324625,3,walking
1519421656091,-10.94851,-1.7473572,-1.6803354,3,walking
1519421656096,-10.843189,-1.6803354,-1.6994845,3,walking
1519421656102,-10.441058,-1.5750152,-1.6994845,3,walking
1519421656107,-10.287866,-1.5367169,-1.8048047,3,walking
1519421656116,-10.230418,-1.2782038,-2.034594,3,walking
1519421656121,-10.891063,-0.93351966,-2.647366,3,walking
1519421656127,-11.465536,-0.8473486,-2.9346027,3,walking
1519421656132,-12.624058,-1.14416,-3.059072,3,walking
1519421656139,-13.045339,-1.4792696,-3.0494976,3,walking
1519421656145,-13.294277,-2.3314054,-2.427151,3,walking
1519421656150,-13.265553,-3.3271596,-1.8239537,3,walking
1519421656156,-13.150659,-3.8346114,-1.5462915,3,walking
1519421656191,-9.96233,-4.303765,-0.7994758,3,walking
1519421656198,-9.636795,-3.6622694,-1.2207564,3,walking
1519421656214,-9.904882,-2.2931073,-1.9196993,3,walking
1519421656220,-10.182545,-1.9005502,-2.0824668,3,walking
1519421656225,-10.40276,-1.622888,-2.1207652,3,walking
1519421656260,-12.882571,-1.3452257,-1.8143792,3,walking
1519421656268,-13.246405,-1.3069274,-1.9579976,3,walking
1519421656276,-13.437896,-1.2686293,-2.101616,3,walking
1519421656283,-13.562365,-1.2111819,-2.2165108,3,walking
1519421656288,-13.600663,-1.14416,-2.34098,3,walking
1519421656293,-13.591088,-0.83777404,-2.3984275,3,walking
1519421656297,-13.591088,-0.83777404,-2.3984275,3,walking
1519421656301,-13.399597,-0.8473486,-2.666515,3,walking
1519421656306,-13.208106,-0.8952214,-2.9633265,3,walking
1519421656315,-12.882571,-0.4835153,-2.8292825,3,walking
1519421656321,-12.35597,-0.043085523,-2.4367256,3,walking
1519421656325,-12.154904,0.00478728,-2.3697038,3,walking
1519421656331,-11.848518,0.03351096,-2.2069361,3,walking
1519421656336,-11.59958,0.043085523,-2.1973617,3,walking
1519421656340,-11.360216,-0.023936402,-2.0441687,3,walking
1519421656346,-11.187874,-0.12925656,-1.9962958,3,walking
1519421656351,-10.938935,-0.4835153,-2.1303396,3,walking
1519421656357,-10.728295,-0.71330476,-2.1303396,3,walking
1519421656362,-10.536804,-0.7994758,-2.0920415,3,walking
1519421656367,-10.307014,-0.8186249,-2.015445,3,walking
1519421656372,-9.7899885,-0.6558574,-1.7377827,3,walking
1519421656377,-9.550624,-0.45479164,-1.5271424,3,walking
1519421656383,-9.550624,-0.2441513,-1.3548003,3,walking
1519421656388,-9.502751,-0.33032233,-1.5558661,3,walking
1519421656393,-9.062322,-0.4356425,-1.4984187,3,walking
1519421656398,-9.062322,-0.4356425,-1.4984187,3,walking
1519421656403,-8.918703,-0.34947145,-1.4984187,3,walking
1519421656408,-8.899554,-0.359046,-1.6707608,3,walking
1519421656414,-8.813383,-0.50266445,-2.1399143,3,walking
1519421656418,-8.7750845,-0.6271337,-2.3697038,3,walking
1519421656424,-8.6697645,-0.70373017,-2.4463003,3,walking
1519421656428,-8.708063,-0.8281995,-2.7048132,3,walking
1519421656434,-8.7750845,-0.8090504,-2.867581,3,walking
1519421656441,-8.755936,-1.0388398,-3.0877957,3,walking
1519421656447,-8.813383,-1.1154363,-3.2218397,3,walking
1519421656451,-8.803808,-1.1633091,-3.2888615,3,walking
1519421656457,-8.755936,-1.2303311,-3.2984362,3,walking
1519421656461,-8.717637,-1.2877784,-3.2697124,3,walking
1519421656467,-8.746361,-1.3356512,-3.3367343,3,walking
1519421656472,-8.5740185,-1.6516117,-3.451629,3,walking
1519421656477,-8.5740185,-1.6516117,-3.451629,3,walking
1519421656482,-8.478273,-1.9675722,-3.5378,3,walking
1519421656487,-8.34423,-2.0633178,-3.5090764,3,walking
1519421656492,-8.11444,-2.1782124,-3.4612036,3,walking
1519421656497,-8.018694,-2.2356598,-3.4707782,3,walking
1519421656502,-7.8846507,-2.2165108,-3.4133308,3,walking
1519421656507,-7.721883,-2.1782124,-3.2984362,3,walking
1519421656513,-7.635712,-2.101616,-3.2697124,3,walking
1519421656517,-7.549541,-2.0058703,-3.2218397,3,walking
1519421656523,-7.434646,-1.9388485,-3.173967,3,walking
1519421656528,-7.3006024,-1.7569319,-3.020774,3,walking
1519421656533,-7.2144313,-1.6516117,-3.0111992,3,walking
1519421656538,-7.12826,-1.5750152,-2.8388572,3,walking
1519421656543,-6.9942164,-1.4505459,-2.714388,3,walking
1519421656548,-6.8601727,-1.4505459,-2.6186423,3,walking
1519421656554,-6.8027253,-1.4888442,-2.5516202,3,walking
1519421656558,-6.7261286,-1.4888442,-2.4558747,3,walking
1519421656564,-6.630383,-1.5079932,-2.3505547,3,walking
1519421656574,-6.3622956,-1.3930986,-1.9579976,3,walking
1519421656580,-6.1899533,-1.4601204,-1.8143792,3,walking
1519421656586,-6.094208,-1.5175679,-1.709059,3,walking
1519421656591,-6.0463347,-1.5941644,-1.709059,3,walking
1519421656596,-5.960164,-1.6516117,-1.6037389,3,walking
1519421656601,-5.835695,-1.6611862,-1.5175679,3,walking
1519421656606,-5.7686725,-1.6516117,-1.469695,3,walking
1519421656611,-5.7112255,-1.5654407,-1.4218222,3,walking
1519421656617,-5.653778,-1.5271424,-1.4888442,3,walking
1519421656621,-5.605905,-1.4218222,-1.5175679,3,walking
1519421656627,-5.6250544,-1.4122477,-1.4792696,3,walking
1519421656631,-5.6633525,-1.4313968,-1.4984187,3,walking
1519421656637,-5.6633525,-1.4313968,-1.4984187,3,walking
1519421656642,-5.739949,-1.4792696,-1.469695,3,walking
1519421656647,-5.739949,-1.5175679,-1.469695,3,walking
1519421656652,-5.8644185,-1.6133134,-1.469695,3,walking
1519421656657,-5.9218655,-1.6611862,-1.4409714,3,walking
1519421656663,-6.132506,-1.7473572,-1.3452257,3,walking
1519421656667,-6.218677,-1.7186337,-1.3069274,3,walking
1519421656673,-6.3527207,-1.6803354,-1.2590547,3,walking
1519421656677,-6.4484663,-1.6324625,-1.2303311,3,walking
1519421656682,-6.850598,-1.6133134,-1.2303311,3,walking
1519421656687,-6.850598,-1.6133134,-1.2303311,3,walking
1519421656692,-7.243155,-1.6133134,-1.2686293,3,walking
1519421656696,-7.4154973,-1.6133134,-1.2399056,3,walking
1519421656701,-7.5399666,-1.6324625,-1.2399056,3,walking
1519421656706,-7.702734,-1.6611862,-1.2686293,3,walking
1519421656711,-7.922949,-1.6899099,-1.2973529,3,walking
1519421656716,-8.037844,-1.7377827,-1.2590547,3,walking
1519421656721,-8.277207,-1.79523,-1.1920328,3,walking
1519421656726,-8.277207,-1.79523,-1.1920328,3,walking
1519421656733,-8.621892,-2.034594,-1.1058618,3,walking
1519421656738,-8.736787,-2.1399143,-1.0292653,3,walking
1519421656743,-8.842107,-2.2356598,-0.9526688,3,walking
1519421656747,-8.937852,-2.3697038,-0.8856468,3,walking
1519421656752,-9.033598,-2.4654493,-0.7994758,3,walking
1519421656756,-9.158067,-2.5994933,-0.71330476,3,walking
1519421656760,-9.320834,-2.8388572,-0.5792609,3,walking
1519421656765,-9.464453,-2.9441774,-0.512239,3,walking
1519421656770,-9.5889225,-3.0111992,-0.3877697,3,walking
1519421656775,-9.780414,-3.078221,-0.3398969,3,walking
1519421656781,-10.172971,-3.1548176,-0.23457673,3,walking
1519421656785,-10.374036,-3.0973704,-0.22500217,3,walking
1519421656789,-10.594251,-3.0016246,-0.23457673,3,walking
1519421656795,-10.958084,-2.7431116,-0.22500217,3,walking
1519421656800,-12.174053,-1.8431029,-0.47394073,3,walking
1519421656805,-12.997466,-1.4505459,-0.69415563,3,walking
1519421656816,-14.807057,-0.90479594,-1.5271424,3,walking
1519421656821,-16.137922,-0.78032666,-2.360129,3,walking
1519421656826,-16.415585,-0.93351966,-2.6760898,3,walking
1519421656831,-16.233667,-1.3930986,-2.8388572,3,walking
1519421656885,-9.866585,-3.020774,-0.5505372,3,walking
1519421656890,-9.703817,-3.3367343,-0.85692316,3,walking
1519421656904,-11.26447,-3.4133308,-1.8718265,3,walking
1519421656910,-13.074062,-3.499502,-2.5037475,3,walking
1519421656915,-13.677259,-3.5856729,-2.5420458,3,walking
1519421656924,-14.481523,-4.169721,-2.6569405,3,walking
1519421656930,-14.701737,-4.2654667,-2.6569405,3,walking
1519421656935,-14.931527,-4.2941904,-2.666515,3,walking
1519421656940,-15.036847,-4.2463174,-2.7909844,3,walking
1519421656945,-14.9794,-4.1122737,-2.9154537,3,walking
1519421656950,-14.845356,-3.930357,-3.0016246,3,walking
1519421656954,-14.586843,-3.7292912,-3.0686467,3,walking
1519421656960,-14.050668,-3.193116,-3.2026904,3,walking
1519421656965,-13.7730055,-2.88673,-3.2026904,3,walking
1519421656969,-13.504917,-2.580344,-3.2026904,3,walking
1519421656975,-13.169807,-2.2739582,-3.1356685,3,walking
1519421656981,-12.442142,-1.7186337,-2.8963046,3,walking
1519421656986,-11.972988,-1.622888,-2.7431116,3,walking
1519421656990,-11.570856,-1.5654407,-2.647366,3,walking
1519421656995,-11.254896,-1.5367169,-2.5037475,3,walking
1519421657000,-10.670848,-1.2877784,-2.1399143,3,walking
1519421657007,-10.421909,-1.0675635,-1.9675722,3,walking
1519421657012,-9.818711,-0.70373017,-1.7569319,3,walking
1519421657016,-9.464453,-0.6558574,-1.6611862,3,walking
1519421657020,-9.244238,-0.6750065,-1.6133134,3,walking
1519421657025,-8.966576,-0.7228793,-1.5654407,3,walking
1519421657030,-8.526146,-0.85692316,-1.469695,3,walking
1519421657035,-8.353804,-0.8760723,-1.4984187,3,walking
1519421657039,-8.124015,-0.9622433,-1.5175679,3,walking
1519421657044,-7.8655014,-1.0484143,-1.5941644,3,walking
1519421657050,-7.664436,-1.14416,-1.6994845,3,walking
1519421657055,-7.2527294,-1.3260766,-1.8239537,3,walking
1519421657059,-7.1091113,-1.4218222,-1.862252,3,walking
1519421657064,-6.9559183,-1.469695,-1.948423,3,walking
1519421657070,-6.716554,-1.5558661,-2.0824668,3,walking
1519421657075,-6.639958,-1.5175679,-2.2452345,3,walking
1519421657084,-6.47719,-1.4505459,-2.34098,3,walking
1519421657090,-6.285699,-1.4505459,-2.475024,3,walking
1519421657095,-6.2474008,-1.4792696,-2.5707695,3,walking
1519421657100,-6.1229315,-1.7282082,-2.561195,3,walking
1519421657105,-6.1229315,-1.9005502,-2.580344,3,walking
1519421657110,-6.094208,-2.0920415,-2.6090677,3,walking
1519421657115,-6.113357,-2.2835326,-2.5994933,3,walking
1519421657120,-6.1612296,-2.6760898,-2.4463003,3,walking
1519421657125,-6.2091026,-2.819708,-2.3984275,3,walking
1519421657130,-6.2378263,-2.88673,-2.3505547,3,walking
1519421657136,-6.333572,-2.9920502,-2.321831,3,walking
1519421657140,-6.486765,-3.0877957,-2.2069361,3,walking
1519421657146,-6.544212,-3.059072,-2.149489,3,walking
1519421657151,-6.697405,-3.0494976,-2.1973617,3,walking
1519421657156,-6.697405,-3.0494976,-2.1973617,3,walking
1519421657161,-6.8122997,-2.9537518,-2.1111906,3,walking
1519421657166,-6.7931504,-2.88673,-2.101616,3,walking
1519421657171,-6.8122997,-2.6377914,-2.1111906,3,walking
1519421657176,-6.8122997,-2.6377914,-2.1111906,3,walking
1519421657181,-6.783576,-2.408002,-2.1303396,3,walking
1519421657186,-6.8601727,-2.2739582,-2.101616,3,walking
1519421657190,-6.936769,-2.0920415,-1.9867213,3,walking
1519421657195,-6.984642,-2.0441687,-1.9867213,3,walking
1519421657204,-6.9942164,-1.9196993,-1.9962958,3,walking
1519421657210,-7.1186857,-1.929274,-1.9579976,3,walking
1519421657215,-7.1857076,-1.9962958,-1.8814012,3,walking
1519421657219,-7.1857076,-1.9962958,-1.8814012,3,walking
1519421657224,-7.2623043,-1.9771467,-1.5941644,3,walking
1519421657230,-7.329326,-1.9867213,-1.5558661,3,walking
1519421657235,-7.5399666,-1.9388485,-1.4122477,3,walking
1519421657244,-7.635712,-2.034594,-1.3548003,3,walking
1519421657250,-7.6740103,-2.0728924,-1.2399056,3,walking
1519421657255,-7.693159,-2.0728924,-1.2016073,3,walking
1519421657260,-7.7123084,-2.0920415,-1.1345854,3,walking
1519421657265,-7.7314577,-2.1207652,-1.0579889,3,walking
1519421657270,-7.875076,-2.149489,-1.0579889,3,walking
1519421657275,-7.9325233,-2.1590633,-1.0005416,3,walking
1519421657280,-8.076141,-2.1973617,-0.99096704,3,walking
1519421657285,-8.11444,-2.1782124,-0.99096704,3,walking
1519421657290,-8.133589,-2.187787,-1.0101161,3,walking
1519421657296,-8.23891,-2.2260852,-1.0579889,3,walking
1519421657300,-8.363379,-2.2260852,-1.0101161,3,walking
1519421657306,-8.44955,-2.3026817,-1.0867126,3,walking
1519421657311,-8.727212,-2.3505547,-1.1154363,3,walking
1519421657316,-8.909128,-2.3984275,-1.1345854,3,walking
1519421657321,-9.0814705,-2.34098,-1.1058618,3,walking
1519421657326,-9.177217,-2.2835326,-1.0867126,3,walking
1519421657331,-9.569773,-2.2931073,-1.2111819,3,walking
1519421657336,-9.75169,-2.2931073,-1.1824582,3,walking
1519421657342,-10.115523,-2.321831,-1.2590547,3,walking
1519421657347,-10.278291,-2.321831,-1.14416,3,walking
1519421657352,-10.450633,-2.3122563,-1.1728836,3,walking
1519421657357,-10.6134,-2.34098,-1.14416,3,walking
1519421657362,-10.891063,-2.4463003,-1.1920328,3,walking
1519421657367,-11.072979,-2.4558747,-1.2111819,3,walking
1519421657372,-11.168725,-2.4558747,-1.2016073,3,walking
1519421657377,-11.274045,-2.4367256,-1.2016073,3,walking
1519421657381,-11.408089,-2.427151,-1.2016073,3,walking
1519421657387,-11.647452,-2.4558747,-1.2686293,3,walking
1519421657392,-11.72405,-2.4463003,-1.2303311,3,walking
1519421657396,-11.819795,-2.4175766,-1.1058618,3,walking
1519421657401,-11.992137,-2.4558747,-1.0484143,3,walking
1519421657405,-11.992137,-2.4558747,-1.0484143,3,walking
1519421657410,-11.992137,-2.4558747,-1.0484143,3,walking
1519421657414,-12.135756,-2.427151,-0.8664977,3,walking
1519421657424,-12.183628,-2.2739582,-0.7994758,3,walking
1519421657430,-12.145329,-2.1207652,-0.6750065,3,walking
1519421657435,-12.087883,-2.034594,-0.63670826,3,walking
1519421657439,-12.011286,-1.9867213,-0.61755913,3,walking
1519421657444,-11.972988,-1.79523,-0.69415563,3,walking
1519421657450,-11.944264,-1.6420372,-0.7324539,3,walking
1519421657454,-11.838944,-1.5462915,-0.8186249,3,walking
1519421657460,-11.714475,-1.4409714,-0.83777404,3,walking
1519421657464,-11.513409,-1.1824582,-1.0196906,3,walking
1519421657469,-11.503835,-1.1058618,-1.1154363,3,walking
1519421657475,-11.513409,-0.99096704,-1.3739494,3,walking
1519421657479,-11.72405,-0.8281995,-1.6611862,3,walking
1519421657485,-12.786825,-0.665432,-2.3314054,3,walking
1519421657490,-13.428321,-0.7228793,-2.5324712,3,walking
1519421657497,-14.347479,-1.2877784,-2.4558747,3,walking
1519421657501,-14.577269,-1.7377827,-2.2260852,3,walking
1519421657506,-14.653865,-2.2069361,-1.929274,3,walking
1519421657549,-10.900637,-2.666515,-1.0962871,3,walking
1519421657558,-10.153821,-2.015445,-1.1633091,3,walking
1519421657570,-9.560199,-0.9718179,-1.2877784,3,walking
1519421657576,-9.54105,-0.6079846,-1.383524,3,walking
1519421657580,-9.876159,0.09095833,-1.5845897,3,walking
1519421657584,-9.876159,0.09095833,-1.5845897,3,walking
1519421657589,-10.335738,0.5792609,-1.6516117,3,walking
1519421657620,-11.992137,0.30159867,-2.2260852,3,walking
1519421657628,-12.164479,-0.043085523,-2.4654493,3,walking
1519421657637,-12.288948,-0.47394073,-2.88673,3,walking
1519421657644,-12.394268,-0.8473486,-3.1165195,3,walking
1519421657648,-12.394268,-0.8856468,-3.1643922,3,walking
1519421657654,-12.317672,-0.8760723,-3.212265,3,walking
1519421657659,-12.068733,-0.7324539,-3.2792869,3,walking
1519421657664,-11.915541,-0.71330476,-3.3750327,3,walking
1519421657673,-11.781497,-0.7228793,-3.3941817,3,walking
1519421657679,-11.752773,-0.7228793,-3.2984362,3,walking
1519421657684,-11.752773,-0.9430942,-3.2792869,3,walking
1519421657689,-11.819795,-1.1728836,-3.384607,3,walking
1519421657695,-11.838944,-1.3739494,-3.3080106,3,walking
1519421657699,-11.781497,-1.6420372,-2.9633265,3,walking
1519421657705,-11.618729,-1.7186337,-2.905879,3,walking
1519421657709,-11.044255,-2.2356598,-2.8388572,3,walking
1519421657714,-10.575102,-2.2931073,-2.6952388,3,walking
1519421657719,-10.316589,-2.2165108,-2.2643836,3,walking
1519421657724,-10.287866,-2.1207652,-1.79523,3,walking
1519421657729,-10.412334,-1.9962958,-1.5367169,3,walking
1519421657734,-10.393186,-1.776081,-1.6420372,3,walking
1519421657744,-9.742115,-1.1058618,-1.4505459,3,walking
1519421657749,-9.435729,-0.8186249,-1.383524,3,walking
1519421657755,-9.043172,-0.16755481,-1.3260766,3,walking
1519421657759,-8.889979,0.023936402,-1.3069274,3,walking
1519421657765,-8.842107,0.10053288,-1.2973529,3,walking
1519421657769,-8.928278,0.03351096,-1.7377827,3,walking
1519421657775,-8.621892,-0.05266008,-1.862252,3,walking
1519421657780,-8.459125,0.05266008,-1.622888,3,walking
1519421657785,-8.4686985,0.17712937,-1.5079932,3,walking
1519421657790,-8.487848,0.14840569,-1.5367169,3,walking
1519421657795,-8.650616,-0.15798025,-1.7186337,3,walking
1519421657800,-8.765511,-0.39734426,-1.862252,3,walking
1519421657805,-8.861256,-0.69415563,-2.0058703,3,walking
1519421657809,-8.842107,-0.91437054,-2.0250196,3,walking
1519421657814,-8.889979,-1.1154363,-2.0824668,3,walking
1519421657819,-8.928278,-1.2303311,-2.1207652,3,walking
1519421657824,-8.9761505,-1.4122477,-2.1973617,3,walking
1519421657828,-9.043172,-1.6037389,-2.2165108,3,walking
1519421657834,-9.148493,-1.7377827,-2.2643836,3,walking
1519421657839,-9.272962,-1.8431029,-2.1590633,3,walking
1519421657844,-9.244238,-1.79523,-2.168638,3,walking
1519421657849,-9.225089,-1.7473572,-2.1973617,3,walking
1519421657854,-9.177217,-1.7473572,-2.2069361,3,walking
1519421657859,-9.091045,-1.6707608,-2.168638,3,walking
1519421657864,-9.100619,-1.622888,-2.187787,3,walking
1519421657869,-9.004874,-1.6037389,-2.187787,3,walking
1519421657874,-8.918703,-1.5845897,-2.168638,3,walking
1519421657879,-8.746361,-1.5367169,-2.254809,3,walking
1519421657883,-8.708063,-1.4505459,-2.2356598,3,walking
1519421657889,-8.583593,-1.3930986,-2.2739582,3,walking
1519421657894,-8.32508,-1.383524,-2.3505547,3,walking
1519421657898,-8.200611,-1.3739494,-2.2835326,3,walking
1519421657904,-8.104865,-1.3739494,-2.3122563,3,walking
1519421657909,-7.855927,-1.4601204,-2.2356598,3,walking
1519421657914,-7.769756,-1.4601204,-2.2260852,3,walking
1519421657918,-7.587839,-1.5462915,-2.1111906,3,walking
1519421657923,-7.5208173,-1.5367169,-2.034594,3,walking
1519421657928,-7.3676243,-1.5079932,-1.929274,3,walking
1519421657933,-7.003791,-1.3739494,-1.7473572,3,walking
1519421657939,-6.869747,-1.2877784,-1.6611862,3,walking
1519421657943,-6.7261286,-1.2016073,-1.5845897,3,walking
1519421657949,-6.544212,-1.14416,-1.3930986,3,walking
1519421657953,-6.458041,-1.2016073,-1.3069274,3,walking
1519421657958,-6.525063,-1.2303311,-1.3452257,3,walking
1519421657963,-6.544212,-1.2494801,-1.3548003,3,walking
1519421657969,-6.6208086,-1.2590547,-1.3069274,3,walking
1519421657974,-6.6878304,-1.2590547,-1.3165021,3,walking
1519421657979,-6.764427,-1.2399056,-1.3260766,3,walking
1519421657983,-6.831449,-1.2494801,-1.2686293,3,walking
1519421657988,-6.936769,-1.2686293,-1.2782038,3,walking
1519421657994,-7.0133657,-1.3165021,-1.3548003,3,walking
1519421657999,-7.1186857,-1.383524,-1.3260766,3,walking
1519421658004,-7.2910275,-1.4313968,-1.3930986,3,walking
1519421658009,-7.3197513,-1.4888442,-1.3643749,3,walking
1519421658014,-7.3867736,-1.4792696,-1.3739494,3,walking
1519421658019,-7.3771987,-1.5750152,-1.3260766,3,walking
1519421658024,-7.348475,-1.6803354,-1.2399056,3,walking
1519421658028,-7.3771987,-1.7186337,-1.2016073,3,walking
1519421658033,-7.4729443,-1.7282082,-1.1633091,3,walking
1519421658038,-7.4154973,-1.8048047,-1.14416,3,walking
1519421658044,-7.4920936,-1.8526775,-1.1154363,3,walking
1519421658048,-7.5303917,-1.8718265,-1.0579889,3,walking
1519421658053,-7.5303917,-1.8718265,-1.0579889,3,walking
1519421658059,-7.587839,-1.8526775,-1.0675635,3,walking
1519421658064,-7.664436,-1.8526775,-1.1250108,3,walking
1519421658069,-7.721883,-1.8814012,-1.1345854,3,walking
1519421658074,-7.875076,-1.8335283,-1.1537346,3,walking
1519421658078,-7.9325233,-1.8431029,-1.1633091,3,walking
1519421658083,-7.9899707,-1.8431029,-1.1920328,3,walking
1519421658088,-8.028269,-1.8431029,-1.1633091,3,walking
1519421658094,-8.124015,-1.9101248,-1.1537346,3,walking
1519421658098,-8.171887,-1.929274,-1.14416,3,walking
1519421658104,-8.229335,-1.9962958,-1.1154363,3,walking
1519421658109,-8.401677,-2.034594,-0.98139244,3,walking
1519421658114,-8.535721,-2.1303396,-0.92394507,3,walking
1519421658119,-8.688913,-2.2739582,-0.8473486,3,walking
1519421658124,-8.688913,-2.2739582,-0.8473486,3,walking
1519421658129,-8.842107,-2.4463003,-0.63670826,3,walking
1519421658134,-8.995299,-2.6569405,-0.5313881,3,walking
1519421658140,-9.0814705,-2.7622607,-0.44521707,3,walking
1519421658145,-9.20594,-2.8101335,-0.4356425,3,walking
1519421658149,-9.378282,-2.8388572,-0.3877697,3,walking
1519421658155,-9.943181,-2.8292825,-0.5505372,3,walking
1519421658160,-10.421909,-2.7239625,-0.63670826,3,walking
1519421658165,-11.034681,-2.580344,-0.8090504,3,walking
1519421658170,-12.614484,-2.2260852,-1.3643749,3,walking
1519421658177,-13.964497,-2.0250196,-1.9771467,3,walking
1519421658183,-14.299606,-2.034594,-2.168638,3,walking
1519421658189,-14.223009,-2.149489,-2.2931073,3,walking
1519421658194,-14.223009,-2.149489,-2.2931073,3,walking
1519421658199,-13.504917,-2.254809,-2.1782124,3,walking
1519421658204,-13.208106,-2.254809,-2.1303396,3,walking
1519421658229,-10.19212,-2.9537518,-1.3356512,3,walking
1519421658235,-9.75169,-3.078221,-1.2399056,3,walking
1519421658239,-9.2825365,-3.1452432,-1.0484143,3,walking
1519421658266,-9.474028,-2.7622607,-0.9718179,3,walking
1519421658271,-10.757019,-2.4845984,-1.1345854,3,walking
1519421658276,-11.379365,-2.4463003,-1.1633091,3,walking
1519421658298,-14.021944,-2.733537,-1.5175679,3,walking
1519421658304,-14.021944,-2.733537,-1.5175679,3,walking
1519421658338,-12.624058,-1.7569319,-2.6282167,3,walking
1519421658346,-12.35597,-1.5750152,-2.7622607,3,walking
1519421658354,-11.800646,-1.2494801,-2.752686,3,walking
1519421658362,-10.555953,-1.1154363,-2.0633178,3,walking
1519421658366,-10.230418,-1.1058618,-1.8239537,3,walking
1519421658371,-9.866585,-1.1345854,-1.5462915,3,walking
1519421658412,-7.721883,-2.101616,-0.9718179,3,walking
1519421658420,-7.511243,-2.254809,-1.0292653,3,walking
1519421658427,-7.156984,-2.494173,-1.0292653,3,walking
1519421658434,-7.1186857,-2.6090677,-1.1250108,3,walking
1519421658441,-7.051664,-2.7239625,-1.2207564,3,walking
1519421658445,-7.0708127,-2.8484318,-1.3069274,3,walking
1519421658450,-7.042089,-2.8963046,-1.383524,3,walking
1519421658454,-6.975067,-3.020774,-1.4409714,3,walking
1519421658459,-6.9271946,-3.126094,-1.469695,3,walking
1519421658463,-6.9176197,-3.1356685,-1.4984187,3,walking
1519421658468,-6.9271946,-3.126094,-1.4888442,3,walking
1519421658472,-6.9271946,-3.126094,-1.4601204,3,walking
1519421658478,-6.9559183,-3.059072,-1.4409714,3,walking
1519421658482,-6.9463434,-3.039923,-1.4122477,3,walking
1519421658487,-6.8888965,-2.9920502,-1.4601204,3,walking
1519421658493,-6.898471,-2.972901,-1.3739494,3,walking
1519421658497,-6.898471,-2.972901,-1.2782038,3,walking
1519421658502,-6.936769,-3.0973704,-1.1920328,3,walking
1519421658507,-6.936769,-3.0973704,-1.1920328,3,walking
1519421658513,-7.089962,-3.2888615,-1.1345854,3,walking
1519421658517,-7.176133,-3.3941817,-1.1058618,3,walking
1519421658523,-7.310177,-3.4037561,-1.1250108,3,walking
1519421658528,-7.3197513,-3.4612036,-1.0771381,3,walking
1519421658534,-7.3867736,-3.4420545,-1.0388398,3,walking
1519421658538,-7.3867736,-3.4420545,-1.0388398,3,walking
1519421658542,-7.721883,-3.365458,-0.9622433,3,walking
1519421658548,-7.8846507,-3.2888615,-0.9718179,3,walking
1519421658552,-7.9899707,-3.212265,-0.98139244,3,walking
1519421658557,-8.143164,-3.1548176,-0.9718179,3,walking
1519421658563,-8.305931,-2.9633265,-0.92394507,3,walking
1519421658568,-8.372953,-2.7718353,-0.8664977,3,walking
1519421658573,-8.372953,-2.7718353,-0.8664977,3,walking
1519421658577,-8.5740185,-2.561195,-0.8664977,3,walking
1519421658583,-8.621892,-2.475024,-0.7994758,3,walking
1519421658588,-8.688913,-2.3984275,-0.76117754,3,walking
1519421658593,-8.727212,-2.1207652,-0.56968635,3,walking
1519421658598,-8.7750845,-2.0537431,-0.54096264,3,walking
1519421658603,-8.842107,-1.9675722,-0.54096264,3,walking
1519421658608,-8.928278,-1.8814012,-0.50266445,3,walking
1519421658613,-9.091045,-1.8048047,-0.44521707,3,walking
1519421658618,-9.119769,-1.7569319,-0.359046,3,walking
1519421658623,-9.18679,-1.6994845,-0.26330042,3,walking
1519421658628,-9.253813,-1.6420372,-0.14840569,3,walking
1519421658633,-9.320834,-1.6516117,-0.14840569,3,walking
1519421658638,-9.397431,-1.6803354,-0.09095833,3,walking
1519421658643,-9.397431,-1.6803354,-0.09095833,3,walking
1519421658648,-9.41658,-1.6994845,-0.14840569,3,walking
1519421658653,-9.454879,-1.6611862,-0.14840569,3,walking
1519421658658,-9.474028,-1.5654407,-0.26330042,3,walking
1519421658662,-9.474028,-1.5654407,-0.26330042,3,walking
1519421658667,-9.550624,-1.5175679,-0.45479164,3,walking
1519421658673,-9.62722,-1.469695,-0.5218136,3,walking
1519421658678,-9.665519,-1.4984187,-0.6845811,3,walking
1519421658683,-9.7899885,-1.3452257,-0.7994758,3,walking
1519421658693,-9.8953085,-1.3356512,-0.8664977,3,walking
1519421658697,-9.8953085,-1.3452257,-1.0005416,3,walking
1519421658702,-10.105948,-1.3739494,-1.0675635,3,walking
1519421658708,-10.2016945,-1.4122477,-1.0771381,3,walking
1519421658713,-10.259142,-1.4313968,-1.0388398,3,walking
1519421658717,-10.316589,-1.4888442,-1.0484143,3,walking
1519421658722,-10.584677,-1.6899099,-1.1728836,3,walking
1519421658727,-10.661273,-1.7377827,-1.1345854,3,walking
1519421658733,-10.82404,-1.9005502,-1.1345854,3,walking
1519421658737,-11.05383,-2.187787,-1.2303311,3,walking
1519421658743,-11.197449,-2.3505547,-1.1920328,3,walking
1519421658749,-11.36979,-2.494173,-1.1537346,3,walking
1519421658760,-11.417664,-2.5899186,-1.0484143,3,walking
1519421658765,-11.417664,-2.5994933,-1.0484143,3,walking
1519421658771,-11.350641,-2.3697038,-1.0388398,3,walking
1519421658776,-11.235746,-2.2452345,-1.0579889,3,walking
1519421658781,-11.130426,-2.0824668,-1.0005416,3,walking
1519421658786,-11.025106,-1.929274,-1.0675635,3,walking
1519421658791,-10.881488,-1.6611862,-1.2016073,3,walking
1519421658796,-10.814466,-1.5367169,-1.3069274,3,walking
1519421658801,-10.689997,-1.4792696,-1.2973529,3,walking
1519421658806,-10.431483,-1.2782038,-1.4601204,3,walking
1519421658811,-10.354887,-1.2207564,-1.5271424,3,walking
1519421658816,-10.259142,-1.2016073,-1.5271424,3,walking
1519421658822,-10.134672,-1.1728836,-1.5367169,3,walking
1519421658827,-9.837861,-1.1154363,-1.6516117,3,walking
1519421658833,-9.703817,-1.1345854,-1.7186337,3,walking
1519421658837,-9.550624,-1.1058618,-1.7665064,3,walking
1519421658843,-9.531475,-1.1537346,-1.7569319,3,walking
1519421658848,-9.732541,-1.1154363,-2.1399143,3,walking
1519421658853,-10.785743,-1.0196906,-2.8963046,3,walking
1519421658858,-11.609155,-1.1250108,-3.1356685,3,walking
1519421658863,-12.384694,-1.3356512,-3.1356685,3,walking
1519421658872,-13.246405,-2.2452345,-2.666515,3,walking
1519421658877,-13.294277,-3.5665238,-2.0058703,3,walking
1519421658922,-10.460207,-3.499502,-1.3930986,3,walking
1519421658927,-10.345312,-3.1069448,-1.4888442,3,walking
1519421658931,-10.230418,-2.666515,-1.5750152,3,walking
1519421658936,-10.230418,-2.666515,-1.5750152,3,walking
1519421658941,-10.5080805,-1.2782038,-2.1111906,3,walking
1519421658950,-11.130426,-0.34947145,-2.580344,3,walking
1519421658954,-11.465536,0.014361841,-2.733537,3,walking
1519421658959,-12.049584,0.512239,-2.9824755,3,walking
1519421658963,-12.049584,0.512239,-2.9824755,3,walking
1519421658967,-12.3463955,0.63670826,-3.0877957,3,walking
1519421658972,-12.681505,0.69415563,-3.1643922,3,walking
1519421658977,-12.815549,0.61755913,-3.212265,3,walking
1519421658982,-12.872996,0.5313881,-3.2026904,3,walking
1519421658987,-12.844273,0.2154276,-3.2026904,3,walking
1519421658993,-12.805975,0.023936402,-3.1643922,3,walking
1519421658997,-12.786825,-0.110107444,-3.193116,3,walking
1519421659002,-12.777251,-0.26330042,-3.212265,3,walking
1519421659007,-12.729378,-0.63670826,-3.2409887,3,walking
1519421659012,-12.738953,-0.8473486,-3.2984362,3,walking
1519421659017,-12.662356,-1.0675635,-3.2888615,3,walking
1519421659023,-12.662356,-1.0675635,-3.2888615,3,walking
1519421659028,-12.442142,-1.79523,-3.2984362,3,walking
1519421659033,-12.317672,-2.0250196,-3.2601378,3,walking
1519421659038,-12.2410755,-2.2069361,-3.193116,3,walking
1519421659042,-12.020861,-2.7239625,-3.1165195,3,walking
1519421659047,-11.953838,-2.8771553,-3.078221,3,walking
1519421659052,-11.819795,-2.9441774,-2.972901,3,walking
1519421659057,-11.38894,-3.0973704,-2.8388572,3,walking
1519421659062,-11.063405,-3.231414,-2.714388,3,walking
1519421659067,-10.92936,-3.4612036,-2.7718353,3,walking
1519421659072,-10.804892,-3.5282254,-2.7431116,3,walking
1519421659077,-10.441058,-3.2026904,-2.034594,3,walking
1519421659083,-10.172971,-2.9154537,-1.709059,3,walking
1519421659087,-10.153821,-2.7048132,-1.7473572,3,walking
1519421659092,-10.153821,-2.7048132,-1.7473572,3,walking
1519421659097,-10.0868,-2.666515,-1.6707608,3,walking
1519421659102,-10.010203,-2.6186423,-1.6707608,3,walking
1519421659107,-9.837861,-2.1303396,-1.5654407,3,walking
1519421659112,-9.837861,-2.1303396,-1.5654407,3,walking
1519421659117,-9.617646,-1.6899099,-1.3069274,3,walking
1519421659122,-9.579348,-1.5462915,-1.2303311,3,walking
1519421659127,-9.407005,-1.5654407,-1.2111819,3,walking
1519421659132,-9.272962,-1.6899099,-1.3260766,3,walking
1519421659138,-9.253813,-1.7856555,-1.4122477,3,walking
1519421659142,-9.29211,-1.8335283,-1.5079932,3,walking
1519421659147,-9.320834,-1.7377827,-1.6707608,3,walking
1519421659152,-9.272962,-1.7569319,-1.7569319,3,walking
1519421659157,-9.196365,-1.8239537,-1.8814012,3,walking
1519421659162,-9.167642,-1.862252,-1.9675722,3,walking
1519421659167,-9.129343,-2.0058703,-2.2835326,3,walking
1519421659173,-9.100619,-2.0537431,-2.360129,3,walking
1519421659177,-8.9761505,-2.0633178,-2.360129,3,walking
1519421659182,-8.918703,-2.034594,-2.408002,3,walking
1519421659187,-8.784659,-2.015445,-2.5228968,3,walking
1519421659192,-8.688913,-1.9962958,-2.5707695,3,walking
1519421659197,-8.698488,-2.0250196,-2.6186423,3,walking
1519421659202,-8.688913,-2.0728924,-2.666515,3,walking
1519421659208,-8.506997,-2.1399143,-2.800559,3,walking
1519421659213,-8.439975,-2.168638,-2.8292825,3,walking
1519421659218,-8.363379,-2.149489,-2.7431116,3,walking
1519421659223,-8.277207,-2.1973617,-2.6952388,3,walking
1519421659228,-8.104865,-2.1590633,-2.6282167,3,walking
1519421659233,-8.047418,-2.1399143,-2.5899186,3,walking
1519421659238,-8.037844,-2.1111906,-2.6377914,3,walking
1519421659243,-7.855927,-2.1111906,-2.5707695,3,walking
1519421659248,-7.741032,-2.0537431,-2.494173,3,walking
1519421659253,-7.664436,-2.0058703,-2.4558747,3,walking
1519421659258,-7.6069884,-2.0058703,-2.4463003,3,walking
1519421659263,-7.5399666,-1.9388485,-2.3984275,3,walking
1519421659268,-7.501668,-1.9101248,-2.4367256,3,walking
1519421659273,-7.501668,-1.9101248,-2.4367256,3,walking
1519421659279,-7.482519,-1.9196993,-2.475024,3,walking
1519421659284,-7.549541,-1.8909757,-2.513322,3,walking
1519421659289,-7.482519,-1.8909757,-2.494173,3,walking
1519421659294,-7.549541,-1.8718265,-2.5228968,3,walking
1519421659299,-7.46337,-1.9005502,-2.5324712,3,walking
1519421659304,-7.4154973,-1.9101248,-2.5516202,3,walking
1519421659308,-7.3676243,-1.9196993,-2.5228968,3,walking
1519421659313,-7.3389006,-1.9196993,-2.4654493,3,walking
1519421659318,-7.204857,-1.8909757,-2.2739582,3,walking
1519421659322,-7.204857,-1.8909757,-2.2739582,3,walking
1519421659327,-7.137835,-1.7665064,-2.0824668,3,walking
1519421659333,-6.9942164,-1.7186337,-1.929274,3,walking
1519421659337,-6.821874,-1.6420372,-1.7186337,3,walking
1519421659342,-6.821874,-1.6420372,-1.7186337,3,walking
1519421659347,-6.6495323,-1.5558661,-1.5558661,3,walking
1519421659352,-6.5537868,-1.5367169,-1.5175679,3,walking
1519421659357,-6.4484663,-1.4601204,-1.4122477,3,walking
1519421659362,-6.37187,-1.4984187,-1.3930986,3,walking
1519421659367,-6.304848,-1.5079932,-1.4026731,3,walking
1519421659371,-6.3144226,-1.6037389,-1.4218222,3,walking
1519421659377,-6.3622956,-1.6133134,-1.4984187,3,walking
1519421659382,-6.486765,-1.7473572,-1.6133134,3,walking
1519421659388,-6.6208086,-1.862252,-1.6516117,3,walking
1519421659394,-6.716554,-1.948423,-1.6899099,3,walking
1519421659399,-6.7931504,-2.034594,-1.7473572,3,walking
1519421659404,-6.9080453,-2.1973617,-1.8431029,3,walking
1519421659409,-7.0133657,-2.2643836,-1.8814012,3,walking
1519421659414,-7.12826,-2.2643836,-1.9101248,3,walking
1519421659419,-7.3676243,-2.3314054,-1.9867213,3,walking
1519421659424,-7.4537954,-2.360129,-1.9867213,3,walking
1519421659429,-7.5974135,-2.3888528,-2.015445,3,walking
1519421659440,-7.855927,-2.4558747,-1.862252,3,walking
1519421659444,-7.9803963,-2.4654493,-1.8048047,3,walking
1519421659450,-8.076141,-2.4654493,-1.7377827,3,walking
1519421659455,-8.181462,-2.4654493,-1.5367169,3,walking
1519421659460,-8.23891,-2.4367256,-1.4122477,3,walking
1519421659467,-8.296356,-2.4463003,-1.2590547,3,walking
1519421659472,-8.439975,-2.4558747,-1.1250108,3,walking
1519421659477,-8.487848,-2.4845984,-0.9718179,3,walking
1519421659483,-8.612317,-2.5516202,-0.83777404,3,walking
1519421659488,-8.612317,-2.5899186,-0.78990126,3,walking
1519421659493,-8.612317,-2.647366,-0.6079846,3,walking
1519421659498,-8.583593,-2.647366,-0.4164934,3,walking
1519421659503,-8.583593,-2.6569405,-0.32074776,3,walking
1519421659508,-8.602742,-2.6856642,-0.2441513,3,walking
1519421659513,-8.708063,-2.7431116,-0.2441513,3,walking
1519421659519,-8.803808,-2.7718353,-0.27287498,3,walking
1519421659529,-9.091045,-2.7814097,-0.30159867,3,walking
1519421659534,-9.196365,-2.7909844,-0.3398969,3,walking
1519421659539,-9.330409,-2.752686,-0.34947145,3,walking
1519421659548,-10.374036,-2.5037475,-0.7994758,3,walking
1519421659553,-11.063405,-2.2931073,-1.1345854,3,walking
1519421659557,-11.791071,-2.149489,-1.4409714,3,walking
1519421659561,-12.633633,-2.0633178,-1.8239537,3,walking
1519421659568,-13.811303,-2.0250196,-2.1207652,3,walking
1519421659572,-14.041093,-2.101616,-2.0920415,3,walking
1519421659577,-13.935773,-2.2739582,-1.9388485,3,walking
1519421659581,-13.715558,-2.3984275,-1.7282082,3,walking
1519421659587,-13.0549135,-2.6186423,-1.4505459,3,walking
1519421659592,-13.0549135,-2.6186423,-1.4505459,3,walking
1519421659620,-10.881488,-2.254809,-0.5313881,3,walking
1519421659628,-10.594251,-1.9771467,-0.47394073,3,walking
1519421659636,-10.527229,-1.4888442,-0.54096264,3,walking
1519421659644,-10.938935,-1.0675635,-0.6845811,3,walking
1519421659653,-11.235746,-0.8952214,-0.71330476,3,walking
1519421659657,-11.570856,-0.77075213,-0.71330476,3,walking
1519421659661,-11.925115,-0.59841,-0.7324539,3,walking
1519421659667,-12.490014,-0.56968635,-0.78032666,3,walking
1519421659672,-12.700654,-0.6271337,-0.7420284,3,walking
1519421659676,-12.978316,-0.70373017,-0.85692316,3,walking
1519421659681,-13.150659,-0.8090504,-0.91437054,3,walking
1519421659686,-13.332576,-1.1154363,-1.0292653,3,walking
1519421659692,-13.3612995,-1.2111819,-1.0675635,3,walking
1519421659696,-13.313426,-1.2782038,-1.0675635,3,walking
1519421659701,-13.275128,-1.2303311,-1.0388398,3,walking
1519421659706,-13.083637,-1.3165021,-1.1824582,3,walking
1519421659711,-13.035764,-1.4409714,-1.2686293,3,walking
1519421659716,-12.892146,-1.5750152,-1.5558661,3,walking
1519421659721,-12.892146,-1.5750152,-1.5558661,3,walking
1519421659727,-12.5474615,-1.8048047,-1.8239537,3,walking
1519421659732,-11.858093,-1.9388485,-1.862252,3,walking
1519421659737,-11.49426,-2.015445,-1.8048047,3,walking
1519421659742,-11.187874,-2.015445,-1.7282082,3,walking
1519421659747,-10.680422,-2.149489,-1.5941644,3,walking
1519421659752,-10.479357,-2.168638,-1.5654407,3,walking
1519421659757,-10.268716,-2.2069361,-1.4505459,3,walking
1519421659763,-10.029352,-2.254809,-1.3452257,3,walking
1519421659767,-9.742115,-2.1973617,-1.2494801,3,walking
1519421659771,-9.454879,-2.1782124,-1.1058618,3,walking
1519421659776,-9.014449,-2.2069361,-0.8186249,3,walking
1519421659781,-8.870831,-2.2356598,-0.77075213,3,walking
1519421659786,-8.564445,-2.475024,-0.7994758,3,walking
1519421659791,-8.564445,-2.475024,-0.7994758,3,walking
1519421659797,-8.44955,-2.6760898,-0.90479594,3,walking
1519421659802,-8.44955,-2.6186423,-0.8760723,3,walking
1519421659807,-7.9803963,-2.6569405,-0.76117754,3,walking
1519421659812,-7.7601814,-2.733537,-0.76117754,3,walking
1519421659817,-7.5974135,-2.666515,-0.6845811,3,walking
1519421659822,-7.5974135,-2.666515,-0.6845811,3,walking
1519421659826,-7.5303917,-2.8771553,-0.8664977,3,walking
1519421659831,-7.482519,-2.9920502,-0.92394507,3,walking
1519421659836,-7.434646,-3.0686467,-0.92394507,3,walking
1519421659842,-7.3197513,-3.0973704,-0.90479594,3,walking
1519421659846,-7.042089,-3.193116,-0.8760723,3,walking
1519421659852,-6.975067,-3.2601378,-0.8281995,3,walking
1519421659857,-6.8793216,-3.3080106,-0.8856468,3,walking
1519421659862,-6.8793216,-3.3080106,-0.8856468,3,walking
1519421659866,-6.8888965,-3.384607,-0.9430942,3,walking
1519421659872,-6.9176197,-3.384607,-1.0005416,3,walking
1519421659876,-6.9271946,-3.3750327,-1.0579889,3,walking
1519421659881,-6.9271946,-3.3750327,-1.0579889,3,walking
1519421659887,-7.0803876,-3.3750327,-1.1154363,3,walking
1519421659892,-7.243155,-3.384607,-1.0771381,3,walking
1519421659897,-7.2718787,-3.3941817,-1.0579889,3,walking
1519421659908,-7.482519,-3.4899273,-0.8186249,3,walking
1519421659913,-7.5399666,-3.4803526,-0.70373017,3,walking
1519421659918,-7.56869,-3.4229054,-0.59841,3,walking
1519421659923,-7.587839,-3.3941817,-0.54096264,3,walking
1519421659928,-7.654861,-3.2697124,-0.3877697,3,walking
1519421659932,-7.654861,-3.2697124,-0.3877697,3,walking
1519421659936,-7.693159,-3.1548176,-0.2920241,3,walking
1519421659941,-7.7793303,-3.1069448,-0.2441513,3,walking
1519421659946,-7.808054,-3.059072,-0.20585304,3,walking
1519421659951,-7.875076,-3.059072,-0.23457673,3,walking
1519421659956,-7.9708214,-2.9441774,-0.18670394,3,walking
1519421659961,-7.9899707,-2.88673,-0.2154276,3,walking
1519421659966,-8.066567,-2.800559,-0.16755481,3,walking
1519421659971,-8.104865,-2.733537,-0.18670394,3,walking
1519421659977,-8.21976,-2.5228968,-0.10053288,3,walking
1519421659981,-8.286782,-2.475024,-0.00478728,3,walking
1519421659986,-8.401677,-2.4558747,-0.09095833,3,walking
1519421659991,-8.497422,-2.4367256,-0.081383765,3,walking
1519421659996,-8.736787,-2.5324712,-0.11968201,3,walking
1519421660001,-8.870831,-2.513322,-0.13883112,3,walking
1519421660006,-9.167642,-2.4845984,-0.110107444,3,walking
1519421660012,-9.225089,-2.4558747,-0.05266008,3,walking
1519421660016,-9.426155,-2.4845984,-0.09095833,3,walking
1519421660021,-9.569773,-2.5037475,-0.13883112,3,walking
1519421660026,-9.904882,-2.4654493,-0.110107444,3,walking
1519421660031,-10.010203,-2.4367256,-0.18670394,3,walking
1519421660036,-10.230418,-2.3984275,-0.4164934,3,walking
1519421660041,-10.230418,-2.3984275,-0.4164934,3,walking
1519421660046,-10.278291,-2.2069361,-0.512239,3,walking
1519421660051,-10.249567,-2.1303396,-0.56011176,3,walking
1519421660056,-10.182545,-2.0537431,-0.61755913,3,walking
1519421660061,-10.134672,-1.9579976,-0.6750065,3,walking
1519421660066,-10.000628,-1.9101248,-0.77075213,3,walking
1519421660071,-9.914457,-1.9005502,-0.8664977,3,walking
1519421660076,-9.8953085,-1.8718265,-0.8473486,3,walking
1519421660081,-9.64637,-1.862252,-0.8281995,3,walking
1519421660086,-9.5889225,-1.8814012,-0.78032666,3,walking
1519421660091,-9.598496,-1.9005502,-0.83777404,3,walking
1519421660096,-9.636795,-1.8718265,-0.7994758,3,walking
1519421660102,-9.675094,-1.8718265,-0.76117754,3,walking
1519421660106,-9.866585,-1.6803354,-0.71330476,3,walking
1519421660111,-9.866585,-1.6803354,-0.71330476,3,walking
1519421660116,-10.2016945,-1.622888,-0.77075213,3,walking
1519421660121,-10.469782,-1.5845897,-0.8090504,3,walking
1519421660126,-11.082554,-1.7473572,-0.85692316,3,walking
1519421660131,-11.082554,-1.7473572,-0.85692316,3,walking
1519421660137,-11.647452,-2.0250196,-0.83777404,3,walking
1519421660141,-11.886817,-2.1782124,-0.76117754,3,walking
1519421660146,-12.126181,-2.3505547,-0.64628285,3,walking
1519421660151,-12.308098,-2.5420458,-0.59841,3,walking
1519421660156,-12.67193,-2.8388572,-0.45479164,3,walking
1519421660161,-12.825124,-2.9154537,-0.4164934,3,walking
1519421660166,-12.930444,-2.867581,-0.34947145,3,walking
1519421660171,-12.882571,-2.7622607,-0.32074776,3,walking
1519421660176,-12.662356,-2.3505547,-0.5313881,3,walking
1519421660182,-12.470865,-2.1973617,-0.64628285,3,walking
1519421660187,-12.288948,-1.9867213,-0.7420284,3,walking
1519421660192,-12.0400095,-1.8335283,-0.92394507,3,walking
1519421660197,-11.819795,-1.6803354,-0.9526688,3,walking
1519421660202,-11.436812,-1.3356512,-1.3356512,3,walking
1519421660207,-11.226172,-0.8664977,-1.7665064,3,walking
1519421660212,-11.302769,-0.63670826,-2.1207652,3,walking
1519421660218,-11.484685,-0.47394073,-2.5037475,3,walking
1519421660228,-12.700654,-0.40691882,-2.9250283,3,walking
1519421660233,-12.987891,-0.7228793,-2.867581,3,walking
1519421660240,-13.0549135,-1.1728836,-2.7048132,3,walking
1519421660245,-13.016615,-2.1111906,-2.1399143,3,walking
1519421660250,-12.834699,-2.4367256,-1.8526775,3,walking
1519421660256,-12.308098,-2.9537518,-1.383524,3,walking
1519421660292,-9.713391,-3.078221,-1.469695,3,walking
1519421660298,-9.3878565,-2.6282167,-1.9005502,3,walking
1519421660302,-9.301685,-2.4654493,-2.034594,3,walking
1519421660308,-9.158067,-2.2739582,-2.1303396,3,walking
1519421660317,-9.158067,-1.5367169,-2.6090677,3,walking
1519421660321,-9.158067,-1.5367169,-2.6090677,3,walking
1519421660326,-9.378282,-1.2016073,-2.8484318,3,walking
1519421660331,-9.378282,-1.2016073,-2.8484318,3,walking
1519421660336,-9.971905,-1.0675635,-2.9633265,3,walking
1519421660341,-10.441058,-1.1345854,-3.1452432,3,walking
1519421660346,-10.603826,-1.1154363,-3.1356685,3,walking
1519421660351,-10.709146,-1.1633091,-3.1452432,3,walking
1519421660356,-10.996383,-1.3356512,-3.1069448,3,walking
1519421660361,-11.082554,-1.4888442,-3.1165195,3,walking
1519421660367,-11.226172,-1.7186337,-3.0303483,3,walking
1519421660372,-11.49426,-2.2452345,-3.0016246,3,walking
1519421660377,-11.49426,-2.2452345,-3.0016246,3,walking
1519421660382,-11.570856,-2.8580062,-2.972901,3,walking
1519421660387,-11.551707,-3.2697124,-2.752686,3,walking
1519421660392,-11.475111,-3.4707782,-2.6952388,3,walking
1519421660397,-11.4272375,-3.6239712,-2.5994933,3,walking
1519421660408,-11.4272375,-3.8920588,-2.3888528,3,walking
1519421660414,-11.38894,-3.9207826,-2.3888528,3,walking
1519421660419,-11.312344,-3.8920588,-2.2931073,3,walking
1519421660424,-11.101703,-3.5378,-2.168638,3,walking
1519421660429,-10.92936,-3.3367343,-2.1973617,3,walking
1519421660434,-10.737869,-3.173967,-2.1207652,3,walking
1519421660439,-10.670848,-3.1356685,-2.2069361,3,walking
1519421660444,-10.584677,-3.1356685,-2.2739582,3,walking
1519421660449,-10.431483,-3.0303483,-2.2643836,3,walking
1519421660454,-10.096374,-2.6856642,-2.1782124,3,walking
1519421660459,-9.971905,-2.4367256,-2.1207652,3,walking
1519421660464,-9.904882,-2.2452345,-2.0441687,3,walking
1519421660469,-9.8953085,-2.0824668,-1.9771467,3,walking
1519421660478,-9.617646,-1.79523,-1.8814012,3,walking
1519421660483,-9.435729,-1.7186337,-1.79523,3,walking
1519421660488,-9.349558,-1.5654407,-1.8048047,3,walking
1519421660498,-8.899554,-1.3643749,-1.7473572,3,walking
1519421660503,-8.708063,-1.3452257,-1.709059,3,walking
1519421660508,-8.516571,-1.2973529,-1.7665064,3,walking
1519421660517,-8.028269,-1.3643749,-1.862252,3,walking
1519421660523,-7.8846507,-1.3930986,-1.8909757,3,walking
1519421660528,-7.6069884,-1.4313968,-1.9771467,3,walking
1519421660534,-7.4154973,-1.4888442,-1.9579976,3,walking
1519421660539,-7.243155,-1.5079932,-1.9675722,3,walking
1519421660543,-7.1474094,-1.5367169,-1.948423,3,walking
1519421660549,-6.8888965,-1.6324625,-2.0250196,3,walking
1519421660554,-6.8793216,-1.6899099,-2.1111906,3,walking
1519421660559,-6.9271946,-1.7186337,-2.187787,3,walking
1519421660564,-6.984642,-1.8814012,-2.2739582,3,walking
1519421660568,-7.0803876,-1.9101248,-2.2835326,3,walking
1519421660573,-7.12826,-1.9388485,-2.34098,3,walking
1519421660577,-7.1857076,-1.9771467,-2.3505547,3,walking
1519421660588,-7.4059224,-1.9962958,-2.4845984,3,walking
1519421660593,-7.4920936,-1.9962958,-2.580344,3,walking
1519421660598,-7.5208173,-2.0728924,-2.5516202,3,walking
1519421660604,-7.6261373,-2.187787,-2.6186423,3,walking
1519421660609,-7.654861,-2.254809,-2.6090677,3,walking
1519421660614,-7.721883,-2.360129,-2.5899186,3,walking
1519421660619,-7.7984796,-2.3792782,-2.6569405,3,walking
1519421660624,-7.7793303,-2.475024,-2.6282167,3,walking
1519421660629,-7.846352,-2.4845984,-2.6569405,3,walking
1519421660638,-7.8176284,-2.6569405,-2.5994933,3,walking
1519421660643,-7.846352,-2.666515,-2.647366,3,walking
1519421660648,-7.8367777,-2.6952388,-2.6090677,3,walking
1519421660658,-7.7123084,-2.6856642,-2.5228968,3,walking
1519421660663,-7.6740103,-2.6952388,-2.494173,3,walking
1519421660667,-7.616563,-2.6569405,-2.4175766,3,walking
1519421660677,-7.6835847,-2.5420458,-2.3792782,3,walking
1519421660683,-7.616563,-2.494173,-2.3697038,3,walking
1519421660688,-7.616563,-2.4654493,-2.360129,3,walking
1519421660694,-7.56869,-2.360129,-2.360129,3,walking
1519421660699,-7.5591154,-2.360129,-2.3505547,3,walking
1519421660704,-7.5399666,-2.2739582,-2.3122563,3,walking
1519421660709,-7.587839,-2.2739582,-2.3026817,3,walking
1519421660714,-7.6835847,-2.2260852,-2.254809,3,walking
1519421660719,-7.7123084,-2.149489,-2.2069361,3,walking
1519421660723,-7.741032,-2.0633178,-2.1303396,3,walking
1519421660728,-7.741032,-2.0441687,-2.0633178,3,walking
1519421660733,-7.808054,-2.015445,-1.9675722,3,walking
1519421660738,-7.8367777,-1.9962958,-1.9005502,3,walking
1519421660748,-8.124015,-1.9771467,-1.8814012,3,walking
1519421660753,-8.286782,-2.015445,-1.948423,3,walking
1519421660758,-8.459125,-1.9962958,-1.9196993,3,walking
1519421660767,-8.7750845,-1.9675722,-1.9196993,3,walking
1519421660772,-8.7750845,-1.9388485,-1.8718265,3,walking
1519421660778,-8.842107,-1.9196993,-1.8335283,3,walking
1519421660784,-8.851681,-1.9867213,-1.6899099,3,walking
1519421660789,-8.861256,-1.9962958,-1.6803354,3,walking
1519421660794,-8.832532,-1.9962958,-1.6611862,3,walking
1519421660799,-8.832532,-1.948423,-1.6324625,3,walking
1519421660803,-8.842107,-1.9005502,-1.6133134,3,walking
1519421660808,-8.803808,-1.8814012,-1.5845897,3,walking
1519421660818,-8.794233,-1.776081,-1.4122477,3,walking
1519421660823,-8.794233,-1.7473572,-1.383524,3,walking
1519421660828,-8.803808,-1.7282082,-1.3356512,3,walking
1519421660833,-8.899554,-1.6707608,-1.2973529,3,walking
1519421660837,-8.928278,-1.6707608,-1.2590547,3,walking
1519421660844,-9.014449,-1.6994845,-1.1920328,3,walking
1519421660848,-9.062322,-1.7186337,-1.1920328,3,walking
1519421660853,-9.196365,-1.862252,-1.0196906,3,walking
1519421660858,-9.2825365,-1.929274,-0.90479594,3,walking
1519421660863,-9.3878565,-2.034594,-0.8090504,3,walking
1519421660868,-9.493176,-2.1399143,-0.6750065,3,walking
1519421660874,-9.62722,-2.4175766,-0.4164934,3,walking
1519421660879,-9.655944,-2.5324712,-0.3111732,3,walking
1519421660884,-9.770839,-2.7239625,-0.05266008,3,walking
1519421660889,-9.7899885,-2.8292825,0.05266008,3,walking
1519421660894,-9.818711,-2.9250283,0.12925656,3,walking
1519421660899,-9.809137,-2.9633265,0.19627848,3,walking
1519421660903,-9.8953085,-3.020774,0.2920241,3,walking
1519421660907,-9.96233,-3.0016246,0.34947145,3,walking
1519421660913,-10.153821,-2.9537518,0.33032233,3,walking
1519421660917,-10.460207,-2.8101335,0.19627848,3,walking
1519421660927,-12.135756,-2.1207652,-0.56968635,3,walking
1519421660932,-12.662356,-1.9005502,-0.8473486,3,walking
1519421660938,-13.112361,-1.6994845,-1.1728836,3,walking
1519421660955,-12.700654,-0.98139244,-1.9388485,3,walking
1519421660963,-11.896391,-0.85692316,-1.7665064,3,walking
1519421660968,-11.408089,-0.85692316,-1.5845897,3,walking
1519421660973,-10.92936,-0.91437054,-1.5271424,3,walking
1519421660978,-10.172971,-1.1058618,-1.3165021,3,walking
1519421660983,-9.85701,-1.2207564,-1.2494801,3,walking
1519421660997,-9.071896,-1.6133134,-1.0579889,3,walking
1519421661003,-9.043172,-1.622888,-0.9622433,3,walking
1519421661007,-9.033598,-1.6324625,-0.91437054,3,walking
1519421661017,-9.991054,-1.622888,-0.665432,3,walking
1519421661022,-10.603826,-1.709059,-0.7324539,3,walking
1519421661027,-11.28362,-1.7569319,-0.8186249,3,walking
1519421661041,-13.0549135,-2.321831,-0.5505372,3,walking
1519421661046,-13.8879,-2.752686,-0.50266445,3,walking
1519421661053,-14.452799,-3.1356685,-0.6079846,3,walking
1519421661058,-14.615566,-3.3367343,-0.665432,3,walking
1519421661097,-12.681505,-2.6760898,-3.231414,3,walking
1519421661103,-12.183628,-2.3505547,-3.5760984,3,walking
1519421661107,-11.791071,-2.1973617,-3.5282254,3,walking
1519421661112,-11.360216,-2.0633178,-3.4037561,3,walking
1519421661117,-10.900637,-2.034594,-3.2984362,3,walking
1519421661124,-10.29744,-1.8526775,-2.9154537,3,walking
1519421661128,-10.019777,-1.8526775,-2.6760898,3,walking
1519421661132,-9.7899885,-1.9579976,-2.4845984,3,walking
1519421661178,-6.8410234,-2.6282167,-0.8856468,3,walking
1519421661186,-6.544212,-2.647366,-0.98139244,3,walking
1519421661194,-6.3144226,-2.4654493,-1.2782038,3,walking
1519421661198,-6.2378263,-2.360129,-1.3643749,3,walking
1519421661203,-6.151655,-2.2356598,-1.5079932,3,walking
1519421661207,-6.103782,-2.149489,-1.6420372,3,walking
1519421661213,-6.027186,-2.101616,-1.8909757,3,walking
1519421661218,-6.0559096,-2.0633178,-2.0441687,3,walking
1519421661227,-6.218677,-1.9771467,-2.2260852,3,walking
1519421661232,-6.2378263,-1.948423,-2.2260852,3,walking
1519421661237,-6.304848,-1.9579976,-2.2165108,3,walking
1519421661247,-6.486765,-1.929274,-2.1207652,3,walking
1519421661252,-6.515488,-1.9867213,-2.0537431,3,walking
1519421661257,-6.6016593,-2.1782124,-1.9196993,3,walking
1519421661266,-6.7261286,-2.6760898,-1.5941644,3,walking
1519421661272,-6.7548523,-2.8963046,-1.4888442,3,walking
1519421661277,-6.821874,-3.126094,-1.4026731,3,walking
1519421661283,-6.9080453,-3.5569491,-1.2399056,3,walking
1519421661288,-6.9942164,-3.7867386,-1.2016073,3,walking
1519421661293,-7.1186857,-3.8633351,-1.2303311,3,walking
1519421661298,-7.2144313,-3.9399316,-1.2399056,3,walking
1519421661303,-7.3676243,-4.016528,-1.3930986,3,walking
1519421661308,-7.4442205,-4.016528,-1.4601204,3,walking
1519421661313,-7.5591154,-3.8633351,-1.6516117,3,walking
1519421661319,-7.693159,-3.7197168,-1.7569319,3,walking
1519421661323,-7.7984796,-3.6239712,-1.6994845,3,walking
1519421661329,-7.8655014,-3.451629,-1.709059,3,walking
1519421661334,-7.9899707,-3.0973704,-1.7282082,3,walking
1519421661339,-8.056993,-2.9441774,-1.7377827,3,walking
1519421661344,-8.210186,-2.6186423,-1.776081,3,walking
1519421661349,-8.210186,-2.6186423,-1.776081,3,walking
1519421661355,-8.392102,-2.408002,-1.6516117,3,walking
1519421661361,-8.650616,-2.2069361,-1.5750152,3,walking
1519421661367,-8.746361,-2.168638,-1.5175679,3,walking
1519421661373,-9.004874,-2.0824668,-1.3165021,3,walking
1519421661378,-9.033598,-2.0633178,-1.1920328,3,walking
1519421661383,-9.244238,-2.0441687,-0.98139244,3,walking
1519421661388,-9.244238,-2.0441687,-0.98139244,3,walking
1519421661393,-9.3878565,-1.9005502,-0.78032666,3,walking
1519421661399,-9.435729,-1.8431029,-0.6845811,3,walking
1519421661404,-9.579348,-1.6133134,-0.6845811,3,walking
1519421661409,-9.598496,-1.4792696,-0.6079846,3,walking
1519421661414,-9.684668,-1.1633091,-0.6845811,3,walking
1519421661419,-9.684668,-1.1633091,-0.6845811,3,walking
1519421661424,-9.722966,-0.9430942,-0.78032666,3,walking
1519421661429,-9.780414,-0.8186249,-0.8281995,3,walking
1519421661435,-9.8953085,-0.69415563,-0.98139244,3,walking
1519421661441,-9.991054,-0.69415563,-1.1154363,3,walking
1519421661447,-10.06765,-0.8090504,-1.1058618,3,walking
1519421661452,-10.134672,-0.91437054,-1.1154363,3,walking
1519421661457,-10.249567,-1.0388398,-1.1345854,3,walking
1519421661462,-10.421909,-1.2207564,-1.0771381,3,walking
1519421661468,-10.498506,-1.3165021,-1.0196906,3,walking
1519421661473,-10.709146,-1.5175679,-0.91437054,3,walking
1519421661478,-10.709146,-1.5175679,-0.91437054,3,walking
1519421661484,-10.94851,-1.7856555,-0.83777404,3,walking
1519421661488,-11.063405,-1.9005502,-0.8473486,3,walking
1519421661494,-11.26447,-2.1111906,-0.8664977,3,walking
1519421661499,-11.321918,-2.2356598,-0.8856468,3,walking
1519421661505,-11.465536,-2.34098,-0.92394507,3,walking
1519421661511,-11.580431,-2.2835326,-0.90479594,3,walking
1519421661517,-11.570856,-2.2165108,-0.93351966,3,walking
1519421661521,-11.551707,-2.0728924,-0.9430942,3,walking
1519421661527,-11.436812,-1.948423,-0.9526688,3,walking
1519421661532,-11.360216,-1.6516117,-1.0101161,3,walking
1519421661538,-11.331492,-1.4984187,-1.0388398,3,walking
1519421661543,-11.197449,-1.1154363,-1.1154363,3,walking
1519421661548,-11.197449,-1.1154363,-1.1154363,3,walking
1519421661553,-10.996383,-0.8186249,-1.1250108,3,walking
1519421661558,-10.891063,-0.6845811,-1.1824582,3,walking
1519421661562,-10.776168,-0.56011176,-1.2207564,3,walking
1519421661567,-10.632549,-0.4835153,-1.2399056,3,walking
1519421661572,-10.393186,-0.37819514,-1.2399056,3,walking
1519421661577,-10.278291,-0.39734426,-1.2973529,3,walking
1519421661586,-10.058076,-0.71330476,-1.4601204,3,walking
1519421661592,-10.096374,-0.83777404,-1.6803354,3,walking
1519421661596,-10.29744,-0.9622433,-1.9388485,3,walking
1519421661606,-12.107032,-1.3356512,-3.078221,3,walking
1519421661613,-12.882571,-1.6037389,-3.2888615,3,walking
1519421661618,-13.504917,-1.9867213,-3.231414,3,walking
1519421661622,-13.935773,-3.078221,-2.647366,3,walking
1519421661665,-10.06765,-4.3324885,-1.4218222,3,walking
1519421661673,-9.531475,-3.6335456,-1.6324625,3,walking
1519421661681,-9.158067,-2.7814097,-1.862252,3,walking
1519421661694,-9.0814705,-1.4984187,-2.1782124,3,walking
1519421661701,-9.41658,-0.7994758,-2.3984275,3,walking
1519421661706,-9.636795,-0.59841,-2.5037475,3,walking
1519421661712,-10.278291,-0.23457673,-2.7718353,3,walking
1519421661743,-12.221927,-1.1250108,-3.2888615,3,walking
1519421661752,-12.394268,-1.8335283,-3.3941817,3,walking
1519421661760,-12.403843,-2.2835326,-3.3941817,3,walking
1519421661768,-12.35597,-2.5228968,-3.3558834,3,walking
1519421661775,-12.193203,-2.9920502,-3.2984362,3,walking
1519421661783,-11.877242,-3.3271596,-3.1548176,3,walking
1519421661791,-11.522984,-3.365458,-3.039923,3,walking
1519421661797,-11.178299,-3.4133308,-3.059072,3,walking
1519421661802,-10.670848,-3.193116,-3.020774,3,walking
1519421661806,-10.450633,-3.059072,-2.9441774,3,walking
1519421661811,-10.450633,-3.059072,-2.9441774,3,walking
1519421661815,-10.000628,-2.8292825,-2.9250283,3,walking
1519421661821,-9.636795,-2.4654493,-2.8580062,3,walking
1519421661826,-9.454879,-2.3026817,-2.8580062,3,walking
1519421661836,-9.138918,-1.79523,-2.714388,3,walking
1519421661841,-8.985725,-1.4122477,-2.7239625,3,walking
1519421661847,-8.899554,-1.2686293,-2.733537,3,walking
1519421661852,-8.784659,-1.0579889,-2.752686,3,walking
1519421661857,-8.708063,-0.98139244,-2.8101335,3,walking
1519421661861,-8.708063,-0.90479594,-2.88673,3,walking
1519421661866,-8.688913,-0.8856468,-2.8771553,3,walking
1519421661871,-8.650616,-0.8090504,-2.9633265,3,walking
1519421661876,-8.5740185,-0.78032666,-2.9441774,3,walking
1519421661881,-8.478273,-0.77075213,-2.972901,3,walking
1519421661885,-8.411251,-0.8090504,-2.9824755,3,walking
1519421661891,-8.258059,-0.9718179,-3.0111992,3,walking
1519421661896,-8.133589,-1.1154363,-3.0303483,3,walking
1519421661901,-8.066567,-1.2111819,-2.9920502,3,walking
1519421661906,-7.9899707,-1.2686293,-3.020774,3,walking
1519421661911,-7.8367777,-1.4601204,-2.9920502,3,walking
1519421661916,-7.7601814,-1.5271424,-3.0111992,3,walking
1519421661925,-7.654861,-1.6803354,-3.1548176,3,walking
1519421661932,-7.587839,-1.79523,-3.173967,3,walking
1519421661936,-7.56869,-1.8526775,-3.2026904,3,walking
1519421661945,-7.5208173,-1.9867213,-3.2792869,3,walking
1519421661951,-7.5303917,-1.9675722,-3.2984362,3,walking
1519421661956,-7.511243,-1.9675722,-3.2792869,3,walking
1519421661961,-7.5399666,-1.8814012,-3.2984362,3,walking
1519421661966,-7.5591154,-1.8143792,-3.2984362,3,walking
1519421661971,-7.4537954,-1.776081,-3.2792869,3,walking
1519421661975,-7.46337,-1.6516117,-3.2888615,3,walking
1519421661981,-7.243155,-1.5845897,-3.384607,3,walking
1519421661986,-7.176133,-1.5462915,-3.5090764,3,walking
1519421661991,-7.12826,-1.5175679,-3.5282254,3,walking
1519421661996,-7.042089,-1.4984187,-3.5856729,3,walking
1519421662001,-6.9080453,-1.5175679,-3.5760984,3,walking
1519421662006,-6.8888965,-1.4601204,-3.6143966,3,walking
1519421662015,-6.764427,-1.4409714,-3.5952475,3,walking
1519421662021,-6.7357035,-1.4601204,-3.5282254,3,walking
1519421662026,-6.7261286,-1.4409714,-3.4612036,3,walking
1519421662035,-6.7261286,-1.5845897,-3.3080106,3,walking
1519421662041,-6.783576,-1.6994845,-3.1452432,3,walking
1519421662045,-6.7548523,-1.7856555,-3.020774,3,walking
1519421662051,-6.8410234,-1.8909757,-2.8580062,3,walking
1519421662056,-6.898471,-1.9388485,-2.8484318,3,walking
1519421662061,-6.9463434,-1.9101248,-2.819708,3,walking
1519421662066,-6.9942164,-1.929274,-2.7622607,3,walking
1519421662071,-6.9463434,-1.8909757,-2.7431116,3,walking
1519421662077,-6.936769,-1.8814012,-2.7048132,3,walking
1519421662081,-6.898471,-1.862252,-2.752686,3,walking
1519421662087,-6.898471,-1.862252,-2.752686,3,walking
1519421662091,-6.9080453,-1.8814012,-2.800559,3,walking
1519421662097,-6.9271946,-1.8526775,-2.800559,3,walking
1519421662101,-6.984642,-1.8143792,-2.7814097,3,walking
1519421662106,-7.0133657,-1.6899099,-2.7431116,3,walking
1519421662111,-7.0612383,-1.6133134,-2.733537,3,walking
1519421662116,-7.195282,-1.5271424,-2.7239625,3,walking
1519421662125,-7.654861,-1.2782038,-2.666515,3,walking
1519421662130,-7.7984796,-1.2399056,-2.6856642,3,walking
1519421662135,-8.00912,-1.14416,-2.6856642,3,walking
1519421662141,-8.401677,-1.0962871,-2.7048132,3,walking
1519421662146,-8.5740185,-1.1345854,-2.7239625,3,walking
1519421662155,-9.024023,-1.2399056,-2.7239625,3,walking
1519421662161,-9.502751,-1.4218222,-2.6760898,3,walking
1519421662166,-9.675094,-1.4984187,-2.6569405,3,walking
1519421662171,-9.904882,-1.5941644,-2.6186423,3,walking
1519421662176,-10.010203,-1.7377827,-2.5516202,3,walking
1519421662181,-10.287866,-1.9101248,-2.4175766,3,walking
1519421662186,-10.40276,-2.015445,-2.3792782,3,walking
1519421662190,-10.498506,-2.101616,-2.360129,3,walking
1519421662195,-10.546378,-2.2165108,-2.1303396,3,walking
1519421662201,-10.546378,-2.1782124,-2.034594,3,walking
1519421662206,-10.565528,-2.149489,-2.0537431,3,walking
1519421662211,-10.450633,-2.0633178,-2.0441687,3,walking
1519421662216,-10.441058,-2.0441687,-2.0250196,3,walking
1519421662220,-10.383611,-1.9675722,-2.0537431,3,walking
1519421662225,-10.335738,-1.929274,-2.0920415,3,walking
1519421662231,-10.268716,-1.8239537,-2.015445,3,walking
1519421662236,-10.268716,-1.79523,-1.948423,3,walking
1519421662240,-10.307014,-1.8239537,-1.8814012,3,walking
1519421662245,-10.287866,-1.8143792,-1.776081,3,walking
1519421662251,-10.412334,-1.9771467,-1.5175679,3,walking
1519421662255,-10.450633,-2.0824668,-1.3452257,3,walking
1519421662260,-10.479357,-2.149489,-1.1824582,3,walking
1519421662265,-10.536804,-2.2260852,-1.0196906,3,walking
1519421662271,-10.661273,-2.3792782,-0.71330476,3,walking
1519421662276,-10.871913,-2.3888528,-0.6845811,3,walking
1519421662281,-11.628304,-2.34098,-1.0388398,3,walking
1519421662286,-12.202777,-2.3026817,-1.383524,3,walking
1519421662291,-12.949593,-2.1973617,-1.8143792,3,walking
1519421662297,-13.571939,-2.149489,-2.1973617,3,walking
1519421662304,-14.931527,-2.187787,-2.972901,3,walking
1519421662310,-15.027272,-2.2739582,-3.039923,3,walking
1519421662315,-15.027272,-2.321831,-2.9920502,3,walking
1519421662355,-9.75169,-3.126094,0.17712937,3,walking
1519421662363,-8.171887,-2.8101335,0.7324539,3,walking
1519421662372,-7.6069884,-2.5707695,0.751603,3,walking
1519421662384,-7.875076,-2.3314054,0.5218136,3,walking
1519421662391,-8.4686985,-2.3026817,0.4164934,3,walking
1519421662396,-8.851681,-2.321831,0.2441513,3,walking
1519421662400,-9.435729,-2.4463003,-0.10053288,3,walking
1519421662433,-12.729378,-2.4175766,-1.9771467,3,walking
1519421662442,-12.643207,-2.5228968,-2.2165108,3,walking
1519421662450,-12.537887,-2.4558747,-2.5516202,3,walking
1519421662459,-12.432567,-2.321831,-2.5994933,3,walking
1519421662467,-12.001712,-2.0728924,-2.7814097,3,walking
1519421662474,-11.417664,-2.1207652,-2.3888528,3,walking
1519421662482,-10.689997,-2.149489,-1.8814012,3,walking
1519421662487,-10.412334,-2.1590633,-1.79523,3,walking
1519421662491,-10.0868,-2.149489,-1.709059,3,walking
1519421662496,-9.818711,-2.1111906,-1.6133134,3,walking
1519421662501,-9.225089,-2.0728924,-1.3356512,3,walking
1519421662506,-8.899554,-1.9962958,-1.1058618,3,walking
1519421662510,-8.650616,-1.9196993,-0.8760723,3,walking
1519421662515,-8.392102,-1.8526775,-0.91437054,3,walking
1519421662520,-8.076141,-1.7569319,-0.9718179,3,walking
1519421662525,-7.9803963,-1.709059,-0.9526688,3,walking
1519421662534,-7.654861,-1.6133134,-0.8473486,3,walking
1519421662541,-7.3676243,-1.6611862,-0.78032666,3,walking
1519421662546,-7.3197513,-1.6707608,-0.8664977,3,walking
1519421662550,-7.3006024,-1.79523,-0.90479594,3,walking
1519421662555,-7.3197513,-1.8143792,-0.90479594,3,walking
1519421662560,-7.3006024,-1.8814012,-0.8952214,3,walking
1519421662566,-7.3006024,-1.948423,-0.92394507,3,walking
1519421662571,-7.3389006,-2.1590633,-0.85692316,3,walking
1519421662576,-7.3771987,-2.2739582,-0.83777404,3,walking
1519421662581,-7.46337,-2.4175766,-0.8473486,3,walking
1519421662586,-7.5303917,-2.5420458,-0.8760723,3,walking
1519421662591,-7.5974135,-2.8388572,-0.93351966,3,walking
1519421662596,-7.6452866,-2.9154537,-1.0101161,3,walking
1519421662602,-7.616563,-3.039923,-1.1154363,3,walking
1519421662606,-7.616563,-3.039923,-1.1154363,3,walking
1519421662610,-7.501668,-3.078221,-1.2494801,3,walking
1519421662615,-7.4250717,-3.078221,-1.3356512,3,walking
1519421662624,-7.3389006,-3.0111992,-1.4984187,3,walking
1519421662630,-7.2718787,-2.8963046,-1.709059,3,walking
1519421662635,-7.243155,-2.8580062,-1.79523,3,walking
1519421662640,-7.2240057,-2.7622607,-1.8909757,3,walking
1519421662646,-7.2144313,-2.714388,-1.9388485,3,walking
1519421662651,-7.2623043,-2.6282167,-1.8909757,3,walking
1519421662656,-7.281453,-2.580344,-1.8526775,3,walking
1519421662661,-7.3867736,-2.4558747,-1.7473572,3,walking
1519421662666,-7.4537954,-2.3984275,-1.6803354,3,walking
1519421662671,-7.5208173,-2.3314054,-1.6037389,3,walking
1519421662676,-7.693159,-2.3026817,-1.4888442,3,walking
1519421662682,-7.769756,-2.2260852,-1.4313968,3,walking
1519421662687,-7.8367777,-2.1782124,-1.4122477,3,walking
1519421662692,-7.9899707,-2.0824668,-1.3452257,3,walking
1519421662697,-8.047418,-2.0537431,-1.3452257,3,walking
1519421662702,-8.104865,-1.9675722,-1.3069274,3,walking
1519421662707,-8.143164,-1.9005502,-1.2590547,3,walking
1519421662713,-8.171887,-1.8335283,-1.2590547,3,walking
1519421662723,-8.2676325,-1.7473572,-1.2686293,3,walking
1519421662727,-8.315506,-1.7282082,-1.2399056,3,walking
1519421662733,-8.382527,-1.7282082,-1.2686293,3,walking
1519421662738,-8.401677,-1.7282082,-1.2686293,3,walking
1519421662743,-8.372953,-1.6803354,-1.2494801,3,walking
1519421662748,-8.34423,-1.6899099,-1.2111819,3,walking
1519421662753,-8.315506,-1.6707608,-1.2207564,3,walking
1519421662760,-8.2676325,-1.6324625,-1.2016073,3,walking
1519421662765,-8.21976,-1.6707608,-1.2590547,3,walking
1519421662770,-8.066567,-1.7186337,-1.3165021,3,walking
1519421662776,-8.095291,-1.7569319,-1.3643749,3,walking
1519421662780,-7.999545,-1.8718265,-1.4409714,3,walking
1519421662786,-7.999545,-1.8718265,-1.4409714,3,walking
1519421662791,-7.9325233,-2.0058703,-1.4792696,3,walking
1519421662796,-7.9037995,-2.0633178,-1.4984187,3,walking
1519421662801,-7.9420977,-2.149489,-1.5271424,3,walking
1519421662806,-8.066567,-2.2452345,-1.5750152,3,walking
1519421662811,-8.124015,-2.254809,-1.5941644,3,walking
1519421662816,-8.353804,-2.2835326,-1.6324625,3,walking
1519421662822,-8.526146,-2.3026817,-1.6994845,3,walking
1519421662826,-8.6697645,-2.34098,-1.6803354,3,walking
1519421662831,-8.880404,-2.3026817,-1.6707608,3,walking
1519421662835,-9.071896,-2.3122563,-1.7282082,3,walking
1519421662840,-9.550624,-2.2931073,-1.9005502,3,walking
1519421662845,-9.866585,-2.2643836,-1.9005502,3,walking
1519421662853,-10.393186,-2.3505547,-2.0441687,3,walking
1519421662858,-10.603826,-2.408002,-2.101616,3,walking
1519421662863,-11.1208515,-2.513322,-2.2069361,3,walking
1519421662869,-11.38894,-2.5994933,-2.2356598,3,walking
1519421662874,-11.628304,-2.6856642,-2.3697038,3,walking
1519421662880,-11.905966,-2.8292825,-2.3792782,3,walking
1519421662885,-12.001712,-2.8484318,-2.3792782,3,walking
1519421662889,-12.020861,-2.8963046,-2.321831,3,walking
1519421662894,-11.992137,-2.905879,-2.254809,3,walking
1519421662900,-11.771922,-2.867581,-2.1973617,3,walking
1519421662905,-11.609155,-2.8388572,-2.1973617,3,walking
1519421662910,-11.187874,-2.647366,-2.149489,3,walking
1519421662915,-10.986808,-2.513322,-2.187787,3,walking
1519421662919,-10.728295,-2.3792782,-2.149489,3,walking
1519421662924,-10.498506,-2.1973617,-2.2069361,3,walking
1519421662929,-10.000628,-1.9196993,-2.2739582,3,walking
1519421662935,-9.780414,-1.7665064,-2.360129,3,walking
1519421662940,-9.64637,-1.622888,-2.5228968,3,walking
1519421662945,-9.675094,-1.469695,-2.867581,3,walking
1519421662950,-9.943181,-1.2782038,-3.2218397,3,walking
1519421662955,-11.101703,-1.0196906,-3.8537605,3,walking
1519421662959,-11.791071,-1.1345854,-3.8154624,3,walking
1519421662966,-12.403843,-1.3930986,-3.690993,3,walking
1519421662971,-13.227255,-2.2356598,-2.8292825,3,walking
1519421662975,-13.418746,-2.6952388,-2.427151,3,walking
1519421662979,-13.552791,-3.126094,-2.0824668,3,walking
1519421662984,-13.571939,-3.5760984,-1.7377827,3,walking
1519421662989,-13.504917,-4.3612123,-1.1537346,3,walking
1519421662994,-13.4666195,-4.7250457,-1.0005416,3,walking
1519421663000,-13.179382,-5.2707953,-1.0101161,3,walking
1519421663005,-13.00704,-5.4239883,-1.1728836,3,walking
1519421663009,-12.7964,-5.3952646,-1.3356512,3,walking
1519421663015,-12.451715,-5.3186684,-1.5941644,3,walking
1519421663020,-12.068733,-5.17505,-1.929274,3,walking
1519421663024,-11.312344,-4.83994,-2.4558747,3,walking
1519421663029,-11.025106,-4.6867476,-2.7718353,3,walking
1519421663052,-10.479357,-2.9346027,-4.0548263,3,walking
1519421663057,-10.594251,-2.733537,-4.2558923,3,walking
1519421663061,-10.776168,-2.5324712,-4.303765,3,walking
1519421663065,-10.881488,-2.3697038,-4.2271686,3,walking
1519421663069,-11.05383,-2.2739582,-4.150572,3,walking
1519421663074,-11.235746,-2.2165108,-4.121848,3,walking
1519421663079,-11.637878,-2.034594,-4.1026993,3,walking
1519421663084,-11.800646,-1.8718265,-3.8920588,3,walking
1519421663089,-11.944264,-1.79523,-3.5282254,3,walking
1519421663094,-12.049584,-1.7282082,-3.4420545,3,walking
1519421663099,-12.087883,-1.7377827,-3.2218397,3,walking
1519421663104,-11.982562,-1.8814012,-3.078221,3,walking
1519421663109,-12.011286,-2.0728924,-2.714388,3,walking
1519421663114,-11.915541,-2.101616,-2.513322,3,walking
1519421663119,-11.838944,-2.168638,-2.360129,3,walking
1519421663124,-11.72405,-2.2165108,-2.2931073,3,walking
1519421663129,-11.590006,-2.360129,-2.2739582,3,walking
1519421663134,-11.341067,-2.714388,-2.34098,3,walking
1519421663138,-11.245321,-2.800559,-2.4175766,3,walking
1519421663144,-11.092129,-2.7239625,-2.5037475,3,walking
1519421663149,-10.699572,-2.3984275,-2.666515,3,walking
1519421663154,-10.498506,-2.2835326,-2.7239625,3,walking
1519421663159,-10.316589,-2.168638,-2.7814097,3,walking
1519421663164,-10.096374,-2.101616,-2.8101335,3,walking
1519421663169,-9.732541,-2.0250196,-3.0494976,3,walking
1519421663174,-9.512326,-1.8814012,-2.9920502,3,walking
1519421663179,-9.091045,-1.5941644,-2.867581,3,walking
1519421663184,-8.9761505,-1.6037389,-3.0494976,3,walking
1519421663189,-8.794233,-1.6516117,-3.1356685,3,walking
1519421663194,-8.765511,-1.5079932,-3.193116,3,walking
1519421663199,-8.564445,-1.3643749,-3.2026904,3,walking
1519421663204,-8.401677,-1.2973529,-3.126094,3,walking
1519421663209,-8.334655,-1.2494801,-3.059072,3,walking
1519421663214,-8.258059,-1.1920328,-2.9920502,3,walking
1519421663219,-8.104865,-1.2494801,-2.9920502,3,walking
1519421663225,-8.037844,-1.2973529,-2.9346027,3,walking
1519421663229,-7.9420977,-1.1824582,-2.8580062,3,walking
1519421663234,-7.846352,-1.1058618,-2.752686,3,walking
1519421663239,-7.7506065,-0.92394507,-2.7048132,3,walking
1519421663244,-7.721883,-0.8473486,-2.714388,3,walking
1519421663249,-7.635712,-0.7994758,-2.6760898,3,walking
1519421663255,-7.635712,-0.7994758,-2.6760898,3,walking
1519421663260,-7.46337,-0.7994758,-2.647366,3,walking
1519421663265,-7.434646,-0.76117754,-2.6090677,3,walking
1519421663270,-7.3676243,-0.64628285,-2.5420458,3,walking
1519421663275,-7.3771987,-0.59841,-2.5899186,3,walking
1519421663280,-7.3197513,-0.5218136,-2.6282167,3,walking
1519421663285,-7.3197513,-0.5218136,-2.6282167,3,walking
1519421663289,-7.3389006,-0.50266445,-2.6090677,3,walking
1519421663294,-7.396348,-0.5218136,-2.666515,3,walking
1519421663298,-7.396348,-0.5313881,-2.666515,3,walking
1519421663303,-7.4250717,-0.5888355,-2.647366,3,walking
1519421663309,-7.35805,-0.6845811,-2.5899186,3,walking
1519421663315,-7.348475,-0.77075213,-2.5228968,3,walking
1519421663319,-7.310177,-0.90479594,-2.4367256,3,walking
1519421663325,-7.310177,-0.90479594,-2.4367256,3,walking
1519421663330,-7.3006024,-1.0484143,-2.3792782,3,walking
1519421663335,-7.3197513,-1.1058618,-2.3122563,3,walking
1519421663340,-7.2335806,-1.1824582,-2.2452345,3,walking
1519421663345,-7.2527294,-1.2494801,-2.2643836,3,walking
1519421663351,-7.195282,-1.2973529,-2.2739582,3,walking
1519421663356,-7.156984,-1.4122477,-2.2739582,3,walking
1519421663361,-7.156984,-1.4601204,-2.3122563,3,walking
1519421663366,-7.0803876,-1.4792696,-2.2260852,3,walking
1519421663371,-6.984642,-1.4505459,-2.2643836,3,walking
1519421663376,-6.936769,-1.3930986,-2.2260852,3,walking
1519421663381,-6.869747,-1.3739494,-2.2835326,3,walking
1519421663386,-6.7740016,-1.383524,-2.2739582,3,walking
1519421663391,-6.7740016,-1.4122477,-2.3314054,3,walking
1519421663396,-6.764427,-1.4409714,-2.2452345,3,walking
1519421663402,-6.6495323,-1.2973529,-2.1111906,3,walking
1519421663407,-6.6495323,-1.2973529,-2.1111906,3,walking
1519421663412,-6.525063,-1.2016073,-2.0058703,3,walking
1519421663422,-6.3431463,-1.1154363,-1.862252,3,walking
1519421663427,-6.2474008,-1.1920328,-1.8048047,3,walking
1519421663432,-6.2282515,-1.2399056,-1.7282082,3,walking
1519421663437,-6.1899533,-1.3548003,-1.6611862,3,walking
1519421663443,-6.2378263,-1.4026731,-1.6324625,3,walking
1519421663447,-6.304848,-1.4218222,-1.6516117,3,walking
1519421663453,-6.515488,-1.4218222,-1.6420372,3,walking
1519421663458,-6.630383,-1.3930986,-1.6707608,3,walking
1519421663464,-6.8027253,-1.383524,-1.709059,3,walking
1519421663469,-7.3006024,-1.2877784,-1.7856555,3,walking
1519421663475,-7.5974135,-1.2303311,-1.79523,3,walking
1519421663479,-8.133589,-1.0962871,-1.6899099,3,walking
1519421663485,-8.133589,-1.0962871,-1.6899099,3,walking
1519421663490,-8.44955,-0.9622433,-1.622888,3,walking
1519421663496,-8.765511,-1.0005416,-1.5367169,3,walking
1519421663501,-8.928278,-1.0675635,-1.4888442,3,walking
1519421663506,-9.052747,-1.1345854,-1.5175679,3,walking
1519421663511,-9.3878565,-1.2973529,-1.5750152,3,walking
1519421663516,-9.483603,-1.3643749,-1.6516117,3,walking
1519421663521,-9.617646,-1.3930986,-1.6899099,3,walking
1519421663528,-9.722966,-1.4313968,-1.7569319,3,walking
1519421663534,-9.904882,-1.5079932,-1.7665064,3,walking
1519421663538,-10.000628,-1.5271424,-1.8431029,3,walking
1519421663544,-10.172971,-1.5750152,-1.8718265,3,walking
1519421663548,-10.278291,-1.6037389,-1.862252,3,walking
1519421663554,-10.316589,-1.6516117,-1.9196993,3,walking
1519421663559,-10.383611,-1.7282082,-1.8814012,3,walking
1519421663564,-10.584677,-1.7473572,-1.8718265,3,walking
1519421663569,-10.689997,-1.8335283,-1.8718265,3,walking
1519421663574,-10.804892,-1.9388485,-1.79523,3,walking
1519421663579,-10.910212,-2.1782124,-1.6611862,3,walking
1519421663585,-10.967659,-2.2931073,-1.5845897,3,walking
1519421663590,-11.044255,-2.4367256,-1.1920328,3,walking
1519421663595,-11.05383,-2.4463003,-1.1058618,3,walking
1519421663600,-11.111278,-2.494173,-1.0388398,3,walking
1519421663605,-11.628304,-2.427151,-1.2590547,3,walking
1519421663610,-12.212352,-2.1973617,-1.5750152,3,walking
1519421663615,-12.987891,-1.9675722,-1.9771467,3,walking
1519421663620,-14.931527,-1.5367169,-2.9346027,3,walking
1519421663628,-16.549627,-1.6037389,-3.6239712,3,walking
1519421663633,-17.104952,-1.469695,-3.777164,3,walking
1519421663638,-17.306019,-1.1920328,-3.3558834,3,walking
1519421663680,-12.107032,-2.8101335,-0.9430942,3,walking
1519421663687,-10.92936,-3.4612036,-1.0005416,3,walking
1519421663695,-10.345312,-3.5856729,-1.0101161,3,walking
1519421663705,-9.636795,-3.6431203,-1.1633091,3,walking
1519421663710,-9.703817,-3.499502,-1.2111819,3,walking
1519421663714,-9.885734,-3.3941817,-1.3260766,3,walking
1519421663718,-10.699572,-3.2792869,-1.4888442,3,walking
1519421663723,-11.15915,-3.173967,-1.5941644,3,walking
1519421663728,-11.618729,-3.1165195,-1.6037389,3,walking
1519421663757,-13.485768,-2.513322,-2.321831,3,walking
1519421663765,-13.246405,-1.9579976,-2.7909844,3,walking
1519421663773,-12.710229,-1.5941644,-2.9920502,3,walking
1519421663780,-12.087883,-1.3069274,-3.0686467,3,walking
1519421663786,-11.771922,-1.2494801,-3.0494976,3,walking
1519421663791,-11.436812,-1.2303311,-3.0016246,3,walking
1519421663795,-11.063405,-1.2973529,-2.9633265,3,walking
1519421663799,-10.661273,-1.3165021,-2.8580062,3,walking
1519421663803,-10.259142,-1.383524,-2.6760898,3,walking
1519421663808,-9.866585,-1.3452257,-2.513322,3,walking
1519421663813,-9.119769,-1.3165021,-2.2260852,3,walking
1519421663818,-8.7750845,-1.3260766,-2.1399143,3,walking
1519421663823,-8.44955,-1.3165021,-1.9579976,3,walking
1519421663828,-8.152739,-1.2877784,-1.8718265,3,walking
1519421663833,-7.56869,-1.3739494,-1.6803354,3,walking
1519421663839,-7.2718787,-1.3739494,-1.6994845,3,walking
1519421663843,-7.003791,-1.469695,-1.7282082,3,walking
1519421663848,-6.8122997,-1.5175679,-1.709059,3,walking
1519421663853,-6.37187,-1.6994845,-1.7569319,3,walking
1519421663858,-6.2282515,-1.8526775,-1.7665064,3,walking
1519421663863,-6.065484,-1.9101248,-1.8431029,3,walking
1519421663868,-5.8165455,-2.101616,-1.929274,3,walking
1519421663873,-5.672927,-2.1590633,-2.0633178,3,walking
1519421663878,-5.538883,-2.2260852,-2.034594,3,walking
1519421663884,-5.366541,-2.3792782,-2.2452345,3,walking
1519421663888,-5.299519,-2.408002,-2.2835326,3,walking
1519421663894,-5.222923,-2.5037475,-2.360129,3,walking
1519421663899,-5.1367517,-2.6186423,-2.513322,3,walking
1519421663904,-5.108028,-2.7048132,-2.6377914,3,walking
1519421663909,-5.155901,-2.8484318,-2.8580062,3,walking
1519421663914,-5.2037735,-2.9537518,-2.9441774,3,walking
1519421663920,-5.28037,-3.0111992,-2.9346027,3,walking
1519421663924,-5.3569665,-3.078221,-3.020774,3,walking
1519421663930,-5.529309,-3.2601378,-2.9633265,3,walking
1519421663935,-5.5484576,-3.3367343,-3.0303483,3,walking
1519421663940,-5.5484576,-3.4229054,-3.0111992,3,walking
1519421663945,-5.5484576,-3.671844,-3.0016246,3,walking
1519421663950,-5.586756,-3.7292912,-2.9250283,3,walking
1519421663960,-5.979313,-3.7101421,-2.8292825,3,walking
1519421663965,-6.0367603,-3.7963133,-2.7718353,3,walking
1519421663970,-6.094208,-3.758015,-2.714388,3,walking
1519421663974,-6.1229315,-3.6814184,-2.6090677,3,walking
1519421663978,-6.180379,-3.6335456,-2.5420458,3,walking
1519421663983,-6.2091026,-3.5665238,-2.475024,3,walking
1519421663988,-6.285699,-3.4612036,-2.4367256,3,walking
1519421663994,-6.4005938,-3.2888615,-2.3984275,3,walking
1519421663998,-6.4676156,-3.2409887,-2.408002,3,walking
1519421664004,-6.5346375,-3.1835413,-2.3984275,3,walking
1519421664008,-6.697405,-3.1165195,-2.3122563,3,walking
1519421664013,-6.745278,-3.1069448,-2.321831,3,walking
1519421664018,-6.8888965,-3.020774,-2.2643836,3,walking
1519421664023,-6.9463434,-2.9633265,-2.149489,3,walking
1519421664027,-7.0133657,-2.8771553,-2.1111906,3,walking
1519421664032,-7.1665583,-2.7718353,-1.948423,3,walking
1519421664038,-7.2718787,-2.714388,-1.79523,3,walking
1519421664043,-7.2718787,-2.714388,-1.79523,3,walking
1519421664048,-7.4059224,-2.6377914,-1.7473572,3,walking
1519421664053,-7.501668,-2.647366,-1.6899099,3,walking
1519421664058,-7.7506065,-2.666515,-1.7377827,3,walking
1519421664062,-7.8846507,-2.6760898,-1.709059,3,walking
1519421664068,-8.028269,-2.647366,-1.7377827,3,walking
1519421664073,-8.171887,-2.6856642,-1.7665064,3,walking
1519421664078,-8.439975,-2.7048132,-1.7473572,3,walking
1519421664083,-8.593168,-2.6952388,-1.6994845,3,walking
1519421664088,-8.6697645,-2.714388,-1.6324625,3,walking
1519421664093,-8.746361,-2.714388,-1.5845897,3,walking
1519421664098,-8.851681,-2.7239625,-1.4313968,3,walking
1519421664103,-9.014449,-2.7239625,-1.2590547,3,walking
1519421664108,-9.052747,-2.714388,-1.1345854,3,walking
1519421664113,-9.110194,-2.714388,-1.0675635,3,walking
1519421664117,-9.263388,-2.7909844,-0.8952214,3,walking
1519421664123,-9.2825365,-2.8771553,-0.83777404,3,walking
1519421664128,-9.378282,-2.9250283,-0.78032666,3,walking
1519421664133,-9.426155,-3.0016246,-0.71330476,3,walking
1519421664138,-9.598496,-3.1548176,-0.5888355,3,walking
1519421664144,-9.64637,-3.2409887,-0.5313881,3,walking
1519421664148,-9.818711,-3.2984362,-0.44521707,3,walking
1519421664153,-9.876159,-3.3271596,-0.36862057,3,walking
1519421664157,-10.000628,-3.3941817,-0.28244954,3,walking
1519421664162,-10.182545,-3.4133308,-0.25372586,3,walking
1519421664168,-10.29744,-3.4612036,-0.28244954,3,walking
1519421664173,-10.565528,-3.4899273,-0.17712937,3,walking
1519421664178,-10.814466,-3.4324799,-0.26330042,3,walking
1519421664183,-10.958084,-3.451629,-0.17712937,3,walking
1519421664188,-11.187874,-3.365458,-0.23457673,3,walking
1519421664193,-11.590006,-3.2409887,-0.2154276,3,walking
1519421664198,-11.791071,-3.212265,-0.2441513,3,walking
1519421664203,-12.059159,-3.0877957,-0.30159867,3,walking
1519421664207,-12.336822,-3.0111992,-0.28244954,3,walking
1519421664213,-12.480439,-2.9441774,-0.2920241,3,walking
1519421664218,-12.710229,-2.733537,-0.37819514,3,walking
1519421664222,-12.710229,-2.733537,-0.37819514,3,walking
1519421664227,-12.786825,-2.4558747,-0.54096264,3,walking
1519421664233,-12.748528,-2.3314054,-0.5888355,3,walking
1519421664237,-12.6527815,-1.9771467,-0.71330476,3,walking
1519421664242,-12.490014,-1.8718265,-0.7228793,3,walking
1519421664248,-12.317672,-1.7569319,-0.78032666,3,walking
1519421664253,-12.183628,-1.6324625,-0.78032666,3,walking
1519421664258,-11.819795,-1.383524,-0.8664977,3,walking
1519421664262,-11.618729,-1.2590547,-0.7994758,3,walking
1519421664268,-11.503835,-1.1154363,-0.85692316,3,walking
1519421664272,-11.350641,-1.0101161,-0.8090504,3,walking
1519421664277,-11.187874,-0.91437054,-0.9430942,3,walking
1519421664282,-10.938935,-0.64628285,-1.1728836,3,walking
1519421664288,-11.025106,-0.46436617,-1.6994845,3,walking
1519421664294,-11.025106,-0.46436617,-1.6994845,3,walking
1519421664298,-11.771922,-0.4835153,-2.034594,3,walking
1519421664303,-12.317672,-0.54096264,-1.9005502,3,walking
1519421664312,-13.169807,-0.751603,-1.5271424,3,walking
1519421664318,-13.495343,-1.1345854,-1.0579889,3,walking
1519421664323,-13.581514,-1.5079932,-0.91437054,3,walking
1519421664328,-13.648536,-1.9005502,-0.7994758,3,walking
1519421664363,-11.341067,-3.9207826,-0.665432,3,walking
1519421664368,-10.699572,-3.604822,-1.3643749,3,walking
1519421664378,-10.144247,-3.126094,-2.015445,3,walking
1519421664384,-9.933606,-2.4654493,-2.5994933,3,walking
1519421664388,-9.914457,-2.0728924,-2.800559,3,walking
1519421664393,-9.98148,-1.6324625,-2.9250283,3,walking
1519421664397,-10.421909,-0.8856468,-3.451629,3,walking
1519421664402,-10.421909,-0.8856468,-3.451629,3,walking
1519421664407,-11.063405,-0.2154276,-3.844186,3,walking
1519421664413,-11.341067,0.09095833,-3.825037,3,walking
1519421664418,-11.590006,0.40691882,-3.7963133,3,walking
1519421664423,-11.982562,0.92394507,-3.7675896,3,walking
1519421664428,-12.375119,1.2877784,-3.690993,3,walking
1519421664434,-12.5474615,1.3069274,-3.604822,3,walking
1519421664439,-12.643207,1.2494801,-3.5090764,3,walking
1519421664444,-12.738953,0.98139244,-3.193116,3,walking
1519421664449,-12.767676,0.71330476,-3.1165195,3,walking
1519421664454,-12.700654,0.3877697,-3.1452432,3,walking
1519421664460,-12.5474615,-0.32074776,-3.0303483,3,walking
1519421664464,-12.3463955,-0.6558574,-2.8963046,3,walking
1519421664470,-12.126181,-1.0292653,-2.6377914,3,walking
1519421664480,-11.580431,-1.6994845,-2.666515,3,walking
1519421664485,-11.455961,-1.8431029,-2.7814097,3,walking
1519421664490,-11.293194,-1.9196993,-2.7622607,3,walking
1519421664500,-11.034681,-1.8526775,-2.494173,3,walking
1519421664505,-11.15915,-1.709059,-2.5228968,3,walking
1519421664511,-11.034681,-1.6803354,-2.3888528,3,walking
1519421664515,-10.891063,-1.6324625,-2.2835326,3,walking
1519421664521,-10.757019,-1.622888,-2.1782124,3,walking
1519421664525,-10.603826,-1.5271424,-2.149489,3,walking
1519421664531,-10.326163,-1.383524,-2.1782124,3,walking
1519421664536,-10.153821,-1.4888442,-2.2165108,3,walking
1519421664541,-10.010203,-1.6037389,-2.2643836,3,walking
1519421664546,-9.924032,-1.7282082,-2.3697038,3,walking
1519421664552,-9.54105,-1.79523,-2.4845984,3,walking
1519421664556,-9.320834,-1.6516117,-2.408002,3,walking
1519421664562,-9.100619,-1.5462915,-2.4845984,3,walking
1519421664567,-8.755936,-1.2686293,-2.5037475,3,walking
1519421664573,-8.602742,-1.2494801,-2.5228968,3,walking
1519421664578,-8.545295,-1.2207564,-2.475024,3,walking
1519421664582,-8.32508,-1.1154363,-2.3122563,3,walking
1519421664588,-8.191036,-1.0579889,-2.3026817,3,walking
1519421664593,-7.922949,-0.98139244,-2.1399143,3,walking
1519421664599,-7.8655014,-0.9622433,-2.1111906,3,walking
1519421664604,-7.702734,-1.0101161,-2.0728924,3,walking
1519421664608,-7.6069884,-1.1250108,-2.0250196,3,walking
1519421664614,-7.5974135,-1.1633091,-1.9771467,3,walking
1519421664619,-7.56869,-1.1920328,-1.9962958,3,walking
1519421664624,-7.501668,-1.1824582,-1.9005502,3,walking
1519421664629,-7.511243,-1.2016073,-1.8431029,3,walking
1519421664639,-7.3389006,-1.3548003,-1.7665064,3,walking
1519421664643,-7.329326,-1.3930986,-1.7569319,3,walking
1519421664648,-7.348475,-1.4313968,-1.709059,3,walking
1519421664652,-7.310177,-1.469695,-1.6994845,3,walking
1519421664657,-7.35805,-1.5271424,-1.6707608,3,walking
1519421664662,-7.3867736,-1.5558661,-1.622888,3,walking
1519421664667,-7.3676243,-1.622888,-1.6324625,3,walking
1519421664673,-7.3676243,-1.6803354,-1.6133134,3,walking
1519421664678,-7.3771987,-1.7282082,-1.6133134,3,walking
1519421664683,-7.281453,-1.8048047,-1.5750152,3,walking
1519421664688,-7.2527294,-1.8335283,-1.5462915,3,walking
1519421664694,-7.2527294,-1.9005502,-1.4601204,3,walking
1519421664698,-7.089962,-2.0441687,-1.3260766,3,walking
1519421664703,-7.089962,-2.0441687,-1.3260766,3,walking
1519421664707,-7.051664,-2.1782124,-1.2782038,3,walking
1519421664712,-6.975067,-2.2165108,-1.2494801,3,walking
1519421664717,-6.8793216,-2.2835326,-1.2782038,3,walking
1519421664723,-6.831449,-2.2835326,-1.2973529,3,walking
1519421664728,-6.783576,-2.321831,-1.2782038,3,walking
1519421664733,-6.8027253,-2.3122563,-1.2877784,3,walking
1519421664738,-6.7740016,-2.3697038,-1.3548003,3,walking
1519421664743,-6.8601727,-2.3314054,-1.3739494,3,walking
1519421664748,-6.898471,-2.3697038,-1.5462915,3,walking
1519421664753,-6.8888965,-2.3792782,-1.5367169,3,walking
1519421664759,-6.8888965,-2.3697038,-1.5654407,3,walking
1519421664764,-6.9080453,-2.2835326,-1.6611862,3,walking
1519421664769,-6.8122997,-2.2931073,-1.6324625,3,walking
1519421664774,-6.7931504,-2.3026817,-1.6803354,3,walking
1519421664779,-6.7548523,-2.2452345,-1.6420372,3,walking
1519421664784,-6.668681,-2.2452345,-1.5845897,3,walking
1519421664789,-6.639958,-2.1973617,-1.5271424,3,walking
1519421664794,-6.5729356,-2.2356598,-1.4505459,3,walking
1519421664799,-6.5537868,-2.1973617,-1.4505459,3,walking
1519421664804,-6.525063,-2.2739582,-1.383524,3,walking
1519421664809,-6.6016593,-2.2356598,-1.3548003,3,walking
1519421664820,-6.783576,-2.3314054,-1.3260766,3,walking
1519421664825,-6.8793216,-2.321831,-1.3643749,3,walking
1519421664830,-7.042089,-2.3314054,-1.4122477,3,walking
1519421664840,-7.434646,-2.3888528,-1.5175679,3,walking
1519421664845,-7.5974135,-2.3984275,-1.6324625,3,walking
1519421664850,-7.9516726,-2.360129,-1.7665064,3,walking
1519421664855,-8.047418,-2.4175766,-1.8143792,3,walking
1519421664861,-8.296356,-2.4463003,-1.8431029,3,walking
1519421664865,-8.727212,-2.4367256,-1.9196993,3,walking
1519421664871,-8.957002,-2.4463003,-1.9388485,3,walking
1519421664876,-9.110194,-2.4654493,-1.9388485,3,walking
1519421664880,-9.244238,-2.5228968,-1.8909757,3,walking
1519421664886,-9.435729,-2.5228968,-1.9675722,3,walking
1519421664892,-9.703817,-2.580344,-1.929274,3,walking
1519421664897,-9.780414,-2.561195,-1.9388485,3,walking
1519421664903,-9.991054,-2.6282167,-1.8431029,3,walking
1519421664908,-10.096374,-2.580344,-1.862252,3,walking
1519421664913,-10.163396,-2.6090677,-1.7856555,3,walking
1519421664917,-10.326163,-2.5899186,-1.7569319,3,walking
1519421664922,-10.326163,-2.5899186,-1.7569319,3,walking
1519421664928,-10.622974,-2.513322,-1.7377827,3,walking
1519421664933,-10.71872,-2.4845984,-1.6803354,3,walking
1519421664937,-10.843189,-2.4367256,-1.6324625,3,walking
1519421664942,-10.881488,-2.3888528,-1.5462915,3,walking
1519421664947,-10.881488,-2.3697038,-1.4792696,3,walking
1519421664952,-10.843189,-2.2835326,-1.4218222,3,walking
1519421664957,-10.737869,-2.1973617,-1.2686293,3,walking
1519421664962,-10.651698,-2.1782124,-1.1633091,3,walking
1519421664967,-10.862339,-2.0441687,-1.1824582,3,walking
1519421664972,-10.862339,-2.0441687,-1.1824582,3,walking
1519421664977,-11.647452,-1.6611862,-1.5750152,3,walking
1519421664981,-12.288948,-1.469695,-1.9101248,3,walking
1519421664991,-13.734707,-1.1920328,-2.6569405,3,walking
1519421664997,-14.586843,-1.3548003,-2.9537518,3,walking
1519421665002,-14.175137,-1.7856555,-2.6090677,3,walking
1519421665008,-13.629387,-2.0633178,-2.321831,3,walking
1519421665013,-13.083637,-2.321831,-2.2069361,3,walking
1519421665017,-12.67193,-2.4463003,-2.101616,3,walking
1519421665022,-12.260224,-2.561195,-1.929274,3,walking
1519421665026,-11.896391,-2.6856642,-1.7282082,3,walking
1519421665031,-10.967659,-2.8771553,-1.3165021,3,walking
1519421665037,-10.374036,-2.9633265,-1.0867126,3,walking
1519421665042,-9.7899885,-3.020774,-0.9430942,3,walking
1519421665047,-9.330409,-3.039923,-0.8186249,3,walking
1519421665057,-7.7984796,-2.4463003,-0.59841,3,walking
1519421665062,-7.7984796,-2.4463003,-0.59841,3,walking
1519421665067,-7.511243,-2.0058703,-0.61755913,3,walking
1519421665072,-7.6069884,-1.7665064,-0.7228793,3,walking
1519421665076,-7.8367777,-1.5367169,-0.8186249,3,walking
1519421665081,-8.305931,-1.3165021,-0.9622433,3,walking
1519421665086,-9.665519,-1.0005416,-1.3930986,3,walking
1519421665091,-10.383611,-0.93351966,-1.5558661,3,walking
1519421665104,-12.518738,-1.3930986,-2.0920415,3,walking
1519421665109,-12.863422,-1.6133134,-2.1782124,3,walking
1519421665113,-13.093211,-1.7377827,-2.187787,3,walking
1519421665117,-13.303852,-1.8526775,-2.1973617,3,walking
1519421665121,-13.370873,-1.9867213,-2.2452345,3,walking
1519421665127,-13.390023,-2.0728924,-2.3697038,3,walking
1519421665131,-13.323001,-2.1303396,-2.3792782,3,walking
1519421665136,-13.179382,-2.1590633,-2.3697038,3,walking
1519421665151,-12.097457,-2.2069361,-2.321831,3,walking
1519421665157,-11.49426,-2.1207652,-2.3122563,3,walking
1519421665162,-11.235746,-2.0537431,-2.2739582,3,walking
1519421665167,-11.005958,-1.929274,-2.2356598,3,walking
1519421665172,-11.005958,-1.929274,-2.2356598,3,walking
1519421665176,-10.249567,-1.5271424,-2.0250196,3,walking
1519421665181,-10.010203,-1.4409714,-2.0058703,3,walking
1519421665186,-9.675094,-1.469695,-1.9867213,3,walking
1519421665191,-9.378282,-1.4984187,-1.8048047,3,walking
1519421665197,-9.014449,-1.6899099,-1.5941644,3,walking
1519421665201,-8.861256,-1.7186337,-1.5079932,3,walking
1519421665206,-8.708063,-1.6803354,-1.3930986,3,walking
1519421665211,-8.420826,-1.8526775,-1.4122477,3,walking
1519421665217,-8.305931,-1.8526775,-1.3548003,3,walking
1519421665221,-8.152739,-1.9005502,-1.2494801,3,walking
1519421665227,-7.8367777,-2.1303396,-1.2207564,3,walking
1519421665232,-7.788905,-2.1590633,-1.2782038,3,walking
1519421665237,-7.6835847,-2.2739582,-1.2303311,3,walking
1519421665242,-7.4920936,-2.3122563,-1.2590547,3,walking
1519421665248,-7.4154973,-2.2931073,-1.1728836,3,walking
1519421665253,-7.204857,-2.2165108,-1.1728836,3,walking
1519421665258,-7.195282,-2.2069361,-1.1920328,3,walking
1519421665263,-7.176133,-2.168638,-1.1250108,3,walking
1519421665268,-7.12826,-2.2260852,-1.0962871,3,walking
1519421665273,-7.0995364,-2.2356598,-1.0675635,3,walking
1519421665278,-7.0325146,-2.254809,-1.0484143,3,walking
1519421665282,-7.0133657,-2.321831,-1.0005416,3,walking
1519421665287,-6.984642,-2.360129,-1.0101161,3,walking
1519421665292,-6.9942164,-2.360129,-1.0196906,3,walking
1519421665297,-7.0133657,-2.3505547,-1.0579889,3,walking
1519421665302,-6.9654927,-2.321831,-1.0675635,3,walking
1519421665307,-7.0612383,-2.321831,-1.1824582,3,walking
1519421665312,-7.0612383,-2.321831,-1.1824582,3,walking
1519421665316,-7.1665583,-2.2931073,-1.2016073,3,walking
1519421665322,-7.204857,-2.2931073,-1.2494801,3,walking
1519421665326,-7.2527294,-2.321831,-1.2399056,3,walking
1519421665332,-7.329326,-2.3122563,-1.2207564,3,walking
1519421665337,-7.4442205,-2.3792782,-1.2207564,3,walking
1519421665342,-7.5208173,-2.427151,-1.2399056,3,walking
1519421665347,-7.587839,-2.4463003,-1.0771381,3,walking
1519421665352,-7.587839,-2.4463003,-1.0771381,3,walking
1519421665357,-7.8367777,-2.4654493,-0.85692316,3,walking
1519421665361,-7.9037995,-2.494173,-0.8090504,3,walking
1519421665366,-8.056993,-2.5324712,-0.6271337,3,walking
1519421665371,-8.11444,-2.5324712,-0.5505372,3,walking
1519421665377,-8.171887,-2.5037475,-0.46436617,3,walking
1519421665381,-8.1623125,-2.4845984,-0.40691882,3,walking
1519421665387,-8.1623125,-2.3697038,-0.17712937,3,walking
1519421665392,-8.171887,-2.3026817,-0.13883112,3,walking
1519421665397,-8.171887,-2.1399143,-0.03351096,3,walking
1519421665402,-8.1623125,-2.0633178,-0.014361841,3,walking
1519421665407,-8.210186,-1.9771467,-0.014361841,3,walking
1519421665412,-8.191036,-1.8909757,-0.05266008,3,walking
1519421665417,-8.210186,-1.776081,-0.043085523,3,walking
1519421665422,-8.210186,-1.7282082,-0.0718092,3,walking
1519421665427,-8.305931,-1.5367169,-0.14840569,3,walking
1519421665432,-8.401677,-1.4505459,-0.19627848,3,walking
1519421665437,-8.621892,-1.2877784,-0.25372586,3,walking
1519421665441,-8.621892,-1.2877784,-0.25372586,3,walking
1519421665447,-8.832532,-1.1728836,-0.3877697,3,walking
1519421665452,-8.918703,-1.1345854,-0.50266445,3,walking
1519421665457,-9.0814705,-1.1058618,-0.5505372,3,walking
1519421665462,-9.167642,-1.1058618,-0.6271337,3,walking
1519421665467,-9.253813,-1.0579889,-0.6845811,3,walking
1519421665473,-9.263388,-1.0867126,-0.7228793,3,walking
1519421665478,-9.263388,-1.14416,-0.83777404,3,walking
1519421665483,-9.301685,-1.1728836,-0.85692316,3,walking
1519421665488,-9.225089,-1.4122477,-0.8856468,3,walking
1519421665493,-9.20594,-1.5079932,-0.9622433,3,walking
1519421665498,-9.2825365,-1.6611862,-1.0579889,3,walking
1519421665503,-9.301685,-1.6899099,-1.0771381,3,walking
1519421665508,-9.407005,-1.7665064,-1.14416,3,walking
1519421665518,-9.780414,-1.9675722,-1.1728836,3,walking
1519421665523,-9.914457,-1.9771467,-1.1728836,3,walking
1519421665529,-10.115523,-2.0824668,-1.1824582,3,walking
1519421665539,-10.757019,-2.34098,-1.1537346,3,walking
1519421665544,-10.986808,-2.3792782,-1.1633091,3,walking
1519421665549,-11.465536,-2.4654493,-1.1345854,3,walking
1519421665556,-11.657027,-2.4654493,-1.1250108,3,walking
1519421665560,-11.82937,-2.4558747,-1.0388398,3,walking
1519421665565,-12.0400095,-2.3984275,-1.0388398,3,walking
1519421665569,-12.107032,-2.360129,-1.0484143,3,walking
1519421665574,-12.097457,-2.3314054,-1.0196906,3,walking
1519421665579,-12.078308,-2.321831,-1.0962871,3,walking
1519421665587,-11.867668,-2.2165108,-1.2016073,3,walking
1519421665592,-11.781497,-2.1399143,-1.2590547,3,walking
1519421665596,-11.628304,-1.8814012,-1.4792696,3,walking
1519421665601,-11.628304,-1.8814012,-1.4792696,3,walking
1519421665607,-11.398514,-1.5941644,-1.7186337,3,walking
1519421665612,-11.140001,-1.3452257,-2.0058703,3,walking
1519421665617,-11.207023,-1.2303311,-2.2452345,3,walking
1519421665622,-11.398514,-0.98139244,-2.5707695,3,walking
1519421665627,-12.279374,-0.63670826,-3.2792869,3,walking
1519421665633,-12.844273,-0.5218136,-3.4612036,3,walking
1519421665638,-13.380448,-0.61755913,-3.4612036,3,walking
1519421665645,-13.935773,-1.2399056,-2.9441774,3,walking
1519421665650,-13.974071,-1.7186337,-2.561195,3,walking
1519421665655,-13.734707,-2.6952388,-2.0058703,3,walking
1519421665660,-13.562365,-3.0973704,-1.776081,3,walking
1519421665697,-11.26447,-3.1165195,-2.2643836,3,walking
1519421665705,-10.986808,-2.9346027,-2.4845984,3,walking
1519421665713,-10.498506,-2.2452345,-3.0016246,3,walking
1519421665718,-10.450633,-1.9962958,-3.173967,3,walking
1519421665723,-10.479357,-1.7186337,-3.384607,3,walking
1519421665728,-10.776168,-1.3069274,-3.6814184,3,walking
1519421665733,-10.938935,-1.1537346,-3.7963133,3,walking
1519421665738,-11.082554,-1.1154363,-3.8346114,3,walking
1519421665742,-11.226172,-1.1154363,-3.777164,3,walking
1519421665747,-11.302769,-1.1824582,-3.7292912,3,walking
1519421665752,-11.38894,-1.2111819,-3.671844,3,walking
1519421665756,-11.379365,-1.383524,-3.5282254,3,walking
1519421665761,-11.379365,-1.383524,-3.5282254,3,walking
1519421665766,-11.245321,-1.6324625,-3.2792869,3,walking
1519421665771,-11.130426,-1.9388485,-2.9920502,3,walking
1519421665776,-11.130426,-1.9388485,-2.9920502,3,walking
1519421665782,-10.92936,-2.2069361,-2.6569405,3,walking
1519421665787,-10.699572,-2.3888528,-2.4463003,3,walking
1519421665792,-10.603826,-2.4558747,-2.3984275,3,walking
1519421665797,-10.498506,-2.494173,-2.34098,3,walking
1519421665807,-10.249567,-2.321831,-2.321831,3,walking
1519421665813,-10.153821,-2.2069361,-2.3122563,3,walking
1519421665817,-10.115523,-2.1111906,-2.3122563,3,walking
1519421665822,-10.058076,-2.0250196,-2.4175766,3,walking
1519421665826,-10.0868,-1.8909757,-2.3984275,3,walking
1519421665831,-10.058076,-1.7473572,-2.408002,3,walking
1519421665836,-9.952756,-1.5941644,-2.427151,3,walking
1519421665841,-9.991054,-1.4888442,-2.4367256,3,walking
1519421665846,-9.914457,-1.4409714,-2.360129,3,walking
1519421665851,-9.885734,-1.3930986,-2.3697038,3,walking
1519421665857,-9.608071,-1.3548003,-2.2069361,3,walking
1519421665861,-9.474028,-1.3643749,-2.2165108,3,walking
1519421665866,-9.20594,-1.4409714,-2.0633178,3,walking
1519421665871,-9.20594,-1.4409714,-2.0633178,3,walking
1519421665877,-8.842107,-1.5175679,-2.0058703,3,walking
1519421665882,-8.708063,-1.5175679,-2.0537431,3,walking
1519421665887,-8.583593,-1.5558661,-2.0728924,3,walking
1519421665893,-8.478273,-1.5654407,-2.0920415,3,walking
1519421665898,-8.171887,-1.6133134,-2.1111906,3,walking
1519421665902,-8.028269,-1.6420372,-2.0920415,3,walking
1519421665908,-7.8846507,-1.6133134,-2.0824668,3,walking
1519421665913,-7.855927,-1.5941644,-2.1399143,3,walking
1519421665918,-7.808054,-1.6707608,-2.2260852,3,walking
1519421665928,-7.8176284,-1.7569319,-2.2931073,3,walking
1519421665933,-7.788905,-1.7665064,-2.34098,3,walking
1519421665938,-7.7314577,-1.8143792,-2.4175766,3,walking
1519421665949,-7.855927,-1.776081,-2.3505547,3,walking
1519421665954,-7.875076,-1.7569319,-2.4175766,3,walking
1519421665959,-7.9420977,-1.7473572,-2.408002,3,walking
1519421665969,-7.9133744,-1.7473572,-2.3984275,3,walking
1519421665974,-7.9037995,-1.7282082,-2.34098,3,walking
1519421665979,-7.8846507,-1.776081,-2.3505547,3,walking
1519421665983,-7.808054,-1.8335283,-2.2739582,3,walking
1519421665988,-7.8367777,-1.8814012,-2.3314054,3,walking
1519421665992,-7.808054,-1.929274,-2.3026817,3,walking
1519421665997,-7.7314577,-1.9771467,-2.3122563,3,walking
1519421666002,-7.6069884,-2.1111906,-2.3122563,3,walking
1519421666007,-7.6069884,-2.1399143,-2.321831,3,walking
1519421666012,-7.6069884,-2.1399143,-2.321831,3,walking
1519421666018,-7.5399666,-2.2835326,-2.2643836,3,walking
1519421666023,-7.5399666,-2.321831,-2.2165108,3,walking
1519421666028,-7.501668,-2.3505547,-2.1111906,3,walking
1519421666037,-7.4729443,-2.3888528,-2.1207652,3,walking
1519421666042,-7.4729443,-2.3888528,-2.1207652,3,walking
1519421666046,-7.434646,-2.3888528,-2.0633178,3,walking
1519421666054,-7.549541,-2.321831,-2.168638,3,walking
1519421666058,-7.5303917,-2.2931073,-2.1973617,3,walking
1519421666063,-7.5782647,-2.254809,-2.187787,3,walking
1519421666068,-7.5974135,-2.2069361,-2.254809,3,walking
1519421666074,-7.5974135,-2.1399143,-2.2643836,3,walking
1519421666079,-7.5974135,-2.101616,-2.2739582,3,walking
1519421666084,-7.5208173,-2.0633178,-2.2260852,3,walking
1519421666088,-7.46337,-2.0728924,-2.2069361,3,walking
1519421666093,-7.4154973,-2.0728924,-2.1782124,3,walking
1519421666098,-7.3867736,-2.0441687,-2.149489,3,walking
1519421666108,-7.2335806,-1.9962958,-1.9962958,3,walking
1519421666113,-7.1665583,-1.9962958,-1.948423,3,walking
1519421666118,-7.1857076,-1.9196993,-1.9005502,3,walking
1519421666127,-7.1186857,-1.8814012,-1.8143792,3,walking
1519421666133,-7.089962,-1.8526775,-1.8335283,3,walking
1519421666138,-7.0995364,-1.8143792,-1.8143792,3,walking
1519421666143,-7.2910275,-1.8526775,-1.8239537,3,walking
1519421666148,-7.3389006,-1.8048047,-1.8143792,3,walking
1519421666153,-7.46337,-1.8143792,-1.7856555,3,walking
1519421666158,-7.616563,-1.8143792,-1.8239537,3,walking
1519421666164,-7.999545,-1.776081,-1.776081,3,walking
1519421666169,-8.23891,-1.7665064,-1.8239537,3,walking
1519421666174,-8.650616,-1.8143792,-1.8239537,3,walking
1519421666181,-9.043172,-1.8239537,-1.9005502,3,walking
1519421666187,-9.043172,-1.8239537,-1.9005502,3,walking
1519421666193,-9.550624,-1.8335283,-1.9196993,3,walking
1519421666198,-9.64637,-1.79523,-1.9675722,3,walking
1519421666203,-9.675094,-1.6899099,-1.9675722,3,walking
1519421666208,-9.675094,-1.622888,-1.929274,3,walking
1519421666217,-9.483603,-1.4409714,-1.862252,3,walking
1519421666223,-9.397431,-1.3452257,-1.8335283,3,walking
1519421666228,-9.301685,-1.2973529,-1.7282082,3,walking
1519421666238,-9.043172,-1.1633091,-1.4792696,3,walking
1519421666247,-9.024023,-1.14416,-1.3165021,3,walking
1519421666254,-9.0814705,-1.2494801,-1.0579889,3,walking
1519421666259,-9.215514,-1.3069274,-0.9718179,3,walking
1519421666264,-9.368708,-1.4218222,-0.8186249,3,walking
1519421666269,-9.770839,-1.5271424,-0.7994758,3,walking
1519421666274,-10.0868,-1.5367169,-0.8281995,3,walking
1519421666279,-10.5080805,-1.5271424,-0.9526688,3,walking
1519421666288,-12.786825,-1.2303311,-1.8143792,3,walking
1519421666295,-14.634716,-1.3356512,-2.4654493,3,walking
1519421666300,-14.634716,-1.3356512,-2.4654493,3,walking
1519421666305,-15.6113205,-1.9771467,-2.7048132,3,walking
1519421666310,-15.582597,-2.2931073,-2.714388,3,walking
1519421666346,-9.933606,-3.126094,-0.5792609,3,walking
1519421666351,-9.933606,-3.126094,-0.5792609,3,walking
1519421666355,-8.957002,-3.020774,-0.36862057,3,walking
1519421666368,-8.124015,-2.2931073,-0.37819514,3,walking
1519421666374,-8.210186,-1.6133134,-0.56011176,3,walking
1519421666378,-8.583593,-1.2207564,-0.7324539,3,walking
1519421666383,-9.119769,-0.8760723,-0.90479594,3,walking
1519421666387,-9.85701,-0.5888355,-1.1728836,3,walking
1519421666414,-13.974071,-0.59841,-2.187787,3,walking
1519421666422,-13.99322,-0.8090504,-2.2739582,3,walking
1519421666430,-13.686834,-0.83777404,-2.2260852,3,walking
1519421666438,-13.399597,-0.751603,-2.1111906,3,walking
1519421666445,-12.480439,-0.6558574,-2.0250196,3,walking
1519421666454,-11.800646,-0.46436617,-1.948423,3,walking
1519421666461,-11.800646,-0.46436617,-1.948423,3,walking
1519421666467,-10.82404,-0.359046,-1.7473572,3,walking
1519421666472,-10.565528,-0.3877697,-1.7569319,3,walking
1519421666477,-10.268716,-0.47394073,-1.6994845,3,walking
1519421666483,-9.732541,-0.665432,-1.5558661,3,walking
1519421666488,-9.464453,-0.8090504,-1.4601204,3,walking
1519421666493,-9.263388,-0.8856468,-1.4601204,3,walking
1519421666498,-9.052747,-1.0101161,-1.4601204,3,walking
1519421666503,-8.679339,-1.2686293,-1.4409714,3,walking
1519421666508,-8.459125,-1.3643749,-1.4409714,3,walking
1519421666517,-7.9516726,-1.709059,-1.2399056,3,walking
1519421666523,-7.5591154,-2.0824668,-1.2494801,3,walking
1519421666528,-7.4059224,-2.1973617,-1.2111819,3,walking
1519421666537,-7.137835,-2.494173,-1.2590547,3,walking
1519421666543,-7.089962,-2.475024,-1.2973529,3,walking
1519421666547,-7.003791,-2.427151,-1.2207564,3,walking
1519421666557,-6.7931504,-2.3505547,-1.2207564,3,walking
1519421666563,-6.8122997,-2.321831,-1.2207564,3,walking
1519421666567,-6.8122997,-2.3505547,-1.2207564,3,walking
1519421666572,-6.7740016,-2.3888528,-1.2973529,3,walking
1519421666577,-6.7357035,-2.3984275,-1.3165021,3,walking
1519421666582,-6.7548523,-2.3984275,-1.3452257,3,walking
1519421666587,-6.764427,-2.3984275,-1.3643749,3,walking
1519421666593,-6.783576,-2.3984275,-1.4122477,3,walking
1519421666598,-6.8793216,-2.4175766,-1.4984187,3,walking
1519421666603,-6.936769,-2.360129,-1.6037389,3,walking
1519421666608,-7.0995364,-2.3888528,-1.709059,3,walking
1519421666613,-7.2527294,-2.408002,-1.7377827,3,walking
1519421666618,-7.3389006,-2.4558747,-1.79523,3,walking
1519421666623,-7.6069884,-2.4654493,-1.7473572,3,walking
1519421666628,-7.7123084,-2.5324712,-1.7282082,3,walking
1519421666632,-7.8272033,-2.561195,-1.7282082,3,walking
1519421666637,-7.9420977,-2.6282167,-1.6420372,3,walking
1519421666642,-8.181462,-2.666515,-1.4122477,3,walking
1519421666648,-8.2676325,-2.6856642,-1.3165021,3,walking
1519421666653,-8.315506,-2.7239625,-1.3165021,3,walking
1519421666658,-8.363379,-2.7622607,-1.1824582,3,walking
1519421666663,-8.44955,-2.7431116,-1.0962871,3,walking
1519421666668,-8.459125,-2.6760898,-1.0771381,3,walking
1519421666673,-8.439975,-2.647366,-0.93351966,3,walking
1519421666678,-8.478273,-2.5228968,-0.9430942,3,walking
1519421666683,-8.487848,-2.2835326,-0.8856468,3,walking
1519421666688,-8.497422,-2.149489,-0.92394507,3,walking
1519421666693,-8.487848,-2.0441687,-0.8856468,3,walking
1519421666698,-8.564445,-1.8335283,-0.8473486,3,walking
1519421666703,-8.621892,-1.709059,-0.8664977,3,walking
1519421666708,-8.631466,-1.6707608,-0.85692316,3,walking
1519421666713,-8.755936,-1.6133134,-0.8664977,3,walking
1519421666718,-8.832532,-1.6324625,-0.8090504,3,walking
1519421666723,-8.918703,-1.6420372,-0.7994758,3,walking
1519421666728,-9.014449,-1.6324625,-0.78032666,3,walking
1519421666733,-9.148493,-1.6611862,-0.751603,3,walking
1519421666738,-9.177217,-1.6803354,-0.751603,3,walking
1519421666743,-9.272962,-1.6516117,-0.6750065,3,walking
1519421666748,-9.407005,-1.6707608,-0.71330476,3,walking
1519421666753,-9.531475,-1.79523,-0.76117754,3,walking
1519421666758,-9.531475,-1.8048047,-0.78990126,3,walking
1519421666763,-9.54105,-1.8526775,-0.8090504,3,walking
1519421666768,-9.5889225,-1.8718265,-0.85692316,3,walking
1519421666773,-9.454879,-1.8239537,-0.85692316,3,walking
1519421666778,-9.3878565,-1.8143792,-0.90479594,3,walking
1519421666783,-9.263388,-1.776081,-0.9430942,3,walking
1519421666788,-9.0814705,-1.7569319,-1.0388398,3,walking
1519421666793,-9.0814705,-1.7473572,-1.0579889,3,walking
1519421666798,-9.004874,-1.7473572,-1.0196906,3,walking
1519421666803,-8.937852,-1.8048047,-1.0292653,3,walking
1519421666808,-8.928278,-1.7856555,-1.0388398,3,walking
1519421666813,-8.928278,-1.7665064,-1.0388398,3,walking
1519421666818,-8.957002,-1.7569319,-1.0484143,3,walking
1519421666823,-9.100619,-1.7282082,-1.0484143,3,walking
1519421666828,-9.2825365,-1.7186337,-1.0484143,3,walking
1519421666833,-9.665519,-1.7473572,-1.0388398,3,walking
1519421666838,-9.665519,-1.7473572,-1.0388398,3,walking
1519421666843,-10.058076,-1.8143792,-1.0196906,3,walking
1519421666848,-10.278291,-1.8335283,-1.0101161,3,walking
1519421666854,-10.699572,-2.0250196,-0.90479594,3,walking
1519421666858,-10.891063,-2.0441687,-0.8952214,3,walking
1519421666863,-11.092129,-2.0920415,-0.85692316,3,walking
1519421666867,-11.235746,-2.149489,-0.8664977,3,walking
1519421666872,-11.36979,-2.1399143,-0.8760723,3,walking
1519421666877,-11.465536,-2.101616,-1.0771381,3,walking
1519421666883,-11.446387,-2.0058703,-1.2111819,3,walking
1519421666888,-11.484685,-1.9196993,-1.3548003,3,walking
1519421666893,-11.360216,-1.6611862,-1.6420372,3,walking
1519421666898,-11.28362,-1.5845897,-1.79523,3,walking
1519421666903,-11.15915,-1.4601204,-1.9388485,3,walking
1519421666908,-11.044255,-1.3643749,-1.9867213,3,walking
1519421666912,-10.699572,-1.2111819,-2.0920415,3,walking
1519421666917,-10.546378,-1.1920328,-2.168638,3,walking
1519421666922,-10.441058,-1.1633091,-2.2260852,3,walking
1519421666927,-10.421909,-1.1920328,-2.2835326,3,walking
1519421666933,-10.766593,-1.0675635,-2.6760898,3,walking
1519421666938,-11.274045,-1.0196906,-2.9250283,3,walking
1519421666942,-11.944264,-1.1250108,-3.1548176,3,walking
1519421666949,-13.3612995,-1.7377827,-2.8101335,3,walking
1519421666954,-13.7730055,-2.3026817,-2.34098,3,walking
1519421666958,-13.8879,-3.059072,-1.9005502,3,walking
1519421666962,-13.600663,-4.4856815,-1.1058618,3,walking
1519421666967,-13.351725,-5.079304,-0.8473486,3,walking
1519421666972,-13.208106,-5.462287,-0.7420284,3,walking
1519421666977,-13.188957,-5.6633525,-0.7994758,3,walking
1519421667000,-12.298523,-4.6771727,-1.6133134,3,walking
1519421667005,-11.503835,-4.016528,-2.2069361,3,walking
1519421667012,-11.26447,-3.7101421,-2.408002,3,walking
1519421667017,-11.015532,-3.4037561,-2.5899186,3,walking
1519421667023,-10.527229,-2.8292825,-2.6569405,3,walking
1519421667028,-10.364462,-2.5324712,-2.647366,3,walking
1519421667037,-10.0868,-2.0633178,-2.561195,3,walking
1519421667043,-9.876159,-1.7186337,-2.5037475,3,walking
1519421667048,-9.85701,-1.5750152,-2.4558747,3,walking
1519421667053,-9.780414,-1.4218222,-2.168638,3,walking
1519421667059,-9.818711,-1.3643749,-2.034594,3,walking
1519421667063,-9.914457,-1.2973529,-1.862252,3,walking
1519421667069,-10.019777,-1.2303311,-1.7665064,3,walking
1519421667074,-10.259142,-1.3069274,-1.5462915,3,walking
1519421667079,-10.374036,-1.4792696,-1.4122477,3,walking
1519421667084,-10.517654,-1.8048047,-1.2590547,3,walking
1519421667092,-10.603826,-2.1973617,-1.1058618,3,walking
1519421667097,-10.6134,-2.34098,-1.0005416,3,walking
1519421667102,-10.689997,-2.5324712,-0.92394507,3,walking
1519421667107,-10.71872,-2.7239625,-0.85692316,3,walking
1519421667113,-10.804892,-3.0494976,-0.751603,3,walking
1519421667118,-10.843189,-3.1548176,-0.78032666,3,walking
1519421667122,-10.82404,-3.2505634,-0.78032666,3,walking
1519421667127,-10.804892,-3.2409887,-0.8952214,3,walking
1519421667133,-10.852764,-3.126094,-1.0005416,3,walking
1519421667137,-10.900637,-2.9250283,-1.14416,3,walking
1519421667142,-10.910212,-2.6186423,-1.2973529,3,walking
1519421667146,-10.92936,-2.475024,-1.4122477,3,walking
1519421667152,-10.967659,-2.3026817,-1.5462915,3,walking
1519421667156,-10.891063,-2.149489,-1.6324625,3,walking
1519421667166,-10.603826,-2.0058703,-1.9867213,3,walking
1519421667171,-10.584677,-1.8909757,-2.0920415,3,walking
1519421667176,-10.603826,-1.8431029,-2.1973617,3,walking
1519421667182,-10.498506,-1.6707608,-2.2260852,3,walking
1519421667187,-10.268716,-1.5367169,-2.0633178,3,walking
1519421667192,-9.866585,-1.5462915,-1.9867213,3,walking
1519421667197,-9.483603,-1.622888,-2.101616,3,walking
1519421667202,-9.18679,-1.6037389,-2.0728924,3,walking
1519421667208,-9.244238,-1.469695,-1.8431029,3,walking
1519421667213,-9.177217,-1.3356512,-1.9005502,3,walking
1519421667218,-9.052747,-1.2399056,-1.8814012,3,walking
1519421667223,-8.909128,-1.1154363,-1.79523,3,walking
1519421667228,-8.794233,-0.99096704,-1.7473572,3,walking
1519421667233,-8.727212,-0.8473486,-1.469695,3,walking
1519421667238,-8.593168,-0.90479594,-1.5654407,3,walking
1519421667242,-8.44955,-0.99096704,-1.5367169,3,walking
1519421667247,-8.286782,-0.99096704,-1.383524,3,walking
1519421667256,-8.152739,-1.1058618,-1.4792696,3,walking
1519421667261,-8.191036,-1.0867126,-1.4601204,3,walking
1519421667266,-8.23891,-1.1154363,-1.4409714,3,walking
1519421667272,-8.372953,-1.1633091,-1.5271424,3,walking
1519421667278,-8.439975,-1.2494801,-1.6037389,3,walking
1519421667282,-8.535721,-1.3260766,-1.7377827,3,walking
1519421667288,-8.516571,-1.4505459,-1.7856555,3,walking
1519421667293,-8.621892,-1.6037389,-1.9101248,3,walking
1519421667297,-8.602742,-1.6133134,-1.929274,3,walking
1519421667302,-8.55487,-1.622888,-1.929274,3,walking
1519421667306,-8.506997,-1.709059,-1.8909757,3,walking
1519421667312,-8.487848,-1.6994845,-1.9101248,3,walking
1519421667318,-8.487848,-1.7665064,-1.9867213,3,walking
1519421667323,-8.4686985,-1.9196993,-1.9867213,3,walking
1519421667328,-8.401677,-2.015445,-1.9962958,3,walking
1519421667333,-8.200611,-2.1111906,-2.0058703,3,walking
1519421667338,-8.200611,-2.1111906,-2.0058703,3,walking
1519421667343,-7.922949,-2.254809,-2.015445,3,walking
1519421667348,-7.846352,-2.2356598,-2.0537431,3,walking
1519421667353,-7.6069884,-2.2835326,-2.1207652,3,walking
1519421667358,-7.6069884,-2.2835326,-2.1207652,3,walking
1519421667362,-7.482519,-2.2069361,-2.168638,3,walking
1519421667367,-7.4059224,-2.168638,-2.187787,3,walking
1519421667376,-7.2910275,-2.0824668,-2.2356598,3,walking
1519421667382,-7.2527294,-1.9771467,-2.2931073,3,walking
1519421667388,-7.2718787,-1.929274,-2.321831,3,walking
1519421667393,-7.1857076,-1.9005502,-2.3122563,3,walking
1519421667398,-7.176133,-1.8526775,-2.2739582,3,walking
1519421667403,-7.195282,-1.8143792,-2.2931073,3,walking
1519421667408,-7.195282,-1.79523,-2.3314054,3,walking
1519421667414,-7.137835,-1.79523,-2.3026817,3,walking
1519421667418,-7.0995364,-1.79523,-2.254809,3,walking
1519421667424,-7.089962,-1.776081,-2.2452345,3,walking
1519421667429,-6.936769,-1.8048047,-2.149489,3,walking
1519421667434,-6.898471,-1.79523,-2.101616,3,walking
1519421667439,-6.850598,-1.8143792,-2.0633178,3,walking
1519421667444,-6.8027253,-1.862252,-1.9388485,3,walking
1519421667452,-6.678256,-1.929274,-1.7473572,3,walking
1519421667458,-6.6878304,-1.9388485,-1.7665064,3,walking
1519421667462,-6.668681,-2.0058703,-1.6899099,3,walking
1519421667468,-6.697405,-1.9867213,-1.6420372,3,walking
1519421667473,-6.9176197,-1.929274,-1.6324625,3,walking
1519421667478,-6.984642,-1.9579976,-1.6899099,3,walking
1519421667484,-7.3771987,-1.9101248,-1.7473572,3,walking
1519421667490,-7.5208173,-1.929274,-1.776081,3,walking
1519421667496,-7.7793303,-1.9962958,-1.9005502,3,walking
1519421667501,-8.047418,-2.0537431,-1.9388485,3,walking
1519421667507,-8.152739,-2.101616,-1.9579976,3,walking
1519421667512,-8.315506,-2.0920415,-2.034594,3,walking
1519421667517,-8.430401,-2.0824668,-2.0537431,3,walking
1519421667522,-8.650616,-2.101616,-2.1111906,3,walking
1519421667527,-8.717637,-2.101616,-2.1590633,3,walking
1519421667532,-8.784659,-2.0920415,-2.2069361,3,walking
1519421667537,-8.851681,-2.1111906,-2.2069361,3,walking
1519421667541,-9.004874,-2.0824668,-2.2739582,3,walking
1519421667546,-8.966576,-2.1111906,-2.2452345,3,walking
1519421667551,-9.043172,-2.1590633,-2.2452345,3,walking
1519421667556,-9.148493,-2.168638,-2.3122563,3,walking
1519421667562,-9.253813,-2.2165108,-2.2643836,3,walking
1519421667567,-9.31126,-2.2643836,-2.1782124,3,walking
1519421667576,-9.64637,-2.4845984,-1.8431029,3,walking
1519421667581,-9.722966,-2.5899186,-1.6611862,3,walking
1519421667586,-9.809137,-2.6856642,-1.4601204,3,walking
1519421667596,-10.249567,-2.9250283,-0.8473486,3,walking
1519421667601,-10.441058,-2.9441774,-0.61755913,3,walking
1519421667606,-10.642124,-3.020774,-0.42606795,3,walking
1519421667612,-10.986808,-3.1069448,0.014361841,3,walking
1519421667617,-11.178299,-3.1069448,0.23457673,3,walking
1519421667622,-11.350641,-3.059072,0.32074776,3,walking
1519421667627,-11.570856,-2.9537518,0.37819514,3,walking
1519421667633,-12.432567,-2.494173,0.26330042,3,walking
1519421667638,-13.13151,-2.2069361,-0.062234644,3,walking
1519421667644,-14.740036,-1.5845897,-1.1345854,3,walking
1519421667651,-15.640044,-1.2782038,-2.015445,3,walking
1519421667656,-15.573023,-1.2590547,-2.2356598,3,walking
1519421667665,-13.801729,-1.2686293,-2.0058703,3,walking
1519421667671,-13.102786,-1.3643749,-1.929274,3,walking
1519421667676,-12.595334,-1.3739494,-2.0537431,3,walking
1519421667682,-11.800646,-1.5079932,-2.187787,3,walking
1519421667686,-11.455961,-1.6037389,-2.149489,3,walking
1519421667702,-9.885734,-2.2835326,-1.6803354,3,walking
1519421667707,-9.62722,-2.4654493,-1.4601204,3,walking
1519421667712,-9.148493,-2.733537,-0.91437054,3,walking
1519421667720,-9.004874,-2.8963046,-0.6079846,3,walking
1519421667726,-9.119769,-2.9250283,-0.61755913,3,walking
1519421667735,-9.8953085,-2.8580062,-0.71330476,3,walking
1519421667741,-10.441058,-2.7622607,-0.751603,3,walking
1519421667744,-11.025106,-2.7814097,-0.8473486,3,walking
1519421667750,-12.030436,-2.819708,-0.8952214,3,walking
1519421667755,-12.815549,-2.8771553,-1.0196906,3,walking
1519421667803,-11.752773,-1.8909757,-2.7622607,3,walking
1519421667812,-10.92936,-1.6324625,-2.7718353,3,walking
1519421667820,-10.632549,-1.622888,-2.752686,3,walking
1519421667826,-10.354887,-1.6133134,-2.733537,3,walking
1519421667831,-9.85701,-1.7473572,-2.6186423,3,walking
1519421667836,-9.713391,-1.7473572,-2.513322,3,walking
1519421667845,-9.244238,-1.7473572,-2.0920415,3,walking
1519421667851,-9.091045,-1.79523,-1.948423,3,walking
1519421667855,-8.947427,-1.8814012,-1.862252,3,walking
1519421667861,-8.66019,-2.0058703,-1.6803354,3,walking
1519421667866,-8.487848,-2.0633178,-1.6133134,3,walking
1519421667870,-8.363379,-2.1207652,-1.5750152,3,walking
1519421667875,-8.286782,-2.2739582,-1.4984187,3,walking
1519421667881,-8.171887,-2.3026817,-1.469695,3,walking
1519421667886,-8.056993,-2.3122563,-1.4601204,3,walking
1519421667891,-7.9708214,-2.254809,-1.5271424,3,walking
1519421667896,-7.846352,-2.2069361,-1.5558661,3,walking
1519421667901,-7.5974135,-2.0537431,-1.6899099,3,walking
1519421667907,-7.4442205,-2.015445,-1.7665064,3,walking
1519421667912,-7.156984,-1.9196993,-1.9101248,3,walking
1519421667917,-7.0708127,-1.8526775,-2.0250196,3,walking
1519421667922,-6.9942164,-1.8143792,-2.0920415,3,walking
1519421667927,-6.869747,-1.7856555,-2.149489,3,walking
1519421667933,-6.639958,-1.776081,-2.3122563,3,walking
1519421667937,-6.563361,-1.79523,-2.408002,3,walking
1519421667943,-6.333572,-1.8335283,-2.5037475,3,walking
1519421667947,-6.333572,-1.8335283,-2.5037475,3,walking
1519421667952,-6.0367603,-1.9771467,-2.580344,3,walking
1519421667956,-5.9027166,-2.0633178,-2.5324712,3,walking
1519421667960,-5.8644185,-2.1207652,-2.5324712,3,walking
1519421667966,-5.797396,-2.1973617,-2.494173,3,walking
1519421667971,-5.759098,-2.408002,-2.4654493,3,walking
1519421667977,-5.8165455,-2.5037475,-2.3505547,3,walking
1519421667983,-5.998462,-2.6282167,-2.2931073,3,walking
1519421667987,-6.103782,-2.6856642,-2.2260852,3,walking
1519421667993,-6.410168,-2.6760898,-2.2452345,3,walking
1519421667998,-6.410168,-2.6760898,-2.2452345,3,walking
1519421668003,-6.678256,-2.7048132,-2.1207652,3,walking
1519421668008,-6.8410234,-2.6760898,-2.0920415,3,walking
1519421668012,-6.9654927,-2.7048132,-2.0920415,3,walking
1519421668016,-7.156984,-2.7239625,-2.0920415,3,walking
1519421668021,-7.4250717,-2.6856642,-2.0250196,3,walking
1519421668027,-7.549541,-2.6760898,-1.9675722,3,walking
1519421668032,-7.6740103,-2.6760898,-1.9388485,3,walking
1519421668037,-7.8367777,-2.7622607,-1.8909757,3,walking
1519421668042,-7.9133744,-2.7814097,-1.8526775,3,walking
1519421668047,-7.9899707,-2.8388572,-1.7569319,3,walking
1519421668053,-8.11444,-2.8484318,-1.6516117,3,walking
1519421668057,-8.1623125,-2.8771553,-1.6037389,3,walking
1519421668063,-8.21976,-2.905879,-1.5558661,3,walking
1519421668067,-8.248484,-2.9154537,-1.4984187,3,walking
1519421668072,-8.334655,-2.819708,-1.4313968,3,walking
1519421668076,-8.334655,-2.819708,-1.4313968,3,walking
1519421668081,-8.439975,-2.752686,-1.4122477,3,walking
1519421668087,-8.487848,-2.6856642,-1.4313968,3,walking
1519421668092,-8.583593,-2.513322,-1.4122477,3,walking
1519421668097,-8.650616,-2.4175766,-1.4792696,3,walking
1519421668102,-8.746361,-2.2835326,-1.4984187,3,walking
1519421668107,-8.842107,-2.2260852,-1.4792696,3,walking
1519421668112,-9.024023,-2.1782124,-1.4888442,3,walking
1519421668116,-9.100619,-2.1207652,-1.4218222,3,walking
1519421668120,-9.177217,-2.101616,-1.383524,3,walking
1519421668125,-9.234664,-2.1111906,-1.383524,3,walking
1519421668130,-9.320834,-2.1303396,-1.3069274,3,walking
1519421668135,-9.407005,-2.1207652,-1.2399056,3,walking
1519421668140,-9.445304,-2.1111906,-1.2016073,3,walking
1519421668145,-9.502751,-2.1303396,-1.2111819,3,walking
1519421668151,-9.655944,-2.0920415,-1.0867126,3,walking
1519421668155,-9.703817,-2.1399143,-1.0771381,3,walking
1519421668165,-9.818711,-2.1782124,-0.98139244,3,walking
1519421668171,-9.933606,-2.168638,-0.9526688,3,walking
1519421668175,-10.058076,-2.1782124,-0.9430942,3,walking
1519421668184,-10.239992,-2.1303396,-0.93351966,3,walking
1519421668190,-10.479357,-2.0537431,-0.8760723,3,walking
1519421668195,-10.546378,-2.0824668,-0.8952214,3,walking
1519421668201,-10.862339,-2.0920415,-0.8473486,3,walking
1519421668205,-10.938935,-2.1590633,-0.8186249,3,walking
1519421668211,-11.149575,-2.149489,-0.85692316,3,walking
1519421668216,-11.331492,-2.2165108,-0.90479594,3,walking
1519421668220,-11.618729,-2.3122563,-0.8856468,3,walking
1519421668226,-11.800646,-2.408002,-0.8856468,3,walking
1519421668231,-11.915541,-2.4175766,-0.8186249,3,walking
1519421668236,-11.925115,-2.4463003,-0.8186249,3,walking
1519421668241,-11.905966,-2.4175766,-0.8856468,3,walking
1519421668246,-11.925115,-2.3697038,-0.9622433,3,walking
1519421668250,-11.867668,-2.2739582,-1.0484143,3,walking
1519421668255,-11.791071,-2.1590633,-1.1154363,3,walking
1519421668260,-11.580431,-1.9005502,-1.3356512,3,walking
1519421668265,-11.475111,-1.7665064,-1.469695,3,walking
1519421668274,-11.178299,-1.4218222,-1.5654407,3,walking
1519421668280,-10.938935,-1.1537346,-1.7282082,3,walking
1519421668285,-10.795317,-1.0675635,-1.776081,3,walking
1519421668290,-10.431483,-1.0867126,-1.8909757,3,walking
1519421668295,-10.278291,-1.1345854,-1.9579976,3,walking
1519421668300,-10.144247,-1.2207564,-1.9962958,3,walking
1519421668305,-10.105948,-1.2877784,-2.0920415,3,walking
1519421668311,-10.479357,-1.3260766,-2.5707695,3,walking
1519421668315,-10.977234,-1.2877784,-2.8484318,3,walking
1519421668324,-12.375119,-1.4984187,-3.1643922,3,walking
1519421668331,-13.504917,-2.2643836,-2.427151,3,walking
1519421668336,-13.715558,-2.905879,-1.948423,3,walking
1519421668340,-13.820878,-3.6239712,-1.469695,3,walking
1519421668344,-13.696408,-4.3324885,-1.1058618,3,walking
1519421668382,-10.958084,-3.384607,-2.2835326,3,walking
1519421668391,-10.536804,-2.5037475,-2.819708,3,walking
1519421668399,-10.125097,-1.6324625,-3.1069448,3,walking
1519421668405,-10.105948,-1.14416,-3.126094,3,walking
1519421668410,-10.172971,-0.76117754,-3.2601378,3,walking
1519421668414,-10.259142,-0.36862057,-3.3175852,3,walking
1519421668420,-10.737869,0.26330042,-3.4229054,3,walking
1519421668425,-10.986808,0.5218136,-3.4229054,3,walking
1519421668434,-11.341067,0.63670826,-3.2697124,3,walking
1519421668440,-11.580431,0.49308985,-2.9250283,3,walking
1519421668445,-11.771922,0.33032233,-2.8580062,3,walking
1519421668450,-11.925115,0.00478728,-2.6569405,3,walking
1519421668455,-11.9346895,-0.13883112,-2.513322,3,walking
1519421668460,-11.896391,-0.28244954,-2.408002,3,walking
1519421668465,-11.886817,-0.50266445,-2.2835326,3,walking
1519421668470,-11.819795,-0.8473486,-2.0728924,3,walking
1519421668475,-11.781497,-1.0196906,-2.0058703,3,walking
1519421668479,-11.781497,-1.1824582,-2.0250196,3,walking
1519421668484,-11.657027,-1.3260766,-2.0058703,3,walking
1519421668490,-11.475111,-1.5271424,-1.9771467,3,walking
1519421668495,-11.360216,-1.5941644,-2.0441687,3,walking
1519421668504,-11.072979,-1.6899099,-2.2165108,3,walking
1519421668510,-10.642124,-1.79523,-2.4558747,3,walking
1519421668515,-10.421909,-1.7665064,-2.5324712,3,walking
1519421668520,-9.8953085,-1.6133134,-2.6282167,3,walking
1519421668525,-9.8953085,-1.6133134,-2.6282167,3,walking
1519421668530,-9.608071,-1.5367169,-2.9441774,3,walking
1519421668534,-9.454879,-1.5175679,-2.9824755,3,walking
1519421668540,-9.052747,-1.6420372,-3.1069448,3,walking
1519421668545,-8.909128,-1.7569319,-3.231414,3,walking
1519421668550,-8.851681,-1.7377827,-3.2792869,3,walking
1519421668556,-8.717637,-1.6420372,-3.1835413,3,walking
1519421668561,-8.296356,-1.6611862,-3.2409887,3,walking
1519421668566,-8.21976,-1.7856555,-3.3558834,3,walking
1519421668571,-8.21976,-2.0633178,-3.1165195,3,walking
1519421668576,-8.191036,-2.2165108,-3.0686467,3,walking
1519421668581,-8.277207,-2.168638,-3.1548176,3,walking
1519421668586,-8.229335,-2.0250196,-2.9346027,3,walking
1519421668591,-8.1623125,-2.0824668,-2.8292825,3,walking
1519421668595,-8.1623125,-2.0824668,-2.8292825,3,walking
1519421668600,-8.1623125,-2.0441687,-2.733537,3,walking
1519421668605,-8.229335,-2.0441687,-2.7622607,3,walking
1519421668610,-8.258059,-2.0250196,-2.6377914,3,walking
1519421668616,-8.258059,-2.0250196,-2.6377914,3,walking
1519421668620,-8.085716,-1.8048047,-2.4654493,3,walking
1519421668626,-7.961247,-1.709059,-2.475024,3,walking
1519421668631,-7.7793303,-1.5367169,-2.5324712,3,walking
1519421668636,-7.808054,-1.4601204,-2.494173,3,walking
1519421668641,-7.855927,-1.3739494,-2.5420458,3,walking
1519421668646,-7.922949,-1.3069274,-2.6377914,3,walking
1519421668651,-7.922949,-1.2207564,-2.867581,3,walking
1519421668655,-7.875076,-1.1537346,-2.9250283,3,walking
1519421668664,-7.7984796,-1.0771381,-2.9250283,3,walking
1519421668670,-7.8367777,-1.0196906,-2.9920502,3,walking
1519421668675,-7.894225,-1.0005416,-3.0494976,3,walking
1519421668684,-8.066567,-1.0388398,-3.2505634,3,walking
1519421668690,-8.191036,-1.14416,-3.4037561,3,walking
1519421668695,-8.2676325,-1.2686293,-3.3941817,3,walking
1519421668700,-8.258059,-1.4792696,-3.3941817,3,walking
1519421668705,-8.258059,-1.4792696,-3.3941817,3,walking
1519421668709,-8.315506,-1.622888,-3.499502,3,walking
1519421668714,-8.248484,-1.776081,-3.4612036,3,walking
1519421668720,-8.143164,-1.9867213,-3.4037561,3,walking
1519421668724,-8.152739,-2.0633178,-3.384607,3,walking
1519421668729,-8.152739,-2.168638,-3.3271596,3,walking
1519421668734,-8.095291,-2.2452345,-3.3080106,3,walking
1519421668739,-7.961247,-2.3026817,-3.1356685,3,walking
1519421668745,-7.7984796,-2.3122563,-3.059072,3,walking
1519421668749,-7.702734,-2.3314054,-2.9537518,3,walking
1519421668755,-7.6740103,-2.3122563,-2.9346027,3,walking
1519421668759,-7.587839,-2.321831,-2.972901,3,walking
1519421668765,-7.482519,-2.360129,-2.88673,3,walking
1519421668769,-7.3867736,-2.408002,-2.8388572,3,walking
1519421668774,-7.348475,-2.3697038,-2.9154537,3,walking
1519421668780,-7.2335806,-2.2739582,-2.800559,3,walking
1519421668785,-7.0803876,-2.2069361,-2.8101335,3,walking
1519421668790,-6.8793216,-2.0537431,-2.819708,3,walking
1519421668795,-6.8793216,-2.0537431,-2.819708,3,walking
1519421668800,-6.8027253,-1.9005502,-2.800559,3,walking
1519421668805,-6.821874,-1.8239537,-2.7718353,3,walking
1519421668810,-6.8793216,-1.7186337,-2.733537,3,walking
1519421668815,-6.936769,-1.6803354,-2.7718353,3,walking
1519421668820,-7.003791,-1.6803354,-2.752686,3,walking
1519421668826,-7.12826,-1.6707608,-2.752686,3,walking
1519421668831,-7.396348,-1.6516117,-2.7239625,3,walking
1519421668836,-7.5782647,-1.622888,-2.6952388,3,walking
1519421668841,-7.894225,-1.6611862,-2.5228968,3,walking
1519421668846,-8.076141,-1.7186337,-2.4463003,3,walking
1519421668851,-8.181462,-1.776081,-2.3697038,3,walking
1519421668856,-8.296356,-1.862252,-2.3122563,3,walking
1519421668861,-8.621892,-1.9005502,-2.1590633,3,walking
1519421668867,-8.708063,-1.9101248,-2.101616,3,walking
1519421668872,-9.033598,-1.7856555,-2.0824668,3,walking
1519421668876,-9.148493,-1.7569319,-2.168638,3,walking
1519421668881,-9.2825365,-1.6994845,-2.1782124,3,walking
1519421668885,-9.2825365,-1.6994845,-2.1782124,3,walking
1519421668889,-9.655944,-1.6037389,-2.2835326,3,walking
1519421668894,-9.7899885,-1.5654407,-2.360129,3,walking
1519421668899,-9.952756,-1.4888442,-2.475024,3,walking
1519421668904,-10.019777,-1.4026731,-2.513322,3,walking
1519421668909,-10.077225,-1.3643749,-2.561195,3,walking
1519421668915,-10.125097,-1.3069274,-2.5420458,3,walking
1519421668920,-10.172971,-1.2590547,-2.5420458,3,walking
1519421668924,-10.048501,-1.2686293,-2.5420458,3,walking
1519421668934,-10.000628,-1.3069274,-2.4558747,3,walking
1519421668939,-9.876159,-1.4026731,-2.2643836,3,walking
1519421668945,-9.780414,-1.4888442,-2.1399143,3,walking
1519421668950,-9.608071,-1.6420372,-1.8909757,3,walking
1519421668955,-9.608071,-1.6420372,-1.8909757,3,walking
1519421668959,-9.454879,-1.8239537,-1.6516117,3,walking
1519421668964,-9.426155,-1.929274,-1.5558661,3,walking
1519421668969,-9.512326,-2.0537431,-1.469695,3,walking
1519421668974,-9.512326,-2.0537431,-1.469695,3,walking
1519421668979,-9.85701,-2.0728924,-1.4505459,3,walking
1519421668984,-10.278291,-2.015445,-1.622888,3,walking
1519421668988,-10.900637,-1.8335283,-1.9005502,3,walking
1519421668992,-11.752773,-1.709059,-2.2165108,3,walking
1519421668998,-12.710229,-1.6037389,-2.5228968,3,walking
1519421669003,-14.347479,-1.79523,-2.8963046,3,walking
1519421669051,-8.277207,-2.9920502,-1.1058618,3,walking
1519421669059,-7.511243,-2.7431116,-1.2207564,3,walking
1519421669070,-7.46337,-2.0058703,-1.4026731,3,walking
1519421669076,-7.654861,-1.7665064,-1.3452257,3,walking
1519421669081,-7.9803963,-1.4888442,-1.3643749,3,walking
1519421669085,-8.430401,-1.2877784,-1.2590547,3,walking
1519421669089,-8.9761505,-1.1345854,-1.2494801,3,walking
1519421669126,-14.471948,-1.9196993,-1.5845897,3,walking
1519421669131,-14.404926,-1.862252,-1.6707608,3,walking
1519421669135,-14.404926,-1.862252,-1.6707608,3,walking
1519421669139,-14.002794,-1.5079932,-1.6707608,3,walking
1519421669145,-13.658111,-1.3260766,-1.7377827,3,walking
1519421669149,-13.294277,-1.1537346,-1.9005502,3,walking
1519421669154,-12.930444,-0.98139244,-1.9771467,3,walking
1519421669160,-12.451715,-0.50266445,-2.1973617,3,walking
1519421669164,-12.183628,-0.32074776,-2.3984275,3,walking
1519421669169,-11.925115,-0.2154276,-2.475024,3,walking
1519421669174,-11.331492,-0.05266008,-2.5516202,3,walking
1519421669178,-10.92936,-0.12925656,-2.494173,3,walking
1519421669183,-10.469782,-0.22500217,-2.4175766,3,walking
1519421669189,-10.125097,-0.4164934,-2.2931073,3,walking
1519421669194,-9.5889225,-0.751603,-2.0633178,3,walking
1519421669212,-8.880404,-1.2207564,-1.6324625,3,walking
1519421669219,-8.5740185,-1.1345854,-1.4792696,3,walking
1519421669227,-8.363379,-1.0579889,-1.3739494,3,walking
1519421669234,-7.922949,-1.2494801,-1.3356512,3,walking
1519421669239,-7.855927,-1.383524,-1.3739494,3,walking
1519421669243,-7.894225,-1.4313968,-1.3739494,3,walking
1519421669249,-7.8272033,-1.469695,-1.3643749,3,walking
1519421669254,-7.788905,-1.5079932,-1.3643749,3,walking
1519421669259,-7.5591154,-1.4984187,-1.2494801,3,walking
1519421669263,-7.46337,-1.4984187,-1.2111819,3,walking
1519421669268,-7.3197513,-1.5175679,-1.14416,3,walking
1519421669273,-7.2144313,-1.622888,-1.1633091,3,walking
1519421669279,-7.1665583,-1.709059,-1.2016073,3,walking
1519421669283,-7.003791,-1.8431029,-1.2303311,3,walking
1519421669288,-6.898471,-1.9675722,-1.2877784,3,walking
1519421669293,-6.821874,-2.0441687,-1.3548003,3,walking
1519421669298,-6.745278,-2.1303396,-1.4601204,3,walking
1519421669303,-6.668681,-2.2739582,-1.5750152,3,walking
1519421669309,-6.668681,-2.3792782,-1.6420372,3,walking
1519421669314,-6.6591067,-2.4367256,-1.79523,3,walking
1519421669319,-6.678256,-2.513322,-1.8814012,3,walking
1519421669324,-6.697405,-2.475024,-1.8909757,3,walking
1519421669328,-6.7261286,-2.4367256,-1.8909757,3,walking
1519421669333,-6.7357035,-2.3026817,-1.8526775,3,walking
1519421669338,-6.7931504,-2.2739582,-1.8431029,3,walking
1519421669344,-6.898471,-2.1973617,-1.8335283,3,walking
1519421669348,-7.003791,-2.1590633,-1.7856555,3,walking
1519421669354,-7.2335806,-1.9579976,-1.7377827,3,walking
1519421669358,-7.3197513,-1.948423,-1.7282082,3,walking
1519421669363,-7.3867736,-1.9196993,-1.6516117,3,walking
1519421669369,-7.4154973,-1.9005502,-1.5558661,3,walking
1519421669374,-7.5782647,-1.9005502,-1.3739494,3,walking
1519421669378,-7.6069884,-1.9196993,-1.2782038,3,walking
1519421669384,-7.693159,-1.9867213,-1.2686293,3,walking
1519421669389,-7.808054,-1.9962958,-1.1633091,3,walking
1519421669394,-7.8846507,-2.0441687,-1.1250108,3,walking
1519421669399,-8.028269,-1.9771467,-1.0579889,3,walking
1519421669404,-8.028269,-1.9771467,-1.0579889,3,walking
1519421669409,-8.191036,-1.948423,-0.98139244,3,walking
1519421669415,-8.2676325,-1.929274,-0.93351966,3,walking
1519421669420,-8.334655,-1.9005502,-0.92394507,3,walking
1519421669425,-8.439975,-1.929274,-0.8760723,3,walking
1519421669430,-8.583593,-1.929274,-0.9526688,3,walking
1519421669435,-8.583593,-1.9388485,-0.92394507,3,walking
1519421669440,-8.688913,-1.9962958,-0.8760723,3,walking
1519421669445,-8.736787,-1.9867213,-0.85692316,3,walking
1519421669450,-8.851681,-1.9771467,-0.8281995,3,walking
1519421669455,-8.937852,-1.9962958,-0.78032666,3,walking
1519421669460,-8.985725,-1.9771467,-0.8186249,3,walking
1519421669464,-9.043172,-1.9101248,-0.76117754,3,walking
1519421669469,-9.129343,-1.8431029,-0.7994758,3,walking
1519421669474,-9.148493,-1.7569319,-0.8281995,3,walking
1519421669479,-9.18679,-1.5845897,-0.92394507,3,walking
1519421669483,-9.18679,-1.5558661,-0.9718179,3,walking
1519421669488,-9.234664,-1.469695,-1.0101161,3,walking
1519421669493,-9.29211,-1.4313968,-1.0867126,3,walking
1519421669498,-9.41658,-1.2877784,-1.2399056,3,walking
1519421669504,-9.531475,-1.2016073,-1.3260766,3,walking
1519421669508,-9.64637,-1.2016073,-1.383524,3,walking
1519421669514,-9.837861,-1.2877784,-1.3739494,3,walking
1519421669524,-10.307014,-1.4409714,-1.3643749,3,walking
1519421669529,-10.804892,-1.6324625,-1.3165021,3,walking
1519421669533,-11.178299,-1.776081,-1.3739494,3,walking
1519421669537,-11.178299,-1.776081,-1.3739494,3,walking
1519421669543,-11.752773,-2.034594,-1.3356512,3,walking
1519421669548,-12.0400095,-2.168638,-1.2590547,3,walking
1519421669553,-12.490014,-2.408002,-1.1633091,3,walking
1519421669559,-12.681505,-2.513322,-1.1250108,3,walking
1519421669563,-12.786825,-2.6569405,-1.1154363,3,walking
1519421669568,-12.9591675,-2.7048132,-1.0962871,3,walking
1519421669573,-12.90172,-2.6760898,-1.1154363,3,walking
1519421669577,-12.758101,-2.4845984,-1.1537346,3,walking
1519421669582,-12.537887,-2.360129,-1.2111819,3,walking
1519421669591,-11.925115,-1.862252,-1.5750152,3,walking
1519421669595,-11.695326,-1.709059,-1.6324625,3,walking
1519421669600,-11.475111,-1.5462915,-1.7473572,3,walking
1519421669604,-11.245321,-1.3452257,-1.8526775,3,walking
1519421669613,-10.795317,-1.0484143,-2.0058703,3,walking
1519421669618,-10.555953,-0.92394507,-2.0728924,3,walking
1519421669623,-10.144247,-0.77075213,-2.1303396,3,walking
1519421669628,-9.933606,-0.71330476,-2.187787,3,walking
1519421669633,-9.837861,-0.6845811,-2.3122563,3,walking
1519421669638,-9.971905,-0.6271337,-2.513322,3,walking
1519421669643,-10.862339,-0.5313881,-3.346309,3,walking
1519421669649,-12.56661,-0.8281995,-3.5856729,3,walking
1519421669654,-12.56661,-0.8281995,-3.5856729,3,walking
1519421669659,-13.696408,-1.469695,-2.8388572,3,walking
1519421669663,-13.725132,-2.0441687,-2.4175766,3,walking
1519421669668,-13.600663,-2.647366,-1.9388485,3,walking
1519421669672,-13.44747,-3.2505634,-1.5175679,3,walking
1519421669707,-11.15915,-4.169721,-1.7377827,3,walking
1519421669712,-10.469782,-3.5952475,-2.3026817,3,walking
1519421669731,-9.885734,-2.1303396,-3.4420545,3,walking
1519421669735,-10.115523,-1.3739494,-3.8537605,3,walking
1519421669740,-10.335738,-1.0771381,-4.045252,3,walking
1519421669744,-10.335738,-1.0771381,-4.045252,3,walking
1519421669748,-10.938935,-0.5888355,-4.3133397,3,walking
1519421669753,-11.168725,-0.4356425,-4.3612123,3,walking
1519421669758,-11.331492,-0.45479164,-4.1888704,3,walking
1519421669763,-11.446387,-0.46436617,-4.045252,3,walking
1519421669768,-11.714475,-0.56968635,-3.6431203,3,walking
1519421669774,-11.800646,-0.63670826,-3.4324799,3,walking
1519421669778,-11.848518,-0.76117754,-3.2026904,3,walking
1519421669783,-11.858093,-1.1058618,-2.8101335,3,walking
1519421669787,-11.791071,-1.2973529,-2.6569405,3,walking
1519421669793,-11.7049,-1.469695,-2.580344,3,walking
1519421669797,-11.513409,-1.8143792,-2.3888528,3,walking
1519421669803,-11.360216,-1.8718265,-2.34098,3,walking
1519421669808,-11.178299,-1.8909757,-2.321831,3,walking
1519421669813,-10.958084,-1.9675722,-2.2739582,3,walking
1519421669817,-10.737869,-1.9579976,-2.2835326,3,walking
1519421669822,-10.335738,-1.862252,-2.321831,3,walking
1519421669828,-10.134672,-1.79523,-2.4367256,3,walking
1519421669833,-10.029352,-1.6899099,-2.475024,3,walking
1519421669838,-9.608071,-1.5079932,-2.5899186,3,walking
1519421669843,-9.474028,-1.4505459,-2.6186423,3,walking
1519421669848,-9.320834,-1.4218222,-2.7239625,3,walking
1519421669852,-9.215514,-1.3739494,-2.752686,3,walking
1519421669858,-9.014449,-1.2207564,-2.7814097,3,walking
1519421669864,-8.803808,-1.2111819,-2.867581,3,walking
1519421669868,-8.439975,-1.2590547,-2.905879,3,walking
1519421669873,-8.334655,-1.3260766,-2.8292825,3,walking
1519421669877,-8.305931,-1.3643749,-2.6569405,3,walking
1519421669883,-8.32508,-1.4505459,-2.6090677,3,walking
1519421669888,-8.334655,-1.469695,-2.5037475,3,walking
1519421669893,-8.401677,-1.6516117,-2.5994933,3,walking
1519421669898,-8.44955,-1.5941644,-2.5037475,3,walking
1519421669903,-8.411251,-1.5271424,-2.360129,3,walking
1519421669907,-8.411251,-1.4026731,-2.2931073,3,walking
1519421669912,-8.382527,-1.469695,-2.2931073,3,walking
1519421669918,-8.34423,-1.5462915,-2.3122563,3,walking
1519421669923,-8.34423,-1.6420372,-2.321831,3,walking
1519421669928,-8.23891,-1.709059,-2.3505547,3,walking
1519421669933,-8.210186,-1.709059,-2.3888528,3,walking
1519421669938,-8.133589,-1.6994845,-2.427151,3,walking
1519421669942,-8.018694,-1.6324625,-2.360129,3,walking
1519421669947,-7.7506065,-1.5079932,-2.4558747,3,walking
1519421669953,-7.654861,-1.5175679,-2.475024,3,walking
1519421669958,-7.4920936,-1.4984187,-2.5037475,3,walking
1519421669962,-7.4920936,-1.469695,-2.5420458,3,walking
1519421669967,-7.46337,-1.4888442,-2.580344,3,walking
1519421669972,-7.4250717,-1.4888442,-2.6090677,3,walking
1519421669977,-7.4250717,-1.469695,-2.6377914,3,walking
1519421669983,-7.434646,-1.4505459,-2.6952388,3,walking
1519421669988,-7.4154973,-1.4409714,-2.7239625,3,walking
1519421669993,-7.4154973,-1.4409714,-2.7239625,3,walking
1519421669997,-7.3867736,-1.4409714,-2.7239625,3,walking
1519421670002,-7.434646,-1.5271424,-2.8388572,3,walking
1519421670008,-7.4920936,-1.5558661,-2.88673,3,walking
1519421670013,-7.4442205,-1.622888,-2.8292825,3,walking
1519421670017,-7.511243,-1.7473572,-2.9154537,3,walking
1519421670023,-7.5303917,-1.7856555,-2.9154537,3,walking
1519421670027,-7.511243,-1.8909757,-2.867581,3,walking
1519421670033,-7.482519,-1.9388485,-2.905879,3,walking
1519421670038,-7.4729443,-2.0920415,-2.8771553,3,walking
1519421670043,-7.4537954,-2.1111906,-2.905879,3,walking
1519421670047,-7.35805,-2.2739582,-2.7622607,3,walking
1519421670052,-7.2910275,-2.2931073,-2.6856642,3,walking
1519421670057,-7.2910275,-2.2931073,-2.6856642,3,walking
1519421670062,-7.2527294,-2.3984275,-2.580344,3,walking
1519421670067,-7.243155,-2.4175766,-2.5420458,3,walking
1519421670072,-7.2623043,-2.4463003,-2.475024,3,walking
1519421670078,-7.310177,-2.4367256,-2.475024,3,walking
1519421670083,-7.3389006,-2.4463003,-2.5516202,3,walking
1519421670087,-7.4250717,-2.3984275,-2.5707695,3,walking
1519421670092,-7.501668,-2.3505547,-2.561195,3,walking
1519421670098,-7.549541,-2.3505547,-2.6090677,3,walking
1519421670102,-7.587839,-2.3314054,-2.5899186,3,walking
1519421670107,-7.721883,-2.2452345,-2.647366,3,walking
1519421670113,-7.7601814,-2.2165108,-2.6282167,3,walking
1519421670117,-7.788905,-2.187787,-2.6282167,3,walking
1519421670122,-7.875076,-2.1303396,-2.6856642,3,walking
1519421670127,-7.8655014,-2.0920415,-2.6856642,3,walking
1519421670133,-7.922949,-2.0824668,-2.733537,3,walking
1519421670137,-7.9420977,-2.1111906,-2.714388,3,walking
1519421670142,-7.9803963,-2.0824668,-2.6856642,3,walking
1519421670148,-8.066567,-2.0824668,-2.7239625,3,walking
1519421670153,-8.124015,-2.0633178,-2.6760898,3,walking
1519421670157,-8.229335,-2.034594,-2.6186423,3,walking
1519421670162,-8.439975,-2.0728924,-2.5516202,3,walking
1519421670168,-8.5740185,-2.0824668,-2.513322,3,walking
1519421670172,-8.641041,-2.101616,-2.475024,3,walking
1519421670177,-8.7750845,-2.149489,-2.3505547,3,walking
1519421670182,-9.100619,-2.2260852,-2.3026817,3,walking
1519421670187,-9.253813,-2.2452345,-2.1782124,3,walking
1519421670192,-9.445304,-2.254809,-2.1207652,3,walking
1519421670197,-9.866585,-2.1782124,-2.0537431,3,walking
1519421670203,-10.019777,-2.1303396,-2.0920415,3,walking
1519421670207,-10.19212,-2.1111906,-2.0537431,3,walking
1519421670212,-10.383611,-2.0441687,-2.101616,3,walking
1519421670217,-10.517654,-1.8814012,-2.1111906,3,walking
1519421670222,-10.6134,-1.776081,-2.1207652,3,walking
1519421670227,-10.642124,-1.5558661,-2.0441687,3,walking
1519421670232,-10.584677,-1.4218222,-2.0250196,3,walking
1519421670238,-10.555953,-1.3356512,-1.9675722,3,walking
1519421670242,-10.450633,-1.1728836,-1.9675722,3,walking
1519421670247,-10.335738,-1.0005416,-1.9579976,3,walking
1519421670252,-10.105948,-0.76117754,-1.862252,3,walking
1519421670257,-9.98148,-0.6558574,-1.7569319,3,walking
1519421670262,-9.828286,-0.6079846,-1.7186337,3,walking
1519421670267,-9.713391,-0.56968635,-1.6324625,3,walking
1519421670273,-9.512326,-0.56968635,-1.4984187,3,walking
1519421670278,-9.339984,-0.665432,-1.3739494,3,walking
1519421670282,-9.339984,-0.665432,-1.3739494,3,walking
1519421670287,-9.263388,-0.8186249,-1.1345854,3,walking
1519421670293,-9.253813,-0.8856468,-1.0005416,3,walking
1519421670297,-9.263388,-0.9430942,-0.8281995,3,walking
1519421670302,-9.263388,-0.9430942,-0.8281995,3,walking
1519421670307,-9.483603,-0.8952214,-0.83777404,3,walking
1519421670312,-9.684668,-0.83777404,-0.8664977,3,walking
1519421670317,-10.096374,-0.7228793,-0.99096704,3,walking
1519421670322,-11.561282,-0.40691882,-1.5750152,3,walking
1519421670329,-13.150659,-0.40691882,-2.2356598,3,walking
1519421670334,-13.763431,-0.56968635,-2.4845984,3,walking
1519421670338,-14.021944,-0.8473486,-2.6186423,3,walking
1519421670342,-13.926198,-1.2111819,-2.580344,3,walking
1519421670381,-9.761265,-3.2026904,-1.4984187,3,walking
1519421670390,-9.359133,-3.2601378,-1.3930986,3,walking
1519421670398,-8.229335,-3.1452432,-0.99096704,3,walking
1519421670404,-7.999545,-3.039923,-0.8856468,3,walking
1519421670409,-7.894225,-2.819708,-0.85692316,3,walking
1519421670413,-7.7984796,-2.4845984,-0.7228793,3,walking
1519421670417,-7.9420977,-2.0920415,-0.70373017,3,walking
1519421670422,-8.258059,-1.8431029,-0.70373017,3,walking
1519421670427,-9.435729,-1.383524,-0.7324539,3,walking
1519421670431,-9.435729,-1.383524,-0.7324539,3,walking
1519421670434,-10.661273,-1.1633091,-0.83777404,3,walking
1519421670441,-11.187874,-1.1058618,-0.85692316,3,walking
1519421670445,-11.695326,-1.0579889,-0.85692316,3,walking
1519421670450,-12.576185,-1.0484143,-1.0196906,3,walking
1519421670455,-12.9591675,-1.0292653,-1.1058618,3,walking
1519421670460,-13.265553,-0.92394507,-1.2016073,3,walking
1519421670492,-12.394268,-0.78990126,-1.929274,3,walking
1519421670498,-12.107032,-0.7420284,-1.9388485,3,walking
1519421670504,-11.800646,-0.7228793,-1.9962958,3,walking
1519421670508,-11.187874,-0.6750065,-2.0633178,3,walking
1519421670512,-11.187874,-0.6750065,-2.0633178,3,walking
1519421670517,-10.938935,-0.78990126,-2.0728924,3,walking
1519421670522,-10.364462,-1.0675635,-2.0633178,3,walking
1519421670527,-10.019777,-1.2399056,-1.9867213,3,walking
1519421670532,-9.742115,-1.3165021,-1.8814012,3,walking
1519421670537,-9.31126,-1.4026731,-1.6994845,3,walking
1519421670542,-9.071896,-1.4026731,-1.5750152,3,walking
1519421670547,-8.832532,-1.5271424,-1.4888442,3,walking
1519421670553,-8.487848,-1.622888,-1.3643749,3,walking
1519421670558,-8.34423,-1.6324625,-1.2782038,3,walking
1519421670562,-8.305931,-1.6324625,-1.2303311,3,walking
1519421670567,-8.066567,-1.776081,-1.2973529,3,walking
1519421670572,-8.066567,-1.776081,-1.2973529,3,walking
1519421670578,-7.6740103,-1.7856555,-1.1058618,3,walking
1519421670583,-7.4250717,-1.9579976,-1.14416,3,walking
1519421670588,-7.4154973,-1.9101248,-1.1058618,3,walking
1519421670594,-7.281453,-1.9867213,-1.1728836,3,walking
1519421670599,-7.137835,-2.0537431,-1.1345854,3,walking
1519421670603,-7.042089,-2.0920415,-1.1537346,3,walking
1519421670609,-6.936769,-2.1399143,-1.14416,3,walking
1519421670614,-6.7931504,-2.2069361,-1.1345854,3,walking
1519421670619,-6.7357035,-2.2643836,-1.14416,3,walking
1519421670629,-6.6878304,-2.360129,-1.2590547,3,walking
1519421670634,-6.678256,-2.3792782,-1.3452257,3,walking
1519421670639,-6.6591067,-2.360129,-1.383524,3,walking
1519421670650,-6.7069798,-2.3792782,-1.6516117,3,walking
1519421670655,-6.764427,-2.3984275,-1.6611862,3,walking
1519421670660,-6.7740016,-2.4463003,-1.6994845,3,walking
1519421670665,-6.8793216,-2.4654493,-1.7377827,3,walking
1519421670670,-6.975067,-2.475024,-1.7473572,3,walking
1519421670675,-7.0325146,-2.4558747,-1.7282082,3,walking
1519421670680,-7.2240057,-2.4558747,-1.6707608,3,walking
1519421670685,-7.3197513,-2.4463003,-1.6324625,3,walking
1519421670691,-7.434646,-2.3984275,-1.6420372,3,walking
1519421670695,-7.6261373,-2.427151,-1.5462915,3,walking
1519421670701,-7.7506065,-2.4175766,-1.4505459,3,walking
1519421670705,-7.8176284,-2.3697038,-1.4218222,3,walking
1519421670711,-7.875076,-2.2835326,-1.3548003,3,walking
1519421670715,-7.922949,-2.187787,-1.2207564,3,walking
1519421670720,-7.9420977,-2.149489,-1.2016073,3,walking
1519421670724,-7.922949,-2.101616,-1.1345854,3,walking
1519421670729,-7.961247,-2.0728924,-1.0484143,3,walking
1519421670739,-7.9516726,-1.8909757,-0.8952214,3,walking
1519421670744,-7.9708214,-1.7665064,-0.8856468,3,walking
1519421670749,-8.00912,-1.6324625,-0.85692316,3,walking
1519421670759,-8.085716,-1.3069274,-0.8473486,3,walking
1519421670764,-8.143164,-1.2303311,-0.92394507,3,walking
1519421670769,-8.191036,-1.2111819,-0.9622433,3,walking
1519421670774,-8.372953,-1.1920328,-1.0005416,3,walking
1519421670780,-8.478273,-1.1920328,-1.0292653,3,walking
1519421670785,-8.55487,-1.2207564,-1.1058618,3,walking
1519421670790,-8.784659,-1.3356512,-1.1824582,3,walking
1519421670795,-8.909128,-1.3739494,-1.1633091,3,walking
1519421670800,-9.043172,-1.4505459,-1.2207564,3,walking
1519421670805,-9.18679,-1.5462915,-1.2782038,3,walking
1519421670810,-9.272962,-1.5750152,-1.3069274,3,walking
1519421670815,-9.397431,-1.6133134,-1.3548003,3,walking
1519421670820,-9.493176,-1.6420372,-1.3739494,3,walking
1519421670825,-9.713391,-1.6420372,-1.4313968,3,walking
1519421670831,-9.75169,-1.6994845,-1.4601204,3,walking
1519421670836,-9.8953085,-1.6803354,-1.4601204,3,walking
1519421670841,-9.8953085,-1.6803354,-1.4601204,3,walking
1519421670847,-10.019777,-1.5654407,-1.5654407,3,walking
1519421670853,-10.153821,-1.4313968,-1.5750152,3,walking
1519421670858,-10.287866,-1.3452257,-1.5750152,3,walking
1519421670863,-10.441058,-1.3260766,-1.6324625,3,walking
1519421670867,-10.785743,-1.2973529,-1.6324625,3,walking
1519421670873,-10.967659,-1.3643749,-1.6516117,3,walking
1519421670878,-11.130426,-1.4026731,-1.6707608,3,walking
1519421670882,-11.331492,-1.4026731,-1.622888,3,walking
1519421670886,-11.609155,-1.4505459,-1.6324625,3,walking
1519421670892,-11.609155,-1.4505459,-1.6324625,3,walking
1519421670897,-11.714475,-1.4984187,-1.5654407,3,walking
1519421670902,-11.72405,-1.4888442,-1.5462915,3,walking
1519421670906,-11.762347,-1.4313968,-1.5462915,3,walking
1519421670913,-11.819795,-1.4122477,-1.5845897,3,walking
1519421670918,-11.896391,-1.3452257,-1.6994845,3,walking
1519421670923,-11.877242,-1.2877784,-1.7473572,3,walking
1519421670928,-11.858093,-1.2782038,-1.8239537,3,walking
1519421670939,-11.59958,-1.2399056,-1.9101248,3,walking
1519421670943,-11.484685,-1.2494801,-1.8431029,3,walking
1519421670949,-11.38894,-1.2686293,-1.8143792,3,walking
1519421670954,-11.05383,-1.3548003,-1.7665064,3,walking
1519421670959,-10.92936,-1.4122477,-1.7186337,3,walking
1519421670969,-10.383611,-1.5750152,-1.6803354,3,walking
1519421670974,-10.2016945,-1.6611862,-1.6803354,3,walking
1519421670979,-10.105948,-1.6899099,-1.7473572,3,walking
1519421670989,-10.393186,-1.4984187,-2.1303396,3,walking
1519421670994,-10.785743,-1.3548003,-2.475024,3,walking
1519421671000,-11.302769,-1.2686293,-2.6760898,3,walking
1519421671005,-12.068733,-1.5367169,-2.5420458,3,walking
1519421671012,-11.925115,-2.3314054,-1.9388485,3,walking
1519421671018,-11.762347,-2.800559,-1.7473572,3,walking
1519421671028,-11.235746,-3.997379,-1.1824582,3,walking
1519421671033,-11.005958,-4.236743,-1.0771381,3,walking
1519421671063,-9.062322,-3.7388659,-1.4888442,3,walking
1519421671068,-9.004874,-3.4133308,-1.6516117,3,walking
1519421671078,-9.014449,-2.6760898,-2.0920415,3,walking
1519421671083,-9.148493,-2.5228968,-2.1111906,3,walking
1519421671088,-9.320834,-2.3505547,-2.168638,3,walking
1519421671098,-10.364462,-2.0250196,-2.4654493,3,walking
1519421671102,-10.785743,-1.9771467,-2.427151,3,walking
1519421671107,-11.216598,-1.929274,-2.360129,3,walking
1519421671116,-11.915541,-2.0728924,-2.2739582,3,walking
1519421671121,-12.231501,-2.1782124,-2.1399143,3,walking
1519421671126,-12.69108,-2.408002,-2.0250196,3,walking
1519421671132,-12.949593,-2.4654493,-2.0058703,3,walking
1519421671137,-13.351725,-2.5516202,-1.9771467,3,walking
1519421671141,-13.351725,-2.5516202,-1.9771467,3,walking
1519421671146,-13.648536,-2.5994933,-1.9771467,3,walking
1519421671151,-13.725132,-2.5899186,-1.9579976,3,walking
1519421671156,-13.792154,-2.4845984,-1.9867213,3,walking
1519421671162,-13.792154,-2.4845984,-1.9867213,3,walking
1519421671167,-13.4666195,-2.168638,-2.015445,3,walking
1519421671173,-13.294277,-2.0537431,-2.015445,3,walking
1519421671177,-13.074062,-1.9005502,-2.0250196,3,walking
1519421671181,-13.074062,-1.9005502,-2.0250196,3,walking
1519421671187,-12.499589,-1.6707608,-1.9196993,3,walking
1519421671191,-12.183628,-1.5367169,-1.8814012,3,walking
1519421671196,-11.570856,-1.3165021,-1.8143792,3,walking
1519421671201,-11.570856,-1.3165021,-1.8143792,3,walking
1519421671206,-10.919786,-1.14416,-1.8143792,3,walking
1519421671211,-10.642124,-1.0292653,-1.8048047,3,walking
1519421671216,-10.125097,-0.93351966,-1.9005502,3,walking
1519421671222,-9.971905,-0.8186249,-1.8718265,3,walking
1519421671226,-9.770839,-0.8186249,-1.8909757,3,walking
1519421671231,-9.617646,-0.78032666,-2.0058703,3,walking
1519421671236,-8.832532,-0.77075213,-1.8526775,3,walking
1519421671241,-8.497422,-0.7994758,-1.862252,3,walking
1519421671246,-8.286782,-0.6750065,-1.7856555,3,walking
1519421671251,-8.286782,-0.6750065,-1.7856555,3,walking
1519421671257,-8.258059,-1.0005416,-1.9005502,3,walking
1519421671262,-8.181462,-1.1728836,-1.9962958,3,walking
1519421671267,-7.846352,-1.3548003,-1.862252,3,walking
1519421671271,-7.846352,-1.3548003,-1.862252,3,walking
1519421671277,-7.616563,-1.383524,-1.7377827,3,walking
1519421671281,-7.5399666,-1.4409714,-1.7282082,3,walking
1519421671286,-7.4250717,-1.7473572,-1.7186337,3,walking
1519421671292,-7.434646,-1.9005502,-1.7569319,3,walking
1519421671296,-7.4250717,-2.0824668,-1.776081,3,walking
1519421671301,-7.4537954,-2.2165108,-1.8335283,3,walking
1519421671306,-7.4537954,-2.2452345,-1.8239537,3,walking
1519421671312,-7.501668,-2.1590633,-1.9101248,3,walking
1519421671316,-7.56869,-2.1782124,-2.0537431,3,walking
1519421671322,-7.56869,-2.1782124,-2.0537431,3,walking
1519421671326,-7.741032,-2.2356598,-2.2260852,3,walking
1519421671331,-7.846352,-2.2069361,-2.3122563,3,walking
1519421671336,-7.9037995,-2.101616,-2.3984275,3,walking
1519421671341,-7.9037995,-2.101616,-2.3984275,3,walking
1519421671347,-7.999545,-1.9196993,-2.561195,3,walking
1519421671352,-8.056993,-1.776081,-2.6569405,3,walking
1519421671357,-8.104865,-1.7377827,-2.7431116,3,walking
1519421671367,-8.171887,-1.7186337,-2.7814097,3,walking
1519421671374,-8.286782,-1.7569319,-2.88673,3,walking
1519421671379,-8.420826,-1.7856555,-2.9537518,3,walking
1519421671385,-8.420826,-1.8048047,-2.972901,3,walking
1519421671390,-8.497422,-1.7856555,-3.0494976,3,walking
1519421671395,-8.4686985,-1.776081,-3.0111992,3,walking
1519421671401,-8.564445,-1.6420372,-3.039923,3,walking
1519421671405,-8.679339,-1.6133134,-3.1548176,3,walking
1519421671411,-8.66019,-1.5750152,-3.0877957,3,walking
1519421671416,-8.688913,-1.5175679,-3.0973704,3,walking
1519421671424,-8.688913,-1.5558661,-3.0686467,3,walking
1519421671429,-8.698488,-1.5845897,-3.0686467,3,walking
1519421671434,-8.641041,-1.6611862,-2.8771553,3,walking
1519421671439,-8.6697645,-1.6803354,-2.8963046,3,walking
1519421671444,-8.679339,-1.7377827,-2.8101335,3,walking
1519421671449,-8.641041,-1.79523,-2.7622607,3,walking
1519421671454,-8.487848,-1.8718265,-2.5994933,3,walking
1519421671460,-8.4686985,-1.9101248,-2.494173,3,walking
1519421671464,-8.392102,-2.0250196,-2.3888528,3,walking
1519421671470,-8.353804,-2.0441687,-2.360129,3,walking
1519421671475,-8.23891,-2.0728924,-2.2835326,3,walking
1519421671480,-8.181462,-2.0633178,-2.2643836,3,walking
1519421671485,-8.085716,-2.1303396,-2.2260852,3,walking
1519421671490,-7.9516726,-2.1973617,-2.1973617,3,walking
1519421671495,-7.855927,-2.2356598,-2.1399143,3,walking
1519421671500,-7.808054,-2.2452345,-2.168638,3,walking
1519421671505,-7.6835847,-2.2931073,-2.0920415,3,walking
1519421671511,-7.635712,-2.2739582,-2.0441687,3,walking
1519421671516,-7.616563,-2.2835326,-2.0633178,3,walking
1519421671523,-7.5591154,-2.2165108,-1.9867213,3,walking
1519421671529,-7.5974135,-2.187787,-1.948423,3,walking
1519421671534,-7.6452866,-2.187787,-1.9579976,3,walking
1519421671539,-7.6835847,-2.187787,-1.9388485,3,walking
1519421671544,-7.7601814,-2.101616,-1.8239537,3,walking
1519421671549,-7.808054,-2.0537431,-1.8526775,3,walking
1519421671554,-7.8846507,-1.8909757,-1.8431029,3,walking
1519421671560,-7.9420977,-1.7665064,-1.8431029,3,walking
1519421671565,-8.028269,-1.6803354,-1.79523,3,walking
1519421671570,-8.056993,-1.5558661,-1.8814012,3,walking
1519421671575,-8.047418,-1.4313968,-1.8718265,3,walking
1519421671580,-8.018694,-1.2111819,-1.8048047,3,walking
1519421671587,-7.875076,-1.0388398,-1.7665064,3,walking
1519421671593,-7.8655014,-1.0005416,-1.6133134,3,walking
1519421671599,-7.846352,-1.0101161,-1.5750152,3,walking
1519421671604,-7.8272033,-1.0579889,-1.4792696,3,walking
1519421671609,-7.855927,-1.1345854,-1.3643749,3,walking
1519421671614,-7.846352,-1.2494801,-1.1633091,3,walking
1519421671619,-7.8367777,-1.3548003,-1.0484143,3,walking
1519421671624,-7.8846507,-1.4505459,-0.92394507,3,walking
1519421671629,-7.875076,-1.5750152,-0.64628285,3,walking
1519421671634,-7.9516726,-1.8909757,-0.26330042,3,walking
1519421671639,-8.037844,-2.0537431,-0.11968201,3,walking
1519421671644,-8.32508,-2.3792782,0.03351096,3,walking
1519421671650,-8.535721,-2.5324712,0.09095833,3,walking
1519421671655,-8.746361,-2.6856642,0.12925656,3,walking
1519421671659,-8.995299,-2.7431116,0.081383765,3,walking
1519421671664,-9.349558,-2.7239625,0.0,3,walking
1519421671668,-10.632549,-2.4175766,-0.30159867,3,walking
1519421671673,-10.632549,-2.4175766,-0.30159867,3,walking
1519421671676,-11.609155,-2.1590633,-0.6750065,3,walking
1519421671683,-13.648536,-1.8909757,-1.5750152,3,walking
1519421671687,-14.988975,-2.0633178,-2.1111906,3,walking
1519421671693,-15.199615,-2.168638,-2.1973617,3,walking
1519421671698,-15.075146,-2.3122563,-2.168638,3,walking
1519421671734,-10.900637,-1.9867213,-1.2686293,3,walking
1519421671743,-10.307014,-1.7377827,-1.0579889,3,walking
1519421671754,-9.809137,-1.4505459,-0.9430942,3,walking
1519421671759,-9.531475,-1.0579889,-0.93351966,3,walking
1519421671763,-9.655944,-0.8664977,-1.0388398,3,walking
1519421671768,-9.885734,-0.6558574,-1.0867126,3,walking
1519421671777,-11.207023,-0.33032233,-1.1824582,3,walking
1519421671805,-13.552791,-1.383524,-1.1920328,3,walking
1519421671814,-13.945347,-1.862252,-1.3165021,3,walking
1519421671818,-13.897474,-1.948423,-1.4122477,3,walking
1519421671827,-13.610238,-1.9867213,-1.5941644,3,walking
1519421671833,-13.074062,-1.9675722,-1.7856555,3,walking
1519421671838,-12.786825,-2.0250196,-1.9388485,3,walking
1519421671847,-11.676176,-1.9579976,-2.149489,3,walking
1519421671853,-11.187874,-1.8814012,-2.1590633,3,walking
1519421671857,-10.737869,-1.862252,-2.0824668,3,walking
1519421671864,-9.991054,-1.9005502,-1.948423,3,walking
1519421671868,-9.655944,-1.862252,-1.8239537,3,walking
1519421671873,-9.2825365,-1.862252,-1.709059,3,walking
1519421671915,-6.678256,-2.321831,-0.71330476,3,walking
1519421671924,-6.611234,-2.427151,-0.70373017,3,walking
1519421671932,-6.611234,-2.427151,-0.70373017,3,walking
1519421671937,-6.668681,-2.5324712,-0.6845811,3,walking
1519421671943,-6.7069798,-2.494173,-0.6845811,3,walking
1519421671947,-6.7261286,-2.5037475,-0.751603,3,walking
1519421671958,-6.8601727,-2.3888528,-0.83777404,3,walking
1519421671963,-6.9080453,-2.34098,-0.91437054,3,walking
1519421671967,-6.975067,-2.321831,-0.92394507,3,walking
1519421671977,-7.1474094,-2.1303396,-1.0484143,3,walking
1519421671983,-7.195282,-2.101616,-1.0675635,3,walking
1519421671988,-7.2623043,-2.0824668,-1.0675635,3,walking
1519421671993,-7.3771987,-2.0920415,-1.1058618,3,walking
1519421671998,-7.4154973,-2.1111906,-1.0388398,3,walking
1519421672007,-7.4920936,-2.1782124,-0.99096704,3,walking
1519421672013,-7.6452866,-2.2931073,-0.91437054,3,walking
1519421672018,-7.7123084,-2.3314054,-0.8856468,3,walking
1519421672027,-7.9037995,-2.4654493,-0.77075213,3,walking
1519421672033,-7.961247,-2.494173,-0.7420284,3,walking
1519421672038,-8.056993,-2.4845984,-0.7324539,3,walking
1519421672043,-8.21976,-2.5324712,-0.70373017,3,walking
1519421672048,-8.286782,-2.5228968,-0.6845811,3,walking
1519421672053,-8.353804,-2.475024,-0.70373017,3,walking
1519421672059,-8.430401,-2.4558747,-0.78032666,3,walking
1519421672064,-8.506997,-2.4367256,-0.7324539,3,walking
1519421672069,-8.602742,-2.3984275,-0.76117754,3,walking
1519421672074,-8.727212,-2.34098,-0.7420284,3,walking
1519421672079,-8.727212,-2.34098,-0.7420284,3,walking
1519421672084,-8.851681,-2.2739582,-0.751603,3,walking
1519421672089,-8.861256,-2.2452345,-0.7228793,3,walking
1519421672094,-8.861256,-2.2452345,-0.7228793,3,walking
1519421672100,-9.024023,-2.168638,-0.7324539,3,walking
1519421672105,-9.20594,-2.1111906,-0.78032666,3,walking
1519421672110,-9.20594,-2.1111906,-0.78032666,3,walking
1519421672115,-9.359133,-2.0250196,-0.83777404,3,walking
1519421672120,-9.426155,-2.0250196,-0.8856468,3,walking
1519421672124,-9.5219,-1.9771467,-0.8760723,3,walking
1519421672128,-9.598496,-1.9675722,-0.8856468,3,walking
1519421672133,-9.62722,-2.0633178,-0.9526688,3,walking
1519421672138,-9.579348,-2.1207652,-0.9526688,3,walking
1519421672143,-9.569773,-2.1399143,-0.9430942,3,walking
1519421672148,-9.5219,-2.187787,-0.93351966,3,walking
1519421672154,-9.368708,-2.2069361,-1.0005416,3,walking
1519421672158,-9.31126,-2.2356598,-1.0101161,3,walking
1519421672167,-9.148493,-2.2165108,-1.0196906,3,walking
1519421672173,-9.004874,-2.168638,-0.9622433,3,walking
1519421672178,-9.004874,-2.1973617,-0.9526688,3,walking
1519421672187,-8.928278,-2.2452345,-0.76117754,3,walking
1519421672193,-8.937852,-2.2643836,-0.7420284,3,walking
1519421672197,-8.985725,-2.2931073,-0.6750065,3,walking
1519421672202,-9.215514,-2.3697038,-0.5218136,3,walking
1519421672207,-9.397431,-2.3888528,-0.46436617,3,walking
1519421672212,-9.655944,-2.360129,-0.40691882,3,walking
1519421672217,-9.847435,-2.321831,-0.2920241,3,walking
1519421672227,-10.670848,-2.3984275,-0.18670394,3,walking
1519421672233,-10.958084,-2.475024,-0.18670394,3,walking
1519421672237,-11.274045,-2.5228968,-0.14840569,3,walking
1519421672243,-11.676176,-2.647366,-0.13883112,3,walking
1519421672248,-11.886817,-2.6952388,-0.15798025,3,walking
1519421672252,-12.020861,-2.7239625,-0.20585304,3,walking
1519421672257,-12.087883,-2.6760898,-0.3111732,3,walking
1519421672263,-12.154904,-2.494173,-0.56011176,3,walking
1519421672268,-12.126181,-2.34098,-0.71330476,3,walking
1519421672277,-11.9346895,-1.7473572,-1.3260766,3,walking
1519421672283,-11.7049,-1.5175679,-1.4409714,3,walking
1519421672287,-11.628304,-1.2686293,-1.6707608,3,walking
1519421672292,-11.15915,-0.78032666,-1.9771467,3,walking
1519421672297,-10.862339,-0.56968635,-2.0441687,3,walking
1519421672302,-10.6134,-0.45479164,-2.1207652,3,walking
1519421672307,-10.345312,-0.34947145,-2.2069361,3,walking
1519421672312,-10.06765,-0.2920241,-2.5324712,3,walking
1519421672317,-10.182545,-0.22500217,-2.88673,3,walking
1519421672322,-10.527229,-0.19627848,-3.3080106,3,walking
1519421672327,-11.140001,-0.17712937,-3.7484405,3,walking
1519421672334,-12.758101,-0.42606795,-4.0069537,3,walking
1519421672339,-13.380448,-0.78032666,-3.690993,3,walking
1519421672343,-13.619812,-1.3739494,-3.2792869,3,walking
1519421672385,-12.288948,-6.7740016,-0.12925656,3,walking
1519421672394,-11.771922,-5.960164,-0.93351966,3,walking
1519421672401,-11.38894,-4.935686,-1.4888442,3,walking
1519421672415,-11.235746,-3.3367343,-2.3122563,3,walking
1519421672423,-11.436812,-2.3888528,-2.752686,3,walking
1519421672427,-11.637878,-1.9579976,-2.9537518,3,walking
1519421672432,-11.819795,-1.5941644,-3.0973704,3,walking
1519421672437,-12.298523,-0.78032666,-3.4420545,3,walking
1519421672443,-12.46129,-0.44521707,-3.5282254,3,walking
1519421672447,-12.499589,-0.11968201,-3.6526947,3,walking
1519421672452,-12.537887,0.081383765,-3.690993,3,walking
1519421672463,-12.308098,0.3877697,-3.4420545,3,walking
1519421672468,-12.183628,0.27287498,-3.231414,3,walking
1519421672477,-11.82937,-0.05266008,-2.905879,3,walking
1519421672482,-11.685751,-0.25372586,-2.7239625,3,walking
1519421672487,-11.590006,-0.47394073,-2.513322,3,walking
1519421672493,-11.207023,-0.90479594,-2.0728924,3,walking
1519421672498,-10.94851,-1.1058618,-1.862252,3,walking
1519421672507,-10.460207,-1.4409714,-1.5271424,3,walking
1519421672513,-10.029352,-1.7473572,-1.1920328,3,walking
1519421672518,-9.85701,-1.8718265,-1.0675635,3,walking
1519421672523,-9.770839,-2.0633178,-1.0579889,3,walking
1519421672528,-9.502751,-2.3026817,-1.0005416,3,walking
1519421672533,-9.330409,-2.4367256,-0.9718179,3,walking
1519421672537,-9.177217,-2.5420458,-0.9622433,3,walking
1519421672547,-8.880404,-2.5516202,-1.2016073,3,walking
1519421672553,-8.755936,-2.5516202,-1.3739494,3,walking
1519421672558,-8.641041,-2.4845984,-1.5750152,3,walking
1519421672563,-8.296356,-2.3792782,-1.9101248,3,walking
1519421672568,-8.104865,-2.3505547,-2.0824668,3,walking
1519421672573,-7.9037995,-2.321831,-2.3122563,3,walking
1519421672578,-7.7506065,-2.2739582,-2.4654493,3,walking
1519421672583,-7.46337,-2.2165108,-2.6856642,3,walking
1519421672589,-7.348475,-2.2069361,-2.819708,3,walking
1519421672594,-7.12826,-2.168638,-3.0303483,3,walking
1519421672599,-7.12826,-2.168638,-3.0303483,3,walking
1519421672604,-7.051664,-2.101616,-3.1356685,3,walking
1519421672609,-7.089962,-2.0633178,-3.212265,3,walking
1519421672614,-7.243155,-2.015445,-3.2697124,3,walking
1519421672619,-7.348475,-2.015445,-3.2601378,3,walking
1519421672624,-7.5303917,-1.929274,-3.1835413,3,walking
1519421672629,-7.5303917,-1.929274,-3.1835413,3,walking
1519421672635,-7.635712,-1.8335283,-3.1165195,3,walking
1519421672639,-7.769756,-1.8431029,-3.126094,3,walking
1519421672645,-7.9325233,-1.776081,-2.9537518,3,walking
1519421672651,-8.11444,-1.7186337,-2.8580062,3,walking
1519421672657,-8.200611,-1.6707608,-2.7718353,3,walking
1519421672662,-8.229335,-1.6899099,-2.7431116,3,walking
1519421672667,-8.229335,-1.6516117,-2.6569405,3,walking
1519421672672,-8.334655,-1.6516117,-2.6186423,3,walking
1519421672678,-8.277207,-1.622888,-2.5324712,3,walking
1519421672683,-8.248484,-1.6133134,-2.475024,3,walking
1519421672688,-8.258059,-1.6133134,-2.4463003,3,walking
1519421672693,-8.152739,-1.6133134,-2.3505547,3,walking
1519421672698,-8.018694,-1.6516117,-2.2260852,3,walking
1519421672703,-7.9133744,-1.6803354,-2.2069361,3,walking
1519421672708,-7.7793303,-1.7282082,-2.187787,3,walking
1519421672712,-7.6835847,-1.7473572,-2.1590633,3,walking
1519421672717,-7.635712,-1.7856555,-2.0824668,3,walking
1519421672727,-7.6740103,-1.9005502,-2.015445,3,walking
1519421672732,-7.654861,-1.9771467,-1.9771467,3,walking
1519421672737,-7.693159,-1.9771467,-1.9388485,3,walking
1519421672742,-7.7984796,-2.0537431,-1.9388485,3,walking
1519421672748,-7.8846507,-2.0920415,-1.9005502,3,walking
1519421672752,-7.9708214,-2.0920415,-1.8814012,3,walking
1519421672758,-8.018694,-2.1111906,-1.9101248,3,walking
1519421672763,-8.143164,-2.168638,-1.9867213,3,walking
1519421672768,-8.152739,-2.2165108,-1.9962958,3,walking
1519421672773,-8.191036,-2.1973617,-1.9771467,3,walking
1519421672778,-8.171887,-2.149489,-1.9005502,3,walking
1519421672783,-8.11444,-2.034594,-1.8814012,3,walking
1519421672788,-8.018694,-1.9962958,-1.8048047,3,walking
1519421672793,-7.9133744,-1.948423,-1.6994845,3,walking
1519421672798,-7.8176284,-1.9771467,-1.6324625,3,walking
1519421672803,-7.7793303,-1.9771467,-1.6133134,3,walking
1519421672809,-7.7314577,-1.9962958,-1.5845897,3,walking
1519421672814,-7.7314577,-2.015445,-1.4984187,3,walking
1519421672819,-7.6740103,-2.0058703,-1.4601204,3,walking
1519421672824,-7.702734,-1.9579976,-1.4218222,3,walking
1519421672828,-7.702734,-1.9579976,-1.4218222,3,walking
1519421672833,-7.6835847,-1.929274,-1.4026731,3,walking
1519421672837,-7.7314577,-1.929274,-1.383524,3,walking
1519421672846,-7.8272033,-1.9101248,-1.4026731,3,walking
1519421672852,-8.00912,-1.8814012,-1.4313968,3,walking
1519421672857,-8.171887,-1.8431029,-1.4601204,3,walking
1519421672864,-8.277207,-1.8143792,-1.4984187,3,walking
1519421672869,-8.535721,-1.6994845,-1.6037389,3,walking
1519421672875,-8.612317,-1.6611862,-1.6516117,3,walking
1519421672881,-9.014449,-1.7665064,-1.8718265,3,walking
1519421672887,-9.062322,-1.7856555,-1.9579976,3,walking
1519421672892,-9.110194,-1.776081,-1.9771467,3,walking
1519421672897,-9.167642,-1.7665064,-2.1303396,3,walking
1519421672906,-9.215514,-1.8814012,-2.168638,3,walking
1519421672912,-9.225089,-1.8814012,-2.2165108,3,walking
1519421672917,-9.158067,-1.9196993,-2.187787,3,walking
1519421672922,-9.100619,-1.9196993,-2.1111906,3,walking
1519421672927,-9.062322,-1.8814012,-2.0441687,3,walking
1519421672932,-9.0814705,-1.8909757,-1.9771467,3,walking
1519421672937,-9.071896,-1.8814012,-1.929274,3,walking
1519421672942,-9.0814705,-1.9101248,-1.6994845,3,walking
1519421672948,-9.024023,-2.034594,-1.5462915,3,walking
1519421672953,-9.024023,-2.2165108,-1.1920328,3,walking
1519421672958,-9.024023,-2.2165108,-1.1920328,3,walking
1519421672963,-9.062322,-2.3888528,-0.8281995,3,walking
1519421672968,-9.071896,-2.4367256,-0.5313881,3,walking
1519421672973,-9.263388,-2.5707695,-0.19627848,3,walking
1519421672978,-9.426155,-2.6186423,-0.00478728,3,walking
1519421672983,-9.550624,-2.6377914,0.0718092,3,walking
1519421672988,-9.703817,-2.6282167,0.13883112,3,walking
1519421672994,-10.029352,-2.5037475,0.12925656,3,walking
1519421672998,-10.278291,-2.34098,0.00478728,3,walking
1519421673004,-10.632549,-2.1590633,-0.2441513,3,walking
1519421673009,-11.848518,-1.7569319,-0.9526688,3,walking
1519421673014,-12.643207,-1.5462915,-1.4218222,3,walking
1519421673021,-14.050668,-1.3643749,-2.3984275,3,walking
1519421673027,-14.32833,-1.3643749,-2.666515,3,walking
1519421673032,-13.99322,-1.4409714,-2.8771553,3,walking
1519421673037,-13.495343,-1.4505459,-2.8101335,3,walking
1519421673042,-12.480439,-1.4505459,-2.580344,3,walking
1519421673073,-8.7750845,-2.1303396,-1.3356512,3,walking
1519421673082,-8.143164,-2.149489,-1.0484143,3,walking
1519421673102,-8.353804,-2.0441687,-0.8473486,3,walking
1519421673108,-8.822957,-2.0058703,-0.8664977,3,walking
1519421673112,-9.2825365,-2.0058703,-0.8090504,3,walking
1519421673117,-9.828286,-2.0058703,-0.7994758,3,walking
1519421673142,-13.1602335,-2.905879,-1.14416,3,walking
1519421673147,-13.351725,-2.8580062,-1.2494801,3,walking
1519421673151,-13.380448,-2.7431116,-1.4505459,3,walking
1519421673156,-13.34215,-2.5707695,-1.5941644,3,walking
1519421673161,-13.208106,-2.360129,-1.6899099,3,walking
1519421673166,-12.997466,-2.1303396,-1.7856555,3,walking
1519421673171,-12.384694,-1.6133134,-1.948423,3,walking
1519421673176,-12.068733,-1.3165021,-1.9675722,3,walking
1519421673181,-11.867668,-1.0771381,-2.101616,3,walking
1519421673186,-11.628304,-0.7994758,-2.1782124,3,walking
1519421673191,-11.178299,-0.37819514,-2.360129,3,walking
1519421673196,-10.900637,-0.2154276,-2.408002,3,walking
1519421673205,-10.230418,-0.081383765,-2.2739582,3,walking
1519421673211,-9.550624,-0.20585304,-2.1399143,3,walking
1519421673216,-9.225089,-0.33032233,-2.015445,3,walking
1519421673225,-8.727212,-0.47394073,-1.8239537,3,walking
1519421673231,-8.315506,-0.39734426,-1.5175679,3,walking
1519421673236,-8.124015,-0.30159867,-1.2494801,3,walking
1519421673245,-7.8272033,-0.59841,-1.2877784,3,walking
1519421673251,-7.8655014,-0.7420284,-1.3260766,3,walking
1519421673256,-7.9133744,-0.9430942,-1.383524,3,walking
1519421673261,-7.7314577,-1.3356512,-1.3165021,3,walking
1519421673266,-7.6261373,-1.469695,-1.2016073,3,walking
1519421673270,-7.4250717,-1.5462915,-1.0101161,3,walking
1519421673275,-7.3197513,-1.6803354,-0.8952214,3,walking
1519421673281,-7.0995364,-2.0250196,-0.70373017,3,walking
1519421673286,-7.0612383,-2.2643836,-0.6750065,3,walking
1519421673295,-7.2623043,-2.3792782,-0.44521707,3,walking
1519421673301,-7.2623043,-2.6569405,-0.3398969,3,walking
1519421673306,-7.0803876,-2.8292825,-0.2920241,3,walking
1519421673315,-7.089962,-2.905879,-0.2920241,3,walking
1519421673321,-7.195282,-3.039923,-0.47394073,3,walking
1519421673326,-7.2335806,-3.059072,-0.5218136,3,walking
1519421673331,-7.46337,-3.1356685,-1.0292653,3,walking
1519421673337,-7.6069884,-3.1548176,-1.1345854,3,walking
1519421673342,-7.7314577,-3.2409887,-1.2590547,3,walking
1519421673347,-7.7601814,-3.2601378,-1.2782038,3,walking
1519421673351,-7.8367777,-3.0686467,-1.1824582,3,walking
1519421673356,-7.9325233,-2.9920502,-1.2207564,3,walking
1519421673360,-7.9899707,-2.905879,-1.0388398,3,walking
1519421673365,-8.028269,-2.8771553,-0.99096704,3,walking
1519421673371,-8.315506,-2.7718353,-0.9622433,3,walking
1519421673377,-8.420826,-2.7048132,-0.8664977,3,walking
1519421673382,-8.55487,-2.714388,-0.83777404,3,walking
1519421673387,-8.55487,-2.714388,-0.83777404,3,walking
1519421673392,-8.535721,-2.714388,-0.76117754,3,walking
1519421673397,-8.612317,-2.6569405,-0.7228793,3,walking
1519421673402,-8.621892,-2.5994933,-0.64628285,3,walking
1519421673407,-8.621892,-2.5994933,-0.64628285,3,walking
1519421673412,-8.6697645,-2.4654493,-0.5313881,3,walking
1519421673417,-8.708063,-2.3888528,-0.40691882,3,walking
1519421673422,-8.746361,-2.2739582,-0.26330042,3,walking
1519421673427,-8.746361,-2.1782124,-0.33032233,3,walking
1519421673432,-8.765511,-2.0824668,-0.40691882,3,walking
1519421673438,-8.918703,-1.9005502,-0.5218136,3,walking
1519421673443,-8.918703,-1.8431029,-0.46436617,3,walking
1519421673448,-8.889979,-1.8718265,-0.42606795,3,walking
1519421673453,-8.880404,-1.8526775,-0.39734426,3,walking
1519421673458,-9.024023,-1.79523,-0.59841,3,walking
1519421673463,-9.043172,-1.8143792,-0.59841,3,walking
1519421673468,-9.091045,-1.9196993,-0.71330476,3,walking
1519421673474,-9.119769,-1.9388485,-0.77075213,3,walking
1519421673483,-9.18679,-2.2452345,-0.92394507,3,walking
1519421673488,-9.234664,-2.3505547,-1.0005416,3,walking
1519421673494,-9.244238,-2.3888528,-1.0101161,3,walking
1519421673504,-9.368708,-2.5516202,-1.0579889,3,walking
1519421673511,-9.502751,-2.6090677,-1.1537346,3,walking
1519421673516,-9.550624,-2.5899186,-1.2111819,3,walking
1519421673521,-9.5889225,-2.6377914,-1.1920328,3,walking
1519421673527,-9.655944,-2.647366,-1.2303311,3,walking
1519421673532,-9.703817,-2.6090677,-1.0675635,3,walking
1519421673537,-9.8953085,-2.5994933,-1.2494801,3,walking
1519421673542,-10.182545,-2.5707695,-1.2207564,3,walking
1519421673547,-10.374036,-2.5324712,-1.1633091,3,walking
1519421673553,-10.565528,-2.5324712,-1.1824582,3,walking
1519421673558,-10.804892,-2.5516202,-1.1920328,3,walking
1519421673563,-11.465536,-2.647366,-1.2207564,3,walking
1519421673568,-11.714475,-2.7431116,-1.1633091,3,walking
1519421673574,-12.3463955,-2.8771553,-1.2590547,3,walking
1519421673578,-12.3463955,-2.8771553,-1.2590547,3,walking
1519421673584,-12.58576,-2.819708,-1.0292653,3,walking
1519421673591,-12.786825,-2.714388,-1.1250108,3,walking
1519421673596,-12.738953,-2.5994933,-1.0675635,3,walking
1519421673600,-12.509163,-2.3984275,-1.0579889,3,walking
1519421673605,-12.35597,-2.2452345,-1.0771381,3,walking
1519421673610,-12.231501,-2.0728924,-1.1633091,3,walking
1519421673615,-12.020861,-1.8814012,-1.1920328,3,walking
1519421673621,-11.590006,-1.4888442,-1.3452257,3,walking
1519421673626,-11.321918,-1.1633091,-1.4026731,3,walking
1519421673630,-11.130426,-0.9430942,-1.5367169,3,walking
1519421673635,-10.891063,-0.8186249,-1.6420372,3,walking
1519421673641,-10.393186,-0.56968635,-1.7856555,3,walking
1519421673646,-10.134672,-0.54096264,-1.776081,3,walking
1519421673655,-9.675094,-0.54096264,-1.776081,3,walking
1519421673660,-9.407005,-0.512239,-1.948423,3,walking
1519421673666,-9.474028,-0.4356425,-2.034594,3,walking
1519421673670,-10.307014,-0.17712937,-2.7622607,3,walking
1519421673676,-10.307014,-0.17712937,-2.7622607,3,walking
1519421673681,-11.972988,-0.09095833,-3.365458,3,walking
1519421673688,-13.275128,-0.5888355,-3.346309,3,walking
1519421673693,-13.495343,-1.2303311,-3.0111992,3,walking
1519421673697,-13.552791,-1.948423,-2.6377914,3,walking
1519421673740,-10.345312,-3.5569491,-1.1345854,3,walking
1519421673749,-10.06765,-2.5516202,-1.7186337,3,walking
1519421673761,-10.220843,-0.8473486,-2.4558747,3,walking
1519421673767,-10.307014,-0.3398969,-2.647366,3,walking
1519421673771,-10.441058,0.09095833,-2.7718353,3,walking
1519421673775,-10.632549,0.4835153,-2.9154537,3,walking
1519421673781,-11.092129,0.90479594,-3.0494976,3,walking
1519421673812,-11.791071,0.014361841,-2.7048132,3,walking
1519421673820,-11.877242,-0.15798025,-2.580344,3,walking
1519421673828,-11.771922,-0.4356425,-2.5994933,3,walking
1519421673836,-11.628304,-0.70373017,-2.4463003,3,walking
1519421673843,-11.446387,-0.77075213,-2.4558747,3,walking
1519421673848,-11.178299,-0.8473486,-2.5228968,3,walking
1519421673852,-10.996383,-0.91437054,-2.4367256,3,walking
1519421673857,-10.804892,-0.93351966,-2.3888528,3,walking
1519421673861,-10.622974,-0.9718179,-2.408002,3,walking
1519421673866,-10.460207,-1.0292653,-2.360129,3,walking
1519421673870,-10.115523,-1.0388398,-2.3697038,3,walking
1519421673875,-9.847435,-1.1537346,-2.4175766,3,walking
1519421673880,-9.531475,-1.383524,-2.3314054,3,walking
1519421673885,-9.301685,-1.5079932,-2.2931073,3,walking
1519421673890,-8.880404,-1.3452257,-2.2835326,3,walking
1519421673895,-8.593168,-1.4505459,-2.2356598,3,walking
1519421673904,-8.305931,-1.3165021,-2.0920415,3,walking
1519421673910,-8.191036,-1.2494801,-2.1111906,3,walking
1519421673915,-8.133589,-1.2111819,-2.0824668,3,walking
1519421673924,-8.028269,-1.1824582,-2.0058703,3,walking
1519421673930,-7.9708214,-1.0771381,-1.8718265,3,walking
1519421673935,-7.9325233,-0.99096704,-1.8239537,3,walking
1519421673941,-7.9516726,-0.91437054,-1.7569319,3,walking
1519421673946,-7.9708214,-0.8473486,-1.8431029,3,walking
1519421673951,-7.9708214,-0.78032666,-1.8239537,3,walking
1519421673956,-7.9708214,-0.7420284,-1.709059,3,walking
1519421673960,-7.961247,-0.6558574,-1.7856555,3,walking
1519421673965,-7.9325233,-0.56011176,-1.7473572,3,walking
1519421673969,-7.9420977,-0.49308985,-1.7186337,3,walking
1519421673974,-7.9516726,-0.4164934,-1.7473572,3,walking
1519421673980,-7.894225,-0.17712937,-1.8718265,3,walking
1519421673985,-7.769756,-0.023936402,-1.8526775,3,walking
1519421673989,-7.702734,0.16755481,-1.862252,3,walking
1519421673994,-7.6261373,0.25372586,-1.8431029,3,walking
1519421674000,-7.6069884,0.11968201,-2.0441687,3,walking
1519421674005,-7.56869,0.13883112,-2.0441687,3,walking
1519421674015,-7.4154973,-0.05266008,-1.9962958,3,walking
1519421674020,-7.434646,-0.32074776,-2.168638,3,walking
1519421674026,-7.4250717,-0.45479164,-2.1782124,3,walking
1519421674031,-7.4154973,-0.8090504,-2.168638,3,walking
1519421674036,-7.4154973,-0.92394507,-2.1303396,3,walking
1519421674041,-7.4154973,-1.0388398,-2.149489,3,walking
1519421674047,-7.5399666,-1.2686293,-2.2165108,3,walking
1519421674052,-7.5591154,-1.4026731,-2.2260852,3,walking
1519421674057,-7.56869,-1.5079932,-2.2739582,3,walking
1519421674062,-7.654861,-1.6324625,-2.3792782,3,walking
1519421674067,-7.664436,-1.6803354,-2.3984275,3,walking
1519421674072,-7.7123084,-1.6803354,-2.4463003,3,walking
1519421674077,-7.7123084,-1.6803354,-2.5037475,3,walking
1519421674082,-7.8272033,-1.6707608,-2.580344,3,walking
1519421674087,-7.846352,-1.6803354,-2.6569405,3,walking
1519421674093,-7.9516726,-1.7473572,-2.666515,3,walking
1519421674097,-7.999545,-1.7282082,-2.666515,3,walking
1519421674103,-7.9803963,-1.709059,-2.666515,3,walking
1519421674113,-7.9899707,-1.6037389,-2.5899186,3,walking
1519421674118,-7.922949,-1.5175679,-2.4845984,3,walking
1519421674123,-7.8367777,-1.5367169,-2.475024,3,walking
1519421674130,-7.7506065,-1.5558661,-2.3697038,3,walking
1519421674135,-7.721883,-1.5367169,-2.360129,3,walking
1519421674140,-7.6740103,-1.5845897,-2.2260852,3,walking
1519421674145,-7.6452866,-1.6324625,-2.1782124,3,walking
1519421674150,-7.654861,-1.7186337,-2.187787,3,walking
1519421674156,-7.635712,-1.7282082,-2.149489,3,walking
1519421674160,-7.664436,-1.8718265,-2.0537431,3,walking
1519421674166,-7.788905,-1.9005502,-2.0537431,3,walking
1519421674171,-7.9516726,-1.9962958,-2.0633178,3,walking
1519421674176,-7.9516726,-1.9962958,-2.0633178,3,walking
1519421674180,-8.152739,-2.0824668,-2.0920415,3,walking
1519421674185,-8.296356,-2.1111906,-2.1303396,3,walking
1519421674194,-8.545295,-2.1973617,-2.1303396,3,walking
1519421674200,-8.784659,-2.2835326,-2.1207652,3,walking
1519421674205,-8.995299,-2.2931073,-2.0824668,3,walking
1519421674210,-9.225089,-2.2643836,-2.0728924,3,walking
1519421674215,-9.31126,-2.2069361,-2.0250196,3,walking
1519421674219,-9.330409,-2.1590633,-1.9675722,3,walking
1519421674224,-9.397431,-2.0920415,-1.948423,3,walking
1519421674230,-9.397431,-1.9579976,-1.8431029,3,walking
1519421674235,-9.512326,-1.6420372,-1.7856555,3,walking
1519421674240,-9.54105,-1.4984187,-1.7569319,3,walking
1519421674245,-9.579348,-1.3356512,-1.8048047,3,walking
1519421674249,-9.569773,-1.2207564,-1.79523,3,walking
1519421674254,-9.722966,-1.1345854,-1.776081,3,walking
1519421674259,-9.761265,-1.1154363,-1.776081,3,walking
1519421674264,-9.770839,-1.1058618,-1.7569319,3,walking
1519421674270,-9.904882,-1.2494801,-1.6803354,3,walking
1519421674274,-9.8953085,-1.3069274,-1.5845897,3,walking
1519421674279,-9.952756,-1.4409714,-1.5367169,3,walking
1519421674284,-9.971905,-1.5367169,-1.4601204,3,walking
1519421674290,-9.924032,-1.7377827,-1.2303311,3,walking
1519421674295,-9.85701,-1.8239537,-1.1345854,3,walking
1519421674300,-9.837861,-1.9771467,-1.0101161,3,walking
1519421674304,-9.809137,-1.9771467,-0.92394507,3,walking
1519421674309,-9.732541,-2.0058703,-0.8664977,3,walking
1519421674314,-9.732541,-1.9867213,-0.8281995,3,walking
1519421674320,-9.684668,-1.9579976,-0.71330476,3,walking
1519421674325,-9.75169,-1.9005502,-0.6845811,3,walking
1519421674334,-10.06765,-1.6516117,-0.8186249,3,walking
1519421674339,-10.527229,-1.4122477,-1.0388398,3,walking
1519421674344,-12.164479,-0.90479594,-1.8718265,3,walking
1519421674348,-13.208106,-0.7420284,-2.3984275,3,walking
1519421674355,-14.175137,-0.76117754,-2.800559,3,walking
1519421674360,-15.352808,-1.1345854,-3.3175852,3,walking
1519421674365,-15.419829,-1.4218222,-3.2792869,3,walking
1519421674370,-14.759185,-2.101616,-2.8963046,3,walking
1519421674407,-9.033598,-3.690993,-0.64628285,3,walking
1519421674412,-8.430401,-3.5856729,-0.54096264,3,walking
1519421674417,-7.549541,-3.059072,-0.3398969,3,walking
1519421674429,-7.741032,-1.9675722,-0.4835153,3,walking
1519421674433,-8.200611,-1.5654407,-0.5792609,3,walking
1519421674438,-8.880404,-1.1633091,-0.71330476,3,walking
1519421674477,-14.950676,-1.2590547,-2.1111906,3,walking
1519421674482,-14.730461,-1.2303311,-2.3792782,3,walking
1519421674489,-14.136839,-1.0675635,-2.4654493,3,walking
1519421674496,-14.136839,-1.0675635,-2.4654493,3,walking
1519421674500,-13.265553,-0.92394507,-2.561195,3,walking
1519421674505,-12.834699,-0.91437054,-2.6282167,3,walking
1519421674511,-12.0400095,-0.76117754,-2.819708,3,walking
1519421674516,-12.0400095,-0.76117754,-2.819708,3,walking
1519421674520,-11.149575,-0.78032666,-2.6569405,3,walking
1519421674525,-10.651698,-0.85692316,-2.5420458,3,walking
1519421674563,-7.769756,-1.2782038,-1.3739494,3,walking
1519421674572,-7.4442205,-1.5845897,-1.4122477,3,walking
1519421674580,-7.2240057,-1.7282082,-1.4792696,3,walking
1519421674586,-7.176133,-1.7665064,-1.4888442,3,walking
1519421674591,-7.089962,-1.8048047,-1.5175679,3,walking
1519421674595,-7.003791,-1.8335283,-1.5462915,3,walking
1519421674599,-6.936769,-1.862252,-1.5750152,3,walking
1519421674604,-6.9080453,-1.8526775,-1.6133134,3,walking
1519421674609,-6.7740016,-1.8143792,-1.6133134,3,walking
1519421674614,-6.544212,-1.79523,-1.5654407,3,walking
1519421674619,-6.438892,-1.776081,-1.6037389,3,walking
1519421674624,-6.2952733,-1.8431029,-1.6324625,3,walking
1519421674629,-6.2378263,-1.9867213,-1.6899099,3,walking
1519421674634,-6.1899533,-2.1303396,-1.6803354,3,walking
1519421674639,-6.2378263,-2.2835326,-1.7282082,3,walking
1519421674644,-6.2378263,-2.2835326,-1.7282082,3,walking
1519421674649,-6.333572,-2.5037475,-1.7665064,3,walking
1519421674654,-6.438892,-2.561195,-1.8143792,3,walking
1519421674659,-6.5729356,-2.6377914,-1.8239537,3,walking
1519421674664,-6.611234,-2.714388,-1.8048047,3,walking
1519421674669,-6.639958,-2.7431116,-1.8143792,3,walking
1519421674675,-6.7357035,-2.733537,-1.7473572,3,walking
1519421674679,-6.898471,-2.6856642,-1.8048047,3,walking
1519421674685,-6.9942164,-2.6856642,-1.7856555,3,walking
1519421674689,-7.0995364,-2.6856642,-1.8143792,3,walking
1519421674695,-7.176133,-2.6377914,-1.8335283,3,walking
1519421674700,-7.348475,-2.5420458,-1.8143792,3,walking
1519421674705,-7.4250717,-2.4463003,-1.776081,3,walking
1519421674709,-7.635712,-2.34098,-1.7856555,3,walking
1519421674715,-7.635712,-2.34098,-1.7856555,3,walking
1519421674720,-7.788905,-2.2165108,-1.7665064,3,walking
1519421674725,-7.846352,-2.2260852,-1.7856555,3,walking
1519421674730,-8.066567,-2.2069361,-1.709059,3,walking
1519421674735,-8.200611,-2.1973617,-1.6899099,3,walking
1519421674740,-8.32508,-2.1782124,-1.6611862,3,walking
1519421674745,-8.535721,-2.1207652,-1.6133134,3,walking
1519421674751,-8.583593,-2.1207652,-1.5654407,3,walking
1519421674756,-8.650616,-2.0824668,-1.4888442,3,walking
1519421674761,-8.688913,-2.034594,-1.4122477,3,walking
1519421674766,-8.708063,-2.015445,-1.383524,3,walking
1519421674771,-8.698488,-1.9962958,-1.2590547,3,walking
1519421674776,-8.6697645,-2.0058703,-1.1345854,3,walking
1519421674781,-8.688913,-1.9771467,-1.0005416,3,walking
1519421674786,-8.679339,-2.0058703,-0.9526688,3,walking
1519421674791,-8.727212,-2.0537431,-0.83777404,3,walking
1519421674796,-8.688913,-2.034594,-0.78032666,3,walking
1519421674801,-8.612317,-1.9962958,-0.665432,3,walking
1519421674811,-8.478273,-1.7569319,-0.4835153,3,walking
1519421674817,-8.487848,-1.6707608,-0.49308985,3,walking
1519421674822,-8.411251,-1.622888,-0.44521707,3,walking
1519421674831,-8.420826,-1.7282082,-0.512239,3,walking
1519421674835,-8.420826,-1.7282082,-0.512239,3,walking
1519421674839,-8.439975,-1.7282082,-0.49308985,3,walking
1519421674844,-8.506997,-1.6037389,-0.6079846,3,walking
1519421674849,-8.506997,-1.5845897,-0.6079846,3,walking
1519421674853,-8.535721,-1.5750152,-0.5888355,3,walking
1519421674858,-8.55487,-1.5462915,-0.61755913,3,walking
1519421674863,-8.650616,-1.5462915,-0.665432,3,walking
1519421674868,-8.736787,-1.4888442,-0.7228793,3,walking
1519421674873,-8.813383,-1.5367169,-0.751603,3,walking
1519421674879,-8.966576,-1.5367169,-0.8186249,3,walking
1519421674884,-9.043172,-1.5079932,-0.8664977,3,walking
1519421674888,-9.138918,-1.4313968,-0.91437054,3,walking
1519421674894,-9.158067,-1.4026731,-0.99096704,3,walking
1519421674898,-9.31126,-1.4313968,-1.0292653,3,walking
1519421674904,-9.3878565,-1.4984187,-0.98139244,3,walking
1519421674911,-9.675094,-1.6133134,-1.0675635,3,walking
1519421674920,-10.06765,-1.9005502,-1.0962871,3,walking
1519421674925,-10.06765,-1.9005502,-1.0962871,3,walking
1519421674929,-10.2016945,-2.0441687,-1.0579889,3,walking
1519421674934,-10.517654,-2.321831,-0.9622433,3,walking
1519421674939,-10.632549,-2.427151,-0.91437054,3,walking
1519421674944,-10.689997,-2.5420458,-0.8952214,3,walking
1519421674949,-10.766593,-2.647366,-0.78032666,3,walking
1519421674954,-10.843189,-2.6186423,-0.78032666,3,walking
1519421674959,-10.900637,-2.5420458,-0.7994758,3,walking
1519421674964,-10.900637,-2.5420458,-0.7994758,3,walking
1519421674969,-10.977234,-2.3792782,-0.76117754,3,walking
1519421674974,-11.005958,-2.34098,-0.8186249,3,walking
1519421674978,-11.168725,-2.3026817,-0.9622433,3,walking
1519421674983,-11.149575,-2.2643836,-1.0579889,3,walking
1519421674988,-11.187874,-2.2260852,-1.1154363,3,walking
1519421674993,-11.226172,-2.168638,-1.1345854,3,walking
1519421674998,-11.226172,-2.0824668,-1.1728836,3,walking
1519421675003,-11.15915,-1.9771467,-1.2207564,3,walking
1519421675008,-11.072979,-1.8143792,-1.1824582,3,walking
1519421675014,-11.092129,-1.7186337,-1.2782038,3,walking
1519421675018,-11.532558,-1.4888442,-1.6611862,3,walking
1519421675023,-12.078308,-1.3548003,-2.034594,3,walking
1519421675028,-12.078308,-1.3548003,-2.034594,3,walking
1519421675035,-13.543216,-1.2399056,-2.6760898,3,walking
1519421675039,-14.864505,-1.5750152,-2.8101335,3,walking
1519421675043,-15.285786,-1.9867213,-2.714388,3,walking
1519421675049,-15.534724,-2.4463003,-2.5324712,3,walking
1519421675086,-11.36979,-4.0261025,-0.5505372,3,walking
1519421675094,-10.259142,-3.3558834,-0.63670826,3,walking
1519421675102,-9.339984,-2.6186423,-1.0388398,3,walking
1519421675114,-8.794233,-1.3452257,-1.4026731,3,walking
1519421675119,-8.889979,-0.8186249,-1.5558661,3,walking
1519421675124,-9.004874,-0.30159867,-1.6420372,3,walking
1519421675128,-9.196365,0.12925656,-1.8048047,3,walking
1519421675133,-9.818711,0.98139244,-2.2260852,3,walking
1519421675164,-12.805975,1.4122477,-3.6622694,3,walking
1519421675173,-13.1602335,0.99096704,-3.9399316,3,walking
1519421675180,-13.045339,0.42606795,-3.8154624,3,walking
1519421675188,-12.805975,-0.16755481,-3.5473747,3,walking
1519421675195,-12.327247,-0.8090504,-3.231414,3,walking
1519421675199,-12.059159,-1.0388398,-3.212265,3,walking
1519421675204,-11.800646,-1.2399056,-3.1069448,3,walking
1519421675213,-11.187874,-1.4409714,-2.9824755,3,walking
1519421675218,-10.364462,-1.4792696,-2.6952388,3,walking
1519421675222,-9.98148,-1.4122477,-2.6856642,3,walking
1519421675234,-9.062322,-1.1824582,-2.5324712,3,walking
1519421675239,-8.957002,-1.0388398,-2.5324712,3,walking
1519421675244,-8.794233,-0.83777404,-2.475024,3,walking
1519421675248,-8.641041,-0.6558574,-2.3314054,3,walking
1519421675253,-8.334655,-0.46436617,-2.0728924,3,walking
1519421675258,-7.9803963,-0.10053288,-1.709059,3,walking
1519421675264,-7.8176284,0.00478728,-1.7473572,3,walking
1519421675268,-7.693159,0.11968201,-1.7665064,3,walking
1519421675273,-7.7793303,0.0,-1.7569319,3,walking
1519421675277,-7.875076,-0.23457673,-1.9005502,3,walking
1519421675283,-7.6261373,-0.5792609,-1.9196993,3,walking
1519421675288,-7.4154973,-0.6271337,-1.8048047,3,walking
1519421675293,-7.5303917,-0.56968635,-1.79523,3,walking
1519421675298,-7.587839,-0.6079846,-1.8143792,3,walking
1519421675303,-7.56869,-0.59841,-1.8048047,3,walking
1519421675309,-7.4920936,-0.76117754,-1.6899099,3,walking
1519421675314,-7.5399666,-0.8090504,-1.6611862,3,walking
1519421675318,-7.5591154,-0.8664977,-1.5941644,3,walking
1519421675323,-7.56869,-0.9430942,-1.622888,3,walking
1519421675328,-7.587839,-1.0675635,-1.6516117,3,walking
1519421675333,-7.7123084,-1.3930986,-1.8526775,3,walking
1519421675338,-7.7123084,-1.4792696,-1.862252,3,walking
1519421675342,-7.6740103,-1.5845897,-1.8431029,3,walking
1519421675348,-7.788905,-1.6899099,-1.929274,3,walking
1519421675353,-7.8367777,-1.7186337,-1.948423,3,walking
1519421675357,-7.922949,-1.7282082,-2.0058703,3,walking
1519421675363,-8.076141,-1.7665064,-2.0824668,3,walking
1519421675367,-8.104865,-1.7665064,-2.1590633,3,walking
1519421675373,-8.181462,-1.7856555,-2.1590633,3,walking
1519421675377,-8.286782,-1.8431029,-2.254809,3,walking
1519421675382,-8.32508,-1.862252,-2.2643836,3,walking
1519421675388,-8.392102,-1.8239537,-2.2739582,3,walking
1519421675393,-8.401677,-1.79523,-2.2452345,3,walking
1519421675397,-8.44955,-1.6803354,-2.254809,3,walking
1519421675402,-8.487848,-1.622888,-2.2739582,3,walking
1519421675408,-8.497422,-1.5845897,-2.2069361,3,walking
1519421675413,-8.497422,-1.5462915,-2.187787,3,walking
1519421675417,-8.487848,-1.5462915,-2.168638,3,walking
1519421675422,-8.44955,-1.5367169,-2.1399143,3,walking
1519421675428,-8.392102,-1.5367169,-2.1111906,3,walking
1519421675433,-8.305931,-1.5558661,-1.9962958,3,walking
1519421675437,-8.210186,-1.5079932,-1.9101248,3,walking
1519421675443,-8.028269,-1.4792696,-1.8143792,3,walking
1519421675448,-7.922949,-1.4601204,-1.6707608,3,walking
1519421675453,-7.721883,-1.4505459,-1.5367169,3,walking
1519421675458,-7.693159,-1.4218222,-1.4984187,3,walking
1519421675463,-7.616563,-1.4984187,-1.469695,3,walking
1519421675468,-7.6069884,-1.469695,-1.4218222,3,walking
1519421675473,-7.549541,-1.6037389,-1.4218222,3,walking
1519421675478,-7.5303917,-1.622888,-1.4313968,3,walking
1519421675484,-7.4729443,-1.6994845,-1.4505459,3,walking
1519421675488,-7.4537954,-1.8239537,-1.4984187,3,walking
1519421675492,-7.434646,-1.9388485,-1.5558661,3,walking
1519421675498,-7.46337,-1.9867213,-1.6324625,3,walking
1519421675502,-7.4442205,-2.0728924,-1.6803354,3,walking
1519421675507,-7.396348,-2.168638,-1.6803354,3,walking
1519421675512,-7.281453,-2.3505547,-1.7473572,3,walking
1519421675518,-7.243155,-2.4175766,-1.776081,3,walking
1519421675522,-7.2144313,-2.5516202,-1.79523,3,walking
1519421675527,-7.1186857,-2.6952388,-1.7665064,3,walking
1519421675533,-7.0803876,-2.7431116,-1.7473572,3,walking
1519421675537,-6.9942164,-2.8484318,-1.6803354,3,walking
1519421675543,-6.984642,-2.8580062,-1.6516117,3,walking
1519421675547,-7.042089,-2.8580062,-1.6707608,3,walking
1519421675552,-7.0803876,-2.8484318,-1.6899099,3,walking
1519421675557,-7.243155,-2.819708,-1.6803354,3,walking
1519421675561,-7.243155,-2.819708,-1.6803354,3,walking
1519421675566,-7.434646,-2.714388,-1.6611862,3,walking
1519421675571,-7.482519,-2.6952388,-1.6037389,3,walking
1519421675580,-7.664436,-2.5899186,-1.4888442,3,walking
1519421675584,-7.894225,-2.494173,-1.4313968,3,walking
1519421675590,-8.00912,-2.4463003,-1.4122477,3,walking
1519421675595,-8.124015,-2.408002,-1.3356512,3,walking
1519421675600,-8.277207,-2.34098,-1.2207564,3,walking
1519421675605,-8.392102,-2.321831,-1.1728836,3,walking
1519421675609,-8.506997,-2.2835326,-1.1250108,3,walking
1519421675614,-8.506997,-2.2835326,-1.1250108,3,walking
1519421675618,-8.736787,-2.2356598,-1.0196906,3,walking
1519421675623,-8.899554,-2.2452345,-0.9718179,3,walking
1519421675627,-9.18679,-2.1303396,-0.9718179,3,walking
1519421675632,-9.339984,-2.0728924,-0.9622433,3,walking
1519421675637,-9.483603,-2.0058703,-0.99096704,3,walking
1519421675642,-9.665519,-1.8909757,-1.0101161,3,walking
1519421675647,-9.828286,-1.8239537,-1.0292653,3,walking
1519421675653,-10.115523,-1.7186337,-1.0771381,3,walking
1519421675658,-10.29744,-1.6899099,-1.0579889,3,walking
1519421675663,-10.5080805,-1.6516117,-1.0962871,3,walking
1519421675667,-10.680422,-1.6994845,-1.1250108,3,walking
1519421675672,-10.92936,-1.7665064,-1.0579889,3,walking
1519421675678,-11.082554,-1.8143792,-1.0484143,3,walking
1519421675683,-11.15915,-1.8431029,-1.0196906,3,walking
1519421675687,-11.321918,-1.9388485,-0.9622433,3,walking
1519421675693,-11.341067,-2.0058703,-0.93351966,3,walking
1519421675697,-11.436812,-2.1207652,-0.76117754,3,walking
1519421675702,-11.436812,-2.1207652,-0.76117754,3,walking
1519421675707,-11.666602,-2.2356598,-0.56968635,3,walking
1519421675713,-11.743198,-2.321831,-0.49308985,3,walking
1519421675717,-12.116607,-2.321831,-0.56968635,3,walking
1519421675723,-12.490014,-2.2835326,-0.83777404,3,walking
1519421675728,-13.064487,-2.1782124,-1.1537346,3,walking
1519421675733,-14.366628,-1.9196993,-1.8431029,3,walking
1519421675741,-15.429404,-1.8814012,-2.408002,3,walking
1519421675746,-15.563448,-1.9579976,-2.4558747,3,walking
1519421675751,-15.515575,-1.9771467,-2.4175766,3,walking
1519421675756,-14.845356,-2.1207652,-2.1973617,3,walking
1519421675761,-14.510246,-2.1303396,-2.1111906,3,walking
1519421675792,-10.038927,-2.254809,-0.56968635,3,walking
1519421675797,-8.7750845,-2.0920415,-0.14840569,3,walking
1519421675821,-6.2091026,-1.4601204,-0.19627848,3,walking
1519421675829,-6.4484663,-1.2494801,-0.34947145,3,walking
1519421675837,-8.171887,-1.2686293,-1.2016073,3,walking
1519421675855,-10.881488,-1.79523,-2.0728924,3,walking
1519421675859,-11.542132,-2.0058703,-2.2356598,3,walking
1519421675864,-12.126181,-2.1782124,-2.3792782,3,walking
1519421675901,-11.685751,-3.3271596,-3.0877957,3,walking
1519421675909,-10.967659,-3.0877957,-3.0494976,3,walking
1519421675917,-10.230418,-2.8484318,-2.9250283,3,walking
1519421675926,-9.512326,-2.666515,-2.800559,3,walking
1519421675931,-9.20594,-2.5994933,-2.714388,3,walking
1519421675935,-8.899554,-2.5324712,-2.5899186,3,walking
1519421675940,-8.411251,-2.3505547,-2.3026817,3,walking
1519421675944,-8.21976,-2.2165108,-2.1973617,3,walking
1519421675949,-8.018694,-2.1590633,-2.1399143,3,walking
1519421675953,-7.808054,-2.0824668,-2.0250196,3,walking
1519421675958,-7.702734,-2.0250196,-1.948423,3,walking
1519421675962,-7.5782647,-1.9771467,-1.9101248,3,walking
1519421675967,-7.4729443,-1.929274,-1.79523,3,walking
1519421675973,-7.3006024,-1.8335283,-1.5462915,3,walking
1519421675978,-7.2623043,-1.8909757,-1.4505459,3,walking
1519421675983,-7.243155,-1.862252,-1.3930986,3,walking
1519421675988,-7.2335806,-1.8526775,-1.3548003,3,walking
1519421675992,-7.2240057,-1.8431029,-1.2686293,3,walking
1519421675997,-7.204857,-1.8718265,-1.2111819,3,walking
1519421676002,-7.156984,-1.8718265,-1.1537346,3,walking
1519421676007,-7.12826,-1.8431029,-1.1728836,3,walking
1519421676012,-7.1186857,-1.862252,-1.1633091,3,walking
1519421676017,-7.089962,-1.8814012,-1.1920328,3,walking
1519421676022,-7.0325146,-1.9005502,-1.1824582,3,walking
1519421676027,-7.0325146,-1.9675722,-1.2303311,3,walking
1519421676033,-7.089962,-2.101616,-1.3260766,3,walking
1519421676038,-7.1186857,-2.1111906,-1.4792696,3,walking
1519421676042,-7.1186857,-2.1111906,-1.4792696,3,walking
1519421676047,-7.089962,-2.0250196,-1.6611862,3,walking
1519421676052,-7.1474094,-2.0250196,-1.7473572,3,walking
1519421676057,-7.2623043,-2.015445,-1.9196993,3,walking
1519421676062,-7.2623043,-2.015445,-1.9196993,3,walking
1519421676067,-7.35805,-2.034594,-2.0728924,3,walking
1519421676072,-7.4537954,-2.034594,-2.1590633,3,walking
1519421676077,-7.5591154,-1.9962958,-2.2931073,3,walking
1519421676082,-7.5591154,-2.0728924,-2.321831,3,walking
1519421676087,-7.6452866,-2.0824668,-2.34098,3,walking
1519421676092,-7.7506065,-2.1590633,-2.3314054,3,walking
1519421676098,-7.9899707,-2.2643836,-2.254809,3,walking
1519421676103,-8.076141,-2.3122563,-2.2739582,3,walking
1519421676107,-8.315506,-2.3505547,-2.2165108,3,walking
1519421676113,-8.411251,-2.3026817,-2.2452345,3,walking
1519421676118,-8.506997,-2.34098,-2.1973617,3,walking
1519421676123,-8.535721,-2.3505547,-2.1399143,3,walking
1519421676127,-8.679339,-2.3026817,-2.0441687,3,walking
1519421676132,-8.679339,-2.3026817,-2.0441687,3,walking
1519421676137,-8.813383,-2.254809,-1.948423,3,walking
1519421676143,-8.918703,-2.2452345,-1.9388485,3,walking
1519421676147,-8.966576,-2.2643836,-1.8814012,3,walking
1519421676153,-9.043172,-2.187787,-1.7282082,3,walking
1519421676158,-9.0814705,-2.034594,-1.6611862,3,walking
1519421676163,-9.110194,-1.9675722,-1.6516117,3,walking
1519421676168,-9.129343,-1.8526775,-1.5654407,3,walking
1519421676173,-9.100619,-1.7377827,-1.5845897,3,walking
1519421676178,-9.091045,-1.5079932,-1.4409714,3,walking
1519421676183,-9.052747,-1.3643749,-1.4409714,3,walking
1519421676188,-9.014449,-1.2111819,-1.4218222,3,walking
1519421676193,-8.928278,-1.1250108,-1.4218222,3,walking
1519421676198,-8.870831,-0.9622433,-1.4218222,3,walking
1519421676203,-8.746361,-0.8090504,-1.3930986,3,walking
1519421676208,-8.6697645,-0.7420284,-1.383524,3,walking
1519421676213,-8.5740185,-0.56968635,-1.3069274,3,walking
1519421676219,-8.497422,-0.46436617,-1.2973529,3,walking
1519421676229,-8.392102,-0.359046,-1.2590547,3,walking
1519421676234,-8.363379,-0.32074776,-1.3069274,3,walking
1519421676239,-8.401677,-0.32074776,-1.3165021,3,walking
1519421676248,-8.487848,-0.33032233,-1.2973529,3,walking
1519421676252,-8.545295,-0.32074776,-1.2686293,3,walking
1519421676257,-8.583593,-0.36862057,-1.3069274,3,walking
1519421676262,-8.66019,-0.49308985,-1.3452257,3,walking
1519421676266,-8.6697645,-0.56011176,-1.3165021,3,walking
1519421676272,-8.755936,-0.6845811,-1.3260766,3,walking
1519421676277,-8.957002,-0.9430942,-1.4218222,3,walking
1519421676283,-9.071896,-1.0292653,-1.4505459,3,walking
1519421676287,-9.215514,-1.1728836,-1.5654407,3,walking
1519421676292,-9.3878565,-1.2973529,-1.6803354,3,walking
1519421676297,-9.837861,-1.4601204,-1.8143792,3,walking
1519421676302,-10.038927,-1.4792696,-1.8909757,3,walking
1519421676307,-10.536804,-1.5175679,-2.101616,3,walking
1519421676312,-10.536804,-1.5175679,-2.101616,3,walking
1519421676317,-11.034681,-1.5845897,-2.3026817,3,walking
1519421676322,-11.28362,-1.6324625,-2.3314054,3,walking
1519421676327,-11.647452,-1.7473572,-2.3314054,3,walking
1519421676331,-11.647452,-1.7473572,-2.3314054,3,walking
1519421676337,-11.848518,-1.7377827,-2.2739582,3,walking
1519421676342,-11.886817,-1.7186337,-2.254809,3,walking
1519421676347,-11.944264,-1.6611862,-2.1207652,3,walking
1519421676352,-11.925115,-1.5175679,-2.0250196,3,walking
1519421676357,-11.858093,-1.3930986,-1.948423,3,walking
1519421676361,-11.7336235,-1.2686293,-1.8335283,3,walking
1519421676367,-11.446387,-1.0962871,-1.7186337,3,walking
1519421676373,-11.254896,-1.0292653,-1.6516117,3,walking
1519421676378,-11.1208515,-0.9430942,-1.5750152,3,walking
1519421676383,-10.804892,-0.78032666,-1.4026731,3,walking
1519421676388,-10.517654,-0.5313881,-1.4122477,3,walking
1519421676394,-10.441058,-0.40691882,-1.3356512,3,walking
1519421676398,-10.565528,-0.25372586,-1.4505459,3,walking
1519421676402,-10.565528,-0.25372586,-1.4505459,3,walking
1519421676407,-11.341067,0.043085523,-2.015445,3,walking
1519421676411,-11.992137,0.0718092,-2.408002,3,walking
1519421676420,-13.13151,-0.3111732,-2.9250283,3,walking
1519421676425,-13.552791,-1.2782038,-2.7718353,3,walking
1519421676429,-13.552791,-1.8239537,-2.6377914,3,walking
1519421676434,-13.524067,-2.321831,-2.5228968,3,walking
1519421676472,-10.852764,-4.2080193,-2.2739582,3,walking
1519421676481,-9.85701,-3.4229054,-2.7814097,3,walking
1519421676488,-9.272962,-2.9154537,-2.9920502,3,walking
1519421676496,-8.765511,-2.34098,-3.0973704,3,walking
1519421676501,-8.602742,-2.0824668,-3.126094,3,walking
1519421676505,-8.516571,-1.8239537,-3.1548176,3,walking
1519421676510,-8.44955,-1.5845897,-3.2218397,3,walking
1519421676549,-11.436812,-1.2686293,-3.2505634,3,walking
1519421676555,-11.666602,-1.79523,-2.9154537,3,walking
1519421676563,-11.666602,-1.79523,-2.9154537,3,walking
1519421676571,-11.551707,-2.5420458,-2.6090677,3,walking
1519421676577,-11.522984,-2.7814097,-2.5516202,3,walking
1519421676582,-11.398514,-3.0111992,-2.475024,3,walking
1519421676587,-11.015532,-3.365458,-2.4558747,3,walking
1519421676592,-10.479357,-3.365458,-2.475024,3,walking
1519421676597,-10.172971,-3.2984362,-2.580344,3,walking
1519421676601,-10.172971,-3.2984362,-2.580344,3,walking
1519421676607,-9.64637,-3.0494976,-2.819708,3,walking
1519421676612,-9.454879,-2.88673,-2.9920502,3,walking
1519421676616,-9.196365,-2.5228968,-3.2026904,3,walking
1519421676622,-9.033598,-2.3314054,-3.2026904,3,walking
1519421676627,-8.861256,-2.149489,-3.212265,3,walking
1519421676632,-8.746361,-1.9675722,-3.1452432,3,walking
1519421676637,-8.5740185,-1.6899099,-3.0303483,3,walking
1519421676642,-8.55487,-1.5845897,-2.9920502,3,walking
1519421676648,-8.506997,-1.4601204,-2.88673,3,walking
1519421676653,-8.430401,-1.4409714,-2.7622607,3,walking
1519421676658,-8.229335,-1.4505459,-2.6377914,3,walking
1519421676663,-8.152739,-1.4601204,-2.513322,3,walking
1519421676668,-8.047418,-1.4888442,-2.475024,3,walking
1519421676678,-7.808054,-1.6420372,-2.2931073,3,walking
1519421676683,-7.7793303,-1.6803354,-2.2260852,3,walking
1519421676688,-7.6740103,-1.7377827,-2.149489,3,walking
1519421676693,-7.635712,-1.776081,-2.0824668,3,walking
1519421676697,-7.5782647,-1.7473572,-2.0537431,3,walking
1519421676701,-7.56869,-1.776081,-2.0537431,3,walking
1519421676706,-7.549541,-1.79523,-2.0633178,3,walking
1519421676712,-7.587839,-1.7856555,-2.1399143,3,walking
1519421676717,-7.5591154,-1.776081,-2.0824668,3,walking
1519421676722,-7.5974135,-1.7186337,-2.1207652,3,walking
1519421676727,-7.6740103,-1.7377827,-2.1590633,3,walking
1519421676732,-7.693159,-1.7473572,-2.149489,3,walking
1519421676737,-7.7506065,-1.7569319,-2.1782124,3,walking
1519421676742,-7.9037995,-1.7569319,-2.2260852,3,walking
1519421676747,-7.9803963,-1.776081,-2.2260852,3,walking
1519421676752,-8.152739,-1.8239537,-2.254809,3,walking
1519421676757,-8.21976,-1.8814012,-2.2835326,3,walking
1519421676762,-8.258059,-1.9388485,-2.2452345,3,walking
1519421676767,-8.32508,-2.0824668,-2.3888528,3,walking
1519421676772,-8.420826,-2.2069361,-2.3697038,3,walking
1519421676777,-8.487848,-2.3026817,-2.4654493,3,walking
1519421676782,-8.497422,-2.360129,-2.4654493,3,walking
1519421676787,-8.439975,-2.494173,-2.4463003,3,walking
1519421676792,-8.392102,-2.5037475,-2.4845984,3,walking
1519421676797,-8.34423,-2.5707695,-2.5037475,3,walking
1519421676802,-8.277207,-2.580344,-2.494173,3,walking
1519421676807,-8.210186,-2.5899186,-2.475024,3,walking
1519421676812,-8.047418,-2.6282167,-2.408002,3,walking
1519421676817,-7.999545,-2.6377914,-2.4654493,3,walking
1519421676822,-7.9037995,-2.580344,-2.4175766,3,walking
1519421676827,-7.7601814,-2.4845984,-2.475024,3,walking
1519421676832,-7.702734,-2.4463003,-2.4845984,3,walking
1519421676837,-7.654861,-2.3888528,-2.494173,3,walking
1519421676842,-7.616563,-2.34098,-2.5420458,3,walking
1519421676847,-7.6261373,-2.360129,-2.561195,3,walking
1519421676852,-7.5974135,-2.3505547,-2.561195,3,walking
1519421676857,-7.635712,-2.3697038,-2.6090677,3,walking
1519421676862,-7.635712,-2.3792782,-2.5707695,3,walking
1519421676867,-7.56869,-2.427151,-2.561195,3,walking
1519421676872,-7.5782647,-2.408002,-2.5037475,3,walking
1519421676877,-7.5303917,-2.4654493,-2.4463003,3,walking
1519421676882,-7.4250717,-2.5228968,-2.321831,3,walking
1519421676887,-7.3676243,-2.5228968,-2.2739582,3,walking
1519421676892,-7.3197513,-2.5037475,-2.2260852,3,walking
1519421676898,-7.2240057,-2.5037475,-2.1399143,3,walking
1519421676903,-7.2144313,-2.4845984,-2.0824668,3,walking
1519421676908,-7.1665583,-2.4367256,-1.9388485,3,walking
1519421676913,-7.1857076,-2.408002,-1.8431029,3,walking
1519421676918,-7.204857,-2.3888528,-1.7856555,3,walking
1519421676928,-7.654861,-2.3026817,-1.6611862,3,walking
1519421676933,-7.8846507,-2.254809,-1.6324625,3,walking
1519421676938,-8.104865,-2.187787,-1.6324625,3,walking
1519421676945,-8.55487,-2.101616,-1.5845897,3,walking
1519421676951,-8.803808,-2.0633178,-1.6037389,3,walking
1519421676956,-9.2825365,-1.9675722,-1.622888,3,walking
1519421676961,-9.531475,-1.9101248,-1.6611862,3,walking
1519421676967,-9.991054,-1.8909757,-1.7473572,3,walking
1519421676972,-10.182545,-1.8814012,-1.776081,3,walking
1519421676977,-10.374036,-1.8431029,-1.79523,3,walking
1519421676982,-10.527229,-1.8143792,-1.8143792,3,walking
1519421676987,-10.699572,-1.776081,-1.8335283,3,walking
1519421676991,-10.699572,-1.776081,-1.8335283,3,walking
1519421676996,-10.833615,-1.7186337,-1.9101248,3,walking
1519421677002,-10.833615,-1.7377827,-1.9388485,3,walking
1519421677006,-10.804892,-1.79523,-1.948423,3,walking
1519421677011,-10.804892,-1.79523,-1.948423,3,walking
1519421677017,-10.709146,-1.8526775,-1.9675722,3,walking
1519421677021,-10.642124,-1.8431029,-1.9196993,3,walking
1519421677026,-10.393186,-1.8048047,-1.9005502,3,walking
1519421677031,-10.393186,-1.8048047,-1.9005502,3,walking
1519421677037,-9.933606,-1.6707608,-1.6899099,3,walking
1519421677042,-9.828286,-1.6516117,-1.5845897,3,walking
1519421677047,-9.665519,-1.6037389,-1.4984187,3,walking
1519421677052,-9.579348,-1.5367169,-1.4313968,3,walking
1519421677057,-9.3878565,-1.2399056,-1.2782038,3,walking
1519421677061,-9.3878565,-1.2399056,-1.2782038,3,walking
1519421677066,-9.225089,-0.98139244,-1.1345854,3,walking
1519421677071,-9.225089,-0.85692316,-1.0675635,3,walking
1519421677076,-9.177217,-0.751603,-0.92394507,3,walking
1519421677082,-9.18679,-0.69415563,-0.7420284,3,walking
1519421677087,-9.20594,-0.6558574,-0.6271337,3,walking
1519421677092,-9.339984,-0.69415563,-0.42606795,3,walking
1519421677097,-9.445304,-0.7420284,-0.42606795,3,walking
1519421677102,-9.655944,-0.8090504,-0.47394073,3,walking
1519421677107,-10.354887,-1.0101161,-0.76117754,3,walking
1519421677112,-10.910212,-1.1537346,-1.0196906,3,walking
1519421677118,-11.551707,-1.2111819,-1.3260766,3,walking
1519421677125,-12.777251,-1.5845897,-1.929274,3,walking
1519421677130,-13.246405,-1.7856555,-2.1207652,3,walking
1519421677135,-13.552791,-2.2260852,-2.1590633,3,walking
1519421677140,-13.34215,-2.427151,-2.2069361,3,walking
1519421677145,-13.045339,-2.6282167,-2.1111906,3,walking
1519421677150,-12.6527815,-2.7814097,-2.034594,3,walking
1519421677155,-12.193203,-2.8580062,-1.9005502,3,walking
1519421677160,-11.05383,-2.8388572,-1.5558661,3,walking
1519421677164,-10.412334,-2.7622607,-1.3930986,3,walking
1519421677169,-9.732541,-2.6569405,-1.2303311,3,walking
1519421677176,-8.372953,-2.408002,-0.77075213,3,walking
1519421677230,-11.082554,0.09095833,-1.7282082,3,walking
1519421677239,-13.150659,0.043085523,-2.0920415,3,walking
1519421677247,-14.9794,-0.22500217,-2.6186423,3,walking
1519421677254,-15.103869,-0.34947145,-2.7814097,3,walking
1519421677259,-15.055996,-0.50266445,-2.9154537,3,walking
1519421677268,-14.605992,-0.93351966,-3.4899273,3,walking
1519421677274,-14.404926,-1.0196906,-3.6622694,3,walking
1519421677278,-14.232584,-1.1345854,-3.825037,3,walking
1519421677288,-13.0549135,-1.3356512,-3.6431203,3,walking
1519421677293,-12.518738,-1.3643749,-3.5952475,3,walking
1519421677298,-12.020861,-1.4026731,-3.4612036,3,walking
1519421677310,-11.05383,-1.7665064,-3.0877957,3,walking
1519421677315,-10.785743,-1.8526775,-2.905879,3,walking
1519421677319,-10.239992,-2.0058703,-2.5707695,3,walking
1519421677324,-10.048501,-2.0633178,-2.3697038,3,walking
1519421677329,-9.885734,-2.0441687,-2.2260852,3,walking
1519421677337,-9.531475,-2.0441687,-2.0537431,3,walking
1519421677343,-9.18679,-2.1207652,-1.8335283,3,walking
1519421677348,-8.947427,-2.168638,-1.709059,3,walking
1519421677357,-8.44955,-2.2356598,-1.2494801,3,walking
1519421677364,-8.258059,-2.3026817,-1.2303311,3,walking
1519421677368,-8.152739,-2.3122563,-1.2016073,3,walking
1519421677377,-7.769756,-2.254809,-1.1633091,3,walking
1519421677383,-7.56869,-2.2069361,-1.0771381,3,walking
1519421677388,-7.3867736,-2.101616,-1.0292653,3,walking
1519421677393,-6.975067,-1.8335283,-1.0675635,3,walking
1519421677398,-6.7931504,-1.7282082,-1.1633091,3,walking
1519421677403,-6.7069798,-1.6324625,-1.1824582,3,walking
1519421677407,-6.6016593,-1.5462915,-1.3452257,3,walking
1519421677414,-6.391019,-1.5079932,-1.6516117,3,walking
1519421677418,-6.3527207,-1.5271424,-1.7377827,3,walking
1519421677428,-6.1612296,-1.5079932,-1.9675722,3,walking
1519421677433,-6.1420803,-1.5271424,-1.9675722,3,walking
1519421677438,-6.113357,-1.6037389,-2.015445,3,walking
1519421677447,-6.2378263,-1.9388485,-1.9867213,3,walking
1519421677453,-6.304848,-2.0537431,-1.9771467,3,walking
1519421677458,-6.47719,-2.1590633,-1.9579976,3,walking
1519421677468,-6.9559183,-2.4367256,-2.015445,3,walking
1519421677473,-7.089962,-2.5037475,-1.9771467,3,walking
1519421677477,-7.2144313,-2.580344,-2.0250196,3,walking
1519421677484,-7.6452866,-2.6952388,-2.0728924,3,walking
1519421677489,-7.9133744,-2.7239625,-2.0728924,3,walking
1519421677494,-8.1623125,-2.7814097,-2.0920415,3,walking
1519421677498,-8.516571,-2.9154537,-2.1111906,3,walking
1519421677504,-8.612317,-3.039923,-2.0633178,3,walking
1519421677509,-8.6697645,-3.1643922,-2.034594,3,walking
1519421677514,-8.765511,-3.4133308,-1.8718265,3,walking
1519421677519,-8.842107,-3.499502,-1.8143792,3,walking
1519421677524,-8.957002,-3.5665238,-1.7377827,3,walking
1519421677529,-9.062322,-3.604822,-1.6611862,3,walking
1519421677533,-9.253813,-3.499502,-1.5558661,3,walking
1519421677538,-9.31126,-3.4037561,-1.5462915,3,walking
1519421677543,-9.31126,-3.2409887,-1.4984187,3,walking
1519421677548,-9.301685,-2.9920502,-1.5845897,3,walking
1519421677553,-9.196365,-2.5707695,-1.5175679,3,walking
1519421677559,-9.0814705,-2.3314054,-1.4984187,3,walking
1519421677564,-9.033598,-2.0824668,-1.469695,3,walking
1519421677569,-8.966576,-1.776081,-1.4792696,3,walking
1519421677574,-8.822957,-1.1728836,-1.4122477,3,walking
1519421677579,-8.746361,-0.83777404,-1.4026731,3,walking
1519421677584,-8.5740185,-0.33032233,-1.383524,3,walking
1519421677589,-8.526146,-0.081383765,-1.3165021,3,walking
1519421677594,-8.487848,0.10053288,-1.2303311,3,walking
1519421677599,-8.420826,0.22500217,-1.1345854,3,walking
1519421677604,-8.392102,0.3111732,-1.1154363,3,walking
1519421677609,-8.487848,0.28244954,-1.0388398,3,walking
1519421677615,-8.478273,0.03351096,-0.85692316,3,walking
1519421677620,-8.478273,0.03351096,-0.85692316,3,walking
1519421677625,-8.478273,-0.32074776,-0.76117754,3,walking
1519421677630,-8.55487,-0.45479164,-0.78990126,3,walking
1519421677636,-8.593168,-0.59841,-0.7994758,3,walking
1519421677643,-8.688913,-0.99096704,-0.8856468,3,walking
1519421677648,-8.727212,-1.1537346,-0.9718179,3,walking
1519421677653,-8.813383,-1.3165021,-1.0867126,3,walking
1519421677658,-8.870831,-1.469695,-1.1633091,3,walking
1519421677664,-9.0814705,-1.6133134,-1.3452257,3,walking
1519421677669,-9.158067,-1.622888,-1.4218222,3,walking
1519421677674,-9.349558,-1.6420372,-1.6133134,3,walking
1519421677679,-9.445304,-1.6707608,-1.622888,3,walking
1519421677684,-9.550624,-1.6324625,-1.622888,3,walking
1519421677690,-9.5889225,-1.622888,-1.6324625,3,walking
1519421677695,-9.847435,-1.6324625,-1.6803354,3,walking
1519421677700,-10.048501,-1.6611862,-1.7186337,3,walking
1519421677707,-10.412334,-1.6516117,-1.8239537,3,walking
1519421677713,-10.814466,-1.7282082,-1.8909757,3,walking
1519421677718,-10.986808,-1.79523,-1.8718265,3,walking
1519421677723,-11.130426,-1.8526775,-1.8526775,3,walking
1519421677729,-11.274045,-1.9388485,-1.862252,3,walking
1519421677734,-11.465536,-1.929274,-1.8239537,3,walking
1519421677739,-11.580431,-1.8718265,-1.8239537,3,walking
1519421677744,-11.7049,-1.7186337,-2.015445,3,walking
1519421677748,-11.7049,-1.7186337,-2.015445,3,walking
1519421677754,-11.762347,-1.4409714,-2.034594,3,walking
1519421677758,-11.7336235,-1.2590547,-2.1207652,3,walking
1519421677767,-11.7049,-0.7994758,-2.1590633,3,walking
1519421677773,-11.503835,-0.34947145,-2.1590633,3,walking
1519421677778,-11.379365,-0.22500217,-2.168638,3,walking
1519421677787,-11.082554,-0.05266008,-2.0058703,3,walking
1519421677793,-10.996383,-0.00478728,-1.9005502,3,walking
1519421677797,-10.919786,0.05266008,-1.862252,3,walking
1519421677807,-11.245321,0.32074776,-1.9675722,3,walking
1519421677812,-11.7336235,0.32074776,-2.2452345,3,walking
1519421677817,-12.3463955,0.25372586,-2.5707695,3,walking
1519421677823,-13.571939,-0.17712937,-2.7239625,3,walking
1519421677828,-13.878325,-0.59841,-2.6186423,3,walking
1519421677833,-13.926198,-1.1537346,-2.3984275,3,walking
1519421677875,-10.211268,-3.3271596,-2.4845984,3,walking
1519421677884,-9.98148,-2.9441774,-2.6856642,3,walking
1519421677892,-9.531475,-1.8431029,-2.88673,3,walking
1519421677900,-9.493176,-1.4505459,-2.88673,3,walking
1519421677906,-9.464453,-0.78032666,-2.752686,3,walking
1519421677913,-9.435729,-0.19627848,-2.5037475,3,walking
1519421677919,-9.435729,0.00478728,-2.3697038,3,walking
1519421677924,-9.474028,0.2920241,-2.2643836,3,walking
1519421677928,-9.474028,0.2920241,-2.2643836,3,walking
1519421677933,-9.598496,0.359046,-2.1973617,3,walking
1519421677938,-9.665519,0.32074776,-2.168638,3,walking
1519421677947,-9.96233,0.014361841,-2.3314054,3,walking
1519421677953,-10.096374,-0.16755481,-2.360129,3,walking
1519421677958,-10.134672,-0.3111732,-2.4175766,3,walking
1519421677968,-10.096374,-1.1728836,-2.3314054,3,walking
1519421677973,-10.077225,-1.3548003,-2.2643836,3,walking
1519421677978,-9.991054,-1.6133134,-2.2069361,3,walking
1519421677983,-9.85701,-2.1399143,-2.015445,3,walking
1519421677988,-9.799562,-2.3792782,-1.9101248,3,walking
1519421677993,-9.75169,-2.561195,-1.8718265,3,walking
1519421677998,-9.722966,-2.752686,-1.8718265,3,walking
1519421678003,-9.684668,-2.9250283,-1.8718265,3,walking
1519421678008,-9.742115,-2.8580062,-1.862252,3,walking
1519421678013,-9.703817,-2.7048132,-1.9867213,3,walking
1519421678019,-9.75169,-2.5420458,-2.101616,3,walking
1519421678024,-9.675094,-2.2452345,-2.2069361,3,walking
1519421678029,-9.665519,-2.149489,-2.254809,3,walking
1519421678034,-9.98148,-1.9196993,-2.4463003,3,walking
1519421678039,-10.134672,-1.8526775,-2.4845984,3,walking
1519421678044,-10.383611,-1.862252,-2.6377914,3,walking
1519421678048,-10.6134,-1.7282082,-2.6856642,3,walking
1519421678053,-10.804892,-1.4888442,-2.494173,3,walking
1519421678057,-10.747444,-1.2494801,-2.2643836,3,walking
1519421678062,-10.565528,-1.1728836,-2.1111906,3,walking
1519421678067,-10.555953,-1.1345854,-2.1111906,3,walking
1519421678072,-10.661273,-1.2494801,-2.1303396,3,walking
1519421678077,-10.603826,-1.3165021,-2.1111906,3,walking
1519421678082,-10.479357,-1.3260766,-1.9771467,3,walking
1519421678087,-10.354887,-1.2973529,-2.0250196,3,walking
1519421678093,-9.943181,-1.1920328,-1.9388485,3,walking
1519421678098,-9.722966,-1.1154363,-1.8909757,3,walking
1519421678103,-9.560199,-1.0675635,-1.8431029,3,walking
1519421678108,-9.397431,-1.1058618,-1.8909757,3,walking
1519421678113,-9.043172,-1.0675635,-1.7186337,3,walking
1519421678117,-8.880404,-1.0101161,-1.6133134,3,walking
1519421678128,-8.516571,-0.7324539,-1.3739494,3,walking
1519421678133,-8.34423,-0.8090504,-1.469695,3,walking
1519421678138,-8.258059,-0.8952214,-1.4984187,3,walking
1519421678143,-8.32508,-1.0579889,-1.6516117,3,walking
1519421678148,-8.32508,-1.0771381,-1.7473572,3,walking
1519421678153,-8.305931,-1.0388398,-1.6707608,3,walking
1519421678158,-8.305931,-1.0484143,-1.6707608,3,walking
1519421678163,-8.420826,-1.1250108,-1.8526775,3,walking
1519421678169,-8.506997,-1.2399056,-1.948423,3,walking
1519421678174,-8.593168,-1.3069274,-2.0250196,3,walking
1519421678179,-8.5740185,-1.4313968,-2.0058703,3,walking
1519421678184,-8.602742,-1.4601204,-2.0058703,3,walking
1519421678189,-8.641041,-1.4888442,-2.0633178,3,walking
1519421678194,-8.679339,-1.5175679,-2.149489,3,walking
1519421678199,-8.66019,-1.5462915,-2.1303396,3,walking
1519421678205,-8.612317,-1.6803354,-2.254809,3,walking
1519421678212,-8.564445,-1.7665064,-2.2931073,3,walking
1519421678217,-8.516571,-1.8143792,-2.360129,3,walking
1519421678223,-8.420826,-1.8718265,-2.3505547,3,walking
1519421678228,-8.32508,-1.8526775,-2.408002,3,walking
1519421678233,-8.143164,-1.862252,-2.3314054,3,walking
1519421678238,-8.076141,-1.8526775,-2.34098,3,walking
1519421678243,-7.9803963,-1.862252,-2.3888528,3,walking
1519421678248,-7.9803963,-1.862252,-2.3888528,3,walking
1519421678254,-7.8846507,-1.9196993,-2.4175766,3,walking
1519421678259,-7.846352,-1.9101248,-2.3984275,3,walking
1519421678264,-7.8176284,-1.8814012,-2.4175766,3,walking
1519421678269,-7.7984796,-1.9005502,-2.3888528,3,walking
1519421678275,-7.808054,-1.929274,-2.4463003,3,walking
1519421678279,-7.808054,-1.929274,-2.4463003,3,walking
1519421678285,-7.846352,-1.929274,-2.4463003,3,walking
1519421678292,-7.788905,-1.9101248,-2.3697038,3,walking
1519421678297,-7.7314577,-1.8909757,-2.3026817,3,walking
1519421678306,-7.6069884,-1.929274,-2.1973617,3,walking
1519421678312,-7.4059224,-1.9675722,-2.1303396,3,walking
1519421678317,-7.348475,-1.9771467,-2.1111906,3,walking
1519421678326,-7.2240057,-2.0250196,-2.015445,3,walking
1519421678332,-7.0995364,-2.015445,-1.9771467,3,walking
1519421678336,-7.089962,-2.0058703,-1.929274,3,walking
1519421678342,-7.0325146,-1.9579976,-1.929274,3,walking
1519421678347,-7.051664,-1.929274,-1.9196993,3,walking
1519421678356,-7.195282,-1.8335283,-1.9388485,3,walking
1519421678362,-7.549541,-1.7856555,-2.0728924,3,walking
1519421678367,-7.693159,-1.776081,-2.101616,3,walking
1519421678376,-8.047418,-1.7856555,-2.1399143,3,walking
1519421678382,-8.439975,-1.8143792,-2.2643836,3,walking
1519421678387,-8.621892,-1.8431029,-2.2643836,3,walking
1519421678397,-9.215514,-1.9579976,-2.321831,3,walking
1519421678402,-9.378282,-1.9771467,-2.3697038,3,walking
1519421678407,-9.5219,-2.034594,-2.408002,3,walking
1519421678416,-9.713391,-2.168638,-2.321831,3,walking
1519421678421,-9.75169,-2.168638,-2.3026817,3,walking
1519421678426,-9.665519,-2.2739582,-2.2452345,3,walking
1519421678432,-9.579348,-2.3026817,-2.1207652,3,walking
1519421678437,-9.445304,-2.321831,-2.0728924,3,walking
1519421678446,-9.253813,-2.2835326,-1.948423,3,walking
1519421678452,-9.158067,-2.2165108,-1.8239537,3,walking
1519421678457,-9.052747,-2.1973617,-1.7282082,3,walking
1519421678466,-8.9761505,-2.1973617,-1.6037389,3,walking
1519421678472,-8.851681,-2.2069361,-1.469695,3,walking
1519421678476,-8.870831,-2.168638,-1.383524,3,walking
1519421678486,-9.062322,-2.3026817,-1.2016073,3,walking
1519421678492,-9.196365,-2.3122563,-1.1537346,3,walking
1519421678496,-9.368708,-2.360129,-1.14416,3,walking
1519421678502,-9.75169,-2.4558747,-1.0101161,3,walking
1519421678507,-9.971905,-2.4558747,-1.0101161,3,walking
1519421678512,-10.249567,-2.408002,-1.0484143,3,walking
1519421678517,-10.527229,-2.321831,-1.1250108,3,walking
1519421678523,-11.513409,-2.0728924,-1.4122477,3,walking
1519421678527,-12.0400095,-1.9867213,-1.6037389,3,walking
1519421678534,-12.56661,-1.9196993,-1.7473572,3,walking
1519421678538,-12.56661,-1.9196993,-1.7473572,3,walking
1519421678543,-13.4666195,-2.1590633,-2.0633178,3,walking
1519421678547,-13.44747,-2.321831,-2.034594,3,walking
1519421678556,-12.710229,-2.580344,-1.776081,3,walking
1519421678585,-10.527229,-2.5899186,-1.1824582,3,walking
1519421678592,-9.943181,-2.408002,-1.0484143,3,walking
1519421678596,-9.64637,-2.3026817,-0.99096704,3,walking
1519421678601,-9.464453,-2.1590633,-0.9622433,3,walking
1519421678606,-9.2825365,-1.9962958,-0.9430942,3,walking
1519421678612,-8.899554,-1.622888,-0.8856468,3,walking
1519421678616,-8.7750845,-1.4792696,-0.8281995,3,walking
1519421678621,-8.698488,-1.3452257,-0.8856468,3,walking
1519421678626,-8.765511,-1.2590547,-0.9526688,3,walking
1519421678632,-9.263388,-1.1633091,-1.0388398,3,walking
1519421678637,-9.722966,-1.0675635,-1.1058618,3,walking
1519421678646,-10.94851,-1.1728836,-1.3548003,3,walking
1519421678652,-11.302769,-1.3069274,-1.4218222,3,walking
1519421678657,-11.59958,-1.4026731,-1.4792696,3,walking
1519421678662,-11.972988,-1.6324625,-1.5271424,3,walking
1519421678667,-12.097457,-1.6611862,-1.5750152,3,walking
1519421678671,-12.221927,-1.6994845,-1.6420372,3,walking
1519421678676,-12.317672,-1.6994845,-1.7665064,3,walking
1519421678682,-12.279374,-1.5845897,-1.9675722,3,walking
1519421678688,-12.212352,-1.4888442,-2.015445,3,walking
1519421678693,-12.030436,-1.4409714,-2.1111906,3,walking
1519421678698,-11.858093,-1.469695,-2.187787,3,walking
1519421678703,-11.503835,-1.5079932,-2.3888528,3,walking
1519421678708,-11.341067,-1.5271424,-2.3792782,3,walking
1519421678713,-10.986808,-1.5750152,-2.5420458,3,walking
1519421678718,-10.795317,-1.6324625,-2.5899186,3,walking
1519421678724,-10.40276,-1.6324625,-2.5899186,3,walking
1519421678728,-10.40276,-1.6324625,-2.5899186,3,walking
1519421678734,-10.0868,-1.5845897,-2.3792782,3,walking
1519421678739,-9.876159,-1.5845897,-2.3314054,3,walking
1519421678743,-9.617646,-1.6133134,-2.187787,3,walking
1519421678749,-9.531475,-1.6994845,-2.1207652,3,walking
1519421678754,-9.41658,-1.79523,-2.0633178,3,walking
1519421678761,-9.129343,-2.1207652,-1.9771467,3,walking
1519421678766,-8.985725,-2.254809,-1.8814012,3,walking
1519421678772,-8.688913,-2.580344,-1.8431029,3,walking
1519421678777,-8.4686985,-2.7239625,-1.776081,3,walking
1519421678782,-8.353804,-2.8388572,-1.7377827,3,walking
1519421678788,-8.171887,-3.020774,-1.7473572,3,walking
1519421678793,-8.028269,-3.078221,-1.6803354,3,walking
1519421678798,-7.9133744,-3.1069448,-1.6899099,3,walking
1519421678803,-7.769756,-3.039923,-1.7377827,3,walking
1519421678808,-7.702734,-2.88673,-1.7473572,3,walking
1519421678814,-7.46337,-2.5994933,-1.7473572,3,walking
1519421678818,-7.46337,-2.5994933,-1.7473572,3,walking
1519421678824,-7.2527294,-2.2069361,-1.7377827,3,walking
1519421678828,-7.1665583,-2.0920415,-1.7473572,3,walking
1519421678834,-7.1186857,-2.0058703,-1.79523,3,walking
1519421678841,-7.003791,-1.8431029,-1.7569319,3,walking
1519421678846,-7.0325146,-1.7569319,-1.7569319,3,walking
1519421678851,-6.984642,-1.7282082,-1.7473572,3,walking
1519421678857,-6.9654927,-1.6707608,-1.6707608,3,walking
1519421678861,-6.984642,-1.5845897,-1.5750152,3,walking
1519421678867,-7.02294,-1.5367169,-1.4984187,3,walking
1519421678872,-7.003791,-1.4505459,-1.469695,3,walking
1519421678877,-7.0612383,-1.4409714,-1.4505459,3,walking
1519421678882,-7.1665583,-1.4505459,-1.4218222,3,walking
1519421678887,-7.2240057,-1.4984187,-1.4026731,3,walking
1519421678892,-7.3006024,-1.6516117,-1.4218222,3,walking
1519421678897,-7.3006024,-1.6516117,-1.4218222,3,walking
1519421678903,-7.3867736,-1.8431029,-1.3643749,3,walking
1519421678908,-7.4154973,-1.929274,-1.3548003,3,walking
1519421678913,-7.5782647,-1.9962958,-1.3643749,3,walking
1519421678918,-7.7123084,-1.9962958,-1.3165021,3,walking
1519421678923,-7.8655014,-2.0537431,-1.2877784,3,walking
1519421678928,-7.9516726,-2.101616,-1.2782038,3,walking
1519421678933,-7.961247,-2.1111906,-1.2016073,3,walking
1519421678938,-7.961247,-1.9867213,-1.0388398,3,walking
1519421678944,-7.999545,-1.7665064,-0.8090504,3,walking
1519421678948,-8.037844,-1.7569319,-0.8090504,3,walking
1519421678954,-8.200611,-1.709059,-0.83777404,3,walking
1519421678960,-8.430401,-1.6803354,-1.0005416,3,walking
1519421678966,-8.545295,-1.6324625,-0.9718179,3,walking
1519421678971,-8.593168,-1.4792696,-0.9718179,3,walking
1519421678976,-8.583593,-1.3739494,-0.9430942,3,walking
1519421678981,-8.688913,-1.2494801,-0.9718179,3,walking
1519421678987,-8.688913,-1.2494801,-0.9718179,3,walking
1519421678991,-8.784659,-1.1154363,-0.93351966,3,walking
1519421678997,-8.832532,-1.0962871,-1.0101161,3,walking
1519421679002,-8.889979,-1.1250108,-1.0675635,3,walking
1519421679007,-8.918703,-1.1250108,-1.0675635,3,walking
1519421679012,-8.918703,-1.1250108,-1.1154363,3,walking
1519421679017,-8.880404,-1.14416,-1.1920328,3,walking
1519421679023,-8.909128,-1.1920328,-1.2877784,3,walking
1519421679027,-8.918703,-1.2494801,-1.3452257,3,walking
1519421679033,-8.957002,-1.2111819,-1.383524,3,walking
1519421679038,-8.957002,-1.2016073,-1.4122477,3,walking
1519421679043,-9.043172,-1.2016073,-1.4601204,3,walking
1519421679048,-9.177217,-1.1920328,-1.5845897,3,walking
1519421679053,-9.31126,-1.1537346,-1.6611862,3,walking
1519421679058,-9.368708,-1.1633091,-1.6611862,3,walking
1519421679064,-9.407005,-1.2111819,-1.5941644,3,walking
1519421679070,-9.483603,-1.2877784,-1.6803354,3,walking
1519421679076,-9.5219,-1.3356512,-1.7473572,3,walking
1519421679081,-9.62722,-1.4218222,-1.709059,3,walking
1519421679087,-9.636795,-1.4313968,-1.709059,3,walking
1519421679092,-9.675094,-1.4409714,-1.6611862,3,walking
1519421679097,-9.722966,-1.469695,-1.6803354,3,walking
1519421679102,-9.809137,-1.5271424,-1.709059,3,walking
1519421679107,-10.058076,-1.5271424,-1.7569319,3,walking
1519421679113,-10.230418,-1.5175679,-1.8526775,3,walking
1519421679118,-10.354887,-1.4888442,-1.9005502,3,walking
1519421679123,-10.441058,-1.4888442,-1.9388485,3,walking
1519421679130,-10.766593,-1.5079932,-1.929274,3,walking
1519421679135,-10.910212,-1.5462915,-1.9196993,3,walking
1519421679140,-11.05383,-1.5654407,-1.929274,3,walking
1519421679146,-11.207023,-1.5750152,-1.9388485,3,walking
1519421679151,-11.455961,-1.5175679,-1.8909757,3,walking
1519421679156,-11.580431,-1.4409714,-1.929274,3,walking
1519421679161,-11.896391,-1.3548003,-2.015445,3,walking
1519421679166,-11.896391,-1.3548003,-2.015445,3,walking
1519421679171,-12.135756,-1.4505459,-2.2069361,3,walking
1519421679177,-12.202777,-1.5271424,-2.254809,3,walking
1519421679181,-12.308098,-1.4792696,-2.3122563,3,walking
1519421679187,-12.25065,-1.5367169,-2.2931073,3,walking
1519421679192,-12.154904,-1.5462915,-2.3026817,3,walking
1519421679197,-11.867668,-1.5845897,-2.3122563,3,walking
1519421679202,-11.752773,-1.5941644,-2.2643836,3,walking
1519421679207,-11.503835,-1.6899099,-2.187787,3,walking
1519421679213,-11.36979,-1.6707608,-2.2165108,3,walking
1519421679218,-11.26447,-1.5750152,-2.4463003,3,walking
1519421679223,-11.408089,-1.5367169,-2.6282167,3,walking
1519421679228,-11.685751,-1.4984187,-2.8292825,3,walking
1519421679233,-12.595334,-1.4888442,-3.1835413,3,walking
1519421679238,-13.074062,-1.6803354,-3.1835413,3,walking
1519421679244,-13.638962,-2.3697038,-2.8388572,3,walking
1519421679251,-13.44747,-3.3367343,-2.0441687,3,walking
1519421679257,-13.44747,-3.3367343,-2.0441687,3,walking
1519421679261,-12.738953,-4.1888704,-1.5175679,3,walking
1519421679266,-12.279374,-4.476107,-1.4218222,3,walking
1519421679270,-11.350641,-4.495256,-1.2973529,3,walking
1519421679314,-7.8272033,-1.9867213,-2.2260852,3,walking
1519421679320,-7.8272033,-1.7569319,-2.1399143,3,walking
1519421679325,-7.846352,-1.5558661,-2.101616,3,walking
1519421679330,-8.11444,-1.1633091,-2.0633178,3,walking
1519421679336,-8.353804,-1.0962871,-2.1207652,3,walking
1519421679344,-9.100619,-1.0101161,-2.1590633,3,walking
1519421679350,-9.837861,-1.1154363,-2.1973617,3,walking
1519421679355,-10.220843,-1.1920328,-2.321831,3,walking
1519421679360,-11.005958,-1.3739494,-2.513322,3,walking
1519421679365,-11.38894,-1.5558661,-2.561195,3,walking
1519421679370,-11.38894,-1.5558661,-2.561195,3,walking
1519421679375,-11.953838,-1.9005502,-2.7814097,3,walking
1519421679380,-12.336822,-2.3697038,-2.9441774,3,walking
1519421679385,-12.442142,-2.5899186,-3.020774,3,walking
1519421679390,-12.46129,-2.8292825,-3.1356685,3,walking
1519421679395,-12.432567,-2.9537518,-3.2026904,3,walking
1519421679400,-12.202777,-3.2409887,-3.346309,3,walking
1519421679405,-12.020861,-3.2792869,-3.3941817,3,walking
1519421679414,-11.628304,-3.1356685,-3.4803526,3,walking
1519421679420,-11.187874,-3.039923,-3.4803526,3,walking
1519421679425,-10.967659,-3.020774,-3.4037561,3,walking
1519421679434,-10.584677,-3.020774,-3.2697124,3,walking
1519421679440,-10.259142,-2.7431116,-3.020774,3,walking
1519421679445,-10.048501,-2.5899186,-2.9250283,3,walking
1519421679450,-9.684668,-2.2835326,-2.6282167,3,walking
1519421679455,-9.560199,-2.1399143,-2.513322,3,walking
1519421679460,-9.3878565,-1.9867213,-2.3984275,3,walking
1519421679465,-9.263388,-2.0058703,-2.254809,3,walking
1519421679470,-9.18679,-1.776081,-2.1590633,3,walking
1519421679475,-9.091045,-1.7473572,-2.1782124,3,walking
1519421679479,-8.957002,-1.7569319,-2.1782124,3,walking
1519421679485,-8.688913,-1.8431029,-2.0728924,3,walking
1519421679490,-8.439975,-2.015445,-2.0633178,3,walking
1519421679495,-8.382527,-2.1303396,-2.101616,3,walking
1519421679499,-8.382527,-2.1399143,-2.0250196,3,walking
1519421679504,-8.401677,-2.149489,-1.8814012,3,walking
1519421679510,-8.439975,-2.1399143,-1.9101248,3,walking
1519421679515,-8.21976,-1.8431029,-1.929274,3,walking
1519421679524,-7.8272033,-1.5462915,-1.8431029,3,walking
1519421679530,-7.635712,-1.383524,-1.862252,3,walking
1519421679535,-7.5782647,-1.383524,-1.7473572,3,walking
1519421679540,-7.501668,-1.4026731,-1.6803354,3,walking
1519421679545,-7.4442205,-1.3930986,-1.7186337,3,walking
1519421679550,-7.3867736,-1.4218222,-1.7569319,3,walking
1519421679555,-7.3389006,-1.4601204,-1.7856555,3,walking
1519421679560,-7.46337,-1.4888442,-1.8909757,3,walking
1519421679566,-7.4537954,-1.5654407,-1.9101248,3,walking
1519421679570,-7.501668,-1.5845897,-1.9101248,3,walking
1519421679574,-7.5591154,-1.5845897,-1.862252,3,walking
1519421679580,-7.635712,-1.6420372,-1.9005502,3,walking
1519421679585,-7.721883,-1.6994845,-1.9196993,3,walking
1519421679594,-7.8272033,-1.7473572,-2.034594,3,walking
1519421679600,-7.7601814,-1.7569319,-1.9579976,3,walking
1519421679605,-7.741032,-1.7569319,-1.9867213,3,walking
1519421679610,-7.741032,-1.7282082,-2.0728924,3,walking
1519421679615,-7.741032,-1.7282082,-2.0728924,3,walking
1519421679620,-7.769756,-1.7569319,-2.1303396,3,walking
1519421679625,-7.7601814,-1.79523,-2.2452345,3,walking
1519421679630,-7.721883,-1.8239537,-2.2165108,3,walking
1519421679634,-7.693159,-1.8048047,-2.149489,3,walking
1519421679640,-7.654861,-1.776081,-2.1303396,3,walking
1519421679645,-7.721883,-1.7665064,-2.2069361,3,walking
1519421679650,-7.846352,-1.8239537,-2.187787,3,walking
1519421679655,-7.875076,-1.8431029,-2.187787,3,walking
1519421679660,-7.961247,-1.8526775,-2.2739582,3,walking
1519421679666,-8.056993,-1.8814012,-2.321831,3,walking
1519421679670,-8.171887,-1.9101248,-2.3984275,3,walking
1519421679676,-8.210186,-1.9388485,-2.4463003,3,walking
1519421679681,-8.363379,-1.948423,-2.475024,3,walking
1519421679686,-8.363379,-1.948423,-2.475024,3,walking
1519421679690,-8.353804,-1.9196993,-2.5037475,3,walking
1519421679695,-8.392102,-1.9388485,-2.5324712,3,walking
1519421679700,-8.382527,-1.948423,-2.4558747,3,walking
1519421679705,-8.372953,-1.9388485,-2.4845984,3,walking
1519421679710,-8.44955,-1.9675722,-2.475024,3,walking
1519421679715,-8.4686985,-1.948423,-2.5324712,3,walking
1519421679720,-8.487848,-2.015445,-2.5324712,3,walking
1519421679725,-8.506997,-2.0537431,-2.5228968,3,walking
1519421679730,-8.506997,-2.1303396,-2.513322,3,walking
1519421679736,-8.55487,-2.1207652,-2.5037475,3,walking
1519421679740,-8.583593,-2.101616,-2.4175766,3,walking
1519421679746,-8.641041,-2.0537431,-2.3792782,3,walking
1519421679750,-8.66019,-2.0441687,-2.321831,3,walking
1519421679755,-8.736787,-1.9675722,-2.254809,3,walking
1519421679760,-8.832532,-1.8718265,-2.2643836,3,walking
1519421679765,-9.033598,-1.7377827,-2.1973617,3,walking
1519421679774,-9.20594,-1.622888,-2.2165108,3,walking
1519421679779,-9.3878565,-1.6037389,-2.2452345,3,walking
1519421679785,-9.493176,-1.5845897,-2.2739582,3,walking
1519421679790,-9.684668,-1.5079932,-2.3697038,3,walking
1519421679795,-9.684668,-1.5079932,-2.3697038,3,walking
1519421679800,-9.809137,-1.5175679,-2.4463003,3,walking
1519421679805,-9.933606,-1.5654407,-2.6090677,3,walking
1519421679809,-10.0868,-1.6037389,-2.6760898,3,walking
1519421679814,-10.134672,-1.6611862,-2.7239625,3,walking
1519421679819,-10.182545,-1.6803354,-2.7718353,3,walking
1519421679824,-10.125097,-1.709059,-2.7909844,3,walking
1519421679832,-10.06765,-1.6803354,-2.800559,3,walking
1519421679837,-9.96233,-1.7377827,-2.6760898,3,walking
1519421679842,-9.7899885,-1.6133134,-2.494173,3,walking
1519421679847,-9.713391,-1.5462915,-2.3697038,3,walking
1519421679853,-9.3878565,-1.2782038,-2.0824668,3,walking
1519421679857,-9.3878565,-1.2782038,-2.0824668,3,walking
1519421679863,-9.167642,-1.1154363,-1.8526775,3,walking
1519421679872,-9.100619,-1.2399056,-1.5367169,3,walking
1519421679876,-9.100619,-1.2399056,-1.5367169,3,walking
1519421679880,-9.091045,-1.4792696,-1.3165021,3,walking
1519421679885,-9.091045,-1.4792696,-1.3165021,3,walking
1519421679890,-9.119769,-1.7665064,-1.0675635,3,walking
1519421679895,-9.196365,-1.9101248,-0.9718179,3,walking
1519421679899,-9.378282,-2.1973617,-0.7324539,3,walking
1519421679904,-9.531475,-2.3314054,-0.59841,3,walking
1519421679909,-9.617646,-2.3984275,-0.49308985,3,walking
1519421679915,-9.722966,-2.4654493,-0.5218136,3,walking
1519421679920,-9.933606,-2.5324712,-0.5792609,3,walking
1519421679925,-10.670848,-2.3314054,-0.83777404,3,walking
1519421679929,-11.360216,-2.1399143,-1.1154363,3,walking
1519421679934,-12.154904,-1.948423,-1.5175679,3,walking
1519421679940,-13.581514,-1.6516117,-2.360129,3,walking
1519421679945,-14.012369,-1.5941644,-2.6186423,3,walking
1519421679949,-14.20386,-1.5558661,-2.8388572,3,walking
1519421679954,-14.088965,-1.5654407,-2.8484318,3,walking
1519421679991,-9.732541,-1.9196993,-1.4792696,3,walking
1519421679996,-9.234664,-1.9771467,-1.2686293,3,walking
1519421680012,-7.2240057,-1.9005502,-0.59841,3,walking
1519421680017,-6.8793216,-1.8335283,-0.6079846,3,walking
1519421680021,-6.639958,-1.6324625,-0.63670826,3,walking
1519421680026,-6.850598,-1.4218222,-0.71330476,3,walking
1519421680055,-11.187874,-1.5941644,-1.0579889,3,walking
1519421680061,-11.695326,-1.8526775,-0.99096704,3,walking
1519421680066,-12.107032,-2.1207652,-0.9622433,3,walking
1519421680071,-12.67193,-2.4845984,-0.98139244,3,walking
1519421680087,-12.8538475,-2.9633265,-1.1250108,3,walking
1519421680092,-12.748528,-2.9250283,-1.2111819,3,walking
1519421680097,-12.624058,-2.8388572,-1.2399056,3,walking
1519421680102,-12.403843,-2.666515,-1.3069274,3,walking
1519421680130,-10.077225,-1.2111819,-1.5654407,3,walking
1519421680136,-9.8953085,-1.1728836,-1.5941644,3,walking
1519421680141,-9.62722,-1.1537346,-1.5271424,3,walking
1519421680146,-9.320834,-1.1345854,-1.4888442,3,walking
1519421680151,-9.18679,-1.1345854,-1.4409714,3,walking
1519421680161,-8.746361,-1.0962871,-1.3165021,3,walking
1519421680166,-8.66019,-1.1537346,-1.3356512,3,walking
1519421680171,-8.593168,-1.2111819,-1.3165021,3,walking
1519421680175,-8.612317,-1.2494801,-1.2686293,3,walking
1519421680179,-8.55487,-1.3260766,-1.2590547,3,walking
1519421680184,-8.506997,-1.3930986,-1.1920328,3,walking
1519421680189,-8.430401,-1.4313968,-1.1345854,3,walking
1519421680194,-8.21976,-1.5079932,-1.0675635,3,walking
1519421680204,-8.133589,-1.6516117,-1.1058618,3,walking
1519421680209,-8.037844,-1.8048047,-1.1345854,3,walking
1519421680214,-7.922949,-1.79523,-1.1154363,3,walking
1519421680219,-7.855927,-1.8048047,-1.14416,3,walking
1519421680224,-7.808054,-1.79523,-1.1633091,3,walking
1519421680229,-7.702734,-1.8239537,-1.1920328,3,walking
1519421680234,-7.664436,-1.8239537,-1.2494801,3,walking
1519421680239,-7.6261373,-1.8048047,-1.2494801,3,walking
1519421680244,-7.5974135,-1.8239537,-1.2973529,3,walking
1519421680249,-7.587839,-1.8143792,-1.3069274,3,walking
1519421680254,-7.5782647,-1.79523,-1.2686293,3,walking
1519421680259,-7.587839,-1.8335283,-1.3260766,3,walking
1519421680263,-7.587839,-1.8526775,-1.3069274,3,walking
1519421680269,-7.616563,-1.9101248,-1.3260766,3,walking
1519421680274,-7.6261373,-1.9005502,-1.3452257,3,walking
1519421680279,-7.635712,-1.948423,-1.3548003,3,walking
1519421680285,-7.693159,-2.0920415,-1.3643749,3,walking
1519421680289,-7.7506065,-2.254809,-1.4122477,3,walking
1519421680295,-7.7506065,-2.254809,-1.4122477,3,walking
1519421680300,-7.7984796,-2.475024,-1.5079932,3,walking
1519421680305,-7.8846507,-2.5420458,-1.4888442,3,walking
1519421680310,-7.9133744,-2.5228968,-1.469695,3,walking
1519421680315,-7.9133744,-2.5228968,-1.469695,3,walking
1519421680320,-7.961247,-2.427151,-1.4792696,3,walking
1519421680324,-8.018694,-2.3792782,-1.4505459,3,walking
1519421680329,-8.076141,-2.1590633,-1.4313968,3,walking
1519421680334,-8.085716,-2.0633178,-1.3548003,3,walking
1519421680339,-8.056993,-1.9579976,-1.3643749,3,walking
1519421680344,-8.028269,-1.79523,-1.3069274,3,walking
1519421680349,-8.056993,-1.6803354,-1.3165021,3,walking
1519421680354,-8.095291,-1.6133134,-1.2877784,3,walking
1519421680358,-8.085716,-1.5654407,-1.2303311,3,walking
1519421680364,-8.143164,-1.5654407,-1.1824582,3,walking
1519421680369,-8.133589,-1.5558661,-1.14416,3,walking
1519421680374,-8.11444,-1.469695,-1.0771381,3,walking
1519421680383,-8.104865,-1.4601204,-0.9526688,3,walking
1519421680389,-8.028269,-1.5558661,-0.85692316,3,walking
1519421680393,-7.999545,-1.5750152,-0.83777404,3,walking
1519421680399,-7.9803963,-1.5845897,-0.8281995,3,walking
1519421680403,-7.9420977,-1.5845897,-0.78990126,3,walking
1519421680408,-7.875076,-1.6324625,-0.8090504,3,walking
1519421680413,-7.894225,-1.7569319,-0.8664977,3,walking
1519421680419,-8.00912,-1.79523,-0.99096704,3,walking
1519421680423,-8.095291,-1.7856555,-1.0675635,3,walking
1519421680429,-8.248484,-1.6707608,-1.0005416,3,walking
1519421680434,-8.334655,-1.4409714,-0.98139244,3,walking
1519421680438,-8.545295,-0.93351966,-1.2303311,3,walking
1519421680443,-8.688913,-0.665432,-1.3260766,3,walking
1519421680448,-8.842107,-0.42606795,-1.3260766,3,walking
1519421680454,-8.9761505,-0.23457673,-1.3643749,3,walking
1519421680459,-9.110194,-0.081383765,-1.3356512,3,walking
1519421680464,-9.426155,0.014361841,-1.469695,3,walking
1519421680469,-9.636795,-0.081383765,-1.5271424,3,walking
1519421680473,-9.818711,-0.20585304,-1.5750152,3,walking
1519421680478,-10.000628,-0.37819514,-1.5941644,3,walking
1519421680483,-10.345312,-0.76117754,-1.4984187,3,walking
1519421680489,-10.469782,-1.0579889,-1.4409714,3,walking
1519421680493,-10.6134,-1.4026731,-1.3643749,3,walking
1519421680498,-10.919786,-2.0633178,-1.1728836,3,walking
1519421680503,-11.034681,-2.360129,-1.14416,3,walking
1519421680509,-11.28362,-2.9346027,-1.0675635,3,walking
1519421680513,-11.446387,-3.0973704,-1.14416,3,walking
1519421680519,-11.551707,-3.1452432,-1.2111819,3,walking
1519421680524,-11.637878,-3.1165195,-1.2494801,3,walking
1519421680528,-11.666602,-3.0877957,-1.3548003,3,walking
1519421680533,-11.609155,-3.039923,-1.4601204,3,walking
1519421680538,-11.542132,-3.020774,-1.4601204,3,walking
1519421680544,-11.475111,-2.9250283,-1.4984187,3,walking
1519421680549,-11.455961,-2.819708,-1.5558661,3,walking
1519421680553,-11.312344,-2.475024,-1.5845897,3,walking
1519421680559,-11.26447,-2.2739582,-1.5845897,3,walking
1519421680563,-11.178299,-2.0250196,-1.6324625,3,walking
1519421680568,-11.015532,-1.5750152,-1.709059,3,walking
1519421680573,-10.891063,-1.3930986,-1.7665064,3,walking
1519421680578,-10.776168,-1.2590547,-1.7377827,3,walking
1519421680583,-10.728295,-1.1154363,-1.7569319,3,walking
1519421680588,-10.536804,-0.92394507,-1.6707608,3,walking
1519421680593,-10.364462,-0.8760723,-1.6037389,3,walking
1519421680599,-10.2016945,-0.8473486,-1.4984187,3,walking
1519421680604,-9.933606,-0.8664977,-1.3643749,3,walking
1519421680609,-9.847435,-0.91437054,-1.3930986,3,walking
1519421680614,-9.828286,-0.91437054,-1.3739494,3,walking
1519421680618,-9.96233,-0.92394507,-1.6803354,3,walking
1519421680623,-10.268716,-0.91437054,-1.9771467,3,walking
1519421680628,-10.747444,-0.9622433,-2.3122563,3,walking
1519421680633,-11.38894,-1.0196906,-2.6090677,3,walking
1519421680639,-12.537887,-1.4888442,-2.714388,3,walking
1519421680644,-12.940019,-1.8431029,-2.6090677,3,walking
1519421680648,-13.169807,-2.34098,-2.475024,3,walking
1519421680653,-13.380448,-2.88673,-2.2452345,3,walking
1519421680658,-13.44747,-4.0644007,-1.7856555,3,walking
1519421680663,-13.3612995,-4.6675982,-1.5367169,3,walking
1519421680692,-10.278291,-4.715471,-1.6037389,3,walking
1519421680698,-9.876159,-4.351638,-1.7569319,3,walking
1519421680721,-8.420826,-1.8431029,-2.3792782,3,walking
1519421680725,-8.439975,-1.469695,-2.5420458,3,walking
1519421680730,-8.497422,-1.14416,-2.580344,3,walking
1519421680757,-11.149575,-0.22500217,-2.6569405,3,walking
1519421680761,-11.455961,-0.30159867,-2.6377914,3,walking
1519421680770,-12.154904,-0.5888355,-2.3984275,3,walking
1519421680775,-12.403843,-0.6750065,-2.3697038,3,walking
1519421680779,-12.633633,-0.7324539,-2.3505547,3,walking
1519421680784,-12.882571,-0.7324539,-2.3122563,3,walking
1519421680788,-12.997466,-0.69415563,-2.2739582,3,walking
1519421680793,-13.064487,-0.69415563,-2.2931073,3,walking
1519421680798,-12.987891,-0.7324539,-2.3122563,3,walking
1519421680803,-12.805975,-0.71330476,-2.34098,3,walking
1519421680807,-12.662356,-0.63670826,-2.3792782,3,walking
1519421680813,-12.490014,-0.5313881,-2.427151,3,walking
1519421680818,-12.087883,-0.2920241,-2.5707695,3,walking
1519421680823,-11.838944,-0.23457673,-2.5994933,3,walking
1519421680829,-11.350641,0.023936402,-2.647366,3,walking
1519421680834,-11.350641,0.023936402,-2.647366,3,walking
1519421680839,-10.699572,0.03351096,-2.6856642,3,walking
1519421680843,-10.450633,0.11968201,-2.7239625,3,walking
1519421680848,-10.144247,0.2154276,-2.6856642,3,walking
1519421680853,-9.847435,0.15798025,-2.666515,3,walking
1519421680858,-9.234664,0.22500217,-2.7239625,3,walking
1519421680864,-9.004874,0.14840569,-2.8771553,3,walking
1519421680868,-8.66019,0.17712937,-2.8292825,3,walking
1519421680874,-8.104865,0.19627848,-2.5228968,3,walking
1519421680879,-7.999545,0.23457673,-2.3026817,3,walking
1519421680884,-8.076141,0.17712937,-2.2069361,3,walking
1519421680889,-8.1623125,0.0,-2.2260852,3,walking
1519421680894,-8.210186,-0.09095833,-2.168638,3,walking
1519421680900,-7.9899707,-0.22500217,-2.0824668,3,walking
1519421680904,-7.808054,-0.20585304,-1.9771467,3,walking
1519421680910,-7.702734,-0.110107444,-1.8814012,3,walking
1519421680915,-7.4154973,0.043085523,-1.776081,3,walking
1519421680920,-7.4442205,0.05266008,-1.8814012,3,walking
1519421680925,-7.281453,0.014361841,-1.9962958,3,walking
1519421680930,-7.195282,0.023936402,-1.948423,3,walking
1519421680935,-7.1091113,0.11968201,-2.101616,3,walking
1519421680940,-7.1091113,0.15798025,-2.1782124,3,walking
1519421680951,-6.869747,0.19627848,-2.4463003,3,walking
1519421680956,-6.898471,0.25372586,-2.494173,3,walking
1519421680961,-6.936769,0.18670394,-2.5228968,3,walking
1519421680966,-6.975067,-0.03351096,-2.6377914,3,walking
1519421680971,-6.9942164,-0.20585304,-2.6760898,3,walking
1519421680976,-7.0995364,-0.32074776,-2.7239625,3,walking
1519421680981,-7.4250717,-0.61755913,-2.7431116,3,walking
1519421680986,-7.635712,-0.71330476,-2.752686,3,walking
1519421680992,-7.855927,-0.7994758,-2.733537,3,walking
1519421680996,-8.21976,-0.9718179,-2.7622607,3,walking
1519421681002,-8.382527,-1.0771381,-2.7048132,3,walking
1519421681006,-8.621892,-1.1537346,-2.714388,3,walking
1519421681012,-8.803808,-1.2016073,-2.7048132,3,walking
1519421681017,-9.0814705,-1.2590547,-2.800559,3,walking
1519421681023,-9.177217,-1.2686293,-2.7814097,3,walking
1519421681028,-9.3878565,-1.3165021,-2.8771553,3,walking
1519421681033,-9.3878565,-1.3165021,-2.8771553,3,walking
1519421681038,-9.502751,-1.3356512,-2.9920502,3,walking
1519421681043,-9.502751,-1.3643749,-3.059072,3,walking
1519421681048,-9.512326,-1.3739494,-3.1069448,3,walking
1519421681054,-9.41658,-1.3165021,-3.1548176,3,walking
1519421681058,-9.330409,-1.3069274,-3.1548176,3,walking
1519421681064,-9.196365,-1.2111819,-3.0686467,3,walking
1519421681069,-9.18679,-1.0579889,-3.020774,3,walking
1519421681074,-9.091045,-0.93351966,-3.059072,3,walking
1519421681080,-8.966576,-0.6079846,-2.819708,3,walking
1519421681084,-8.899554,-0.4356425,-2.7909844,3,walking
1519421681089,-8.822957,-0.3398969,-2.6377914,3,walking
1519421681095,-8.717637,-0.110107444,-2.5899186,3,walking
1519421681100,-8.650616,-0.062234644,-2.513322,3,walking
1519421681105,-8.5740185,-0.0718092,-2.5228968,3,walking
1519421681110,-8.459125,-0.0718092,-2.4654493,3,walking
1519421681116,-8.363379,-0.110107444,-2.4654493,3,walking
1519421681121,-8.296356,-0.19627848,-2.427151,3,walking
1519421681131,-8.133589,-0.37819514,-2.4175766,3,walking
1519421681136,-8.056993,-0.512239,-2.4463003,3,walking
1519421681141,-7.999545,-0.6558574,-2.3888528,3,walking
1519421681146,-7.999545,-0.6558574,-2.3888528,3,walking
1519421681151,-8.028269,-0.70373017,-2.3505547,3,walking
1519421681156,-8.095291,-0.7228793,-2.4175766,3,walking
1519421681162,-8.11444,-0.76117754,-2.3697038,3,walking
1519421681167,-8.181462,-0.8281995,-2.4463003,3,walking
1519421681172,-8.191036,-0.8952214,-2.4558747,3,walking
1519421681178,-8.229335,-1.0292653,-2.5037475,3,walking
1519421681183,-8.248484,-1.1058618,-2.494173,3,walking
1519421681188,-8.286782,-1.0675635,-2.5420458,3,walking
1519421681193,-8.286782,-1.0675635,-2.5420458,3,walking
1519421681199,-8.382527,-0.99096704,-2.4558747,3,walking
1519421681206,-8.564445,-0.8760723,-2.34098,3,walking
1519421681211,-8.6697645,-0.8090504,-2.2931073,3,walking
1519421681216,-8.861256,-0.71330476,-2.2739582,3,walking
1519421681221,-9.043172,-0.7420284,-2.2356598,3,walking
1519421681226,-9.158067,-0.751603,-2.3026817,3,walking
1519421681231,-9.397431,-0.8760723,-2.2069361,3,walking
1519421681236,-9.397431,-0.8760723,-2.2069361,3,walking
1519421681242,-9.598496,-1.0771381,-2.2165108,3,walking
1519421681246,-9.703817,-1.3548003,-2.0250196,3,walking
1519421681252,-9.799562,-1.469695,-1.9579976,3,walking
1519421681256,-9.847435,-1.5558661,-1.862252,3,walking
1519421681261,-9.85701,-1.622888,-1.7186337,3,walking
1519421681270,-9.952756,-1.7377827,-1.6324625,3,walking
1519421681274,-9.98148,-1.7473572,-1.5367169,3,walking
1519421681279,-10.048501,-1.7665064,-1.4313968,3,walking
1519421681283,-10.048501,-1.7665064,-1.4313968,3,walking
1519421681287,-10.871913,-1.5079932,-1.383524,3,walking
1519421681292,-11.513409,-1.4218222,-1.5750152,3,walking
1519421681302,-13.1602335,-1.3260766,-2.0250196,3,walking
1519421681306,-14.43365,-1.6994845,-2.494173,3,walking
1519421681311,-14.74961,-2.0633178,-2.6569405,3,walking
1519421681315,-14.826207,-2.321831,-2.6090677,3,walking
1519421681319,-14.730461,-2.4463003,-2.4845984,3,walking
1519421681354,-10.546378,-1.948423,-0.17712937,3,walking
1519421681359,-9.971905,-1.7186337,0.023936402,3,walking
1519421681364,-9.464453,-1.4984187,0.23457673,3,walking
1519421681393,-9.722966,-1.2590547,-1.0292653,3,walking
1519421681398,-10.996383,-1.3930986,-1.3548003,3,walking
1519421681402,-11.455961,-1.5845897,-1.5367169,3,walking
1519421681407,-12.078308,-1.709059,-1.6516117,3,walking
1519421681412,-12.35597,-1.6899099,-1.9101248,3,walking
1519421681421,-13.064487,-1.4984187,-2.4175766,3,walking
1519421681426,-13.303852,-1.4122477,-2.6282167,3,walking
1519421681430,-13.437896,-1.3356512,-3.020774,3,walking
1519421681435,-13.370873,-1.2111819,-3.1643922,3,walking
1519421681439,-13.208106,-1.0867126,-3.2218397,3,walking
1519421681444,-12.920869,-1.0196906,-3.2601378,3,walking
1519421681448,-12.700654,-0.8473486,-3.2601378,3,walking
1519421681453,-12.480439,-0.70373017,-3.2697124,3,walking
1519421681457,-12.279374,-0.5505372,-3.2026904,3,walking
1519421681462,-12.001712,-0.47394073,-3.0494976,3,walking
1519421681467,-11.4272375,-0.46436617,-2.8101335,3,walking
1519421681472,-11.178299,-0.47394073,-2.647366,3,walking
1519421681477,-10.910212,-0.4356425,-2.5899186,3,walking
1519421681482,-10.766593,-0.4356425,-2.427151,3,walking
1519421681487,-10.766593,-0.4356425,-2.427151,3,walking
1519421681492,-10.239992,-0.49308985,-2.187787,3,walking
1519421681497,-9.866585,-0.6750065,-2.1207652,3,walking
1519421681502,-9.665519,-0.78990126,-2.101616,3,walking
1519421681508,-9.435729,-0.8760723,-2.0728924,3,walking
1519421681512,-9.215514,-0.9526688,-2.015445,3,walking
1519421681517,-8.995299,-0.93351966,-1.9196993,3,walking
1519421681522,-8.66019,-0.8186249,-1.9196993,3,walking
1519421681527,-8.191036,-0.6271337,-1.8718265,3,walking
1519421681533,-8.00912,-0.5505372,-1.8431029,3,walking
1519421681538,-7.808054,-0.49308985,-1.8335283,3,walking
1519421681543,-7.587839,-0.4835153,-1.8909757,3,walking
1519421681548,-7.2335806,-0.512239,-2.0058703,3,walking
1519421681553,-7.0803876,-0.56968635,-2.015445,3,walking
1519421681559,-6.9176197,-0.6271337,-2.0441687,3,walking
1519421681564,-6.6591067,-0.85692316,-2.2260852,3,walking
1519421681569,-6.6016593,-0.9526688,-2.3122563,3,walking
1519421681579,-6.3431463,-1.2494801,-2.561195,3,walking
1519421681584,-6.333572,-1.3643749,-2.6760898,3,walking
1519421681589,-6.3527207,-1.4984187,-2.714388,3,walking
1519421681594,-6.3622956,-1.6324625,-2.7718353,3,walking
1519421681599,-6.3144226,-1.9579976,-3.0494976,3,walking
1519421681604,-6.333572,-2.0728924,-3.1356685,3,walking
1519421681609,-6.3814445,-2.2165108,-3.1548176,3,walking
1519421681614,-6.3814445,-2.494173,-3.2697124,3,walking
1519421681619,-6.4293175,-2.5899186,-3.2888615,3,walking
1519421681624,-6.458041,-2.714388,-3.212265,3,walking
1519421681630,-6.544212,-2.819708,-3.0303483,3,walking
1519421681635,-6.6016593,-2.8292825,-2.8963046,3,walking
1519421681640,-6.563361,-2.752686,-2.7909844,3,walking
1519421681650,-6.410168,-2.5516202,-2.4845984,3,walking
1519421681655,-6.410168,-2.4654493,-2.3792782,3,walking
1519421681660,-6.4197426,-2.4558747,-2.2931073,3,walking
1519421681665,-6.458041,-2.3505547,-2.187787,3,walking
1519421681670,-6.4963393,-2.321831,-2.0824668,3,walking
1519421681675,-6.525063,-2.321831,-2.0537431,3,walking
1519421681681,-6.6878304,-2.2739582,-1.9867213,3,walking
1519421681686,-6.7357035,-2.3122563,-2.0441687,3,walking
1519421681691,-6.821874,-2.360129,-1.9867213,3,walking
1519421681696,-7.02294,-2.4654493,-1.9962958,3,walking
1519421681701,-7.1857076,-2.5324712,-1.9962958,3,walking
1519421681706,-7.3006024,-2.580344,-1.929274,3,walking
1519421681711,-7.434646,-2.5994933,-1.862252,3,walking
1519421681716,-7.549541,-2.580344,-1.862252,3,walking
1519421681722,-7.7984796,-2.494173,-1.7377827,3,walking
1519421681726,-7.9037995,-2.4367256,-1.709059,3,walking
1519421681732,-8.1623125,-2.2452345,-1.6324625,3,walking
1519421681738,-8.2676325,-2.1303396,-1.5845897,3,walking
1519421681743,-8.34423,-2.0441687,-1.5271424,3,walking
1519421681747,-8.420826,-2.0058703,-1.4601204,3,walking
1519421681752,-8.497422,-1.9388485,-1.4218222,3,walking
1519421681758,-8.5740185,-1.8909757,-1.383524,3,walking
1519421681762,-8.631466,-1.8526775,-1.3548003,3,walking
1519421681767,-8.5740185,-1.8431029,-1.3452257,3,walking
1519421681772,-8.564445,-1.8718265,-1.3356512,3,walking
1519421681777,-8.5740185,-1.8526775,-1.3165021,3,walking
1519421681782,-8.593168,-1.8909757,-1.2877784,3,walking
1519421681787,-8.66019,-1.9579976,-1.3643749,3,walking
1519421681792,-8.727212,-1.9579976,-1.3069274,3,walking
1519421681797,-8.746361,-1.9771467,-1.2782038,3,walking
1519421681803,-8.746361,-1.9771467,-1.2782038,3,walking
1519421681807,-8.813383,-1.9388485,-1.2111819,3,walking
1519421681812,-8.851681,-1.9196993,-1.2016073,3,walking
1519421681817,-9.138918,-1.9867213,-1.2782038,3,walking
1519421681822,-9.138918,-1.9867213,-1.2782038,3,walking
1519421681827,-9.464453,-2.0537431,-1.2782038,3,walking
1519421681832,-9.617646,-2.168638,-1.3069274,3,walking
1519421681837,-9.742115,-2.1973617,-1.2686293,3,walking
1519421681843,-10.06765,-2.2643836,-1.2111819,3,walking
1519421681848,-10.354887,-2.1399143,-1.1920328,3,walking
1519421681853,-10.527229,-2.1111906,-1.2399056,3,walking
1519421681858,-10.661273,-2.0728924,-1.2399056,3,walking
1519421681863,-10.833615,-2.0441687,-1.2973529,3,walking
1519421681868,-11.044255,-1.9771467,-1.3069274,3,walking
1519421681873,-11.38894,-1.9101248,-1.3643749,3,walking
1519421681881,-11.714475,-2.0728924,-1.383524,3,walking
1519421681885,-11.925115,-2.149489,-1.3069274,3,walking
1519421681891,-12.030436,-2.2260852,-1.3356512,3,walking
1519421681896,-12.231501,-2.4463003,-1.2494801,3,walking
1519421681901,-12.308098,-2.5420458,-1.1250108,3,walking
1519421681906,-12.317672,-2.6186423,-1.0484143,3,walking
1519421681911,-12.336822,-2.6090677,-1.0579889,3,walking
1519421681917,-12.174053,-2.6090677,-0.9622433,3,walking
1519421681922,-12.0400095,-2.5516202,-1.0388398,3,walking
1519421681927,-11.953838,-2.475024,-1.0962871,3,walking
1519421681933,-11.838944,-2.408002,-1.1920328,3,walking
1519421681938,-11.657027,-2.1782124,-1.2686293,3,walking
1519421681943,-11.542132,-1.9962958,-1.3260766,3,walking
1519421681948,-11.4272375,-1.8335283,-1.3643749,3,walking
1519421681953,-11.254896,-1.6611862,-1.4505459,3,walking
1519421681958,-11.168725,-1.3643749,-1.5367169,3,walking
1519421681963,-11.187874,-1.0005416,-1.9867213,3,walking
1519421681968,-11.465536,-0.8090504,-2.3026817,3,walking
1519421681973,-12.490014,-0.64628285,-2.867581,3,walking
1519421681978,-13.00704,-0.7324539,-3.0111992,3,walking
1519421681984,-13.00704,-0.7324539,-3.0111992,3,walking
1519421681991,-13.7730055,-1.8431029,-2.3122563,3,walking
1519421681996,-13.715558,-2.7814097,-1.6803354,3,walking
1519421682001,-13.715558,-2.7814097,-1.6803354,3,walking
1519421682007,-13.437896,-3.5856729,-1.0196906,3,walking
1519421682043,-9.655944,-2.972901,-0.44521707,3,walking
1519421682048,-9.339984,-2.0250196,-0.6750065,3,walking
1519421682054,-9.20594,-1.5558661,-0.8281995,3,walking
1519421682058,-9.196365,-1.14416,-0.9526688,3,walking
1519421682063,-9.349558,-0.70373017,-1.1250108,3,walking
1519421682067,-9.761265,0.023936402,-1.5271424,3,walking
1519421682072,-9.761265,0.023936402,-1.5271424,3,walking
1519421682077,-10.555953,0.49308985,-1.9675722,3,walking
1519421682082,-11.072979,0.5888355,-2.2069361,3,walking
1519421682088,-12.202777,0.6079846,-2.4558747,3,walking
1519421682098,-13.217681,0.26330042,-2.5899186,3,walking
1519421682140,-13.198531,-0.27287498,-2.9824755,3,walking
1519421682147,-12.624058,-0.2441513,-2.867581,3,walking
1519421682154,-11.982562,0.110107444,-2.580344,3,walking
1519421682158,-11.618729,0.2920241,-2.3792782,3,walking
1519421682167,-10.833615,0.54096264,-1.9962958,3,walking
1519421682172,-10.642124,0.7228793,-1.8335283,3,walking
1519421682178,-10.163396,0.8186249,-1.7856555,3,walking
1519421682187,-9.6942425,0.5313881,-1.8431029,3,walking
1519421682231,-8.803808,-0.014361841,-1.9962958,3,walking
1519421682238,-8.947427,-0.22500217,-2.2452345,3,walking
1519421682246,-8.813383,-0.22500217,-2.254809,3,walking
1519421682254,-8.698488,-0.023936402,-2.0920415,3,walking
1519421682262,-8.66019,-0.0718092,-2.513322,3,walking
1519421682268,-8.55487,0.03351096,-2.4654493,3,walking
1519421682273,-8.55487,0.11968201,-2.3984275,3,walking
1519421682277,-8.564445,0.3111732,-2.321831,3,walking
1519421682281,-8.497422,0.50266445,-2.2931073,3,walking
1519421682286,-8.296356,0.5888355,-2.3122563,3,walking
1519421682291,-8.21976,0.6558574,-2.3026817,3,walking
1519421682297,-8.229335,0.78032666,-2.3697038,3,walking
1519421682301,-8.248484,0.6558574,-2.5420458,3,walking
1519421682306,-8.21976,0.47394073,-2.733537,3,walking
1519421682312,-8.133589,-0.05266008,-2.8101335,3,walking
1519421682318,-8.104865,-0.19627848,-2.8292825,3,walking
1519421682323,-8.085716,-0.22500217,-2.8388572,3,walking
1519421682328,-7.922949,-0.4835153,-2.7718353,3,walking
1519421682333,-7.894225,-0.6271337,-2.7622607,3,walking
1519421682338,-7.8272033,-0.8281995,-2.800559,3,walking
1519421682348,-7.741032,-1.2111819,-2.8484318,3,walking
1519421682352,-7.635712,-1.383524,-2.8101335,3,walking
1519421682357,-7.5974135,-1.5271424,-2.8101335,3,walking
1519421682361,-7.5974135,-1.5271424,-2.8101335,3,walking
1519421682367,-7.4537954,-1.7856555,-2.7814097,3,walking
1519421682371,-7.4154973,-1.8239537,-2.7431116,3,walking
1519421682377,-7.4154973,-1.8239537,-2.7431116,3,walking
1519421682382,-7.4154973,-1.8239537,-2.7431116,3,walking
1519421682387,-7.482519,-1.8048047,-2.7909844,3,walking
1519421682392,-7.511243,-1.7856555,-2.7718353,3,walking
1519421682397,-7.5782647,-1.7856555,-2.752686,3,walking
1519421682402,-7.5782647,-1.6899099,-2.7718353,3,walking
1519421682407,-7.5303917,-1.6420372,-2.714388,3,walking
1519421682411,-7.549541,-1.5558661,-2.7239625,3,walking
1519421682416,-7.5399666,-1.5079932,-2.6856642,3,walking
1519421682421,-7.46337,-1.3930986,-2.5899186,3,walking
1519421682426,-7.310177,-1.2973529,-2.4654493,3,walking
1519421682432,-7.310177,-1.2973529,-2.4654493,3,walking
1519421682436,-7.195282,-1.2494801,-2.3697038,3,walking
1519421682444,-7.042089,-1.2303311,-2.254809,3,walking
1519421682449,-6.975067,-1.2111819,-2.1590633,3,walking
1519421682459,-6.8793216,-1.2111819,-1.9867213,3,walking
1519421682464,-6.9080453,-1.2016073,-2.015445,3,walking
1519421682468,-6.8888965,-1.2303311,-1.9867213,3,walking
1519421682478,-6.9176197,-1.4218222,-1.9579976,3,walking
1519421682484,-7.0325146,-1.469695,-1.9388485,3,walking
1519421682488,-7.137835,-1.5079932,-2.0250196,3,walking
1519421682493,-7.2527294,-1.5367169,-2.0728924,3,walking
1519421682498,-7.3867736,-1.5462915,-2.0824668,3,walking
1519421682504,-7.5399666,-1.6037389,-2.1111906,3,walking
1519421682508,-7.6740103,-1.6324625,-2.1303396,3,walking
1519421682514,-7.894225,-1.7473572,-2.1303396,3,walking
1519421682519,-7.9420977,-1.79523,-2.1207652,3,walking
1519421682525,-8.11444,-1.79523,-2.0441687,3,walking
1519421682530,-8.1623125,-1.7186337,-2.0058703,3,walking
1519421682535,-8.210186,-1.6324625,-1.9196993,3,walking
1519421682540,-8.21976,-1.5654407,-1.9196993,3,walking
1519421682545,-8.32508,-1.4026731,-1.9196993,3,walking
1519421682553,-8.4686985,-1.4026731,-1.8814012,3,walking
1519421682558,-8.583593,-1.383524,-1.9579976,3,walking
1519421682569,-8.928278,-1.5367169,-2.101616,3,walking
1519421682579,-9.330409,-1.79523,-2.3697038,3,walking
1519421682584,-9.454879,-1.9101248,-2.3697038,3,walking
1519421682589,-9.608071,-2.0824668,-2.4463003,3,walking
1519421682594,-9.971905,-2.4558747,-2.3122563,3,walking
1519421682599,-10.172971,-2.6569405,-2.2739582,3,walking
1519421682604,-10.374036,-2.8292825,-2.1590633,3,walking
1519421682609,-10.594251,-3.0686467,-2.0441687,3,walking
1519421682615,-10.958084,-3.3750327,-1.9005502,3,walking
1519421682620,-11.082554,-3.4707782,-1.8143792,3,walking
1519421682625,-11.15915,-3.5473747,-1.7186337,3,walking
1519421682630,-11.235746,-3.5473747,-1.6803354,3,walking
1519421682635,-11.235746,-3.4899273,-1.5175679,3,walking
1519421682640,-11.168725,-3.4612036,-1.4026731,3,walking
1519421682645,-11.15915,-3.365458,-1.3452257,3,walking
1519421682651,-11.15915,-3.365458,-1.3452257,3,walking
1519421682655,-10.94851,-2.972901,-1.2303311,3,walking
1519421682661,-10.92936,-2.8101335,-1.1537346,3,walking
1519421682666,-11.312344,-2.2356598,-1.2016073,3,walking
1519421682671,-11.944264,-1.8143792,-1.4984187,3,walking
1519421682682,-15.228338,-0.40691882,-3.1548176,3,walking
1519421682687,-16.147495,-0.22500217,-3.690993,3,walking
1519421682694,-16.712395,-0.2441513,-3.8920588,3,walking
1519421682734,-9.809137,-2.88673,-1.1633091,3,walking
1519421682742,-7.02294,-3.3750327,-0.46436617,3,walking
1519421682754,-5.8165455,-3.0494976,-0.28244954,3,walking
1519421682759,-5.2899446,-2.6856642,-0.42606795,3,walking
1519421682764,-5.7495236,-2.4175766,-0.7994758,3,walking
1519421682769,-6.544212,-2.0920415,-1.1058618,3,walking
1519421682774,-7.616563,-1.9196993,-1.3548003,3,walking
1519421682778,-9.904882,-1.929274,-1.9101248,3,walking
1519421682805,-15.142167,-3.2601378,-1.9675722,3,walking
1519421682814,-15.247487,-3.499502,-2.168638,3,walking
1519421682840,-12.710229,-2.3888528,-2.360129,3,walking
1519421682848,-11.168725,-1.3452257,-2.4175766,3,walking
1519421682855,-10.594251,-1.0101161,-2.360129,3,walking
1519421682876,-7.9420977,-0.19627848,-1.9196993,3,walking
1519421682884,-7.4537954,-0.20585304,-1.7377827,3,walking
1519421682892,-7.2335806,-0.30159867,-1.6324625,3,walking
1519421682897,-6.9559183,-0.5505372,-1.6420372,3,walking
1519421682908,-6.7357035,-0.9526688,-1.6037389,3,walking
1519421682913,-6.6495323,-1.1250108,-1.6994845,3,walking
1519421682918,-6.630383,-1.2686293,-1.7377827,3,walking
1519421682924,-6.630383,-1.6324625,-1.776081,3,walking
1519421682929,-6.639958,-1.7856555,-1.776081,3,walking
1519421682938,-6.7261286,-2.187787,-1.6133134,3,walking
1519421682944,-6.8027253,-2.2260852,-1.6324625,3,walking
1519421682948,-6.831449,-2.2452345,-1.6037389,3,walking
1519421682958,-6.936769,-2.149489,-1.5941644,3,walking
1519421682963,-6.9654927,-2.1782124,-1.6133134,3,walking
1519421682967,-6.984642,-2.149489,-1.6420372,3,walking
1519421682978,-7.0803876,-2.168638,-1.8143792,3,walking
1519421682983,-7.12826,-2.101616,-1.8909757,3,walking
1519421682988,-7.156984,-2.0633178,-1.9771467,3,walking
1519421682998,-7.195282,-2.0441687,-2.2356598,3,walking
1519421683008,-7.3006024,-2.034594,-2.3505547,3,walking
1519421683014,-7.4059224,-2.0633178,-2.3792782,3,walking
1519421683018,-7.511243,-2.0824668,-2.427151,3,walking
1519421683027,-7.56869,-2.0728924,-2.408002,3,walking
1519421683034,-7.702734,-2.0058703,-2.254809,3,walking
1519421683038,-7.7984796,-1.9196993,-2.2069361,3,walking
1519421683048,-7.9708214,-1.6803354,-1.948423,3,walking
1519421683053,-8.018694,-1.5654407,-1.8718265,3,walking
1519421683057,-8.085716,-1.4505459,-1.7856555,3,walking
1519421683068,-8.152739,-1.0675635,-1.4505459,3,walking
1519421683073,-8.152739,-0.93351966,-1.3643749,3,walking
1519421683078,-8.124015,-0.78032666,-1.2686293,3,walking
1519421683084,-8.066567,-0.5792609,-1.0579889,3,walking
1519421683088,-7.9708214,-0.5313881,-0.9622433,3,walking
1519421683098,-7.7314577,-0.5505372,-0.8664977,3,walking
1519421683104,-7.5591154,-0.63670826,-0.8281995,3,walking
1519421683109,-7.482519,-0.76117754,-0.78990126,3,walking
1519421683114,-7.281453,-0.8090504,-0.83777404,3,walking
1519421683119,-7.176133,-0.8281995,-0.8281995,3,walking
1519421683124,-7.0325146,-0.8473486,-0.78990126,3,walking
1519421683129,-6.9559183,-0.8760723,-0.751603,3,walking
1519421683134,-6.821874,-0.90479594,-0.76117754,3,walking
1519421683139,-6.898471,-0.92394507,-0.83777404,3,walking
1519421683143,-6.9176197,-0.92394507,-0.7994758,3,walking
1519421683148,-6.984642,-0.98139244,-0.93351966,3,walking
1519421683157,-7.329326,-1.1058618,-1.1154363,3,walking
1519421683163,-7.4442205,-1.0579889,-1.14416,3,walking
1519421683167,-7.5974135,-1.0101161,-1.3069274,3,walking
1519421683173,-7.9037995,-1.0196906,-1.3643749,3,walking
1519421683179,-8.124015,-1.0579889,-1.5079932,3,walking
1519421683184,-8.277207,-1.1058618,-1.5654407,3,walking
1519421683189,-8.439975,-1.2111819,-1.6516117,3,walking
1519421683194,-8.870831,-1.4122477,-1.7282082,3,walking
1519421683199,-9.0814705,-1.5079932,-1.7856555,3,walking
1519421683204,-9.579348,-1.776081,-1.9579976,3,walking
1519421683209,-9.847435,-1.8718265,-1.9962958,3,walking
1519421683214,-10.144247,-1.9867213,-2.0633178,3,walking
1519421683221,-10.632549,-2.168638,-2.1399143,3,walking
1519421683227,-11.130426,-2.2356598,-2.1973617,3,walking
1519421683232,-11.417664,-2.2739582,-2.2931073,3,walking
1519421683238,-11.72405,-2.321831,-2.3792782,3,walking
1519421683248,-12.700654,-2.475024,-2.513322,3,walking
1519421683253,-12.997466,-2.5707695,-2.5037475,3,walking
1519421683257,-13.23683,-2.6090677,-2.4654493,3,walking
1519421683263,-13.629387,-2.6186423,-2.2931073,3,walking
1519421683268,-13.696408,-2.5994933,-2.1782124,3,walking
1519421683277,-13.696408,-2.3888528,-1.9962958,3,walking
1519421683283,-13.524067,-1.9962958,-1.7282082,3,walking
1519421683288,-13.380448,-1.8431029,-1.6037389,3,walking
1519421683297,-12.882571,-1.2973529,-1.4026731,3,walking
1519421683303,-12.69108,-1.0771381,-1.3165021,3,walking
1519421683308,-12.432567,-0.91437054,-1.2016073,3,walking
1519421683313,-11.867668,-0.61755913,-1.1154363,3,walking
1519421683318,-11.647452,-0.47394073,-1.1058618,3,walking
1519421683323,-11.484685,-0.37819514,-1.1633091,3,walking
1519421683328,-11.360216,-0.19627848,-1.14416,3,walking
1519421683333,-11.7049,0.20585304,-1.7856555,3,walking
1519421683339,-12.327247,0.40691882,-2.168638,3,walking
1519421683344,-13.782579,0.043085523,-2.8484318,3,walking
1519421683351,-14.43365,-0.92394507,-2.4463003,3,walking
1519421683357,-14.414501,-1.5079932,-2.2643836,3,walking
1519421683362,-14.184711,-2.0633178,-2.0537431,3,walking
1519421683368,-13.638962,-2.8101335,-1.7856555,3,walking
1519421683373,-13.418746,-2.9633265,-1.8143792,3,walking
1519421683378,-13.121935,-3.0686467,-1.79523,3,walking
1519421683387,-12.087883,-3.0973704,-1.8814012,3,walking
1519421683393,-11.877242,-3.020774,-2.0250196,3,walking
1519421683398,-11.695326,-2.8963046,-2.1782124,3,walking
1519421683403,-11.312344,-2.5420458,-2.475024,3,walking
1519421683407,-11.178299,-2.321831,-2.6569405,3,walking
1519421683416,-10.92936,-1.7186337,-2.7431116,3,walking
1519421683428,-10.670848,-0.91437054,-2.8771553,3,walking
1519421683433,-10.527229,-0.78990126,-2.8963046,3,walking
1519421683437,-10.421909,-0.751603,-2.9346027,3,walking
1519421683443,-10.393186,-0.7324539,-2.88673,3,walking
1519421683448,-10.421909,-0.69415563,-2.9537518,3,walking
1519421683452,-10.536804,-0.6271337,-3.0877957,3,walking
1519421683457,-10.622974,-0.56011176,-3.173967,3,walking
1519421683463,-10.680422,-0.45479164,-3.193116,3,walking
1519421683467,-10.642124,-0.42606795,-3.212265,3,walking
1519421683477,-10.450633,-0.54096264,-3.1548176,3,walking
1519421683483,-10.220843,-0.7324539,-3.0686467,3,walking
1519421683487,-10.038927,-0.8090504,-2.9633265,3,walking
1519421683497,-9.636795,-1.0196906,-2.819708,3,walking
1519421683502,-9.54105,-1.1633091,-2.7814097,3,walking
1519421683507,-9.445304,-1.2877784,-2.7718353,3,walking
1519421683513,-9.435729,-1.5941644,-2.819708,3,walking
1519421683518,-9.464453,-1.7377827,-2.819708,3,walking
1519421683527,-9.435729,-2.0824668,-3.039923,3,walking
1519421683533,-9.253813,-2.1590633,-2.8484318,3,walking
1519421683537,-9.18679,-2.1207652,-2.6952388,3,walking
1519421683542,-9.20594,-2.101616,-2.5037475,3,walking
1519421683547,-9.234664,-1.9867213,-2.254809,3,walking
1519421683553,-9.349558,-1.9962958,-2.360129,3,walking
1519421683558,-9.349558,-2.0824668,-2.513322,3,walking
1519421683567,-9.339984,-2.0537431,-2.6186423,3,walking
1519421683572,-9.234664,-1.9005502,-2.5707695,3,walking
1519421683577,-9.129343,-1.7282082,-2.4558747,3,walking
1519421683582,-9.091045,-1.5271424,-2.3888528,3,walking
1519421683587,-9.110194,-1.4984187,-2.408002,3,walking
1519421683592,-9.100619,-1.5367169,-2.427151,3,walking
1519421683596,-9.043172,-1.6707608,-2.408002,3,walking
1519421683603,-8.679339,-1.6324625,-2.2260852,3,walking
1519421683608,-8.4686985,-1.5750152,-2.0728924,3,walking
1519421683612,-8.2676325,-1.5462915,-2.0728924,3,walking
1519421683617,-8.181462,-1.5079932,-1.9962958,3,walking
1519421683623,-8.047418,-1.4218222,-2.0058703,3,walking
1519421683628,-7.9899707,-1.3356512,-1.9579976,3,walking
1519421683633,-7.9037995,-1.2877784,-1.8814012,3,walking
1519421683638,-7.769756,-1.1250108,-1.7665064,3,walking
1519421683643,-7.664436,-1.0579889,-1.7282082,3,walking
1519421683648,-7.5782647,-1.0388398,-1.709059,3,walking
1519421683652,-7.4729443,-0.98139244,-1.7473572,3,walking
1519421683657,-7.5208173,-0.98139244,-1.8431029,3,walking
1519421683662,-7.587839,-1.0005416,-1.929274,3,walking
1519421683668,-7.6452866,-1.0292653,-1.9388485,3,walking
1519421683673,-7.6740103,-1.0196906,-1.9771467,3,walking
1519421683678,-7.808054,-1.0484143,-2.0250196,3,walking
1519421683683,-7.9037995,-1.1345854,-1.9771467,3,walking
1519421683688,-7.9037995,-1.1345854,-1.9771467,3,walking
1519421683694,-8.124015,-1.2877784,-2.0824668,3,walking
1519421683699,-8.229335,-1.3452257,-2.0441687,3,walking
1519421683704,-8.334655,-1.4218222,-2.0633178,3,walking
1519421683709,-8.478273,-1.6133134,-2.0441687,3,walking
1519421683715,-8.5740185,-1.7665064,-2.0250196,3,walking
1519421683722,-8.602742,-1.8431029,-2.0250196,3,walking
1519421683727,-8.602742,-1.8909757,-2.0441687,3,walking
1519421683733,-8.612317,-1.8814012,-2.0250196,3,walking
1519421683738,-8.612317,-1.8526775,-2.0633178,3,walking
1519421683743,-8.55487,-1.8909757,-2.0633178,3,walking
1519421683748,-8.55487,-1.9196993,-2.1207652,3,walking
1519421683753,-8.44955,-1.929274,-2.1207652,3,walking
1519421683758,-8.411251,-1.948423,-2.1207652,3,walking
1519421683763,-8.2676325,-1.9579976,-2.1207652,3,walking
1519421683768,-8.124015,-2.0058703,-2.101616,3,walking
1519421683774,-7.9899707,-1.9771467,-2.101616,3,walking
1519421683779,-7.9899707,-1.9771467,-2.101616,3,walking
1519421683784,-7.855927,-1.9771467,-2.0537431,3,walking
1519421683789,-7.7984796,-2.0250196,-2.0633178,3,walking
1519421683794,-7.741032,-2.0441687,-2.0441687,3,walking
1519421683799,-7.587839,-2.101616,-2.0728924,3,walking
1519421683805,-7.5303917,-2.1111906,-2.1303396,3,walking
1519421683811,-7.501668,-2.1207652,-2.1303396,3,walking
1519421683817,-7.482519,-2.149489,-2.2260852,3,walking
1519421683822,-7.4729443,-2.1111906,-2.2931073,3,walking
1519421683828,-7.5303917,-2.1303396,-2.34098,3,walking
1519421683833,-7.6261373,-2.149489,-2.4367256,3,walking
1519421683838,-7.664436,-2.1590633,-2.427151,3,walking
1519421683845,-7.721883,-2.1590633,-2.4845984,3,walking
1519421683852,-7.9325233,-2.149489,-2.5707695,3,walking
1519421683857,-7.9708214,-2.149489,-2.5707695,3,walking
1519421683862,-8.095291,-2.1303396,-2.513322,3,walking
1519421683867,-8.124015,-2.1590633,-2.513322,3,walking
1519421683872,-8.248484,-2.168638,-2.4463003,3,walking
1519421683878,-8.296356,-2.149489,-2.321831,3,walking
1519421683882,-8.353804,-2.1782124,-2.2835326,3,walking
1519421683888,-8.382527,-2.0920415,-2.187787,3,walking
1519421683893,-8.535721,-1.9867213,-2.1303396,3,walking
1519421683898,-8.602742,-1.929274,-2.101616,3,walking
1519421683903,-8.717637,-1.8048047,-2.0250196,3,walking
1519421683908,-8.822957,-1.7473572,-2.0824668,3,walking
1519421683913,-8.947427,-1.6420372,-2.1207652,3,walking
1519421683918,-9.062322,-1.5462915,-2.1782124,3,walking
1519421683923,-9.359133,-1.4218222,-2.408002,3,walking
1519421683928,-9.5219,-1.3356512,-2.5228968,3,walking
1519421683933,-9.952756,-1.2016073,-2.7239625,3,walking
1519421683939,-10.153821,-1.14416,-2.88673,3,walking
1519421683944,-10.307014,-1.1537346,-2.9537518,3,walking
1519421683949,-10.431483,-1.1250108,-2.9824755,3,walking
1519421683954,-10.594251,-1.1058618,-2.9920502,3,walking
1519421683959,-10.833615,-1.0579889,-3.0111992,3,walking
1519421683964,-10.871913,-1.0675635,-2.9441774,3,walking
1519421683971,-10.852764,-1.0962871,-2.7239625,3,walking
1519421683977,-10.785743,-1.14416,-2.5228968,3,walking
1519421683982,-10.546378,-1.14416,-2.1111906,3,walking
1519421683988,-10.421909,-1.14416,-1.9196993,3,walking
1519421683993,-10.058076,-1.2399056,-1.5271424,3,walking
1519421683998,-9.952756,-1.2686293,-1.4218222,3,walking
1519421684003,-9.837861,-1.3452257,-1.2590547,3,walking
1519421684008,-9.809137,-1.3260766,-1.2207564,3,walking
1519421684013,-9.971905,-1.3260766,-1.2686293,3,walking
1519421684018,-10.259142,-1.2494801,-1.469695,3,walking
1519421684023,-11.178299,-1.1058618,-1.948423,3,walking
1519421684028,-11.771922,-1.0675635,-2.2260852,3,walking
1519421684034,-12.260224,-1.0675635,-2.427151,3,walking
1519421684041,-12.882571,-1.383524,-2.7431116,3,walking
1519421684046,-13.02619,-1.6037389,-2.800559,3,walking
1519421684052,-13.102786,-2.1399143,-2.7909844,3,walking
1519421684058,-12.9591675,-2.4175766,-2.7622607,3,walking
1519421684063,-12.777251,-2.666515,-2.6856642,3,walking
1519421684093,-8.420826,-3.212265,-1.0771381,3,walking
1519421684102,-7.702734,-2.9250283,-0.9526688,3,walking
1519421684122,-8.6697645,-1.4409714,-0.85692316,3,walking
1519421684128,-9.407005,-1.1728836,-0.8952214,3,walking
1519421684132,-10.29744,-0.91437054,-1.0388398,3,walking
1519421684165,-14.251733,0.23457673,-2.2643836,3,walking
1519421684173,-13.935773,0.44521707,-2.5420458,3,walking
1519421684181,-13.514492,0.5792609,-2.8484318,3,walking
1519421684189,-13.045339,0.5888355,-3.173967,3,walking
1519421684195,-12.729378,0.56968635,-3.2218397,3,walking
1519421684201,-11.9346895,0.32074776,-3.078221,3,walking
1519421684206,-11.49426,0.10053288,-2.9633265,3,walking
1519421684213,-10.852764,-0.46436617,-2.8292825,3,walking
1519421684217,-10.6134,-0.5792609,-2.7048132,3,walking
1519421684221,-10.220843,-0.77075213,-2.3792782,3,walking
1519421684226,-9.828286,-1.0484143,-2.1399143,3,walking
1519421684232,-9.339984,-1.5750152,-1.8048047,3,walking
1519421684237,-9.244238,-1.7473572,-1.5845897,3,walking
1519421684264,-8.056993,-2.5037475,-1.0962871,3,walking
1519421684271,-7.7123084,-2.3697038,-1.0867126,3,walking
1519421684279,-7.5208173,-2.0250196,-1.0962871,3,walking
1519421684285,-7.2718787,-1.6516117,-1.1633091,3,walking
1519421684291,-7.195282,-1.4792696,-1.14416,3,walking
1519421684296,-7.0803876,-1.2877784,-1.1250108,3,walking
1519421684302,-6.783576,-1.0292653,-1.1058618,3,walking
1519421684307,-6.7357035,-1.0005416,-1.1633091,3,walking
1519421684316,-6.6591067,-1.0771381,-1.3165021,3,walking
1519421684321,-6.6495323,-1.3069274,-1.4409714,3,walking
1519421684326,-6.6495323,-1.4313968,-1.5654407,3,walking
1519421684336,-6.697405,-1.7377827,-1.6803354,3,walking
1519421684342,-6.783576,-1.929274,-1.7473572,3,walking
1519421684347,-6.8122997,-1.9867213,-1.8239537,3,walking
1519421684353,-6.984642,-2.0824668,-1.8718265,3,walking
1519421684358,-7.0612383,-2.1782124,-1.8909757,3,walking
1519421684362,-7.1474094,-2.1973617,-1.862252,3,walking
1519421684368,-7.2527294,-2.3122563,-1.9005502,3,walking
1519421684373,-7.2910275,-2.321831,-1.8335283,3,walking
1519421684378,-7.3771987,-2.3314054,-1.7856555,3,walking
1519421684384,-7.46337,-2.3314054,-1.6516117,3,walking
1519421684389,-7.4920936,-2.2739582,-1.5079932,3,walking
1519421684394,-7.511243,-2.149489,-1.2399056,3,walking
1519421684400,-7.5208173,-2.0824668,-1.1728836,3,walking
1519421684406,-7.511243,-2.0058703,-1.0675635,3,walking
1519421684411,-7.5399666,-1.8814012,-1.0101161,3,walking
1519421684416,-7.56869,-1.8048047,-1.0101161,3,walking
1519421684425,-7.6835847,-1.8143792,-0.9430942,3,walking
1519421684431,-7.702734,-1.7473572,-0.9430942,3,walking
1519421684436,-7.721883,-1.7282082,-0.8952214,3,walking
1519421684441,-7.741032,-1.6516117,-0.8760723,3,walking
1519421684446,-7.769756,-1.5654407,-0.92394507,3,walking
1519421684451,-7.788905,-1.5175679,-0.91437054,3,walking
1519421684456,-7.8367777,-1.4601204,-0.91437054,3,walking
1519421684461,-8.018694,-1.4218222,-0.8760723,3,walking
1519421684466,-8.037844,-1.4601204,-0.91437054,3,walking
1519421684470,-8.076141,-1.4792696,-0.90479594,3,walking
1519421684475,-8.1623125,-1.5271424,-0.8856468,3,walking
1519421684481,-8.181462,-1.6707608,-0.92394507,3,walking
1519421684486,-8.200611,-1.7377827,-0.9526688,3,walking
1519421684490,-8.191036,-1.8335283,-0.8760723,3,walking
1519421684495,-8.200611,-1.9101248,-0.8952214,3,walking
1519421684501,-8.2676325,-1.9005502,-0.90479594,3,walking
1519421684506,-8.286782,-1.8431029,-0.90479594,3,walking
1519421684515,-8.305931,-1.7473572,-0.98139244,3,walking
1519421684521,-8.363379,-1.6899099,-1.1058618,3,walking
1519421684526,-8.382527,-1.6324625,-1.2111819,3,walking
1519421684535,-8.516571,-1.6516117,-1.3356512,3,walking
1519421684541,-8.583593,-1.6420372,-1.4313968,3,walking
1519421684545,-8.679339,-1.6420372,-1.5175679,3,walking
1519421684551,-8.832532,-1.6611862,-1.5367169,3,walking
1519421684556,-8.909128,-1.6994845,-1.5750152,3,walking
1519421684561,-8.947427,-1.7377827,-1.6037389,3,walking
1519421684566,-9.062322,-1.7665064,-1.6133134,3,walking
1519421684571,-9.29211,-1.8143792,-1.7186337,3,walking
1519421684576,-9.474028,-1.8143792,-1.7569319,3,walking
1519421684581,-9.6942425,-1.8143792,-1.7377827,3,walking
1519421684586,-9.876159,-1.7856555,-1.8143792,3,walking
1519421684591,-10.326163,-1.8143792,-1.8526775,3,walking
1519421684596,-10.555953,-1.8718265,-1.8718265,3,walking
1519421684601,-10.833615,-1.9675722,-1.862252,3,walking
1519421684605,-11.111278,-2.0920415,-1.8239537,3,walking
1519421684611,-11.551707,-2.360129,-1.7282082,3,walking
1519421684617,-11.781497,-2.4654493,-1.6611862,3,walking
1519421684621,-12.097457,-2.6377914,-1.4792696,3,walking
1519421684627,-12.221927,-2.733537,-1.4122477,3,walking
1519421684632,-12.3463955,-2.7239625,-1.3739494,3,walking
1519421684637,-12.403843,-2.7718353,-1.3260766,3,walking
1519421684642,-12.403843,-2.6952388,-1.3260766,3,walking
1519421684647,-12.317672,-2.666515,-1.3548003,3,walking
1519421684652,-12.308098,-2.5420458,-1.3930986,3,walking
1519421684657,-12.193203,-2.4367256,-1.4888442,3,walking
1519421684661,-12.059159,-2.101616,-1.5750152,3,walking
1519421684665,-12.030436,-1.8814012,-1.6611862,3,walking
1519421684670,-11.944264,-1.6324625,-1.7186337,3,walking
1519421684675,-11.800646,-1.469695,-1.6803354,3,walking
1519421684681,-11.570856,-1.0196906,-1.7473572,3,walking
1519421684686,-11.475111,-0.8664977,-1.7569319,3,walking
1519421684695,-11.637878,-0.512239,-1.9867213,3,walking
1519421684701,-12.394268,-0.39734426,-2.3984275,3,walking
1519421684706,-12.997466,-0.4164934,-2.5899186,3,walking
1519421684713,-14.136839,-0.8856468,-2.7048132,3,walking
1519421684718,-14.462374,-1.3069274,-2.5037475,3,walking
1519421684723,-14.586843,-1.7186337,-2.2739582,3,walking
1519421684765,-10.958084,-3.020774,-1.4888442,3,walking
1519421684773,-10.230418,-2.3984275,-1.948423,3,walking
1519421684781,-10.077225,-2.1207652,-2.034594,3,walking
1519421684789,-9.866585,-1.3643749,-2.101616,3,walking
1519421684795,-9.847435,-1.0962871,-2.0824668,3,walking
1519421684801,-9.713391,-0.7420284,-2.1111906,3,walking
1519421684806,-9.684668,-0.59841,-2.1303396,3,walking
1519421684810,-9.675094,-0.44521707,-2.1111906,3,walking
1519421684815,-9.713391,-0.359046,-2.0824668,3,walking
1519421684820,-9.809137,-0.17712937,-2.0728924,3,walking
1519421684825,-9.885734,-0.13883112,-2.1399143,3,walking
1519421684830,-9.991054,-0.11968201,-2.1303396,3,walking
1519421684835,-10.06765,-0.10053288,-2.2069361,3,walking
1519421684841,-10.345312,-0.18670394,-2.3984275,3,walking
1519421684846,-10.498506,-0.23457673,-2.580344,3,walking
1519421684851,-10.766593,-0.34947145,-2.8292825,3,walking
1519421684857,-10.766593,-0.34947145,-2.8292825,3,walking
1519421684861,-10.92936,-0.54096264,-2.972901,3,walking
1519421684867,-10.919786,-0.6558574,-3.0303483,3,walking
1519421684872,-10.852764,-0.92394507,-3.1165195,3,walking
1519421684877,-10.795317,-1.14416,-3.1356685,3,walking
1519421684883,-10.670848,-1.4792696,-3.126094,3,walking
1519421684887,-10.555953,-1.6420372,-3.126094,3,walking
1519421684893,-10.412334,-1.8239537,-3.0303483,3,walking
1519421684897,-10.239992,-1.9388485,-3.0111992,3,walking
1519421684903,-9.828286,-1.9867213,-2.8484318,3,walking
1519421684908,-9.722966,-1.9771467,-2.7814097,3,walking
1519421684913,-9.62722,-1.9579976,-2.8388572,3,walking
1519421684918,-9.349558,-1.8335283,-2.6952388,3,walking
1519421684923,-9.20594,-1.6611862,-2.6952388,3,walking
1519421684928,-9.062322,-1.383524,-2.5420458,3,walking
1519421684933,-8.909128,-1.0867126,-2.6186423,3,walking
1519421684938,-8.909128,-1.0867126,-2.6186423,3,walking
1519421684944,-8.794233,-0.8186249,-2.6569405,3,walking
1519421684954,-8.430401,-0.665432,-2.7048132,3,walking
1519421684960,-8.32508,-0.665432,-2.819708,3,walking
1519421684965,-8.248484,-0.6750065,-2.8580062,3,walking
1519421684970,-8.047418,-0.7228793,-2.8580062,3,walking
1519421684976,-7.999545,-0.77075213,-2.7909844,3,walking
1519421684981,-7.8846507,-0.91437054,-2.8292825,3,walking
1519421684986,-7.855927,-0.8952214,-2.7814097,3,walking
1519421684991,-7.7984796,-0.8281995,-2.6952388,3,walking
1519421684996,-7.664436,-0.8090504,-2.6090677,3,walking
1519421685001,-7.511243,-0.5313881,-2.3984275,3,walking
1519421685006,-7.4059224,-0.45479164,-2.2931073,3,walking
1519421685011,-7.243155,-0.34947145,-2.0824668,3,walking
1519421685016,-7.243155,-0.34947145,-2.0824668,3,walking
1519421685022,-7.2527294,-0.359046,-2.015445,3,walking
1519421685027,-7.2240057,-0.4356425,-1.9771467,3,walking
1519421685032,-7.1186857,-0.6271337,-2.0537431,3,walking
1519421685037,-7.0803876,-0.7420284,-2.015445,3,walking
1519421685042,-7.156984,-0.8090504,-2.0537431,3,walking
1519421685047,-7.2718787,-0.8856468,-2.1207652,3,walking
1519421685053,-7.35805,-1.0962871,-2.2069361,3,walking
1519421685063,-7.4920936,-1.2207564,-2.2739582,3,walking
1519421685068,-7.6069884,-1.2590547,-2.2643836,3,walking
1519421685073,-7.6835847,-1.2973529,-2.2835326,3,walking
1519421685078,-7.7793303,-1.4026731,-2.2931073,3,walking
1519421685083,-7.9899707,-1.6133134,-2.4367256,3,walking
1519421685088,-8.085716,-1.7282082,-2.4654493,3,walking
1519421685094,-8.095291,-1.8431029,-2.3888528,3,walking
1519421685100,-8.143164,-1.8814012,-2.3792782,3,walking
1519421685105,-8.181462,-1.9579976,-2.360129,3,walking
1519421685110,-8.210186,-2.034594,-2.3026817,3,walking
1519421685115,-8.21976,-2.0441687,-2.2643836,3,walking
1519421685121,-8.181462,-1.8335283,-2.1303396,3,walking
1519421685126,-8.181462,-1.8335283,-2.1303396,3,walking
1519421685131,-8.095291,-1.6420372,-2.187787,3,walking
1519421685136,-8.047418,-1.5462915,-2.1590633,3,walking
1519421685141,-7.922949,-1.4601204,-2.1782124,3,walking
1519421685146,-7.922949,-1.4601204,-2.1782124,3,walking
1519421685152,-7.808054,-1.3930986,-2.2835326,3,walking
1519421685157,-7.769756,-1.3260766,-2.3505547,3,walking
1519421685162,-7.741032,-1.3356512,-2.2931073,3,walking
1519421685167,-7.7314577,-1.3452257,-2.321831,3,walking
1519421685172,-7.654861,-1.3165021,-2.3314054,3,walking
1519421685177,-7.6452866,-1.4026731,-2.3314054,3,walking
1519421685182,-7.6069884,-1.4313968,-2.360129,3,walking
1519421685187,-7.5782647,-1.4984187,-2.321831,3,walking
1519421685193,-7.5303917,-1.6037389,-2.3792782,3,walking
1519421685197,-7.5303917,-1.6420372,-2.3984275,3,walking
1519421685203,-7.5399666,-1.7473572,-2.4175766,3,walking
1519421685208,-7.56869,-1.7569319,-2.408002,3,walking
1519421685213,-7.6069884,-1.8143792,-2.4654493,3,walking
1519421685220,-7.788905,-1.7856555,-2.4845984,3,walking
1519421685225,-7.8846507,-1.776081,-2.4654493,3,walking
1519421685230,-8.076141,-1.6707608,-2.5324712,3,walking
1519421685235,-8.076141,-1.6707608,-2.5324712,3,walking
1519421685240,-8.353804,-1.5750152,-2.6377914,3,walking
1519421685246,-8.535721,-1.5462915,-2.6090677,3,walking
1519421685251,-8.851681,-1.5845897,-2.714388,3,walking
1519421685256,-9.014449,-1.5845897,-2.8101335,3,walking
1519421685261,-9.158067,-1.5845897,-2.8101335,3,walking
1519421685266,-9.378282,-1.5654407,-2.9154537,3,walking
1519421685271,-9.703817,-1.5462915,-3.0494976,3,walking
1519421685276,-9.8953085,-1.5462915,-3.0973704,3,walking
1519421685281,-10.211268,-1.6037389,-3.1835413,3,walking
1519421685286,-10.383611,-1.6516117,-3.193116,3,walking
1519421685292,-10.5080805,-1.6899099,-3.193116,3,walking
1519421685297,-10.622974,-1.7282082,-3.1165195,3,walking
1519421685302,-10.785743,-1.79523,-2.9824755,3,walking
1519421685307,-10.82404,-1.7282082,-2.972901,3,walking
1519421685313,-10.766593,-1.6899099,-2.819708,3,walking
1519421685317,-10.670848,-1.6516117,-2.7622607,3,walking
1519421685323,-10.632549,-1.5845897,-2.6569405,3,walking
1519421685333,-10.479357,-1.5175679,-2.321831,3,walking
1519421685337,-10.536804,-1.4888442,-2.2356598,3,walking
1519421685341,-10.5080805,-1.469695,-2.1590633,3,walking
1519421685345,-10.460207,-1.4313968,-2.0824668,3,walking
1519421685350,-10.421909,-1.3930986,-2.0058703,3,walking
1519421685354,-10.345312,-1.3548003,-1.8909757,3,walking
1519421685360,-10.239992,-1.3260766,-1.6611862,3,walking
1519421685364,-10.278291,-1.2782038,-1.5558661,3,walking
1519421685369,-10.287866,-1.2590547,-1.469695,3,walking
1519421685375,-10.412334,-1.2303311,-1.3643749,3,walking
1519421685380,-10.651698,-1.1345854,-1.3930986,3,walking
1519421685384,-11.7049,-0.71330476,-1.6803354,3,walking
1519421685396,-13.227255,-0.359046,-2.2165108,3,walking
1519421685400,-14.558119,-0.50266445,-2.7909844,3,walking
1519421685405,-14.854931,-0.71330476,-2.9920502,3,walking
1519421685410,-14.87408,-0.92394507,-2.9824755,3,walking
1519421685414,-14.66344,-1.2207564,-2.9154537,3,walking
1519421685419,-13.945347,-1.5941644,-2.7718353,3,walking
1519421685424,-13.600663,-1.7282082,-2.7431116,3,walking
1519421685430,-12.69108,-1.8526775,-2.4558747,3,walking
1519421685435,-12.164479,-1.8909757,-2.2643836,3,walking
1519421685440,-11.513409,-1.9196993,-2.034594,3,walking
1519421685445,-10.82404,-1.9579976,-1.8431029,3,walking
1519421685449,-10.096374,-1.9867213,-1.6133134,3,walking
1519421685454,-8.813383,-1.862252,-1.2016073,3,walking
1519421685459,-8.143164,-1.6707608,-0.8856468,3,walking
1519421685464,-7.511243,-1.5175679,-0.63670826,3,walking
1519421685470,-6.592085,-1.2207564,-0.39734426,3,walking
1519421685475,-6.5346375,-1.0005416,-0.37819514,3,walking
1519421685484,-7.2718787,-0.50266445,-0.46436617,3,walking
1519421685490,-8.813383,-0.2154276,-0.6558574,3,walking
1519421685495,-9.684668,-0.110107444,-0.76117754,3,walking
1519421685500,-10.488931,-0.09095833,-0.8760723,3,walking
1519421685504,-12.020861,-0.28244954,-1.0101161,3,walking
1519421685509,-12.6527815,-0.47394073,-1.0579889,3,walking
1519421685514,-13.150659,-0.6750065,-1.0771381,3,walking
1519421685520,-13.782579,-1.2590547,-1.383524,3,walking
1519421685524,-13.916624,-1.4792696,-1.469695,3,walking
1519421685529,-13.8879,-1.6516117,-1.6324625,3,walking
1519421685534,-13.753856,-1.7569319,-1.7665064,3,walking
1519421685539,-13.485768,-1.7856555,-1.8239537,3,walking
1519421685544,-12.834699,-1.6707608,-2.2165108,3,walking
1519421685548,-12.451715,-1.5845897,-2.3697038,3,walking
1519421685554,-12.087883,-1.4218222,-2.5228968,3,walking
1519421685560,-11.379365,-1.1154363,-2.752686,3,walking
1519421685564,-10.996383,-0.99096704,-2.7909844,3,walking
1519421685573,-10.220843,-0.8664977,-2.7048132,3,walking
1519421685580,-9.474028,-0.8281995,-2.5707695,3,walking
1519421685585,-9.196365,-0.8473486,-2.5516202,3,walking
1519421685590,-8.708063,-0.91437054,-2.2356598,3,walking
1519421685594,-8.497422,-0.9430942,-2.0633178,3,walking
1519421685599,-8.2676325,-0.98139244,-1.9005502,3,walking
1519421685604,-8.095291,-1.0388398,-1.8143792,3,walking
1519421685610,-7.9325233,-1.0867126,-1.6037389,3,walking
1519421685614,-7.616563,-1.2303311,-1.4792696,3,walking
1519421685619,-7.4442205,-1.2399056,-1.3548003,3,walking
1519421685624,-7.3389006,-1.3452257,-1.2877784,3,walking
1519421685629,-7.2144313,-1.3739494,-1.1824582,3,walking
1519421685634,-7.0803876,-1.4792696,-1.1920328,3,walking
1519421685639,-7.042089,-1.4505459,-1.1633091,3,walking
1519421685644,-6.9559183,-1.4026731,-1.0292653,3,walking
1519421685649,-6.8410234,-1.3260766,-0.99096704,3,walking
1519421685655,-6.7548523,-1.2590547,-0.9430942,3,walking
1519421685659,-6.7357035,-1.2303311,-0.9718179,3,walking
1519421685664,-6.6878304,-1.1824582,-0.9622433,3,walking
1519421685669,-6.6208086,-1.1824582,-1.0101161,3,walking
1519421685674,-6.563361,-1.2303311,-1.0196906,3,walking
1519421685679,-6.486765,-1.3452257,-1.1154363,3,walking
1519421685684,-6.515488,-1.4218222,-1.2399056,3,walking
1519421685689,-6.5537868,-1.4218222,-1.3260766,3,walking
1519421685695,-6.592085,-1.4409714,-1.4026731,3,walking
1519421685699,-6.716554,-1.4505459,-1.6037389,3,walking
1519421685704,-6.7548523,-1.5079932,-1.7186337,3,walking
1519421685709,-6.8027253,-1.5462915,-1.8143792,3,walking
1519421685714,-6.8793216,-1.5558661,-1.9005502,3,walking
1519421685719,-6.975067,-1.6516117,-1.9771467,3,walking
1519421685724,-7.1857076,-1.8143792,-2.0728924,3,walking
1519421685734,-7.434646,-1.9388485,-2.187787,3,walking
1519421685739,-7.664436,-1.9867213,-2.2452345,3,walking
1519421685745,-7.7984796,-2.101616,-2.254809,3,walking
1519421685750,-8.037844,-2.2165108,-2.2165108,3,walking
1519421685755,-8.037844,-2.2165108,-2.2165108,3,walking
1519421685759,-8.315506,-2.34098,-2.0633178,3,walking
1519421685764,-8.392102,-2.3505547,-1.9962958,3,walking
1519421685769,-8.4686985,-2.3314054,-1.8143792,3,walking
1519421685774,-8.516571,-2.3122563,-1.7186337,3,walking
1519421685779,-8.516571,-2.2835326,-1.5941644,3,walking
1519421685784,-8.535721,-2.2069361,-1.469695,3,walking
1519421685789,-8.526146,-2.1303396,-1.4218222,3,walking
1519421685794,-8.506997,-1.862252,-1.2016073,3,walking
1519421685799,-8.497422,-1.7377827,-1.1345854,3,walking
1519421685804,-8.439975,-1.6133134,-1.1058618,3,walking
1519421685809,-8.4686985,-1.4505459,-1.0962871,3,walking
1519421685814,-8.487848,-1.3356512,-1.0388398,3,walking
1519421685818,-8.478273,-1.2686293,-1.0292653,3,walking
1519421685823,-8.478273,-1.1920328,-1.0867126,3,walking
1519421685829,-8.506997,-1.1345854,-1.1058618,3,walking
1519421685834,-8.641041,-0.98139244,-1.1250108,3,walking
1519421685839,-8.755936,-0.8952214,-1.1345854,3,walking
1519421685845,-8.755936,-0.8952214,-1.1345854,3,walking
1519421685850,-8.861256,-0.8186249,-1.14416,3,walking
1519421685855,-8.918703,-0.7994758,-1.2016073,3,walking
1519421685859,-8.909128,-0.71330476,-1.2973529,3,walking
1519421685864,-8.880404,-0.6845811,-1.3356512,3,walking
1519421685869,-8.870831,-0.69415563,-1.3548003,3,walking
1519421685874,-8.7750845,-0.751603,-1.4409714,3,walking
1519421685879,-8.6697645,-0.8760723,-1.383524,3,walking
1519421685884,-8.593168,-0.9622433,-1.3452257,3,walking
1519421685889,-8.545295,-0.9622433,-1.3548003,3,walking
1519421685895,-8.459125,-0.9526688,-1.3260766,3,walking
1519421685899,-8.372953,-0.90479594,-1.2782038,3,walking
1519421685905,-8.334655,-0.751603,-1.2399056,3,walking
1519421685909,-8.286782,-0.78032666,-1.2111819,3,walking
1519421685915,-8.286782,-0.78032666,-1.2111819,3,walking
1519421685919,-8.506997,-0.85692316,-1.14416,3,walking
1519421685924,-8.602742,-0.90479594,-1.1728836,3,walking
1519421685929,-8.755936,-0.92394507,-1.1920328,3,walking
1519421685934,-8.918703,-0.98139244,-1.2111819,3,walking
1519421685940,-9.426155,-1.1345854,-1.2303311,3,walking
1519421685944,-9.75169,-1.2111819,-1.2877784,3,walking
1519421685949,-10.421909,-1.3930986,-1.4026731,3,walking
1519421685954,-10.757019,-1.4888442,-1.469695,3,walking
1519421685958,-11.063405,-1.6037389,-1.5175679,3,walking
1519421685964,-11.379365,-1.7377827,-1.6133134,3,walking
1519421685969,-11.953838,-1.948423,-1.7569319,3,walking
1519421685974,-12.174053,-2.0824668,-1.7665064,3,walking
1519421685979,-12.384694,-2.168638,-1.8048047,3,walking
1519421685983,-12.490014,-2.254809,-1.8335283,3,walking
1519421685989,-12.537887,-2.3026817,-1.8718265,3,walking
1519421685994,-12.46129,-2.34098,-1.9388485,3,walking
1519421685998,-12.365545,-2.2931073,-2.0058703,3,walking
1519421686004,-12.221927,-2.1973617,-2.015445,3,walking
1519421686009,-11.810221,-2.0824668,-1.929274,3,walking
1519421686015,-11.609155,-2.0250196,-1.8909757,3,walking
1519421686020,-11.178299,-1.7473572,-1.7377827,3,walking
1519421686025,-11.178299,-1.7473572,-1.7377827,3,walking
1519421686029,-10.766593,-1.4888442,-1.6803354,3,walking
1519421686035,-10.632549,-1.3356512,-1.5941644,3,walking
1519421686040,-10.268716,-1.0962871,-1.4792696,3,walking
1519421686045,-10.153821,-0.93351966,-1.4313968,3,walking
1519421686050,-9.943181,-0.6079846,-1.4505459,3,walking
1519421686055,-9.98148,-0.49308985,-1.5462915,3,walking
1519421686060,-10.268716,-0.33032233,-1.7186337,3,walking
1519421686065,-10.709146,-0.22500217,-2.0824668,3,walking
1519421686071,-12.020861,-0.44521707,-2.6760898,3,walking
1519421686076,-12.719804,-0.78032666,-2.6760898,3,walking
1519421686083,-13.524067,-1.6420372,-2.187787,3,walking
1519421686089,-13.552791,-2.1973617,-1.9196993,3,walking
1519421686094,-13.514492,-2.7431116,-1.5750152,3,walking
1519421686099,-13.303852,-3.7005677,-0.93351966,3,walking
1519421686135,-9.20594,-3.4612036,-1.383524,3,walking
1519421686144,-8.7750845,-2.88673,-1.7282082,3,walking
1519421686157,-8.602742,-2.0058703,-2.0537431,3,walking
1519421686162,-8.698488,-1.7186337,-2.1303396,3,walking
1519421686171,-8.985725,-1.2399056,-2.2931073,3,walking
1519421686175,-9.272962,-1.0388398,-2.3888528,3,walking
1519421686179,-9.904882,-0.8186249,-2.647366,3,walking
1519421686205,-12.126181,-1.622888,-2.2165108,3,walking
1519421686214,-12.624058,-2.0920415,-2.2165108,3,walking
1519421686221,-12.825124,-2.2739582,-2.168638,3,walking
1519421686227,-12.987891,-2.494173,-2.015445,3,walking
1519421686231,-12.949593,-2.6186423,-1.9867213,3,walking
1519421686236,-12.892146,-2.7239625,-1.9771467,3,walking
1519421686240,-12.7964,-2.733537,-1.948423,3,walking
1519421686245,-12.777251,-2.666515,-1.9196993,3,walking
1519421686249,-12.69108,-2.5994933,-1.9196993,3,walking
1519421686254,-12.451715,-2.4845984,-1.9101248,3,walking
1519421686258,-12.001712,-2.2643836,-1.8909757,3,walking
1519421686263,-11.72405,-2.1782124,-1.9101248,3,walking
1519421686269,-11.197449,-1.9675722,-1.8431029,3,walking
1519421686274,-11.197449,-1.9675722,-1.8431029,3,walking
1519421686279,-10.651698,-1.7856555,-1.79523,3,walking
1519421686284,-10.374036,-1.7186337,-1.7569319,3,walking
1519421686289,-9.684668,-1.7377827,-1.6994845,3,walking
1519421686294,-9.684668,-1.7377827,-1.6994845,3,walking
1519421686298,-9.349558,-1.6803354,-1.6516117,3,walking
1519421686304,-9.215514,-1.6420372,-1.5367169,3,walking
1519421686309,-8.909128,-1.6133134,-1.6037389,3,walking
1519421686314,-8.832532,-1.5654407,-1.6133134,3,walking
1519421686319,-8.7750845,-1.4888442,-1.5558661,3,walking
1519421686325,-8.506997,-1.4984187,-1.4313968,3,walking
1519421686330,-8.439975,-1.5845897,-1.4122477,3,walking
1519421686335,-8.401677,-1.6611862,-1.4984187,3,walking
1519421686340,-8.296356,-1.7282082,-1.3643749,3,walking
1519421686345,-8.315506,-1.79523,-1.2399056,3,walking
1519421686351,-8.229335,-1.8718265,-1.2877784,3,walking
1519421686355,-8.21976,-1.9771467,-1.3069274,3,walking
1519421686361,-8.21976,-2.0728924,-1.4313968,3,walking
1519421686365,-8.23891,-2.0920415,-1.5079932,3,walking
1519421686371,-8.210186,-1.9675722,-1.5750152,3,walking
1519421686376,-8.210186,-1.929274,-1.5750152,3,walking
1519421686381,-8.21976,-1.8909757,-1.6133134,3,walking
1519421686391,-8.248484,-1.7377827,-1.8239537,3,walking
1519421686396,-8.258059,-1.6037389,-1.8431029,3,walking
1519421686401,-8.21976,-1.4984187,-1.8718265,3,walking
1519421686406,-8.210186,-1.3739494,-1.9101248,3,walking
1519421686411,-8.191036,-1.3643749,-1.8814012,3,walking
1519421686416,-8.133589,-1.3930986,-1.8526775,3,walking
1519421686421,-8.143164,-1.4505459,-1.9196993,3,walking
1519421686426,-8.143164,-1.4888442,-1.9579976,3,walking
1519421686431,-8.124015,-1.5079932,-1.9675722,3,walking
1519421686442,-7.9899707,-1.469695,-1.9867213,3,walking
1519421686446,-7.961247,-1.4601204,-2.0058703,3,walking
1519421686451,-7.9420977,-1.4984187,-2.0058703,3,walking
1519421686460,-7.922949,-1.5271424,-2.0633178,3,walking
1519421686464,-7.9325233,-1.5654407,-2.1303396,3,walking
1519421686469,-7.922949,-1.5462915,-2.149489,3,walking
1519421686473,-7.8846507,-1.5558661,-2.187787,3,walking
1519421686478,-7.846352,-1.622888,-2.3122563,3,walking
1519421686483,-7.8272033,-1.6707608,-2.2643836,3,walking
1519421686488,-7.8655014,-1.709059,-2.3697038,3,walking
1519421686493,-7.8846507,-1.7282082,-2.3984275,3,walking
1519421686497,-7.855927,-1.7856555,-2.3505547,3,walking
1519421686503,-7.8846507,-1.8335283,-2.4367256,3,walking
1519421686508,-7.8846507,-1.8814012,-2.408002,3,walking
1519421686512,-7.922949,-1.929274,-2.4463003,3,walking
1519421686518,-7.894225,-1.9771467,-2.4367256,3,walking
1519421686523,-7.8846507,-2.0058703,-2.3984275,3,walking
1519421686528,-7.8846507,-2.015445,-2.4175766,3,walking
1519421686532,-7.922949,-1.9962958,-2.4654493,3,walking
1519421686538,-7.875076,-1.9771467,-2.4175766,3,walking
1519421686543,-7.8655014,-1.9771467,-2.3984275,3,walking
1519421686548,-7.8176284,-1.9579976,-2.3122563,3,walking
1519421686553,-7.7506065,-1.9867213,-2.2356598,3,walking
1519421686558,-7.693159,-2.0058703,-2.2069361,3,walking
1519421686563,-7.721883,-1.9771467,-2.1303396,3,walking
1519421686568,-7.7601814,-1.9675722,-2.149489,3,walking
1519421686573,-7.6740103,-1.9867213,-2.0633178,3,walking
1519421686578,-7.7984796,-1.929274,-2.034594,3,walking
1519421686583,-7.8367777,-1.929274,-2.034594,3,walking
1519421686588,-7.9037995,-1.9196993,-2.0728924,3,walking
1519421686593,-7.9803963,-1.948423,-2.168638,3,walking
1519421686598,-8.066567,-2.0441687,-2.2165108,3,walking
1519421686602,-8.143164,-2.0250196,-2.1973617,3,walking
1519421686608,-8.248484,-2.0537431,-2.2452345,3,walking
1519421686613,-8.286782,-2.0728924,-2.2835326,3,walking
1519421686618,-8.535721,-2.0537431,-2.3026817,3,walking
1519421686623,-8.631466,-2.0441687,-2.3122563,3,walking
1519421686628,-8.746361,-1.9867213,-2.321831,3,walking
1519421686633,-8.899554,-1.9005502,-2.360129,3,walking
1519421686638,-9.043172,-1.622888,-2.427151,3,walking
1519421686643,-9.0814705,-1.5367169,-2.4558747,3,walking
1519421686648,-9.20594,-1.383524,-2.4367256,3,walking
1519421686653,-9.20594,-1.383524,-2.4367256,3,walking
1519421686659,-9.29211,-1.383524,-2.3505547,3,walking
1519421686664,-9.320834,-1.4218222,-2.2931073,3,walking
1519421686669,-9.368708,-1.4122477,-2.1399143,3,walking
1519421686674,-9.301685,-1.4505459,-1.9675722,3,walking
1519421686679,-9.253813,-1.4218222,-1.8239537,3,walking
1519421686684,-9.052747,-1.4026731,-1.4792696,3,walking
1519421686689,-8.9761505,-1.3930986,-1.3260766,3,walking
1519421686693,-8.880404,-1.4122477,-1.1154363,3,walking
1519421686698,-8.842107,-1.383524,-0.9718179,3,walking
1519421686703,-8.7750845,-1.469695,-0.7994758,3,walking
1519421686708,-8.593168,-1.6133134,-0.40691882,3,walking
1519421686713,-8.564445,-1.6324625,-0.3111732,3,walking
1519421686718,-8.5740185,-1.6516117,-0.12925656,3,walking
1519421686722,-8.55487,-1.6899099,-0.0718092,3,walking
1519421686728,-8.746361,-1.622888,-0.0718092,3,walking
1519421686733,-8.947427,-1.5175679,-0.19627848,3,walking
1519421686738,-9.368708,-1.3548003,-0.40691882,3,walking
1519421686742,-9.943181,-1.1537346,-0.69415563,3,walking
1519421686747,-10.642124,-0.9718179,-1.0484143,3,walking
1519421686750,-12.087883,-0.8952214,-1.709059,3,walking
1519421686757,-12.6527815,-1.0101161,-1.9196993,3,walking
1519421686761,-13.179382,-1.3643749,-2.1111906,3,walking
1519421686766,-13.179382,-1.3643749,-2.1111906,3,walking
1519421686809,-9.943181,-2.475024,-1.3643749,3,walking
1519421686817,-9.0814705,-2.3697038,-1.1824582,3,walking
1519421686825,-8.717637,-2.3026817,-1.1345854,3,walking
1519421686833,-8.535721,-1.9771467,-1.4218222,3,walking
1519421686840,-9.330409,-1.79523,-1.7377827,3,walking
1519421686846,-9.8953085,-1.7186337,-1.8048047,3,walking
1519421686850,-10.517654,-1.6516117,-1.9388485,3,walking
1519421686855,-11.197449,-1.6611862,-1.9579976,3,walking
1519421686862,-12.5474615,-1.8431029,-1.9675722,3,walking
1519421686866,-13.208106,-1.9675722,-1.9675722,3,walking
1519421686871,-14.088965,-2.2356598,-1.9101248,3,walking
1519421686913,-12.738953,-0.8473486,-2.647366,3,walking
1519421686921,-12.030436,-0.6079846,-2.6760898,3,walking
1519421686929,-11.235746,-0.5313881,-2.5420458,3,walking
1519421686937,-10.689997,-0.5888355,-2.513322,3,walking
1519421686942,-10.469782,-0.77075213,-2.5037475,3,walking
1519421686948,-10.239992,-0.9622433,-2.475024,3,walking
1519421686953,-9.943181,-1.0292653,-2.2356598,3,walking
1519421686957,-9.464453,-1.2399056,-2.0537431,3,walking
1519421686990,-7.9803963,-2.0441687,-1.5558661,3,walking
1519421686998,-7.769756,-2.321831,-1.6803354,3,walking
1519421687006,-7.6261373,-2.6282167,-1.6611862,3,walking
1519421687013,-7.434646,-2.647366,-1.7186337,3,walking
1519421687018,-7.3771987,-2.5994933,-1.7665064,3,walking
1519421687022,-7.2718787,-2.5420458,-1.7473572,3,walking
1519421687027,-7.2335806,-2.475024,-1.7473572,3,walking
1519421687032,-7.2527294,-2.427151,-1.776081,3,walking
1519421687038,-7.2718787,-2.4367256,-1.8143792,3,walking
1519421687043,-7.3006024,-2.3984275,-1.776081,3,walking
1519421687047,-7.3389006,-2.3697038,-1.7856555,3,walking
1519421687052,-7.3771987,-2.2931073,-1.8526775,3,walking
1519421687058,-7.4059224,-2.2452345,-1.8526775,3,walking
1519421687062,-7.4250717,-2.2165108,-1.8239537,3,walking
1519421687067,-7.46337,-2.1207652,-1.862252,3,walking
1519421687073,-7.4154973,-2.1303396,-1.8431029,3,walking
1519421687077,-7.4154973,-2.101616,-1.8048047,3,walking
1519421687082,-7.396348,-2.149489,-1.8335283,3,walking
1519421687087,-7.4154973,-2.2260852,-1.7665064,3,walking
1519421687093,-7.4250717,-2.3314054,-1.7569319,3,walking
1519421687097,-7.4537954,-2.5420458,-1.776081,3,walking
1519421687102,-7.511243,-2.561195,-1.709059,3,walking
1519421687107,-7.5782647,-2.5420458,-1.6803354,3,walking
1519421687112,-7.616563,-2.5420458,-1.6707608,3,walking
1519421687117,-7.587839,-2.5707695,-1.6707608,3,walking
1519421687123,-7.693159,-2.5707695,-1.469695,3,walking
1519421687128,-7.8176284,-2.5516202,-1.4026731,3,walking
1519421687134,-7.855927,-2.5516202,-1.3260766,3,walking
1519421687139,-7.9325233,-2.4845984,-1.2782038,3,walking
1519421687144,-7.9803963,-2.475024,-1.2494801,3,walking
1519421687149,-8.00912,-2.4845984,-1.1824582,3,walking
1519421687154,-8.056993,-2.5037475,-1.1633091,3,walking
1519421687159,-8.085716,-2.475024,-1.1250108,3,walking
1519421687164,-8.191036,-2.494173,-1.0867126,3,walking
1519421687169,-8.21976,-2.5037475,-1.0388398,3,walking
1519421687180,-8.32508,-2.4175766,-0.90479594,3,walking
1519421687185,-8.382527,-2.360129,-0.83777404,3,walking
1519421687190,-8.411251,-2.2643836,-0.7994758,3,walking
1519421687195,-8.487848,-2.2165108,-0.70373017,3,walking
1519421687199,-8.564445,-2.149489,-0.61755913,3,walking
1519421687204,-8.564445,-2.149489,-0.61755913,3,walking
1519421687208,-8.612317,-2.1399143,-0.5218136,3,walking
1519421687212,-8.650616,-1.9962958,-0.50266445,3,walking
1519421687217,-8.612317,-1.929274,-0.50266445,3,walking
1519421687223,-8.621892,-1.79523,-0.50266445,3,walking
1519421687228,-8.545295,-1.5462915,-0.512239,3,walking
1519421687233,-8.516571,-1.4792696,-0.5505372,3,walking
1519421687238,-8.478273,-1.4505459,-0.56011176,3,walking
1519421687243,-8.545295,-1.3739494,-0.6079846,3,walking
1519421687247,-8.631466,-1.3069274,-0.6750065,3,walking
1519421687253,-8.66019,-1.2111819,-0.7420284,3,walking
1519421687258,-8.736787,-1.2016073,-0.7324539,3,walking
1519421687263,-8.736787,-1.2016073,-0.7324539,3,walking
1519421687268,-8.937852,-1.1058618,-0.8473486,3,walking
1519421687273,-9.043172,-1.1537346,-0.8760723,3,walking
1519421687278,-9.167642,-1.2111819,-0.8473486,3,walking
1519421687283,-9.454879,-1.3069274,-0.8952214,3,walking
1519421687288,-9.608071,-1.3069274,-0.90479594,3,walking
1519421687293,-9.904882,-1.3739494,-0.9622433,3,walking
1519421687298,-10.058076,-1.383524,-1.0005416,3,walking
1519421687303,-10.268716,-1.4409714,-1.0196906,3,walking
1519421687307,-10.661273,-1.6324625,-1.0962871,3,walking
1519421687313,-10.661273,-1.6324625,-1.0962871,3,walking
1519421687318,-11.101703,-1.862252,-1.1920328,3,walking
1519421687323,-11.302769,-2.0058703,-1.2207564,3,walking
1519421687328,-11.455961,-2.1207652,-1.2494801,3,walking
1519421687333,-11.714475,-2.321831,-1.2111819,3,walking
1519421687338,-11.810221,-2.360129,-1.1824582,3,walking
1519421687345,-11.867668,-2.34098,-1.0675635,3,walking
1519421687350,-11.886817,-2.2739582,-1.0962871,3,walking
1519421687360,-11.685751,-2.1111906,-1.1920328,3,walking
1519421687364,-11.570856,-2.034594,-1.2303311,3,walking
1519421687368,-11.503835,-1.9101248,-1.2207564,3,walking
1519421687372,-11.408089,-1.8143792,-1.2207564,3,walking
1519421687378,-11.28362,-1.6420372,-1.1633091,3,walking
1519421687383,-10.94851,-1.3260766,-1.2207564,3,walking
1519421687388,-10.795317,-1.1633091,-1.1824582,3,walking
1519421687393,-10.651698,-1.0101161,-1.2111819,3,walking
1519421687398,-10.412334,-0.7420284,-1.2686293,3,walking
1519421687403,-10.393186,-0.56011176,-1.4984187,3,walking
1519421687409,-10.536804,-0.39734426,-1.8431029,3,walking
1519421687414,-11.637878,-0.13883112,-2.819708,3,walking
1519421687419,-12.480439,-0.16755481,-3.1356685,3,walking
1519421687424,-13.275128,-0.42606795,-3.3367343,3,walking
1519421687432,-14.376203,-1.4218222,-2.905879,3,walking
1519421687437,-14.577269,-2.5994933,-2.1590633,3,walking
1519421687442,-14.577269,-2.5994933,-2.1590633,3,walking
1519421687447,-14.30918,-3.604822,-1.6899099,3,walking
1519421687453,-13.99322,-3.9207826,-1.4601204,3,walking
1519421687458,-13.552791,-4.1026993,-1.2973529,3,walking
1519421687462,-12.422992,-4.0069537,-1.1824582,3,walking
1519421687467,-11.867668,-3.7292912,-1.2686293,3,walking
1519421687472,-11.321918,-3.384607,-1.383524,3,walking
1519421687477,-10.479357,-2.6952388,-1.7856555,3,walking
1519421687482,-10.211268,-2.3888528,-1.9962958,3,walking
1519421687487,-9.770839,-1.7282082,-2.2931073,3,walking
1519421687492,-9.770839,-1.7282082,-2.2931073,3,walking
1519421687497,-9.5219,-1.0196906,-2.6282167,3,walking
1519421687502,-9.579348,-0.6558574,-2.7431116,3,walking
1519421687507,-9.684668,-0.39734426,-2.9537518,3,walking
1519421687512,-10.048501,-0.13883112,-3.212265,3,walking
1519421687517,-10.891063,0.20585304,-3.6239712,3,walking
1519421687522,-11.26447,0.22500217,-3.777164,3,walking
1519421687527,-11.848518,0.014361841,-3.7292912,3,walking
1519421687532,-11.848518,0.014361841,-3.7292912,3,walking
1519421687537,-12.327247,-0.39734426,-3.758015,3,walking
1519421687542,-12.614484,-0.6845811,-3.7197168,3,walking
1519421687547,-13.035764,-1.2016073,-3.7005677,3,walking
1519421687552,-13.179382,-1.4792696,-3.6814184,3,walking
1519421687558,-13.246405,-1.6994845,-3.7005677,3,walking
1519421687564,-13.150659,-2.168638,-3.690993,3,walking
1519421687569,-13.074062,-2.3697038,-3.6335456,3,walking
1519421687574,-12.777251,-2.5420458,-3.5090764,3,walking
1519421687578,-12.6527815,-2.6090677,-3.4420545,3,walking
1519421687582,-12.6527815,-2.6090677,-3.4420545,3,walking
1519421687587,-12.327247,-2.4463003,-3.4037561,3,walking
1519421687593,-12.174053,-2.2452345,-3.3175852,3,walking
1519421687597,-11.877242,-2.034594,-3.3080106,3,walking
1519421687602,-11.580431,-1.776081,-3.2505634,3,walking
1519421687606,-11.072979,-1.3452257,-3.231414,3,walking
1519421687612,-10.776168,-1.2111819,-3.212265,3,walking
1519421687617,-10.307014,-0.92394507,-3.231414,3,walking
1519421687622,-10.307014,-0.92394507,-3.231414,3,walking
1519421687627,-9.971905,-0.6079846,-3.2888615,3,walking
1519421687632,-9.876159,-0.40691882,-3.2409887,3,walking
1519421687637,-9.6942425,-0.33032233,-3.212265,3,walking
1519421687642,-9.339984,-0.27287498,-3.2409887,3,walking
1519421687647,-9.071896,-0.30159867,-3.2218397,3,walking
1519421687653,-8.813383,-0.4164934,-3.0877957,3,walking
1519421687658,-8.765511,-0.42606795,-2.9920502,3,walking
1519421687663,-8.736787,-0.39734426,-2.905879,3,walking
1519421687668,-8.621892,-0.2920241,-2.819708,3,walking
1519421687672,-8.478273,-0.22500217,-2.7048132,3,walking
1519421687677,-8.1623125,-0.13883112,-2.494173,3,walking
1519421687683,-8.00912,-0.17712937,-2.4558747,3,walking
1519421687687,-7.855927,-0.36862057,-2.408002,3,walking
1519421687693,-7.788905,-0.49308985,-2.3984275,3,walking
1519421687698,-7.702734,-0.56011176,-2.427151,3,walking
1519421687703,-7.511243,-0.6845811,-2.2931073,3,walking
1519421687708,-7.511243,-0.6845811,-2.2931073,3,walking
1519421687712,-7.511243,-0.6845811,-2.2931073,3,walking
1519421687717,-7.46337,-0.9718179,-2.3505547,3,walking
1519421687722,-7.4250717,-1.0484143,-2.2931073,3,walking
1519421687727,-7.3771987,-1.0867126,-2.2356598,3,walking
1519421687731,-7.46337,-1.2686293,-2.34098,3,walking
1519421687737,-7.5303917,-1.3643749,-2.3792782,3,walking
1519421687742,-7.5782647,-1.4409714,-2.3505547,3,walking
1519421687747,-7.6069884,-1.469695,-2.3505547,3,walking
1519421687751,-7.741032,-1.5462915,-2.4463003,3,walking
1519421687757,-7.8367777,-1.5654407,-2.494173,3,walking
1519421687762,-7.9325233,-1.6037389,-2.5707695,3,walking
1519421687767,-8.066567,-1.7569319,-2.6569405,3,walking
1519421687772,-8.21976,-1.8048047,-2.7239625,3,walking
1519421687777,-8.439975,-1.929274,-2.8580062,3,walking
1519421687782,-8.439975,-1.929274,-2.8580062,3,walking
1519421687787,-8.602742,-1.9962958,-2.8963046,3,walking
1519421687792,-8.679339,-2.015445,-2.8963046,3,walking
1519421687797,-8.727212,-2.0250196,-2.905879,3,walking
1519421687802,-8.7750845,-2.0441687,-2.972901,3,walking
1519421687808,-8.708063,-2.0824668,-2.8484318,3,walking
1519421687812,-8.708063,-2.0824668,-2.8484318,3,walking
1519421687817,-8.66019,-2.0728924,-2.8101335,3,walking
1519421687821,-8.535721,-1.9867213,-2.7431116,3,walking
1519421687827,-8.401677,-1.8335283,-2.6569405,3,walking
1519421687833,-8.277207,-1.7186337,-2.6377914,3,walking
1519421687838,-8.143164,-1.6324625,-2.5707695,3,walking
1519421687843,-8.00912,-1.4888442,-2.4654493,3,walking
1519421687847,-7.846352,-1.2782038,-2.494173,3,walking
1519421687852,-7.846352,-1.2782038,-2.494173,3,walking
1519421687857,-7.6740103,-1.1920328,-2.4367256,3,walking
1519421687862,-7.6452866,-1.1728836,-2.494173,3,walking
1519421687867,-7.5303917,-1.1537346,-2.4463003,3,walking
1519421687872,-7.4059224,-1.1633091,-2.5037475,3,walking
1519421687878,-7.329326,-1.2207564,-2.4175766,3,walking
1519421687883,-7.281453,-1.2590547,-2.3984275,3,walking
1519421687888,-7.281453,-1.3452257,-2.3697038,3,walking
1519421687893,-7.281453,-1.3452257,-2.3697038,3,walking
1519421687898,-7.2527294,-1.5654407,-2.3026817,3,walking
1519421687903,-7.2527294,-1.6133134,-2.187787,3,walking
1519421687908,-7.2144313,-1.6707608,-2.149489,3,walking
1519421687912,-7.1857076,-1.7377827,-2.0537431,3,walking
1519421687917,-7.2527294,-1.6516117,-2.0441687,3,walking
1519421687922,-7.204857,-1.622888,-1.9579976,3,walking
1519421687927,-7.243155,-1.5271424,-1.9388485,3,walking
1519421687931,-7.2910275,-1.4984187,-1.9962958,3,walking
1519421687937,-7.310177,-1.4505459,-1.9962958,3,walking
1519421687941,-7.4154973,-1.4888442,-2.034594,3,walking
1519421687946,-7.5591154,-1.4888442,-2.1590633,3,walking
1519421687952,-7.6452866,-1.4792696,-2.187787,3,walking
1519421687958,-7.894225,-1.4792696,-2.2739582,3,walking
1519421687963,-8.00912,-1.5462915,-2.360129,3,walking
1519421687968,-8.133589,-1.5750152,-2.3697038,3,walking
1519421687972,-8.315506,-1.5941644,-2.427151,3,walking
1519421687976,-8.631466,-1.6324625,-2.4367256,3,walking
1519421687981,-8.631466,-1.6324625,-2.4367256,3,walking
1519421687986,-8.822957,-1.7377827,-2.475024,3,walking
1519421687991,-8.957002,-1.79523,-2.4367256,3,walking
1519421687996,-8.9761505,-1.8431029,-2.360129,3,walking
1519421688002,-9.0814705,-1.9005502,-2.2165108,3,walking
1519421688006,-9.100619,-1.8431029,-2.1399143,3,walking
1519421688012,-9.052747,-1.7856555,-1.9962958,3,walking
1519421688017,-9.024023,-1.7569319,-1.9196993,3,walking
1519421688022,-8.966576,-1.709059,-1.862252,3,walking
1519421688027,-8.909128,-1.7186337,-1.776081,3,walking
1519421688032,-8.851681,-1.6994845,-1.6707608,3,walking
1519421688037,-8.727212,-1.6707608,-1.4984187,3,walking
1519421688042,-8.679339,-1.6516117,-1.4026731,3,walking
1519421688046,-8.564445,-1.6516117,-1.2303311,3,walking
1519421688052,-8.564445,-1.6516117,-1.2303311,3,walking
1519421688056,-8.497422,-1.6899099,-1.0484143,3,walking
1519421688061,-8.535721,-1.7282082,-1.0005416,3,walking
1519421688066,-8.641041,-1.7377827,-0.85692316,3,walking
1519421688072,-8.641041,-1.7377827,-0.85692316,3,walking
1519421688077,-8.966576,-1.6420372,-0.8952214,3,walking
1519421688082,-9.320834,-1.5367169,-0.98139244,3,walking
1519421688087,-9.904882,-1.3260766,-1.1824582,3,walking
1519421688091,-11.609155,-0.7994758,-1.8431029,3,walking
1519421688097,-12.56661,-0.6271337,-2.2260852,3,walking
1519421688102,-13.476193,-0.61755913,-2.5324712,3,walking
1519421688107,-14.404926,-0.8281995,-2.6569405,3,walking
1519421688112,-14.347479,-0.9718179,-2.494173,3,walking
1519421688117,-13.696408,-1.383524,-2.0824668,3,walking
1519421688150,-10.220843,-1.8431029,-1.4122477,3,walking
1519421688158,-9.129343,-1.9867213,-1.3260766,3,walking
1519421688177,-7.5399666,-1.8814012,-1.4888442,3,walking
1519421688184,-7.9708214,-1.7282082,-1.8048047,3,walking
1519421688189,-8.497422,-1.6133134,-1.9101248,3,walking
1519421688193,-9.0814705,-1.5271424,-1.9867213,3,walking
1519421688198,-9.732541,-1.5750152,-2.0058703,3,walking
1519421688220,-14.471948,-3.0016246,-1.3452257,3,walking
1519421688225,-14.960251,-3.231414,-1.2877784,3,walking
1519421688230,-15.266637,-3.384607,-1.3452257,3,walking
1519421688255,-13.935773,-2.3697038,-2.5037475,3,walking
1519421688259,-13.418746,-2.0058703,-2.5707695,3,walking
1519421688288,-10.747444,-0.11968201,-2.800559,3,walking
1519421688293,-10.010203,0.11968201,-2.2260852,3,walking
1519421688298,-9.64637,0.014361841,-2.1590633,3,walking
1519421688303,-9.3878565,-0.12925656,-2.0441687,3,walking
1519421688308,-9.29211,-0.26330042,-1.9005502,3,walking
1519421688312,-9.110194,-0.6079846,-1.79523,3,walking
1519421688317,-9.110194,-0.6079846,-1.79523,3,walking
1519421688321,-9.110194,-0.6079846,-1.79523,3,walking
1519421688327,-8.650616,-0.8760723,-1.3260766,3,walking
1519421688332,-8.487848,-0.8760723,-1.0771381,3,walking
1519421688336,-8.353804,-0.78990126,-0.92394507,3,walking
1519421688341,-8.210186,-0.8281995,-0.92394507,3,walking
1519421688346,-8.124015,-0.85692316,-0.91437054,3,walking
1519421688352,-8.11444,-0.9622433,-1.0771381,3,walking
1519421688357,-8.018694,-1.0196906,-1.1345854,3,walking
1519421688362,-7.769756,-1.1154363,-1.1250108,3,walking
1519421688367,-7.587839,-1.1824582,-1.1824582,3,walking
1519421688372,-7.482519,-1.4218222,-1.2973529,3,walking
1519421688378,-7.501668,-1.5175679,-1.3643749,3,walking
1519421688383,-7.3197513,-1.6707608,-1.4122477,3,walking
1519421688388,-7.195282,-1.776081,-1.4313968,3,walking
1519421688393,-7.0995364,-1.929274,-1.4313968,3,walking
1519421688398,-7.1091113,-2.1973617,-1.5271424,3,walking
1519421688403,-7.12826,-2.3026817,-1.5462915,3,walking
1519421688408,-7.1474094,-2.475024,-1.6324625,3,walking
1519421688418,-7.156984,-2.7048132,-1.776081,3,walking
1519421688423,-7.204857,-2.6952388,-1.8335283,3,walking
1519421688428,-7.2240057,-2.7431116,-1.8143792,3,walking
1519421688439,-7.3389006,-2.8292825,-1.79523,3,walking
1519421688444,-7.3771987,-2.800559,-1.7569319,3,walking
1519421688449,-7.396348,-2.7622607,-1.6707608,3,walking
1519421688454,-7.4059224,-2.733537,-1.6420372,3,walking
1519421688459,-7.4537954,-2.6952388,-1.5845897,3,walking
1519421688464,-7.4537954,-2.5994933,-1.3548003,3,walking
1519421688470,-7.4537954,-2.5037475,-1.2686293,3,walking
1519421688475,-7.434646,-2.3984275,-1.1633091,3,walking
1519421688480,-7.46337,-2.3697038,-1.1537346,3,walking
1519421688485,-7.4537954,-2.2835326,-1.0771381,3,walking
1519421688490,-7.482519,-2.2356598,-0.91437054,3,walking
1519421688495,-7.5208173,-2.2069361,-0.8664977,3,walking
1519421688500,-7.501668,-2.1111906,-0.78032666,3,walking
1519421688509,-7.5303917,-1.776081,-0.46436617,3,walking
1519421688513,-7.5591154,-1.6994845,-0.40691882,3,walking
1519421688518,-7.5782647,-1.6516117,-0.3398969,3,walking
1519421688523,-7.6740103,-1.6037389,-0.26330042,3,walking
1519421688528,-7.6835847,-1.622888,-0.15798025,3,walking
1519421688532,-7.702734,-1.6611862,-0.062234644,3,walking
1519421688537,-7.788905,-1.7186337,-0.043085523,3,walking
1519421688542,-7.8272033,-1.7665064,-0.00478728,3,walking
1519421688546,-7.855927,-1.7569319,0.081383765,3,walking
1519421688551,-7.8176284,-1.8048047,0.13883112,3,walking
1519421688556,-7.8367777,-1.7569319,0.15798025,3,walking
1519421688561,-7.9325233,-1.79523,0.062234644,3,walking
1519421688566,-7.9708214,-1.8048047,0.043085523,3,walking
1519421688571,-8.028269,-1.7665064,-0.062234644,3,walking
1519421688576,-8.277207,-1.7377827,-0.26330042,3,walking
1519421688581,-8.439975,-1.7377827,-0.2920241,3,walking
1519421688586,-8.631466,-1.6803354,-0.37819514,3,walking
1519421688591,-8.631466,-1.6803354,-0.37819514,3,walking
1519421688596,-9.31126,-1.6611862,-0.69415563,3,walking
1519421688601,-9.531475,-1.6803354,-0.69415563,3,walking
1519421688606,-9.770839,-1.7186337,-0.7994758,3,walking
1519421688611,-10.220843,-1.7569319,-0.8186249,3,walking
1519421688616,-10.460207,-1.8239537,-0.8473486,3,walking
1519421688621,-10.680422,-1.8526775,-0.8952214,3,walking
1519421688626,-11.216598,-1.9579976,-0.92394507,3,walking
1519421688631,-11.455961,-2.015445,-0.90479594,3,walking
1519421688636,-11.819795,-2.0441687,-0.9430942,3,walking
1519421688641,-11.819795,-2.0441687,-0.9430942,3,walking
1519421688646,-12.078308,-2.1782124,-1.0101161,3,walking
1519421688651,-12.2410755,-2.2165108,-1.1250108,3,walking
1519421688656,-12.557036,-2.3792782,-1.2590547,3,walking
1519421688661,-12.557036,-2.3792782,-1.2590547,3,walking
1519421688667,-12.758101,-2.3792782,-1.2590547,3,walking
1519421688671,-12.786825,-2.360129,-1.2877784,3,walking
1519421688676,-12.815549,-2.2835326,-1.2686293,3,walking
1519421688680,-12.815549,-2.2835326,-1.2686293,3,walking
1519421688686,-12.576185,-1.9579976,-1.1728836,3,walking
1519421688691,-12.470865,-1.8526775,-1.0867126,3,walking
1519421688696,-12.298523,-1.7282082,-1.0292653,3,walking
1519421688700,-12.020861,-1.4218222,-0.9718179,3,walking
1519421688707,-11.657027,-1.1633091,-0.8760723,3,walking
1519421688713,-11.484685,-1.0005416,-0.90479594,3,walking
1519421688718,-11.187874,-0.71330476,-0.92394507,3,walking
1519421688723,-11.025106,-0.5792609,-0.9526688,3,walking
1519421688728,-10.843189,-0.512239,-1.0579889,3,walking
1519421688738,-10.307014,-0.4164934,-1.4601204,3,walking
1519421688743,-10.115523,-0.40691882,-1.6037389,3,walking
1519421688748,-9.952756,-0.37819514,-1.8335283,3,walking
1519421688757,-9.971905,-0.19627848,-2.5228968,3,walking
1519421688761,-10.307014,-0.0718092,-3.039923,3,walking
1519421688765,-11.666602,0.0718092,-4.016528,3,walking
1519421688772,-13.112361,-0.30159867,-4.1888704,3,walking
1519421688777,-13.380448,-0.77075213,-3.8824842,3,walking
1519421688781,-13.409172,-1.4218222,-3.5569491,3,walking
1519421688825,-10.479357,-4.5622783,-1.9962958,3,walking
1519421688834,-9.7899885,-3.4324799,-2.800559,3,walking
1519421688841,-9.703817,-3.0016246,-2.972901,3,walking
1519421688847,-9.722966,-2.5324712,-3.1356685,3,walking
1519421688851,-9.742115,-2.0250196,-3.2888615,3,walking
1519421688856,-9.885734,-1.0867126,-3.6431203,3,walking
1519421688861,-9.885734,-1.0867126,-3.6431203,3,walking
1519421688866,-10.326163,-0.2920241,-3.8058877,3,walking
1519421688871,-10.632549,-0.014361841,-3.8824842,3,walking
1519421688875,-10.94851,0.15798025,-3.911208,3,walking
1519421688881,-11.580431,0.27287498,-3.911208,3,walking
1519421688886,-12.030436,0.110107444,-3.844186,3,walking
1519421688891,-12.030436,0.110107444,-3.844186,3,walking
1519421688896,-12.422992,-0.014361841,-3.690993,3,walking
1519421688901,-12.537887,-0.10053288,-3.5760984,3,walking
1519421688906,-12.6527815,-0.26330042,-3.3941817,3,walking
1519421688910,-12.6527815,-0.26330042,-3.3941817,3,walking
1519421688916,-12.643207,-0.54096264,-3.2409887,3,walking
1519421688921,-12.576185,-0.70373017,-3.1548176,3,walking
1519421688926,-12.336822,-1.0388398,-3.078221,3,walking
1519421688931,-12.336822,-1.0388398,-3.078221,3,walking
1519421688936,-11.972988,-1.2016073,-2.8771553,3,walking
1519421688941,-11.781497,-1.2494801,-2.8388572,3,walking
1519421688946,-11.331492,-1.2399056,-2.8388572,3,walking
1519421688951,-11.331492,-1.2399056,-2.8388572,3,walking
1519421688956,-10.737869,-1.4313968,-2.6760898,3,walking
1519421688960,-10.421909,-1.5175679,-2.6760898,3,walking
1519421688965,-9.971905,-1.6037389,-2.6760898,3,walking
1519421688971,-9.799562,-1.5845897,-2.6760898,3,walking
1519421688975,-9.608071,-1.5271424,-2.6282167,3,walking
1519421688981,-9.445304,-1.4888442,-2.5324712,3,walking
1519421688986,-9.2825365,-1.5175679,-2.4463003,3,walking
1519421688991,-9.2825365,-1.5558661,-2.494173,3,walking
1519421688996,-9.119769,-1.4409714,-2.5899186,3,walking
1519421689000,-9.119769,-1.4409714,-2.5899186,3,walking
1519421689006,-8.880404,-1.2877784,-2.4463003,3,walking
1519421689010,-8.7750845,-1.1633091,-2.2835326,3,walking
1519421689016,-8.727212,-1.0675635,-2.168638,3,walking
1519421689021,-8.736787,-0.8952214,-2.0728924,3,walking
1519421689027,-8.688913,-0.71330476,-1.7473572,3,walking
1519421689031,-8.66019,-0.64628285,-1.5941644,3,walking
1519421689037,-8.55487,-0.63670826,-1.5462915,3,walking
1519421689047,-8.258059,-0.91437054,-1.6994845,3,walking
1519421689052,-8.32508,-1.0101161,-1.8143792,3,walking
1519421689057,-8.305931,-1.1058618,-1.9101248,3,walking
1519421689062,-8.143164,-1.2111819,-1.9101248,3,walking
1519421689067,-8.11444,-1.2303311,-1.929274,3,walking
1519421689078,-7.8846507,-1.3739494,-2.015445,3,walking
1519421689083,-7.808054,-1.4218222,-2.0058703,3,walking
1519421689088,-7.8272033,-1.4601204,-2.0728924,3,walking
1519421689098,-7.7601814,-1.5941644,-2.1111906,3,walking
1519421689103,-7.664436,-1.6420372,-2.1399143,3,walking
1519421689108,-7.616563,-1.6707608,-2.168638,3,walking
1519421689118,-7.5399666,-1.8143792,-2.187787,3,walking
1519421689122,-7.549541,-1.8814012,-2.2452345,3,walking
1519421689127,-7.549541,-1.948423,-2.2739582,3,walking
1519421689138,-7.501668,-2.0441687,-2.2835326,3,walking
1519421689143,-7.5303917,-2.0537431,-2.3026817,3,walking
1519421689148,-7.4920936,-2.0824668,-2.321831,3,walking
1519421689153,-7.4920936,-2.101616,-2.321831,3,walking
1519421689159,-7.4442205,-2.1207652,-2.3505547,3,walking
1519421689164,-7.511243,-2.1303396,-2.4558747,3,walking
1519421689169,-7.4920936,-2.101616,-2.4654493,3,walking
1519421689174,-7.4537954,-2.1303396,-2.427151,3,walking
1519421689178,-7.482519,-2.0920415,-2.513322,3,walking
1519421689187,-7.3867736,-2.1111906,-2.4845984,3,walking
1519421689193,-7.35805,-2.101616,-2.494173,3,walking
1519421689197,-7.3771987,-2.0824668,-2.4654493,3,walking
1519421689208,-7.348475,-2.0728924,-2.4367256,3,walking
1519421689213,-7.3771987,-2.0441687,-2.4845984,3,walking
1519421689218,-7.310177,-2.0633178,-2.475024,3,walking
1519421689228,-7.2144313,-2.0250196,-2.4558747,3,walking
1519421689237,-7.1091113,-1.9867213,-2.4654493,3,walking
1519421689242,-7.1091113,-1.9867213,-2.4654493,3,walking
1519421689246,-7.0612383,-2.0058703,-2.4175766,3,walking
1519421689253,-7.0133657,-2.015445,-2.3792782,3,walking
1519421689258,-7.0133657,-2.034594,-2.3792782,3,walking
1519421689263,-7.003791,-2.0537431,-2.3026817,3,walking
1519421689268,-7.051664,-2.034594,-2.2739582,3,walking
1519421689273,-7.0995364,-1.948423,-2.2260852,3,walking
1519421689278,-7.176133,-1.862252,-2.2165108,3,walking
1519421689283,-7.243155,-1.79523,-2.2356598,3,walking
1519421689288,-7.3867736,-1.7665064,-2.254809,3,walking
1519421689293,-7.702734,-1.6133134,-2.2931073,3,walking
1519421689298,-7.8367777,-1.622888,-2.3314054,3,walking
1519421689307,-8.124015,-1.5941644,-2.3792782,3,walking
1519421689314,-8.459125,-1.6037389,-2.427151,3,walking
1519421689318,-8.602742,-1.622888,-2.427151,3,walking
1519421689327,-8.966576,-1.7377827,-2.3792782,3,walking
1519421689333,-9.100619,-1.7856555,-2.3984275,3,walking
1519421689338,-9.263388,-1.8335283,-2.360129,3,walking
1519421689345,-9.483603,-1.9196993,-2.2835326,3,walking
1519421689353,-9.655944,-2.0250196,-2.1207652,3,walking
1519421689358,-9.761265,-1.9771467,-2.0728924,3,walking
1519421689367,-9.914457,-1.929274,-1.8526775,3,walking
1519421689373,-9.98148,-1.8526775,-1.8048047,3,walking
1519421689378,-10.048501,-1.8239537,-1.7856555,3,walking
1519421689383,-10.038927,-1.7665064,-1.622888,3,walking
1519421689388,-9.96233,-1.6803354,-1.5845897,3,walking
1519421689393,-9.837861,-1.6133134,-1.4218222,3,walking
1519421689399,-9.837861,-1.6133134,-1.4218222,3,walking
1519421689403,-9.5889225,-1.6516117,-1.2399056,3,walking
1519421689409,-9.550624,-1.709059,-1.1824582,3,walking
1519421689414,-9.426155,-1.7473572,-1.0292653,3,walking
1519421689419,-9.445304,-1.776081,-1.0292653,3,walking
1519421689424,-9.483603,-1.7377827,-0.99096704,3,walking
1519421689429,-9.713391,-1.6516117,-1.0675635,3,walking
1519421689434,-9.713391,-1.6516117,-1.0675635,3,walking
1519421689439,-11.522984,-1.0962871,-1.9005502,3,walking
1519421689444,-12.9591675,-0.9430942,-2.6282167,3,walking
1519421689455,-13.696408,-1.0484143,-2.8292825,3,walking
1519421689463,-13.495343,-1.4505459,-2.6952388,3,walking
1519421689517,-9.18679,-2.4367256,-0.5313881,3,walking
1519421689527,-9.483603,-1.7186337,-0.665432,3,walking
1519421689533,-9.828286,-1.4888442,-0.7324539,3,walking
1519421689538,-10.374036,-1.3165021,-0.8473486,3,walking
1519421689543,-11.628304,-1.2016073,-1.1633091,3,walking
1519421689548,-12.308098,-1.2111819,-1.3356512,3,walking
1519421689557,-13.428321,-1.3452257,-1.4313968,3,walking
1519421689567,-14.09854,-1.4888442,-1.5941644,3,walking
1519421689572,-14.165563,-1.5079932,-1.6420372,3,walking
1519421689577,-14.20386,-1.5367169,-1.7377827,3,walking
1519421689583,-14.146413,-1.3452257,-1.948423,3,walking
1519421689588,-13.974071,-1.2590547,-2.0728924,3,walking
1519421689593,-13.753856,-1.1728836,-2.168638,3,walking
1519421689597,-13.3612995,-0.9430942,-2.427151,3,walking
1519421689603,-13.150659,-0.83777404,-2.4558747,3,walking
1519421689607,-12.892146,-0.78032666,-2.5324712,3,walking
1519421689620,-11.925115,-0.9718179,-2.4558747,3,walking
1519421689624,-11.216598,-1.2111819,-2.2356598,3,walking
1519421689632,-10.479357,-1.383524,-1.948423,3,walking
1519421689637,-10.134672,-1.4601204,-1.7282082,3,walking
1519421689642,-9.837861,-1.5462915,-1.5750152,3,walking
1519421689647,-9.598496,-1.6037389,-1.4313968,3,walking
1519421689652,-9.196365,-1.9196993,-1.2686293,3,walking
1519421689657,-9.043172,-2.0250196,-1.2207564,3,walking
1519421689662,-8.813383,-2.1973617,-1.1824582,3,walking
1519421689667,-8.641041,-2.321831,-1.2111819,3,walking
1519421689673,-8.277207,-2.2069361,-1.1633091,3,walking
1519421689678,-7.922949,-2.1303396,-1.0579889,3,walking
1519421689682,-7.6452866,-2.1111906,-1.1058618,3,walking
1519421689687,-7.156984,-1.9771467,-1.1728836,3,walking
1519421689693,-7.0708127,-1.9196993,-1.2399056,3,walking
1519421689698,-6.9559183,-1.8814012,-1.3069274,3,walking
1519421689703,-6.716554,-1.9579976,-1.4601204,3,walking
1519421689708,-6.611234,-1.9196993,-1.5654407,3,walking
1519421689713,-6.525063,-1.9867213,-1.5654407,3,walking
1519421689718,-6.458041,-2.015445,-1.5845897,3,walking
1519421689727,-6.1899533,-2.034594,-1.6324625,3,walking
1519421689732,-6.180379,-2.0250196,-1.6516117,3,walking
1519421689737,-6.132506,-2.0058703,-1.7186337,3,walking
1519421689743,-6.103782,-2.1207652,-1.7282082,3,walking
1519421689748,-6.103782,-2.149489,-1.7186337,3,walking
1519421689752,-6.1229315,-2.2069361,-1.8048047,3,walking
1519421689758,-6.1995277,-2.4175766,-1.9101248,3,walking
1519421689763,-6.256975,-2.494173,-2.0058703,3,walking
1519421689768,-6.333572,-2.6186423,-1.9771467,3,walking
1519421689773,-6.438892,-2.9154537,-2.0824668,3,walking
1519421689778,-6.525063,-3.020774,-2.0824668,3,walking
1519421689783,-6.5825105,-3.173967,-2.034594,3,walking
1519421689788,-6.630383,-3.2409887,-1.9867213,3,walking
1519421689793,-6.745278,-3.4899273,-1.9675722,3,walking
1519421689799,-6.783576,-3.5569491,-1.948423,3,walking
1519421689803,-6.898471,-3.5952475,-1.8048047,3,walking
1519421689809,-6.898471,-3.5952475,-1.8048047,3,walking
1519421689814,-6.9654927,-3.499502,-1.7569319,3,walking
1519421689819,-7.042089,-3.4420545,-1.6803354,3,walking
1519421689824,-7.0612383,-3.384607,-1.6420372,3,walking
1519421689833,-7.2240057,-3.173967,-1.5558661,3,walking
1519421689838,-7.281453,-3.0877957,-1.4984187,3,walking
1519421689843,-7.3006024,-2.9920502,-1.469695,3,walking
1519421689849,-7.4250717,-2.8580062,-1.4984187,3,walking
1519421689854,-7.5208173,-2.7814097,-1.4409714,3,walking
1519421689859,-7.587839,-2.714388,-1.4026731,3,walking
1519421689864,-7.7314577,-2.4463003,-1.2303311,3,walking
1519421689869,-7.846352,-2.3026817,-1.2399056,3,walking
1519421689874,-8.11444,-2.034594,-1.1824582,3,walking
1519421689879,-8.11444,-2.034594,-1.1824582,3,walking
1519421689884,-8.392102,-1.8143792,-1.1633091,3,walking
1519421689889,-8.506997,-1.709059,-1.0771381,3,walking
1519421689895,-8.717637,-1.5462915,-1.0005416,3,walking
1519421689902,-8.909128,-1.2399056,-1.0101161,3,walking
1519421689907,-9.014449,-1.0962871,-1.0101161,3,walking
1519421689912,-9.071896,-0.98139244,-0.98139244,3,walking
1519421689918,-9.158067,-0.8664977,-0.92394507,3,walking
1519421689923,-9.2825365,-0.8760723,-0.90479594,3,walking
1519421689928,-9.397431,-0.8952214,-0.98139244,3,walking
1519421689933,-9.464453,-0.9718179,-0.99096704,3,walking
1519421689938,-9.483603,-1.0771381,-1.0771381,3,walking
1519421689943,-9.5219,-1.0675635,-1.0101161,3,walking
1519421689948,-9.62722,-1.0771381,-1.1537346,3,walking
1519421689953,-9.62722,-1.2399056,-1.1920328,3,walking
1519421689959,-9.64637,-1.4026731,-1.3069274,3,walking
1519421689964,-9.914457,-1.5941644,-1.3069274,3,walking
1519421689969,-9.914457,-1.5941644,-1.3069274,3,walking
1519421689974,-10.048501,-1.7282082,-1.3260766,3,walking
1519421689979,-10.096374,-1.8048047,-1.2494801,3,walking
1519421689985,-10.220843,-1.862252,-1.3165021,3,walking
1519421689991,-10.469782,-1.9867213,-1.2686293,3,walking
1519421689997,-10.6134,-2.0728924,-1.2399056,3,walking
1519421690007,-10.852764,-2.2835326,-1.14416,3,walking
1519421690013,-11.254896,-2.4367256,-1.2399056,3,walking
1519421690018,-11.379365,-2.5707695,-1.1824582,3,walking
1519421690023,-11.810221,-2.7048132,-1.2399056,3,walking
1519421690028,-11.972988,-2.800559,-1.1250108,3,walking
1519421690035,-12.183628,-2.733537,-1.0771381,3,walking
1519421690042,-12.212352,-2.5994933,-1.0292653,3,walking
1519421690047,-12.164479,-2.5324712,-1.0962871,3,walking
1519421690053,-12.078308,-2.4367256,-1.1058618,3,walking
1519421690058,-11.982562,-2.360129,-1.14416,3,walking
1519421690063,-11.72405,-2.034594,-1.3643749,3,walking
1519421690068,-11.647452,-1.8814012,-1.3930986,3,walking
1519421690073,-11.4272375,-1.4409714,-1.6516117,3,walking
1519421690078,-11.4272375,-1.4409714,-1.6516117,3,walking
1519421690082,-11.025106,-1.1250108,-1.7856555,3,walking
1519421690087,-10.82404,-0.98139244,-1.8431029,3,walking
1519421690096,-10.498506,-0.7994758,-1.9388485,3,walking
1519421690102,-10.40276,-0.64628285,-2.34098,3,walking
1519421690107,-10.670848,-0.54096264,-2.666515,3,walking
1519421690116,-12.490014,-0.56968635,-3.4612036,3,walking
1519421690123,-13.208106,-0.7994758,-3.2984362,3,walking
1519421690127,-13.734707,-1.2303311,-3.020774,3,walking
1519421690136,-14.251733,-3.059072,-1.8718265,3,walking
1519421690174,-10.795317,-3.2792869,-1.0292653,3,walking
1519421690182,-10.144247,-2.4367256,-1.4505459,3,walking
1519421690195,-9.722966,-1.0005416,-2.0537431,3,walking
1519421690201,-9.828286,-0.5505372,-2.2165108,3,walking
1519421690206,-10.268716,0.28244954,-2.5324712,3,walking
1519421690245,-13.074062,-0.19627848,-3.078221,3,walking
1519421690254,-13.303852,-0.36862057,-3.173967,3,walking
1519421690261,-13.265553,-0.6845811,-3.4707782,3,walking
1519421690266,-13.150659,-0.78990126,-3.5569491,3,walking
1519421690276,-12.825124,-0.9718179,-3.7867386,3,walking
1519421690282,-12.46129,-0.91437054,-3.9686553,3,walking
1519421690287,-12.25065,-0.77075213,-3.8824842,3,walking
1519421690291,-11.992137,-0.5218136,-3.6526947,3,walking
1519421690296,-11.551707,-0.14840569,-3.2026904,3,walking
1519421690301,-11.293194,-0.03351096,-3.078221,3,walking
1519421690306,-11.101703,-0.062234644,-2.905879,3,walking
1519421690316,-10.603826,-0.3111732,-2.7622607,3,walking
1519421690321,-10.412334,-0.46436617,-2.666515,3,walking
1519421690326,-10.211268,-0.5218136,-2.5037475,3,walking
1519421690336,-9.598496,-0.9622433,-2.1399143,3,walking
1519421690341,-9.359133,-1.0579889,-2.034594,3,walking
1519421690346,-9.244238,-1.1058618,-1.929274,3,walking
1519421690352,-8.937852,-1.2686293,-1.9579976,3,walking
1519421690357,-8.803808,-1.4026731,-1.9962958,3,walking
1519421690361,-8.679339,-1.4601204,-2.0058703,3,walking
1519421690366,-8.55487,-1.2207564,-1.6994845,3,walking
1519421690372,-8.32508,-1.0675635,-1.6803354,3,walking
1519421690377,-8.133589,-1.0962871,-1.8143792,3,walking
1519421690386,-8.047418,-1.5654407,-1.9771467,3,walking
1519421690391,-7.6740103,-1.7282082,-1.9867213,3,walking
1519421690397,-7.587839,-1.7473572,-1.9771467,3,walking
1519421690402,-7.4154973,-1.6803354,-2.149489,3,walking
1519421690407,-7.329326,-1.6611862,-2.1973617,3,walking
1519421690412,-7.243155,-1.622888,-2.149489,3,walking
1519421690417,-7.243155,-1.6133134,-2.149489,3,walking
1519421690425,-7.3006024,-1.8143792,-2.494173,3,walking
1519421690431,-7.2240057,-1.776081,-2.4175766,3,walking
1519421690436,-7.1857076,-1.709059,-2.494173,3,walking
1519421690442,-7.2527294,-1.4409714,-2.580344,3,walking
1519421690447,-7.2527294,-1.3548003,-2.5707695,3,walking
1519421690456,-7.2240057,-1.2782038,-2.714388,3,walking
1519421690462,-7.1665583,-1.3356512,-2.6952388,3,walking
1519421690467,-7.176133,-1.3930986,-2.666515,3,walking
1519421690476,-7.281453,-1.4505459,-2.6377914,3,walking
1519421690481,-7.35805,-1.4984187,-2.666515,3,walking
1519421690486,-7.35805,-1.5079932,-2.6090677,3,walking
1519421690491,-7.4154973,-1.5462915,-2.5324712,3,walking
1519421690497,-7.46337,-1.5462915,-2.475024,3,walking
1519421690502,-7.5303917,-1.5079932,-2.5037475,3,walking
1519421690507,-7.5782647,-1.4984187,-2.4463003,3,walking
1519421690512,-7.635712,-1.4313968,-2.3697038,3,walking
1519421690516,-7.6835847,-1.4313968,-2.2931073,3,walking
1519421690525,-7.6069884,-1.3548003,-2.254809,3,walking
1519421690531,-7.587839,-1.3165021,-2.2835326,3,walking
1519421690536,-7.635712,-1.2973529,-2.3122563,3,walking
1519421690541,-7.56869,-1.2303311,-2.321831,3,walking
1519421690546,-7.501668,-1.2494801,-2.3026817,3,walking
1519421690552,-7.4059224,-1.2016073,-2.34098,3,walking
1519421690556,-7.2527294,-1.2303311,-2.2835326,3,walking
1519421690561,-7.089962,-1.2494801,-2.2069361,3,walking
1519421690566,-6.975067,-1.2494801,-2.1782124,3,walking
1519421690571,-6.898471,-1.2303311,-2.1399143,3,walking
1519421690576,-6.8410234,-1.2494801,-2.168638,3,walking
1519421690585,-6.7069798,-1.2782038,-2.149489,3,walking
1519421690590,-6.6878304,-1.3069274,-2.101616,3,walking
1519421690595,-6.716554,-1.3548003,-2.1782124,3,walking
1519421690601,-6.678256,-1.383524,-2.2260852,3,walking
1519421690606,-6.630383,-1.4313968,-2.2452345,3,walking
1519421690611,-6.668681,-1.4505459,-2.2835326,3,walking
1519421690616,-6.6878304,-1.4888442,-2.2835326,3,walking
1519421690622,-6.831449,-1.5941644,-2.3505547,3,walking
1519421690627,-6.9463434,-1.6420372,-2.360129,3,walking
1519421690636,-7.3197513,-1.79523,-2.4175766,3,walking
1519421690641,-7.4729443,-1.8431029,-2.4367256,3,walking
1519421690647,-7.6261373,-1.9101248,-2.4367256,3,walking
1519421690652,-7.9803963,-1.9771467,-2.4654493,3,walking
1519421690657,-8.124015,-2.0441687,-2.4367256,3,walking
1519421690666,-8.420826,-2.0250196,-2.4175766,3,walking
1519421690676,-8.784659,-2.168638,-2.360129,3,walking
1519421690681,-8.870831,-2.1973617,-2.3697038,3,walking
1519421690686,-8.985725,-2.2260852,-2.3505547,3,walking
1519421690692,-9.215514,-2.1973617,-2.3026817,3,walking
1519421690697,-9.301685,-2.1973617,-2.2643836,3,walking
1519421690702,-9.397431,-2.187787,-2.168638,3,walking
1519421690707,-9.397431,-2.187787,-2.168638,3,walking
1519421690712,-9.569773,-2.2069361,-2.101616,3,walking
1519421690717,-9.62722,-2.2069361,-2.0824668,3,walking
1519421690721,-9.7899885,-2.2260852,-1.9771467,3,walking
1519421690726,-9.828286,-2.2452345,-1.9196993,3,walking
1519421690731,-9.914457,-2.2452345,-1.8335283,3,walking
1519421690736,-9.971905,-2.3026817,-1.7665064,3,walking
1519421690745,-10.0868,-2.4654493,-1.4122477,3,walking
1519421690751,-10.153821,-2.5420458,-1.3548003,3,walking
1519421690755,-10.2016945,-2.5707695,-1.2973529,3,walking
1519421690765,-10.421909,-2.580344,-1.1345854,3,walking
1519421690770,-10.460207,-2.561195,-1.0675635,3,walking
1519421690776,-10.6134,-2.4367256,-1.14416,3,walking
1519421690781,-11.149575,-2.0441687,-1.3356512,3,walking
1519421690786,-11.628304,-1.7856555,-1.6133134,3,walking
1519421690791,-12.288948,-1.4601204,-1.9005502,3,walking
1519421690797,-13.035764,-1.1633091,-2.408002,3,walking
1519421690805,-14.826207,-0.665432,-3.4612036,3,walking
1519421690810,-14.902803,-0.7420284,-3.4420545,3,walking
1519421690816,-14.117689,-1.0675635,-2.7814097,3,walking
1519421690855,-9.809137,-3.0973704,-0.8473486,3,walking
1519421690863,-9.359133,-3.3080106,-0.751603,3,walking
1519421690871,-9.397431,-3.231414,-0.78032666,3,walking
1519421690877,-9.608071,-3.173967,-0.8952214,3,walking
1519421690881,-10.058076,-3.0686467,-0.99096704,3,walking
1519421690886,-10.603826,-2.9633265,-1.0962871,3,walking
1519421690892,-11.944264,-2.8101335,-1.1920328,3,walking
1519421690897,-12.557036,-2.88673,-1.2303311,3,walking
1519421690901,-13.907049,-3.0877957,-1.4409714,3,walking
1519421690945,-14.069817,-0.56968635,-3.3941817,3,walking
1519421690954,-13.552791,0.110107444,-3.671844,3,walking
1519421690961,-12.834699,0.50266445,-3.7101421,3,walking
1519421690969,-11.791071,0.30159867,-3.4324799,3,walking
1519421690973,-11.791071,0.30159867,-3.4324799,3,walking
1519421691021,-8.171887,-1.1058618,-1.6899099,3,walking
1519421691030,-7.2910275,-1.6037389,-1.4792696,3,walking
1519421691038,-7.02294,-1.9101248,-1.4601204,3,walking
1519421691046,-6.515488,-2.1973617,-1.3930986,3,walking
1519421691053,-6.0846334,-2.3026817,-1.3739494,3,walking
1519421691060,-5.960164,-2.254809,-1.383524,3,walking
1519421691066,-5.82612,-2.168638,-1.3548003,3,walking
1519421691071,-5.634629,-1.9867213,-1.4218222,3,walking
1519421691077,-5.519734,-1.9005502,-1.4601204,3,walking
1519421691081,-5.3378177,-1.7377827,-1.622888,3,walking
1519421691086,-5.309094,-1.709059,-1.6803354,3,walking
1519421691090,-5.299519,-1.7186337,-1.776081,3,walking
1519421691095,-5.28037,-1.776081,-1.9005502,3,walking
1519421691100,-5.2707953,-1.9675722,-1.9675722,3,walking
1519421691106,-5.3569665,-2.1207652,-2.015445,3,walking
1519421691111,-5.433563,-2.2643836,-2.0537431,3,walking
1519421691116,-5.5101595,-2.408002,-2.0537431,3,walking
1519421691121,-5.759098,-2.733537,-2.101616,3,walking
1519421691126,-5.8644185,-2.905879,-2.0728924,3,walking
1519421691131,-5.988888,-3.020774,-2.0250196,3,walking
1519421691136,-6.132506,-3.1165195,-1.929274,3,walking
1519421691141,-6.391019,-3.2792869,-1.8335283,3,walking
1519421691146,-6.4963393,-3.2505634,-1.7569319,3,walking
1519421691151,-6.745278,-3.2505634,-1.7377827,3,walking
1519421691157,-6.745278,-3.2505634,-1.7377827,3,walking
1519421691161,-6.9559183,-3.2697124,-1.622888,3,walking
1519421691167,-7.0612383,-3.2601378,-1.5750152,3,walking
1519421691172,-7.2240057,-3.173967,-1.4218222,3,walking
1519421691177,-7.3006024,-3.0877957,-1.3260766,3,walking
1519421691182,-7.3676243,-2.8484318,-1.2303311,3,walking
1519421691187,-7.3676243,-2.8484318,-1.2303311,3,walking
1519421691193,-7.4442205,-2.5037475,-0.9718179,3,walking
1519421691198,-7.4442205,-2.321831,-0.83777404,3,walking
1519421691203,-7.501668,-2.187787,-0.77075213,3,walking
1519421691211,-7.7601814,-1.8431029,-0.6558574,3,walking
1519421691216,-7.8367777,-1.7856555,-0.56011176,3,walking
1519421691221,-7.9133744,-1.6899099,-0.46436617,3,walking
1519421691227,-8.00912,-1.5845897,-0.37819514,3,walking
1519421691231,-8.181462,-1.3356512,-0.39734426,3,walking
1519421691237,-8.210186,-1.2399056,-0.40691882,3,walking
1519421691242,-8.2676325,-1.1537346,-0.2441513,3,walking
1519421691247,-8.334655,-1.1154363,-0.27287498,3,walking
1519421691252,-8.430401,-1.1154363,-0.2920241,3,walking
1519421691257,-8.430401,-1.1154363,-0.2920241,3,walking
1519421691263,-8.526146,-1.1345854,-0.4356425,3,walking
1519421691268,-8.602742,-1.1058618,-0.512239,3,walking
1519421691273,-8.6697645,-1.1537346,-0.63670826,3,walking
1519421691281,-8.822957,-1.2016073,-0.99096704,3,walking
1519421691286,-8.861256,-1.3165021,-1.0675635,3,walking
1519421691292,-9.100619,-1.4505459,-1.3548003,3,walking
1519421691297,-9.225089,-1.5367169,-1.4313968,3,walking
1519421691302,-9.349558,-1.6133134,-1.5175679,3,walking
1519421691307,-9.493176,-1.7282082,-1.5558661,3,walking
1519421691312,-9.617646,-1.8048047,-1.5654407,3,walking
1519421691317,-9.952756,-1.9579976,-1.5558661,3,walking
1519421691323,-10.105948,-2.1207652,-1.4122477,3,walking
1519421691327,-10.105948,-2.1207652,-1.4122477,3,walking
1519421691333,-10.316589,-2.0537431,-1.3069274,3,walking
1519421691343,-10.40276,-1.8909757,-1.2016073,3,walking
1519421691348,-10.575102,-1.6707608,-1.1824582,3,walking
1519421691353,-10.603826,-1.5462915,-1.1154363,3,walking
1519421691360,-10.833615,-1.4218222,-1.2303311,3,walking
1519421691365,-10.996383,-1.3260766,-1.3069274,3,walking
1519421691370,-11.226172,-1.2782038,-1.4313968,3,walking
1519421691378,-11.436812,-1.3165021,-1.4792696,3,walking
1519421691383,-11.522984,-1.3739494,-1.4792696,3,walking
1519421691390,-11.791071,-1.4792696,-1.4984187,3,walking
1519421691396,-11.944264,-1.5175679,-1.5845897,3,walking
1519421691401,-12.068733,-1.5654407,-1.6611862,3,walking
1519421691406,-12.164479,-1.5750152,-1.6420372,3,walking
1519421691411,-12.375119,-1.5367169,-1.7569319,3,walking
1519421691416,-12.422992,-1.4505459,-1.776081,3,walking
1519421691421,-12.509163,-1.3643749,-1.9867213,3,walking
1519421691426,-12.56661,-1.3356512,-1.9675722,3,walking
1519421691431,-12.595334,-1.2016073,-1.929274,3,walking
1519421691437,-12.528313,-1.1537346,-1.9867213,3,walking
1519421691442,-12.375119,-1.0388398,-2.101616,3,walking
1519421691447,-12.221927,-0.90479594,-2.0537431,3,walking
1519421691452,-11.858093,-0.63670826,-2.2069361,3,walking
1519421691457,-11.59958,-0.54096264,-2.1590633,3,walking
1519421691462,-11.350641,-0.46436617,-2.2165108,3,walking
1519421691467,-11.178299,-0.3877697,-2.34098,3,walking
1519421691473,-11.187874,-0.25372586,-2.5037475,3,walking
1519421691480,-12.35597,-0.062234644,-3.1165195,3,walking
1519421691485,-12.7964,-0.2441513,-3.1452432,3,walking
1519421691497,-13.150659,-1.4792696,-2.475024,3,walking
1519421691502,-12.7964,-2.4558747,-1.9196993,3,walking
1519421691507,-12.7964,-2.4558747,-1.9196993,3,walking
1519421691550,-10.0868,-2.5899186,-1.4218222,3,walking
1519421691554,-10.115523,-2.149489,-1.7473572,3,walking
1519421691559,-10.105948,-1.6994845,-1.9101248,3,walking
1519421691565,-10.172971,-1.3643749,-2.1590633,3,walking
1519421691570,-10.565528,-0.5505372,-2.5994933,3,walking
1519421691575,-10.804892,-0.17712937,-2.7909844,3,walking
1519421691579,-11.082554,0.2441513,-2.9346027,3,walking
1519421691584,-11.331492,0.5505372,-3.0973704,3,walking
1519421691590,-11.838944,1.0484143,-3.3941817,3,walking
1519421691595,-12.135756,1.2399056,-3.5473747,3,walking
1519421691604,-12.308098,1.3739494,-3.5856729,3,walking
1519421691610,-12.202777,1.2494801,-3.5378,3,walking
1519421691615,-12.087883,1.1345854,-3.5378,3,walking
1519421691620,-12.001712,0.98139244,-3.5282254,3,walking
1519421691625,-11.925115,0.8281995,-3.5856729,3,walking
1519421691629,-11.877242,0.61755913,-3.5090764,3,walking
1519421691634,-11.800646,0.46436617,-3.4612036,3,walking
1519421691640,-11.503835,0.081383765,-3.212265,3,walking
1519421691645,-11.350641,-0.05266008,-3.0494976,3,walking
1519421691654,-11.005958,-0.3877697,-2.7239625,3,walking
1519421691660,-10.699572,-0.69415563,-2.494173,3,walking
1519421691665,-10.555953,-0.8186249,-2.34098,3,walking
1519421691669,-10.431483,-0.9430942,-2.2643836,3,walking
1519421691674,-10.268716,-1.0388398,-2.1399143,3,walking
1519421691680,-10.19212,-1.2590547,-2.015445,3,walking
1519421691685,-10.2016945,-1.3930986,-2.0250196,3,walking
1519421691694,-10.220843,-1.5271424,-2.015445,3,walking
1519421691700,-10.058076,-1.5654407,-1.9962958,3,walking
1519421691705,-9.96233,-1.5654407,-2.101616,3,walking
1519421691710,-9.732541,-1.4888442,-2.2069361,3,walking
1519421691715,-9.560199,-1.4505459,-2.2069361,3,walking
1519421691719,-9.445304,-1.3643749,-2.2165108,3,walking
1519421691724,-9.31126,-1.2494801,-2.2931073,3,walking
1519421691730,-8.918703,-1.0388398,-2.360129,3,walking
1519421691735,-8.803808,-0.99096704,-2.3984275,3,walking
1519421691740,-8.851681,-1.0196906,-2.4845984,3,walking
1519421691745,-8.755936,-1.1537346,-2.7431116,3,walking
1519421691750,-8.353804,-1.0101161,-2.7048132,3,walking
1519421691754,-8.21976,-0.9622433,-2.6377914,3,walking
1519421691759,-8.133589,-0.8186249,-2.647366,3,walking
1519421691764,-8.056993,-0.78990126,-2.6186423,3,walking
1519421691770,-7.8367777,-0.7420284,-2.6186423,3,walking
1519421691776,-7.7314577,-0.64628285,-2.408002,3,walking
1519421691780,-7.5208173,-0.40691882,-2.2835326,3,walking
1519421691786,-7.4250717,-0.23457673,-2.2260852,3,walking
1519421691790,-7.2910275,-0.17712937,-2.1399143,3,walking
1519421691796,-7.195282,-0.17712937,-2.2165108,3,walking
1519421691800,-6.8793216,-0.14840569,-2.034594,3,walking
1519421691806,-6.764427,-0.19627848,-1.9579976,3,walking
1519421691811,-6.6495323,-0.359046,-1.9101248,3,walking
1519421691816,-6.639958,-0.512239,-1.948423,3,walking
1519421691821,-6.6208086,-0.6079846,-1.9388485,3,walking
1519421691826,-6.6208086,-0.7420284,-1.929274,3,walking
1519421691832,-6.630383,-1.0388398,-2.0250196,3,walking
1519421691837,-6.668681,-1.2303311,-2.0441687,3,walking
1519421691842,-6.7740016,-1.469695,-2.0250196,3,walking
1519421691847,-6.7740016,-1.469695,-2.0250196,3,walking
1519421691852,-6.8601727,-1.5175679,-2.034594,3,walking
1519421691862,-7.089962,-1.7377827,-2.2643836,3,walking
1519421691869,-7.156984,-1.8048047,-2.321831,3,walking
1519421691874,-7.281453,-1.8814012,-2.427151,3,walking
1519421691880,-7.348475,-1.8909757,-2.4367256,3,walking
1519421691885,-7.3771987,-1.8909757,-2.4654493,3,walking
1519421691890,-7.46337,-1.9101248,-2.4463003,3,walking
1519421691895,-7.5208173,-1.8814012,-2.4367256,3,walking
1519421691900,-7.5399666,-1.8431029,-2.427151,3,walking
1519421691906,-7.587839,-1.8048047,-2.4463003,3,walking
1519421691910,-7.616563,-1.6611862,-2.408002,3,walking
1519421691916,-7.616563,-1.6420372,-2.2931073,3,walking
1519421691921,-7.5974135,-1.5079932,-2.2260852,3,walking
1519421691926,-7.5974135,-1.5079932,-2.2260852,3,walking
1519421691931,-7.5303917,-1.4984187,-2.1973617,3,walking
1519421691935,-7.549541,-1.4409714,-2.149489,3,walking
1519421691939,-7.5399666,-1.4313968,-2.1111906,3,walking
1519421691944,-7.482519,-1.383524,-2.0824668,3,walking
1519421691950,-7.3676243,-1.3452257,-2.015445,3,walking
1519421691955,-7.243155,-1.3356512,-2.0058703,3,walking
1519421691960,-7.12826,-1.3260766,-1.929274,3,walking
1519421691965,-7.089962,-1.3739494,-1.8909757,3,walking
1519421691970,-7.0612383,-1.383524,-1.8909757,3,walking
1519421691975,-7.0133657,-1.4218222,-1.9196993,3,walking
1519421691980,-6.975067,-1.4792696,-1.8335283,3,walking
1519421691985,-6.984642,-1.5558661,-1.8239537,3,walking
1519421691990,-7.003791,-1.5941644,-1.7856555,3,walking
1519421691995,-6.9942164,-1.6516117,-1.7665064,3,walking
1519421692000,-7.051664,-1.709059,-1.7665064,3,walking
1519421692004,-7.1474094,-1.8048047,-1.8143792,3,walking
1519421692013,-7.3006024,-2.0058703,-1.8814012,3,walking
1519421692019,-7.501668,-2.1111906,-1.8431029,3,walking
1519421692025,-7.664436,-2.149489,-1.8909757,3,walking
1519421692029,-8.028269,-2.168638,-1.9675722,3,walking
1519421692035,-8.171887,-2.2165108,-1.9867213,3,walking
1519421692040,-8.353804,-2.2356598,-1.9771467,3,walking
1519421692045,-8.535721,-2.2069361,-1.9771467,3,walking
1519421692051,-8.928278,-2.101616,-1.9962958,3,walking
1519421692056,-9.18679,-2.0058703,-2.0058703,3,walking
1519421692060,-9.407005,-1.9675722,-1.9962958,3,walking
1519421692065,-9.675094,-1.8814012,-2.0537431,3,walking
1519421692070,-10.211268,-1.7856555,-2.187787,3,walking
1519421692075,-10.40276,-1.7377827,-2.2165108,3,walking
1519421692080,-10.642124,-1.7186337,-2.2452345,3,walking
1519421692085,-10.862339,-1.6420372,-2.2931073,3,walking
1519421692090,-11.187874,-1.5750152,-2.2643836,3,walking
1519421692095,-11.302769,-1.5845897,-2.2069361,3,walking
1519421692100,-11.4272375,-1.6324625,-2.0441687,3,walking
1519421692105,-11.4272375,-1.6324625,-2.0441687,3,walking
1519421692109,-11.475111,-1.7473572,-1.79523,3,walking
1519421692114,-11.503835,-1.8143792,-1.6803354,3,walking
1519421692123,-11.475111,-2.101616,-1.3739494,3,walking
1519421692129,-11.417664,-2.168638,-1.2973529,3,walking
1519421692135,-11.436812,-2.2835326,-1.2494801,3,walking
1519421692140,-11.542132,-2.4175766,-1.14416,3,walking
1519421692146,-11.637878,-2.4367256,-1.1345854,3,walking
1519421692150,-11.838944,-2.427151,-1.2303311,3,walking
1519421692156,-12.576185,-2.2260852,-1.6133134,3,walking
1519421692161,-13.198531,-2.1111906,-1.8718265,3,walking
1519421692166,-13.830453,-1.9771467,-2.2069361,3,walking
1519421692173,-14.960251,-1.8048047,-2.8101335,3,walking
1519421692180,-15.08472,-1.8143792,-2.867581,3,walking
1519421692184,-14.835781,-1.8814012,-2.6569405,3,walking
1519421692225,-10.010203,-2.2069361,-0.46436617,3,walking
1519421692234,-9.244238,-1.9196993,-0.3398969,3,walking
1519421692244,-8.564445,-1.8048047,-0.25372586,3,walking
1519421692249,-8.497422,-2.034594,-0.71330476,3,walking
1519421692254,-8.535721,-2.149489,-0.56011176,3,walking
1519421692258,-8.7750845,-2.3984275,-0.63670826,3,walking
1519421692263,-9.29211,-2.4558747,-0.92394507,3,walking
1519421692269,-10.096374,-2.4558747,-0.78990126,3,walking
1519421692294,-13.035764,-2.494173,-1.6516117,3,walking
1519421692299,-13.150659,-2.2739582,-1.9101248,3,walking
1519421692305,-13.074062,-2.0441687,-2.0633178,3,walking
1519421692313,-12.595334,-1.4888442,-2.3697038,3,walking
1519421692319,-12.049584,-1.0101161,-2.561195,3,walking
1519421692324,-11.819795,-0.83777404,-2.7431116,3,walking
1519421692328,-11.637878,-0.7228793,-2.88673,3,walking
1519421692333,-11.38894,-0.6271337,-3.0111992,3,walking
1519421692339,-11.101703,-0.61755913,-3.059072,3,walking
1519421692344,-10.431483,-0.78990126,-2.905879,3,walking
1519421692348,-10.431483,-0.78990126,-2.905879,3,walking
1519421692353,-10.029352,-0.9622433,-2.7718353,3,walking
1519421692359,-9.933606,-1.0675635,-2.6856642,3,walking
1519421692364,-9.828286,-1.0579889,-2.4367256,3,walking
1519421692369,-9.799562,-1.0292653,-2.3984275,3,walking
1519421692374,-9.799562,-1.0484143,-2.3122563,3,walking
1519421692379,-9.579348,-1.0867126,-2.1303396,3,walking
1519421692384,-9.368708,-1.14416,-1.9675722,3,walking
1519421692393,-8.928278,-1.1537346,-1.7665064,3,walking
1519421692399,-8.420826,-1.1345854,-1.7377827,3,walking
1519421692404,-8.21976,-1.0867126,-1.5845897,3,walking
1519421692409,-7.788905,-1.0388398,-1.383524,3,walking
1519421692414,-7.5303917,-1.0388398,-1.2686293,3,walking
1519421692419,-7.310177,-1.0101161,-1.2686293,3,walking
1519421692424,-7.089962,-1.0101161,-1.1728836,3,walking
1519421692429,-6.697405,-1.0579889,-1.1154363,3,walking
1519421692435,-6.4963393,-1.0771381,-1.0962871,3,walking
1519421692439,-6.3527207,-1.0675635,-1.1345854,3,walking
1519421692444,-6.1899533,-1.0962871,-1.1728836,3,walking
1519421692449,-5.9314404,-1.2303311,-1.3260766,3,walking
1519421692454,-5.835695,-1.2782038,-1.5367169,3,walking
1519421692463,-5.682502,-1.4792696,-1.7473572,3,walking
1519421692469,-5.605905,-1.6420372,-2.0537431,3,walking
1519421692474,-5.567607,-1.7569319,-2.1111906,3,walking
1519421692479,-5.5580325,-1.9675722,-2.3888528,3,walking
1519421692484,-5.586756,-2.0633178,-2.4845984,3,walking
1519421692489,-5.644203,-2.2069361,-2.580344,3,walking
1519421692495,-5.739949,-2.3505547,-2.6090677,3,walking
1519421692499,-5.941015,-2.5707695,-2.6186423,3,walking
1519421692505,-6.065484,-2.6760898,-2.6090677,3,walking
1519421692509,-6.1899533,-2.7622607,-2.5899186,3,walking
1519421692515,-6.285699,-2.819708,-2.5420458,3,walking
1519421692520,-6.5537868,-2.819708,-2.3697038,3,walking
1519421692525,-6.6495323,-2.8101335,-2.3792782,3,walking
1519421692530,-6.9080453,-2.7814097,-2.168638,3,walking
1519421692535,-7.0133657,-2.7814097,-2.1207652,3,walking
1519421692541,-7.2240057,-2.6760898,-1.9771467,3,walking
1519421692546,-7.2240057,-2.6760898,-1.9771467,3,walking
1519421692551,-7.3771987,-2.513322,-1.862252,3,walking
1519421692561,-7.4442205,-2.360129,-1.776081,3,walking
1519421692565,-7.46337,-2.3122563,-1.776081,3,walking
1519421692569,-7.654861,-2.2260852,-1.7186337,3,walking
1519421692574,-7.654861,-2.149489,-1.6324625,3,walking
1519421692578,-7.6740103,-2.0441687,-1.5941644,3,walking
1519421692583,-7.7506065,-1.9388485,-1.5462915,3,walking
1519421692589,-7.788905,-1.7665064,-1.4026731,3,walking
1519421692594,-7.8176284,-1.6803354,-1.3930986,3,walking
1519421692598,-7.855927,-1.6133134,-1.3165021,3,walking
1519421692602,-7.9037995,-1.5750152,-1.2782038,3,walking
1519421692609,-7.9420977,-1.4984187,-1.2207564,3,walking
1519421692613,-8.056993,-1.4984187,-1.14416,3,walking
1519421692618,-8.056993,-1.4984187,-1.14416,3,walking
1519421692623,-8.181462,-1.5367169,-1.0962871,3,walking
1519421692629,-8.23891,-1.622888,-0.9526688,3,walking
1519421692633,-8.353804,-1.6803354,-1.0005416,3,walking
1519421692642,-8.526146,-1.6803354,-0.8090504,3,walking
1519421692648,-8.755936,-1.6899099,-0.76117754,3,walking
1519421692653,-8.832532,-1.7186337,-0.69415563,3,walking
1519421692658,-9.043172,-1.6611862,-0.6558574,3,walking
1519421692663,-9.158067,-1.6420372,-0.6271337,3,walking
1519421692668,-9.225089,-1.622888,-0.6845811,3,walking
1519421692673,-9.31126,-1.5654407,-0.69415563,3,walking
1519421692678,-9.407005,-1.4122477,-0.6750065,3,walking
1519421692683,-9.474028,-1.3165021,-0.71330476,3,walking
1519421692688,-9.493176,-1.2207564,-0.77075213,3,walking
1519421692693,-9.54105,-1.14416,-0.8186249,3,walking
1519421692698,-9.6942425,-0.98139244,-0.93351966,3,walking
1519421692704,-9.722966,-0.91437054,-0.9718179,3,walking
1519421692713,-9.828286,-0.8952214,-1.0388398,3,walking
1519421692719,-10.096374,-0.90479594,-1.0484143,3,walking
1519421692723,-10.220843,-0.9718179,-1.14416,3,walking
1519421692732,-10.584677,-1.1633091,-1.2016073,3,walking
1519421692738,-11.101703,-1.3930986,-1.4409714,3,walking
1519421692743,-11.4272375,-1.4409714,-1.5654407,3,walking
1519421692748,-11.925115,-1.6611862,-1.6037389,3,walking
1519421692753,-12.212352,-1.8239537,-1.6611862,3,walking
1519421692758,-12.403843,-1.9675722,-1.709059,3,walking
1519421692763,-12.662356,-2.101616,-1.79523,3,walking
1519421692768,-12.8538475,-2.2452345,-1.8335283,3,walking
1519421692773,-13.02619,-2.4175766,-1.7569319,3,walking
1519421692778,-12.968742,-2.3888528,-1.6899099,3,walking
1519421692783,-12.892146,-2.34098,-1.6420372,3,walking
1519421692789,-12.576185,-2.1782124,-1.4792696,3,walking
1519421692794,-12.327247,-2.101616,-1.4601204,3,walking
1519421692802,-11.972988,-1.9388485,-1.3069274,3,walking
1519421692809,-11.542132,-1.7473572,-1.2111819,3,walking
1519421692813,-11.350641,-1.6803354,-1.1633091,3,walking
1519421692822,-11.025106,-1.5845897,-1.3165021,3,walking
1519421692828,-10.632549,-1.4218222,-1.2494801,3,walking
1519421692833,-10.412334,-1.3739494,-1.2399056,3,walking
1519421692839,-10.010203,-1.3643749,-1.4026731,3,walking
1519421692843,-9.876159,-1.2973529,-1.5175679,3,walking
1519421692848,-9.837861,-1.2782038,-1.6516117,3,walking
1519421692853,-9.924032,-1.1824582,-1.7856555,3,walking
1519421692858,-10.517654,-0.9718179,-2.2356598,3,walking
1519421692863,-11.140001,-0.98139244,-2.4558747,3,walking
1519421692867,-11.771922,-1.0675635,-2.5420458,3,walking
1519421692874,-12.3463955,-1.3643749,-2.5228968,3,walking
1519421692879,-12.997466,-2.1399143,-2.2356598,3,walking
1519421692883,-13.083637,-2.6952388,-2.0824668,3,walking
1519421692927,-9.770839,-3.2601378,-1.2111819,3,walking
1519421692936,-9.167642,-2.6856642,-1.5079932,3,walking
1519421692945,-8.899554,-2.0537431,-1.79523,3,walking
1519421692951,-8.832532,-1.776081,-1.9101248,3,walking
1519421692956,-8.985725,-1.2590547,-2.1399143,3,walking
1519421692961,-9.138918,-1.0867126,-2.3026817,3,walking
1519421692966,-9.474028,-0.90479594,-2.408002,3,walking
1519421692970,-9.828286,-0.78032666,-2.5324712,3,walking
1519421692997,-12.451715,-1.4409714,-2.5516202,3,walking
1519421693001,-12.949593,-1.6037389,-2.6377914,3,walking
1519421693008,-13.093211,-1.6420372,-2.7048132,3,walking
1519421693015,-13.179382,-1.709059,-2.7239625,3,walking
1519421693020,-13.188957,-1.6803354,-2.8101335,3,walking
1519421693024,-13.13151,-1.6516117,-2.819708,3,walking
1519421693028,-12.997466,-1.7473572,-2.819708,3,walking
1519421693033,-12.892146,-1.7186337,-2.7814097,3,walking
1519421693038,-12.56661,-1.5654407,-2.733537,3,walking
1519421693043,-12.327247,-1.4888442,-2.6760898,3,walking
1519421693052,-11.82937,-1.1824582,-2.5420458,3,walking
1519421693058,-11.197449,-0.99096704,-2.427151,3,walking
1519421693063,-10.862339,-0.98139244,-2.3697038,3,walking
1519421693068,-10.565528,-0.9622433,-2.2931073,3,walking
1519421693074,-10.259142,-1.0005416,-2.2356598,3,walking
1519421693078,-9.761265,-0.91437054,-2.1111906,3,walking
1519421693083,-9.435729,-0.9526688,-2.1303396,3,walking
1519421693088,-8.822957,-0.9622433,-2.0824668,3,walking
1519421693093,-8.631466,-0.99096704,-2.0537431,3,walking
1519421693098,-8.411251,-0.98139244,-1.9675722,3,walking
1519421693103,-8.191036,-0.98139244,-1.8335283,3,walking
1519421693108,-7.894225,-1.0484143,-1.6420372,3,walking
1519421693113,-7.7793303,-1.0579889,-1.5845897,3,walking
1519421693118,-7.7601814,-1.1154363,-1.5845897,3,walking
1519421693123,-7.693159,-1.1728836,-1.5750152,3,walking
1519421693128,-7.654861,-1.3069274,-1.5175679,3,walking
1519421693134,-7.616563,-1.2877784,-1.4409714,3,walking
1519421693139,-7.6740103,-1.3260766,-1.4122477,3,walking
1519421693143,-7.741032,-1.4409714,-1.5654407,3,walking
1519421693148,-7.5208173,-1.4313968,-1.5654407,3,walking
1519421693153,-7.5208173,-1.4313968,-1.5558661,3,walking
1519421693158,-7.6069884,-1.4792696,-1.709059,3,walking
1519421693163,-7.664436,-1.5175679,-1.7186337,3,walking
1519421693168,-7.721883,-1.3930986,-1.6994845,3,walking
1519421693174,-7.8367777,-1.4888442,-1.8526775,3,walking
1519421693178,-7.999545,-1.5654407,-1.9579976,3,walking
1519421693184,-7.999545,-1.6133134,-1.9867213,3,walking
1519421693188,-8.076141,-1.6133134,-1.9388485,3,walking
1519421693194,-8.152739,-1.5845897,-1.9579976,3,walking
1519421693199,-8.334655,-1.5271424,-1.9771467,3,walking
1519421693204,-8.420826,-1.4984187,-1.9962958,3,walking
1519421693209,-8.44955,-1.4409714,-2.0058703,3,walking
1519421693214,-8.363379,-1.3739494,-1.9675722,3,walking
1519421693220,-8.305931,-1.3643749,-2.015445,3,walking
1519421693224,-8.229335,-1.3356512,-2.034594,3,walking
1519421693230,-8.1623125,-1.3356512,-2.0824668,3,walking
1519421693234,-8.066567,-1.3643749,-2.101616,3,walking
1519421693239,-7.9803963,-1.4218222,-2.1399143,3,walking
1519421693243,-7.9037995,-1.4409714,-2.1111906,3,walking
1519421693248,-7.808054,-1.4409714,-2.101616,3,walking
1519421693253,-7.6740103,-1.4984187,-2.0728924,3,walking
1519421693258,-7.46337,-1.6037389,-1.9196993,3,walking
1519421693263,-7.35805,-1.6707608,-1.8431029,3,walking
1519421693268,-7.3197513,-1.7665064,-1.5750152,3,walking
1519421693274,-7.2910275,-1.7569319,-1.4218222,3,walking
1519421693278,-7.329326,-1.8048047,-1.2973529,3,walking
1519421693283,-7.3676243,-1.862252,-1.1537346,3,walking
1519421693288,-7.5782647,-1.9005502,-0.98139244,3,walking
1519421693293,-7.7984796,-1.9101248,-0.9718179,3,walking
1519421693298,-7.9325233,-1.9388485,-0.98139244,3,walking
1519421693303,-8.104865,-1.9675722,-1.0388398,3,walking
1519421693308,-8.296356,-2.015445,-1.1920328,3,walking
1519421693313,-8.363379,-2.015445,-1.2973529,3,walking
1519421693318,-8.363379,-1.9962958,-1.3356512,3,walking
1519421693323,-8.296356,-2.015445,-1.4984187,3,walking
1519421693328,-8.296356,-1.9867213,-1.776081,3,walking
1519421693334,-8.248484,-1.948423,-1.862252,3,walking
1519421693338,-8.171887,-1.9675722,-2.0728924,3,walking
1519421693344,-8.171887,-1.9675722,-2.0728924,3,walking
1519421693349,-8.076141,-2.101616,-2.3026817,3,walking
1519421693354,-8.076141,-2.1782124,-2.360129,3,walking
1519421693359,-8.056993,-2.187787,-2.408002,3,walking
1519421693364,-8.085716,-2.187787,-2.4367256,3,walking
1519421693369,-8.056993,-2.254809,-2.3888528,3,walking
1519421693375,-8.056993,-2.3792782,-2.3314054,3,walking
1519421693380,-8.056993,-2.3888528,-2.2835326,3,walking
1519421693385,-8.076141,-2.4654493,-2.2643836,3,walking
1519421693390,-8.018694,-2.5420458,-2.0920415,3,walking
1519421693395,-8.085716,-2.561195,-2.034594,3,walking
1519421693400,-8.171887,-2.5037475,-2.034594,3,walking
1519421693405,-8.21976,-2.4845984,-1.9675722,3,walking
1519421693410,-8.363379,-2.4463003,-1.9962958,3,walking
1519421693420,-8.612317,-2.494173,-1.8909757,3,walking
1519421693425,-8.679339,-2.4845984,-1.8143792,3,walking
1519421693430,-8.889979,-2.4558747,-1.8431029,3,walking
1519421693438,-9.138918,-2.4463003,-1.776081,3,walking
1519421693443,-9.272962,-2.4845984,-1.7377827,3,walking
1519421693448,-9.531475,-2.5228968,-1.5654407,3,walking
1519421693453,-9.675094,-2.5420458,-1.4505459,3,walking
1519421693458,-9.818711,-2.5516202,-1.3643749,3,walking
1519421693463,-9.904882,-2.513322,-1.2686293,3,walking
1519421693468,-10.077225,-2.5228968,-1.0675635,3,walking
1519421693474,-10.163396,-2.475024,-1.0579889,3,walking
1519421693478,-10.239992,-2.4463003,-0.9718179,3,walking
1519421693484,-10.29744,-2.3505547,-0.9718179,3,walking
1519421693488,-10.29744,-2.2643836,-0.90479594,3,walking
1519421693493,-10.230418,-2.2452345,-0.8760723,3,walking
1519421693498,-10.115523,-2.0441687,-0.78990126,3,walking
1519421693504,-10.115523,-2.0441687,-0.78990126,3,walking
1519421693509,-10.019777,-1.8526775,-0.8281995,3,walking
1519421693514,-9.96233,-1.7856555,-0.7994758,3,walking
1519421693519,-9.847435,-1.5750152,-0.83777404,3,walking
1519421693524,-9.770839,-1.4505459,-0.91437054,3,walking
1519421693529,-9.665519,-1.3452257,-0.90479594,3,walking
1519421693534,-9.502751,-1.0962871,-0.98139244,3,walking
1519421693539,-9.512326,-0.98139244,-1.0771381,3,walking
1519421693544,-9.742115,-0.8281995,-1.3260766,3,walking
1519421693549,-10.565528,-0.5218136,-1.9196993,3,walking
1519421693554,-11.063405,-0.45479164,-2.1973617,3,walking
1519421693559,-11.522984,-0.5218136,-2.5037475,3,walking
1519421693564,-11.896391,-0.63670826,-2.7048132,3,walking
1519421693570,-12.164479,-1.0005416,-2.6377914,3,walking
1519421693596,-11.36979,-2.5516202,-1.8239537,3,walking
1519421693601,-11.063405,-2.733537,-1.6803354,3,walking
1519421693605,-10.709146,-2.867581,-1.5654407,3,walking
1519421693610,-10.383611,-2.9250283,-1.4792696,3,walking
1519421693619,-9.713391,-2.8484318,-1.3548003,3,walking
1519421693624,-9.407005,-2.752686,-1.3739494,3,walking
1519421693628,-8.9761505,-2.4845984,-1.469695,3,walking
1519421693633,-8.842107,-2.2643836,-1.5079932,3,walking
1519421693662,-10.393186,-1.1537346,-1.9867213,3,walking
1519421693667,-10.785743,-1.1824582,-2.0441687,3,walking
1519421693672,-11.666602,-1.3930986,-2.0441687,3,walking
1519421693677,-12.049584,-1.4984187,-2.0824668,3,walking
1519421693698,-12.710229,-2.0058703,-2.4463003,3,walking
1519421693703,-12.710229,-2.0058703,-2.4463003,3,walking
1519421693708,-12.3463955,-2.0633178,-2.5707695,3,walking
1519421693735,-11.082554,-2.0250196,-3.0016246,3,walking
1519421693739,-10.804892,-2.034594,-2.905879,3,walking
1519421693744,-10.584677,-2.0250196,-2.8101335,3,walking
1519421693748,-10.364462,-1.9962958,-2.752686,3,walking
1519421693753,-10.125097,-2.015445,-2.5707695,3,walking
1519421693757,-9.780414,-2.0920415,-2.321831,3,walking
1519421693762,-9.397431,-2.34098,-2.0633178,3,walking
1519421693766,-9.215514,-2.3314054,-1.8718265,3,walking
1519421693771,-9.004874,-2.427151,-1.7569319,3,walking
1519421693777,-8.6697645,-2.513322,-1.622888,3,walking
1519421693782,-8.564445,-2.3697038,-1.469695,3,walking
1519421693787,-8.296356,-2.2931073,-1.2207564,3,walking
1519421693792,-7.961247,-2.3122563,-1.0579889,3,walking
1519421693797,-7.6069884,-2.321831,-1.0675635,3,walking
1519421693802,-7.511243,-2.3122563,-0.9622433,3,walking
1519421693807,-7.2910275,-2.149489,-0.78990126,3,walking
1519421693813,-7.2527294,-2.1590633,-0.8856468,3,walking
1519421693818,-7.4442205,-2.187787,-1.1920328,3,walking
1519421693823,-7.434646,-2.187787,-1.1728836,3,walking
1519421693828,-6.831449,-2.427151,-1.0484143,3,walking
1519421693833,-6.9080453,-2.2835326,-1.1920328,3,walking
1519421693838,-6.850598,-2.475024,-1.3739494,3,walking
1519421693844,-6.850598,-2.475024,-1.3739494,3,walking
1519421693848,-6.764427,-2.513322,-1.3260766,3,walking
1519421693853,-6.7740016,-2.5037475,-1.3452257,3,walking
1519421693857,-6.7261286,-2.4558747,-1.3930986,3,walking
1519421693862,-6.678256,-2.427151,-1.4122477,3,walking
1519421693867,-6.6495323,-2.4463003,-1.5175679,3,walking
1519421693872,-6.6208086,-2.5037475,-1.5367169,3,walking
1519421693877,-6.6495323,-2.494173,-1.4984187,3,walking
1519421693881,-6.6878304,-2.5707695,-1.4888442,3,walking
1519421693887,-6.8601727,-2.6282167,-1.5558661,3,walking
1519421693893,-6.9559183,-2.6377914,-1.5367169,3,walking
1519421693897,-7.156984,-2.6760898,-1.5175679,3,walking
1519421693903,-7.2910275,-2.6377914,-1.469695,3,walking
1519421693907,-7.4250717,-2.6377914,-1.4122477,3,walking
1519421693912,-7.501668,-2.5994933,-1.3643749,3,walking
1519421693917,-7.635712,-2.6282167,-1.3356512,3,walking
1519421693921,-7.8655014,-2.561195,-1.2399056,3,walking
1519421693926,-7.9708214,-2.5037475,-1.14416,3,walking
1519421693932,-8.056993,-2.513322,-1.14416,3,walking
1519421693937,-8.095291,-2.475024,-1.0771381,3,walking
1519421693942,-8.229335,-2.4558747,-1.0484143,3,walking
1519421693947,-8.2676325,-2.3888528,-1.0101161,3,walking
1519421693952,-8.296356,-2.3984275,-1.0101161,3,walking
1519421693957,-8.411251,-2.3026817,-1.0196906,3,walking
1519421693962,-8.459125,-2.3792782,-1.0101161,3,walking
1519421693967,-8.593168,-2.3888528,-0.98139244,3,walking
1519421693973,-8.631466,-2.408002,-0.99096704,3,walking
1519421693978,-8.66019,-2.408002,-0.9526688,3,walking
1519421693983,-8.717637,-2.3984275,-0.9430942,3,walking
1519421693988,-8.861256,-2.3984275,-0.90479594,3,walking
1519421693993,-8.889979,-2.408002,-0.8856468,3,walking
1519421693997,-8.918703,-2.3697038,-0.8952214,3,walking
1519421694003,-8.957002,-2.321831,-0.8856468,3,walking
1519421694008,-8.957002,-2.2739582,-0.8856468,3,walking
1519421694013,-8.947427,-2.2643836,-0.8952214,3,walking
1519421694018,-8.995299,-2.168638,-0.99096704,3,walking
1519421694023,-9.014449,-2.149489,-0.99096704,3,walking
1519421694029,-9.004874,-2.0824668,-1.0388398,3,walking
1519421694034,-9.024023,-2.0058703,-1.0771381,3,walking
1519421694039,-9.062322,-1.9101248,-1.1154363,3,walking
1519421694044,-9.100619,-1.8431029,-1.1537346,3,walking
1519421694048,-9.052747,-1.776081,-1.1920328,3,walking
1519421694052,-9.129343,-1.6994845,-1.1728836,3,walking
1519421694057,-9.129343,-1.6707608,-1.1920328,3,walking
1519421694061,-9.244238,-1.776081,-1.0962871,3,walking
1519421694066,-9.320834,-1.8335283,-1.0579889,3,walking
1519421694072,-9.3878565,-1.929274,-1.0005416,3,walking
1519421694077,-9.550624,-2.0537431,-0.91437054,3,walking
1519421694081,-9.608071,-2.1111906,-0.8090504,3,walking
1519421694086,-9.684668,-2.187787,-0.76117754,3,walking
1519421694092,-9.6942425,-2.2356598,-0.6558574,3,walking
1519421694096,-9.761265,-2.321831,-0.6079846,3,walking
1519421694101,-9.933606,-2.4175766,-0.512239,3,walking
1519421694106,-10.058076,-2.4367256,-0.40691882,3,walking
1519421694112,-10.211268,-2.427151,-0.36862057,3,walking
1519421694116,-10.307014,-2.3888528,-0.359046,3,walking
1519421694122,-10.517654,-2.321831,-0.34947145,3,walking
1519421694127,-10.699572,-2.2452345,-0.4164934,3,walking
1519421694131,-10.833615,-2.1782124,-0.46436617,3,walking
1519421694136,-10.986808,-2.101616,-0.44521707,3,walking
1519421694141,-11.331492,-2.1303396,-0.47394073,3,walking
1519421694147,-11.513409,-2.2452345,-0.5313881,3,walking
1519421694152,-11.561282,-2.2739582,-0.512239,3,walking
1519421694157,-11.484685,-2.34098,-0.46436617,3,walking
1519421694162,-11.455961,-2.3792782,-0.4164934,3,walking
1519421694167,-11.398514,-2.2739582,-0.5313881,3,walking
1519421694173,-11.245321,-2.2260852,-0.5505372,3,walking
1519421694177,-11.149575,-2.1399143,-0.64628285,3,walking
1519421694183,-11.082554,-1.9579976,-0.7420284,3,walking
1519421694188,-10.852764,-1.79523,-0.78032666,3,walking
1519421694192,-10.82404,-1.6037389,-0.90479594,3,walking
1519421694197,-10.709146,-1.4601204,-0.99096704,3,walking
1519421694201,-10.651698,-1.2782038,-1.1824582,3,walking
1519421694207,-10.900637,-0.8473486,-1.6133134,3,walking
1519421694211,-11.178299,-0.61755913,-1.8718265,3,walking
1519421694216,-11.666602,-0.40691882,-2.149489,3,walking
1519421694221,-12.260224,-0.33032233,-2.427151,3,walking
1519421694228,-13.476193,-0.56968635,-2.3984275,3,walking
1519421694234,-14.290031,-1.4026731,-1.929274,3,walking
1519421694239,-14.500671,-1.9675722,-1.7282082,3,walking
1519421694244,-14.53897,-2.5228968,-1.4505459,3,walking
1519421694249,-14.452799,-3.5760984,-0.92394507,3,walking
1519421694253,-14.232584,-4.0261025,-0.7420284,3,walking
1519421694280,-11.771922,-4.1409974,-1.0292653,3,walking
1519421694288,-11.140001,-3.758015,-1.3739494,3,walking
1519421694297,-10.469782,-3.2601378,-1.6994845,3,walking
1519421694314,-9.560199,-2.7048132,-1.9771467,3,walking
1519421694319,-9.397431,-2.3505547,-2.015445,3,walking
1519421694323,-9.502751,-1.9675722,-2.187787,3,walking
1519421694327,-9.655944,-1.8048047,-2.2931073,3,walking
1519421694332,-9.828286,-1.6516117,-2.3888528,3,walking
1519421694359,-11.810221,-1.1250108,-2.666515,3,walking
1519421694367,-12.193203,-1.2877784,-2.7909844,3,walking
1519421694375,-12.825124,-1.5845897,-3.0016246,3,walking
1519421694383,-13.485768,-1.9867213,-3.1835413,3,walking
1519421694391,-13.6676855,-2.34098,-3.5090764,3,walking
1519421694399,-13.485768,-2.3314054,-3.3941817,3,walking
1519421694407,-13.562365,-2.3505547,-2.9537518,3,walking
1519421694414,-13.332576,-2.4175766,-2.7048132,3,walking
1519421694419,-13.246405,-2.427151,-2.5899186,3,walking
1519421694423,-13.121935,-2.4367256,-2.5420458,3,walking
1519421694427,-13.00704,-2.3314054,-2.427151,3,walking
1519421694432,-12.767676,-2.2452345,-2.4654493,3,walking
1519421694436,-12.269799,-2.149489,-2.513322,3,walking
1519421694441,-11.953838,-2.1111906,-2.4558747,3,walking
1519421694445,-11.647452,-2.0250196,-2.4558747,3,walking
1519421694450,-11.28362,-1.9675722,-2.2931073,3,walking
1519421694456,-10.986808,-1.8718265,-2.2452345,3,walking
1519421694461,-10.316589,-1.8048047,-2.2069361,3,walking
1519421694466,-10.038927,-1.709059,-2.1782124,3,walking
1519421694471,-9.85701,-1.6133134,-2.149489,3,walking
1519421694476,-9.435729,-1.5175679,-2.1590633,3,walking
1519421694481,-9.167642,-1.5079932,-2.1590633,3,walking
1519421694486,-8.909128,-1.5079932,-2.0920415,3,walking
1519421694491,-8.736787,-1.5271424,-2.0728924,3,walking
1519421694496,-8.583593,-1.5654407,-2.2452345,3,walking
1519421694502,-8.459125,-1.6707608,-2.1782124,3,walking
1519421694506,-8.34423,-1.8239537,-2.4367256,3,walking
1519421694511,-8.277207,-1.8814012,-2.4175766,3,walking
1519421694516,-8.229335,-1.9101248,-2.427151,3,walking
1519421694521,-8.200611,-1.9196993,-2.427151,3,walking
1519421694526,-8.210186,-1.9675722,-2.3888528,3,walking
1519421694532,-8.248484,-2.034594,-2.475024,3,walking
1519421694536,-8.210186,-2.0633178,-2.5324712,3,walking
1519421694541,-8.210186,-2.0250196,-2.561195,3,walking
1519421694546,-8.191036,-2.034594,-2.5707695,3,walking
1519421694551,-8.181462,-1.9771467,-2.6186423,3,walking
1519421694556,-8.11444,-1.9675722,-2.6186423,3,walking
1519421694561,-8.11444,-1.9675722,-2.6186423,3,walking
1519421694567,-8.018694,-1.9388485,-2.5994933,3,walking
1519421694572,-7.9325233,-1.9005502,-2.580344,3,walking
1519421694577,-7.8655014,-1.8239537,-2.6090677,3,walking
1519421694582,-7.8655014,-1.8239537,-2.6090677,3,walking
1519421694586,-7.6452866,-1.79523,-2.4654493,3,walking
1519421694592,-7.5974135,-1.776081,-2.408002,3,walking
1519421694596,-7.482519,-1.79523,-2.34098,3,walking
1519421694601,-7.3771987,-1.7569319,-2.3026817,3,walking
1519421694605,-7.396348,-1.7377827,-2.3122563,3,walking
1519421694611,-7.396348,-1.709059,-2.3122563,3,walking
1519421694616,-7.3676243,-1.7186337,-2.2643836,3,walking
1519421694621,-7.3197513,-1.6420372,-2.2356598,3,walking
1519421694625,-7.3197513,-1.5941644,-2.2260852,3,walking
1519421694630,-7.3006024,-1.5558661,-2.2069361,3,walking
1519421694636,-7.2335806,-1.5271424,-2.168638,3,walking
1519421694641,-7.2623043,-1.5462915,-2.2643836,3,walking
1519421694646,-7.2718787,-1.5845897,-2.321831,3,walking
1519421694651,-7.2718787,-1.5845897,-2.321831,3,walking
1519421694656,-7.2718787,-1.6133134,-2.360129,3,walking
1519421694660,-7.2718787,-1.6994845,-2.475024,3,walking
1519421694666,-7.2623043,-1.6994845,-2.5324712,3,walking
1519421694670,-7.195282,-1.7377827,-2.494173,3,walking
1519421694676,-7.003791,-1.8239537,-2.3792782,3,walking
1519421694681,-6.9654927,-1.8335283,-2.3314054,3,walking
1519421694686,-6.9271946,-1.9101248,-2.2452345,3,walking
1519421694690,-6.8122997,-1.948423,-2.0920415,3,walking
1519421694695,-6.783576,-2.0058703,-1.9579976,3,walking
1519421694701,-6.7357035,-1.9867213,-1.8814012,3,walking
1519421694706,-6.678256,-2.0633178,-1.8048047,3,walking
1519421694710,-6.7261286,-2.0250196,-1.6803354,3,walking
1519421694716,-6.7548523,-2.0058703,-1.6516117,3,walking
1519421694721,-6.745278,-2.0633178,-1.5462915,3,walking
1519421694725,-6.7548523,-2.034594,-1.4601204,3,walking
1519421694731,-6.7069798,-2.034594,-1.3165021,3,walking
1519421694736,-6.831449,-2.0824668,-1.1920328,3,walking
1519421694741,-6.831449,-2.0824668,-1.1920328,3,walking
1519421694746,-6.936769,-2.1207652,-1.1728836,3,walking
1519421694750,-7.0133657,-2.1399143,-1.1824582,3,walking
1519421694755,-7.0803876,-2.149489,-1.1345854,3,walking
1519421694760,-7.2144313,-2.1399143,-1.1250108,3,walking
1519421694766,-7.310177,-2.149489,-1.1345854,3,walking
1519421694771,-7.434646,-2.1303396,-1.1537346,3,walking
1519421694775,-7.6261373,-2.0824668,-1.2590547,3,walking
1519421694780,-7.7506065,-2.034594,-1.2782038,3,walking
1519421694785,-7.8367777,-2.015445,-1.3356512,3,walking
1519421694790,-8.037844,-1.9867213,-1.3930986,3,walking
1519421694796,-8.181462,-1.9388485,-1.4122477,3,walking
1519421694800,-8.4686985,-1.8526775,-1.5367169,3,walking
1519421694806,-8.621892,-1.8048047,-1.5558661,3,walking
1519421694811,-8.746361,-1.7569319,-1.5750152,3,walking
1519421694816,-9.014449,-1.6994845,-1.5654407,3,walking
1519421694820,-9.100619,-1.709059,-1.5175679,3,walking
1519421694826,-9.148493,-1.7377827,-1.4792696,3,walking
1519421694831,-9.20594,-1.7186337,-1.4122477,3,walking
1519421694835,-9.20594,-1.7856555,-1.2207564,3,walking
1519421694840,-9.20594,-1.8143792,-1.1345854,3,walking
1519421694846,-9.091045,-1.9101248,-0.8760723,3,walking
1519421694851,-9.033598,-1.9867213,-0.70373017,3,walking
1519421694856,-8.9761505,-2.0250196,-0.5792609,3,walking
1519421694861,-8.870831,-2.0728924,-0.44521707,3,walking
1519421694866,-8.765511,-2.2069361,-0.13883112,3,walking
1519421694872,-8.822957,-2.2643836,-0.043085523,3,walking
1519421694877,-8.995299,-2.3792782,-0.023936402,3,walking
1519421694882,-9.177217,-2.408002,-0.05266008,3,walking
1519421694887,-9.339984,-2.3792782,-0.14840569,3,walking
1519421694892,-9.991054,-2.2356598,-0.49308985,3,walking
1519421694897,-10.441058,-2.1303396,-0.751603,3,walking
1519421694901,-10.441058,-2.1303396,-0.751603,3,walking
1519421694906,-11.762347,-1.9388485,-1.4409714,3,walking
1519421694910,-12.451715,-1.948423,-1.709059,3,walking
1519421694916,-13.591088,-2.0441687,-2.1303396,3,walking
1519421694921,-13.591088,-2.0441687,-2.1303396,3,walking
1519421694925,-13.868751,-2.360129,-2.1111906,3,walking
1519421694969,-9.924032,-2.800559,-0.4356425,3,walking
1519421694977,-8.851681,-2.4558747,-0.30159867,3,walking
1519421694987,-8.516571,-2.1207652,-0.39734426,3,walking
1519421694992,-8.602742,-1.8909757,-0.50266445,3,walking
1519421694998,-8.746361,-1.6707608,-0.6271337,3,walking
1519421695003,-9.493176,-1.2399056,-0.93351966,3,walking
1519421695007,-10.105948,-1.0484143,-1.2303311,3,walking
1519421695038,-14.692163,-1.6899099,-2.1207652,3,walking
1519421695044,-14.87408,-1.9388485,-2.2739582,3,walking
1519421695052,-14.701737,-2.101616,-2.321831,3,walking
1519421695064,-14.357054,-1.9388485,-2.3697038,3,walking
1519421695069,-13.859177,-1.8909757,-2.5899186,3,walking
1519421695073,-13.648536,-1.8239537,-2.7718353,3,walking
1519421695078,-13.428321,-1.776081,-2.8292825,3,walking
1519421695082,-13.121935,-1.7282082,-2.8292825,3,walking
1519421695114,-10.278291,-1.9867213,-1.7377827,3,walking
1519421695123,-9.914457,-2.2356598,-1.4888442,3,walking
1519421695131,-9.569773,-2.5228968,-1.5271424,3,walking
1519421695138,-9.407005,-2.513322,-1.3930986,3,walking
1519421695145,-9.0814705,-2.5707695,-1.2303311,3,walking
1519421695149,-8.803808,-2.5228968,-1.0005416,3,walking
1519421695154,-8.545295,-2.4558747,-0.8186249,3,walking
1519421695158,-8.296356,-2.3505547,-0.76117754,3,walking
1519421695163,-7.999545,-2.2643836,-0.56968635,3,walking
1519421695167,-7.9325233,-2.3122563,-0.5888355,3,walking
1519421695171,-7.8367777,-2.408002,-0.6558574,3,walking
1519421695176,-7.6835847,-2.5899186,-0.71330476,3,walking
1519421695180,-7.4920936,-2.7431116,-0.8090504,3,walking
1519421695186,-7.3867736,-2.8963046,-0.93351966,3,walking
1519421695191,-7.2335806,-2.7431116,-1.0005416,3,walking
1519421695196,-7.0995364,-2.7048132,-0.9718179,3,walking
1519421695201,-6.9559183,-2.733537,-1.0962871,3,walking
1519421695206,-6.7740016,-2.7048132,-1.1920328,3,walking
1519421695211,-6.592085,-2.666515,-1.2399056,3,walking
1519421695216,-6.5346375,-2.5994933,-1.3356512,3,walking
1519421695221,-6.5059137,-2.4558747,-1.383524,3,walking
1519421695227,-6.458041,-2.494173,-1.469695,3,walking
1519421695232,-6.47719,-2.561195,-1.469695,3,walking
1519421695237,-6.6016593,-2.6377914,-1.6133134,3,walking
1519421695242,-6.639958,-2.714388,-1.6707608,3,walking
1519421695247,-6.7069798,-2.800559,-1.709059,3,walking
1519421695252,-6.678256,-2.9441774,-1.7569319,3,walking
1519421695257,-6.6878304,-3.020774,-1.7282082,3,walking
1519421695262,-6.678256,-3.039923,-1.6611862,3,walking
1519421695267,-6.7548523,-3.078221,-1.5175679,3,walking
1519421695272,-6.8122997,-3.1069448,-1.469695,3,walking
1519421695278,-6.831449,-3.1069448,-1.383524,3,walking
1519421695288,-6.898471,-3.020774,-1.1154363,3,walking
1519421695293,-6.9271946,-2.9154537,-1.0579889,3,walking
1519421695298,-6.984642,-2.8484318,-1.0005416,3,walking
1519421695303,-7.089962,-2.666515,-0.85692316,3,walking
1519421695308,-7.1474094,-2.6090677,-0.78990126,3,walking
1519421695319,-7.3676243,-2.475024,-0.77075213,3,walking
1519421695324,-7.46337,-2.494173,-0.78032666,3,walking
1519421695329,-7.511243,-2.561195,-0.7994758,3,walking
1519421695334,-7.693159,-2.6377914,-0.76117754,3,walking
1519421695339,-7.7984796,-2.7239625,-0.7420284,3,walking
1519421695344,-7.875076,-2.752686,-0.751603,3,walking
1519421695348,-8.00912,-2.800559,-0.6845811,3,walking
1519421695357,-8.181462,-2.867581,-0.56968635,3,walking
1519421695361,-8.286782,-2.8963046,-0.5505372,3,walking
1519421695366,-8.34423,-2.9537518,-0.5218136,3,walking
1519421695370,-8.34423,-2.9537518,-0.5218136,3,walking
1519421695375,-8.650616,-3.0973704,-0.39734426,3,walking
1519421695380,-8.7750845,-3.1356685,-0.37819514,3,walking
1519421695385,-8.966576,-3.1356685,-0.33032233,3,walking
1519421695390,-9.062322,-3.1643922,-0.28244954,3,walking
1519421695395,-9.20594,-3.1643922,-0.26330042,3,walking
1519421695400,-9.330409,-3.1835413,-0.27287498,3,walking
1519421695405,-9.445304,-3.1452432,-0.27287498,3,walking
1519421695410,-9.62722,-3.1165195,-0.20585304,3,walking
1519421695415,-9.684668,-3.1452432,-0.18670394,3,walking
1519421695420,-9.85701,-3.1069448,-0.2154276,3,walking
1519421695425,-9.933606,-3.0303483,-0.19627848,3,walking
1519421695430,-10.077225,-2.905879,-0.19627848,3,walking
1519421695435,-10.211268,-2.8388572,-0.17712937,3,walking
1519421695440,-10.345312,-2.666515,-0.20585304,3,walking
1519421695445,-10.565528,-2.408002,-0.22500217,3,walking
1519421695451,-10.670848,-2.321831,-0.2154276,3,walking
1519421695455,-11.1208515,-2.2069361,-0.19627848,3,walking
1519421695460,-11.1208515,-2.2069361,-0.19627848,3,walking
1519421695464,-11.542132,-2.2452345,-0.13883112,3,walking
1519421695470,-11.752773,-2.321831,-0.11968201,3,walking
1519421695475,-12.260224,-2.4845984,-0.023936402,3,walking
1519421695480,-12.384694,-2.6569405,0.17712937,3,walking
1519421695486,-12.758101,-3.0016246,0.34947145,3,walking
1519421695491,-12.911295,-3.1452432,0.44521707,3,walking
1519421695496,-12.997466,-3.2697124,0.512239,3,walking
1519421695501,-13.141085,-3.3750327,0.4835153,3,walking
1519421695505,-13.198531,-3.3558834,0.5313881,3,walking
1519421695510,-13.169807,-3.3558834,0.512239,3,walking
1519421695516,-13.217681,-3.0973704,0.359046,3,walking
1519421695520,-13.1602335,-2.9346027,0.25372586,3,walking
1519421695525,-13.112361,-2.714388,0.10053288,3,walking
1519421695529,-13.083637,-2.5037475,0.014361841,3,walking
1519421695534,-13.016615,-2.1973617,-0.10053288,3,walking
1519421695540,-12.767676,-1.6420372,-0.3877697,3,walking
1519421695544,-12.604909,-1.4026731,-0.54096264,3,walking
1519421695550,-12.432567,-1.14416,-0.59841,3,walking
1519421695555,-12.394268,-0.7420284,-1.1345854,3,walking
1519421695560,-12.557036,-0.5505372,-1.4888442,3,walking
1519421695564,-13.409172,-0.40691882,-1.9962958,3,walking
1519421695569,-13.409172,-0.40691882,-1.9962958,3,walking
1519421695572,-14.510246,-0.8664977,-1.9771467,3,walking
1519421695579,-14.883655,-1.3643749,-1.8431029,3,walking
1519421695584,-15.046422,-2.494173,-1.3643749,3,walking
1519421695589,-14.854931,-2.9920502,-1.1824582,3,walking
1519421695594,-14.625141,-3.3175852,-1.0962871,3,walking
1519421695630,-11.59958,-3.7963133,-0.56968635,3,walking
1519421695635,-11.4272375,-3.758015,-0.54096264,3,walking
1519421695640,-11.274045,-3.7197168,-0.6558574,3,walking
1519421695645,-10.967659,-3.6239712,-0.8664977,3,walking
1519421695650,-10.871913,-3.5952475,-1.0484143,3,walking
1519421695655,-10.871913,-3.499502,-1.3260766,3,walking
1519421695660,-10.938935,-3.4420545,-1.5079932,3,walking
1519421695665,-11.063405,-3.4133308,-1.709059,3,walking
1519421695670,-11.293194,-3.346309,-1.9962958,3,walking
1519421695675,-12.020861,-3.1356685,-2.6856642,3,walking
1519421695679,-12.3463955,-3.1356685,-3.0016246,3,walking
1519421695684,-12.595334,-3.193116,-3.346309,3,walking
1519421695691,-13.351725,-3.7867386,-4.131423,3,walking
1519421695696,-13.849602,-4.3612123,-4.504831,3,walking
1519421695701,-14.471948,-5.0314317,-4.715471,3,walking
1519421695707,-15.199615,-6.7261286,-5.002708,3,walking
1519421695716,-15.410255,-8.439975,-5.06973,3,walking
1519421695720,-15.314509,-8.803808,-5.088879,3,walking
1519421695724,-15.400681,-8.784659,-4.782493,3,walking
1519421695730,-15.592172,-8.487848,-4.5527034,3,walking
1519421695767,-15.094295,-4.926111,0.33032233,3,walking
1519421695773,-14.826207,-5.529309,0.39734426,3,walking
1519421695778,-14.673014,-6.4005938,0.6750065,3,walking
1519421695786,-14.376203,-8.047418,0.14840569,3,walking
1519421695791,-14.165563,-9.071896,-0.11968201,3,walking
1519421695796,-13.792154,-10.172971,-0.30159867,3,walking
1519421695802,-13.648536,-12.135756,-0.7324539,3,walking
1519421695807,-13.619812,-13.418746,-1.1824582,3,walking
1519421695811,-13.600663,-13.591088,-1.2016073,3,walking
1519421695816,-13.380448,-13.370873,-0.64628285,3,walking
1519421695855,-12.126181,-6.630383,1.4409714,3,walking
1519421695863,-11.207023,-5.873993,1.1728836,3,walking
1519421695874,-10.393186,-5.4718614,1.2399056,3,walking
1519421695880,-10.115523,-5.2707953,1.1154363,3,walking
1519421695885,-9.253813,-5.1846247,1.0962871,3,walking
1519421695889,-9.253813,-5.1846247,1.0962871,3,walking
1519421695926,-6.5059137,-3.7867386,0.7228793,3,walking
1519421695934,-5.835695,-2.9824755,0.49308985,3,walking
1519421695942,-5.309094,-2.561195,0.59841,3,walking
1519421695950,-4.8973875,-2.0633178,0.6845811,3,walking
1519421695955,-4.8973875,-2.0633178,0.6845811,3,walking
1519421695960,-4.5622783,-1.8526775,0.85692316,3,walking
1519421695965,-4.08355,-1.4122477,1.1920328,3,walking
1519421695970,-3.930357,-1.2207564,1.5079932,3,walking
1519421695974,-3.7005677,-0.99096704,1.9579976,3,walking
1519421695979,-3.7005677,-0.99096704,1.9579976,3,walking
1519421695984,-3.5665238,-1.0005416,2.3026817,3,walking
1519421695990,-3.5282254,-0.9718179,2.427151,3,walking
1519421695994,-3.2697124,-0.8952214,2.5707695,3,walking
1519421695999,-3.1356685,-0.7994758,2.6569405,3,walking
1519421696005,-2.9920502,-0.751603,2.7431116,3,walking
1519421696009,-2.8580062,-0.6558574,2.819708,3,walking
1519421696014,-2.714388,-0.5888355,2.7431116,3,walking
1519421696020,-2.4845984,-0.50266445,2.800559,3,walking
1519421696024,-2.3888528,-0.42606795,2.819708,3,walking
1519421696030,-2.321831,-0.36862057,2.8388572,3,walking
1519421696035,-2.3122563,-0.12925656,2.9154537,3,walking
1519421696040,-2.3122563,-0.023936402,2.9824755,3,walking
1519421696045,-2.0920415,0.32074776,3.0877957,3,walking
1519421696050,-2.015445,0.54096264,3.231414,3,walking
1519421696055,-2.015445,0.7228793,3.4707782,3,walking
1519421696060,-2.015445,0.8281995,3.7675896,3,walking
1519421696066,-2.0250196,0.83777404,4.2271686,3,walking
1519421696071,-2.0250196,0.8090504,4.4856815,3,walking
1519421696076,-1.929274,0.8186249,5.079304,3,walking
1519421696081,-1.8909757,0.85692316,5.347392,3,walking
1519421696086,-1.7856555,0.8664977,5.653778,3,walking
1519421696091,-1.6899099,0.8952214,5.941015,3,walking
1519421696096,-1.3165021,0.77075213,6.333572,3,walking
1519421696101,-1.1920328,0.6845811,6.4676156,3,walking
1519421696106,-1.2686293,0.56968635,6.5537868,3,walking
1519421696111,-1.5079932,0.7324539,7.2623043,3,walking
1519421696117,-0.34947145,-0.00478728,6.5059137,3,walking
1519421696121,-0.44521707,-0.42606795,7.089962,3,walking
1519421696127,-0.751603,-0.110107444,7.482519,3,walking
1519421696132,-0.19627848,0.69415563,7.5782647,3,walking
1519421696137,-0.0718092,0.91437054,7.664436,3,walking
1519421696147,-0.42606795,0.8281995,7.1091113,3,walking
1519421696152,-0.359046,0.78032666,7.1474094,3,walking
1519421696158,-0.2920241,0.8473486,7.434646,3,walking
1519421696163,-0.36862057,1.0101161,7.9325233,3,walking
1519421696168,-0.3877697,0.8856468,8.133589,3,walking
1519421696173,-0.3877697,0.61755913,8.32508,3,walking
1519421696178,-0.39734426,0.05266008,8.842107,3,walking
1519421696183,-0.47394073,-0.11968201,9.119769,3,walking
1519421696188,-0.5505372,-0.13883112,9.349558,3,walking
1519421696193,-0.56968635,0.023936402,9.952756,3,walking
1519421696198,-0.6079846,0.17712937,10.230418,3,walking
1519421696203,-0.63670826,0.3398969,10.441058,3,walking
1519421696209,-0.6558574,0.44521707,10.594251,3,walking
1519421696214,-0.64628285,0.5505372,10.661273,3,walking
1519421696220,-0.71330476,0.5505372,10.709146,3,walking
1519421696225,-0.83777404,0.59841,10.689997,3,walking
1519421696230,-1.0292653,0.665432,10.5080805,3,walking
1519421696236,-1.1920328,0.85692316,10.249567,3,walking
1519421696241,-1.2494801,0.98139244,10.019777,3,walking
1519421696246,-1.3165021,1.1345854,9.818711,3,walking
1519421696253,-1.2686293,1.2590547,9.54105,3,walking
1519421696258,-1.0005416,1.5941644,8.842107,3,walking
1519421696263,-0.27287498,1.9867213,8.286782,3,walking
1519421696268,-0.0718092,2.1207652,8.401677,3,walking
1519421696274,-0.2154276,2.2643836,8.727212,3,walking
1519421696279,-0.6079846,2.2452345,9.119769,3,walking
1519421696284,-1.0101161,2.1782124,9.301685,3,walking
1519421696289,-1.5558661,1.9196993,8.995299,3,walking
1519421696295,-1.5941644,1.5079932,8.23891,3,walking
1519421696300,-1.4984187,1.3069274,7.894225,3,walking
1519421696305,-1.4888442,1.1345854,7.35805,3,walking
1519421696310,-1.5750152,0.59841,6.103782,3,walking
1519421696315,-1.622888,0.3398969,5.481436,3,walking
1519421696320,-1.5845897,0.28244954,4.849515,3,walking
1519421696325,-1.5558661,0.25372586,4.275041,3,walking
1519421696330,-1.1920328,0.40691882,3.173967,3,walking
1519421696336,-0.98139244,0.5505372,2.647366,3,walking
1519421696346,-0.28244954,0.8473486,1.6611862,3,walking
1519421696350,-0.023936402,0.85692316,1.469695,3,walking
1519421696356,0.18670394,0.8186249,1.3165021,3,walking
1519421696361,0.20585304,0.45479164,1.1824582,3,walking
1519421696366,0.0,0.17712937,1.1345854,3,walking
1519421696371,-0.33032233,-0.11968201,1.2207564,3,walking
1519421696376,-0.56968635,-0.45479164,1.4313968,3,walking
1519421696381,-1.14416,-0.9526688,1.8814012,3,walking
1519421696386,-1.4122477,-1.0962871,2.0824668,3,walking
1519421696397,-2.101616,-1.1633091,2.800559,3,walking
1519421696401,-2.2643836,-1.1154363,2.9154537,3,walking
1519421696407,-2.513322,-1.0292653,3.0111992,3,walking
1519421696417,-3.3558834,-0.54096264,2.714388,3,walking
1519421696422,-3.6622694,-0.40691882,2.6186423,3,walking
1519421696427,-3.9782298,-0.20585304,2.3026817,3,walking
1519421696432,-4.772918,0.05266008,1.776081,3,walking
1519421696438,-5.0314317,0.20585304,1.5462915,3,walking
1519421696442,-5.376116,0.3111732,1.2494801,3,walking
1519421696447,-5.912291,0.5792609,0.751603,3,walking
1519421696453,-6.151655,0.665432,0.59841,3,walking
1519421696458,-6.47719,0.78990126,0.20585304,3,walking
1519421696463,-7.042089,0.90479594,-0.36862057,3,walking
1519421696468,-7.46337,1.0292653,-0.7324539,3,walking
1519421696473,-7.9133744,1.1537346,-1.0292653,3,walking
1519421696478,-8.372953,1.3356512,-1.3069274,3,walking
1519421696484,-9.052747,1.4601204,-1.9675722,3,walking
1519421696490,-9.665519,1.0196906,-2.6952388,3,walking
1519421696495,-10.06765,0.71330476,-3.1452432,3,walking
1519421696499,-10.06765,0.71330476,-3.1452432,3,walking
1519421696503,-10.06765,0.71330476,-3.1452432,3,walking
1519421696510,-12.3463955,-1.4218222,-4.5718527,3,walking
1519421696515,-12.968742,-2.1590633,-4.610151,3,walking
1519421696519,-12.968742,-2.1590633,-4.610151,3,walking
1519421696524,-13.954922,-3.3367343,-4.476107,3,walking
1519421696562,-17.765596,-1.3069274,-3.3271596,3,walking
1519421696566,-18.42624,-1.2016073,-3.384607,3,walking
1519421696583,-19.603912,-1.8431029,-3.6335456,3,walking
1519421696588,-19.603912,-2.1303396,-3.6526947,3,walking
1519421696638,-17.353891,-9.866585,-0.6271337,3,walking
1519421696658,-14.596417,-14.366628,-0.85692316,3,walking
1519421696663,-14.108115,-12.710229,-1.6516117,3,walking
1519421696669,-13.581514,-11.302769,-4.342063,3,walking
1519421696674,-13.093211,-7.1857076,-6.8601727,3,walking
1519421696679,-13.093211,-7.1857076,-6.8601727,3,walking
1519421696683,-13.093211,-7.1857076,-6.8601727,3,walking
1519421696688,-12.69108,-2.4845984,-8.124015,3,walking
1519421696694,-11.944264,-1.2973529,-7.511243,3,walking
1519421696698,-11.944264,-1.2973529,-7.511243,3,walking
1519421696703,-12.212352,-1.4313968,-6.5059137,3,walking
1519421696707,-12.269799,-1.5462915,-6.180379,3,walking
1519421696716,-12.317672,-1.6611862,-5.797396,3,walking
1519421696720,-12.2410755,-1.622888,-5.759098,3,walking
1519421696724,-12.202777,-1.2877784,-5.6154795,3,walking
1519421696729,-12.202777,-1.2877784,-5.6154795,3,walking
1519421696734,-12.557036,-1.0196906,-5.7208,3,walking
1519421696740,-12.767676,-1.0101161,-5.644203,3,walking
1519421696744,-13.0549135,-1.1728836,-5.2420716,3,walking
1519421696748,-13.0549135,-1.1728836,-5.2420716,3,walking
1519421696753,-12.624058,-1.383524,-4.3133397,3,walking
1519421696760,-12.0400095,-1.8718265,-3.5282254,3,walking
1519421696765,-11.848518,-1.9867213,-2.9537518,3,walking
1519421696769,-11.848518,-1.9867213,-2.9537518,3,walking
1519421696774,-11.570856,-2.3888528,-1.8814012,3,walking
1519421696778,-11.561282,-2.475024,-1.3452257,3,walking
1519421696783,-11.1208515,-2.733537,-0.3111732,3,walking
1519421696788,-10.833615,-2.8963046,0.14840569,3,walking
1519421696794,-10.527229,-3.0494976,0.7228793,3,walking
1519421696799,-10.230418,-3.2026904,1.3356512,3,walking
1519421696804,-9.828286,-3.3941817,2.494173,3,walking
1519421696808,-9.742115,-3.4324799,2.9824755,3,walking
1519421696814,-9.742115,-3.4324799,3.2888615,3,walking
1519421696818,-9.732541,-3.518651,3.5473747,3,walking
1519421696823,-9.54105,-3.6814184,4.08355,3,walking
1519421696829,-9.397431,-3.7197168,4.2271686,3,walking
1519421696834,-9.301685,-3.911208,4.466532,3,walking
1519421696839,-9.301685,-3.911208,4.466532,3,walking
1519421696843,-9.330409,-3.9399316,4.322914,3,walking
1519421696849,-9.253813,-4.0644007,4.351638,3,walking
1519421696853,-8.957002,-4.198445,3.9878044,3,walking
1519421696859,-8.957002,-4.198445,3.9878044,3,walking
1519421696863,-8.957002,-3.9686553,3.231414,3,walking
1519421696869,-9.043172,-3.8346114,2.7431116,3,walking
1519421696874,-9.129343,-3.5090764,2.2931073,3,walking
1519421696879,-9.148493,-3.346309,2.0728924,3,walking
1519421696884,-9.129343,-3.173967,1.7377827,3,walking
1519421696888,-9.244238,-2.9537518,1.383524,3,walking
1519421696894,-9.2825365,-2.7622607,0.85692316,3,walking
1519421696899,-9.54105,-2.5420458,-0.2154276,3,walking
1519421696904,-9.742115,-2.4175766,-0.9526688,3,walking
1519421696908,-10.06765,-2.3888528,-1.7665064,3,walking
1519421696913,-10.6134,-2.360129,-2.4367256,3,walking
1519421696921,-13.112361,-2.5228968,-3.1643922,3,walking
1519421696926,-13.725132,-2.819708,-2.9537518,3,walking
1519421696936,-14.299606,-4.495256,-1.6803354,3,walking
1519421696972,-12.624058,-6.1420803,-0.00478728,3,walking
1519421696977,-12.480439,-5.941015,-0.36862057,3,walking
1519421696981,-12.413418,-5.7495236,-0.665432,3,walking
1519421696987,-12.480439,-5.108028,-1.2686293,3,walking
1519421696992,-12.738953,-4.7441945,-1.622888,3,walking
1519421696996,-13.016615,-4.322914,-1.9196993,3,walking
1519421697005,-13.830453,-3.4899273,-2.2835326,3,walking
1519421697009,-14.261308,-3.0111992,-2.321831,3,walking
1519421697013,-15.285786,-1.6516117,-2.5228968,3,walking
1519421697018,-15.285786,-1.6516117,-2.5228968,3,walking
1519421697024,-15.975154,-0.10053288,-2.6090677,3,walking
1519421697029,-16.147495,0.5888355,-2.6186423,3,walking
1519421697033,-16.042175,1.5367169,-2.408002,3,walking
1519421697075,-13.744282,1.8526775,-2.1782124,3,walking
1519421697081,-12.9591675,1.7569319,-1.9962958,3,walking
1519421697085,-12.509163,1.6899099,-1.9388485,3,walking
1519421697092,-11.580431,1.5558661,-1.5367169,3,walking
1519421697098,-11.216598,1.5271424,-1.5654407,3,walking
1519421697102,-10.862339,1.3643749,-1.4601204,3,walking
1519421697107,-10.536804,1.0005416,-1.5367169,3,walking
1519421697143,-10.144247,-4.275041,-1.709059,3,walking
1519421697149,-10.048501,-5.644203,-2.494173,3,walking
1519421697153,-9.904882,-6.1229315,-2.9250283,3,walking
1519421697159,-10.249567,-6.0846334,-3.3558834,3,walking
1519421697163,-10.967659,-5.1176023,-3.6143966,3,walking
1519421697169,-10.689997,-4.8590894,-3.2888615,3,walking
1519421697173,-10.048501,-4.7250457,-3.4420545,3,walking
1519421697178,-9.952756,-4.303765,-3.2409887,3,walking
1519421697184,-10.326163,-3.4229054,-2.5420458,3,walking
1519421697189,-10.584677,-2.8101335,-1.776081,3,walking
1519421697194,-10.709146,-2.5516202,-3.1548176,3,walking
1519421697236,-11.570856,-1.2303311,-3.0973704,3,walking
1519421697242,-11.647452,-1.0675635,-3.1356685,3,walking
1519421697250,-11.59958,-0.98139244,-3.231414,3,walking
1519421697256,-11.647452,-0.77075213,-3.2984362,3,walking
1519421697260,-11.666602,-0.6079846,-3.3367343,3,walking
1519421697264,-11.590006,-0.47394073,-3.3750327,3,walking
1519421697268,-11.590006,-0.47394073,-3.3750327,3,walking
1519421697273,-11.379365,-0.49308985,-3.3750327,3,walking
1519421697278,-11.15915,-0.56011176,-3.2792869,3,walking
1519421697283,-10.996383,-0.56968635,-3.2218397,3,walking
1519421697288,-10.804892,-0.6750065,-3.1069448,3,walking
1519421697293,-10.498506,-0.85692316,-2.9920502,3,walking
1519421697298,-10.316589,-0.9622433,-2.9537518,3,walking
1519421697303,-10.163396,-1.1345854,-2.9250283,3,walking
1519421697308,-10.058076,-1.2590547,-2.867581,3,walking
1519421697313,-9.713391,-1.469695,-2.7909844,3,walking
1519421697318,-9.493176,-1.5462915,-2.6856642,3,walking
1519421697323,-9.253813,-1.5750152,-2.5899186,3,walking
1519421697328,-8.851681,-1.622888,-2.494173,3,walking
1519421697333,-8.650616,-1.6420372,-2.4367256,3,walking
1519421697338,-8.372953,-1.7186337,-2.3984275,3,walking
1519421697343,-8.00912,-1.7186337,-2.2931073,3,walking
1519421697349,-7.8846507,-1.7186337,-2.321831,3,walking
1519421697354,-7.702734,-1.6899099,-2.254809,3,walking
1519421697358,-7.5399666,-1.6133134,-2.3314054,3,walking
1519421697363,-7.2335806,-1.5079932,-2.3505547,3,walking
1519421697368,-7.042089,-1.4601204,-2.3697038,3,walking
1519421697373,-6.6495323,-1.4218222,-2.34098,3,walking
1519421697378,-6.6495323,-1.4218222,-2.34098,3,walking
1519421697384,-6.3144226,-1.3739494,-2.2643836,3,walking
1519421697388,-6.1995277,-1.3260766,-2.2069361,3,walking
1519421697393,-6.1229315,-1.2782038,-2.187787,3,walking
1519421697398,-6.1229315,-1.2782038,-2.187787,3,walking
1519421697403,-5.8835673,-1.2016073,-2.0250196,3,walking
1519421697408,-5.797396,-1.1824582,-2.0250196,3,walking
1519421697413,-5.7208,-1.1920328,-1.9962958,3,walking
1519421697418,-5.7495236,-1.2111819,-1.9962958,3,walking
1519421697423,-5.797396,-1.2303311,-2.0633178,3,walking
1519421697429,-5.806971,-1.2494801,-2.1207652,3,walking
1519421697434,-5.8644185,-1.2399056,-2.1207652,3,walking
1519421697439,-5.873993,-1.3165021,-2.1303396,3,walking
1519421697444,-5.950589,-1.3739494,-2.149489,3,walking
1519421697449,-6.0559096,-1.5558661,-2.1303396,3,walking
1519421697454,-6.170804,-1.622888,-2.0824668,3,walking
1519421697459,-6.2091026,-1.948423,-2.0250196,3,walking
1519421697465,-6.285699,-2.0537431,-2.0441687,3,walking
1519421697475,-6.37187,-2.3505547,-2.015445,3,walking
1519421697480,-6.4197426,-2.3697038,-2.0250196,3,walking
1519421697485,-6.4005938,-2.3984275,-2.0633178,3,walking
1519421697495,-6.2761245,-2.4463003,-2.0728924,3,walking
1519421697500,-6.2378263,-2.4654493,-2.101616,3,walking
1519421697505,-6.1899533,-2.475024,-2.0728924,3,walking
1519421697510,-6.2378263,-2.427151,-2.0537431,3,walking
1519421697516,-6.2474008,-2.3984275,-2.1399143,3,walking
1519421697526,-6.2091026,-2.3984275,-2.0250196,3,walking
1519421697531,-6.2091026,-2.3984275,-2.0250196,3,walking
1519421697536,-6.132506,-2.5324712,-1.8048047,3,walking
1519421697541,-6.0750585,-2.6377914,-1.3452257,3,walking
1519421697546,-6.065484,-2.7431116,-1.1058618,3,walking
1519421697551,-6.017611,-2.8101335,-0.85692316,3,walking
1519421697556,-6.151655,-2.8963046,-0.6271337,3,walking
1519421697561,-6.3527207,-3.1069448,-0.00478728,3,walking
1519421697567,-6.5346375,-3.1835413,0.22500217,3,walking
1519421697572,-7.02294,-3.4229054,0.61755913,3,walking
1519421697577,-7.02294,-3.4229054,0.61755913,3,walking
1519421697581,-7.6835847,-3.3941817,0.8281995,3,walking
1519421697587,-7.961247,-3.384607,1.0675635,3,walking
1519421697591,-8.411251,-3.2888615,1.1345854,3,walking
1519421697597,-9.8953085,-2.7239625,0.7324539,3,walking
1519421697602,-10.632549,-2.580344,0.39734426,3,walking
1519421697607,-11.350641,-2.5707695,0.062234644,3,walking
1519421697614,-12.135756,-2.7622607,-0.36862057,3,walking
1519421697619,-12.25065,-2.905879,-0.49308985,3,walking
1519421697624,-12.107032,-2.9824755,-0.6271337,3,walking
1519421697629,-11.925115,-2.9441774,-0.6558574,3,walking
1519421697634,-11.628304,-2.8963046,-0.5792609,3,walking
1519421697638,-11.436812,-2.8484318,-0.54096264,3,walking
1519421697643,-10.891063,-2.7048132,-0.42606795,3,walking
1519421697648,-10.891063,-2.7048132,-0.42606795,3,walking
1519421697653,-10.536804,-2.5324712,-0.3111732,3,walking
1519421697658,-10.412334,-2.4463003,-0.359046,3,walking
1519421697663,-10.40276,-2.3697038,-0.3111732,3,walking
1519421697668,-10.460207,-2.2835326,-0.37819514,3,walking
1519421697673,-10.766593,-2.101616,-0.4835153,3,walking
1519421697678,-10.967659,-1.9196993,-0.59841,3,walking
1519421697686,-12.135756,-1.4888442,-1.2590547,3,walking
1519421697691,-12.758101,-1.3260766,-1.4601204,3,walking
1519421697695,-13.351725,-1.2303311,-1.7473572,3,walking
1519421697704,-14.692163,-1.2303311,-2.0824668,3,walking
1519421697708,-15.3049345,-1.2590547,-2.1782124,3,walking
1519421697735,-16.788992,-1.8909757,-2.4845984,3,walking
1519421697742,-16.645372,-1.7186337,-2.5228968,3,walking
1519421697747,-16.444307,-1.5750152,-2.561195,3,walking
1519421697752,-15.994304,-1.2303311,-2.7814097,3,walking
1519421697757,-15.994304,-1.2303311,-2.7814097,3,walking
1519421697762,-15.419829,-1.1250108,-3.0016246,3,walking
1519421697767,-15.075146,-1.1824582,-3.0016246,3,walking
1519421697771,-14.807057,-1.3069274,-3.0303483,3,walking
1519421697776,-14.232584,-1.4601204,-3.078221,3,walking
1519421697780,-13.820878,-1.4792696,-2.88673,3,walking
1519421697785,-13.284702,-1.4218222,-2.5994933,3,walking
1519421697789,-13.284702,-1.4218222,-2.5994933,3,walking
1519421697794,-12.260224,-1.1920328,-1.9962958,3,walking
1519421697798,-11.791071,-1.0484143,-1.5845897,3,walking
1519421697804,-11.26447,-0.8186249,-1.1154363,3,walking
1519421697809,-11.092129,-0.77075213,-0.9718179,3,walking
1519421697814,-10.986808,-0.8664977,-0.7994758,3,walking
1519421697818,-10.814466,-0.9622433,-0.5313881,3,walking
1519421697822,-10.517654,-1.2877784,-0.26330042,3,walking
1519421697827,-10.316589,-1.5462915,-0.0718092,3,walking
1519421697833,-10.249567,-1.5462915,0.14840569,3,walking
1519421697837,-10.220843,-1.5750152,0.22500217,3,walking
1519421697842,-10.029352,-1.7856555,0.27287498,3,walking
1519421697847,-9.933606,-1.8335283,0.36862057,3,walking
1519421697853,-9.818711,-1.8048047,0.64628285,3,walking
1519421697857,-9.732541,-1.2303311,1.1250108,3,walking
1519421697862,-8.918703,-1.6516117,1.469695,3,walking
1519421697868,-8.727212,-2.0058703,1.3548003,3,walking
1519421697872,-8.755936,-2.2931073,1.0962871,3,walking
1519421697880,-9.20594,-2.494173,0.665432,3,walking
1519421697884,-9.29211,-2.4845984,0.5313881,3,walking
1519421697890,-8.928278,-3.1643922,-0.3111732,3,walking
1519421697895,-8.66019,-3.4612036,-0.50266445,3,walking
1519421697905,-7.8176284,-3.9782298,-0.5313881,3,walking
1519421697910,-7.6835847,-3.9495063,-0.56011176,3,walking
1519421697915,-7.6740103,-3.8920588,-0.6079846,3,walking
1519421697925,-7.511243,-4.2941904,-0.7994758,3,walking
1519421697930,-7.56869,-4.476107,-0.8952214,3,walking
1519421697935,-7.654861,-4.5335546,-0.99096704,3,walking
1519421697944,-7.616563,-4.610151,-0.8952214,3,walking
1519421697950,-7.6261373,-4.6005764,-0.8281995,3,walking
1519421697954,-7.6835847,-4.504831,-0.78990126,3,walking
1519421697958,-7.741032,-4.3803616,-0.6750065,3,walking
1519421697963,-7.7793303,-4.2463174,-0.49308985,3,walking
1519421697970,-7.855927,-3.8824842,-0.09095833,3,walking
1519421697974,-7.8846507,-3.690993,0.03351096,3,walking
1519421697980,-7.894225,-3.126094,0.4164934,3,walking
1519421697985,-7.875076,-2.88673,0.44521707,3,walking
1519421697994,-7.8176284,-2.254809,0.8090504,3,walking
1519421698000,-7.808054,-2.0824668,0.90479594,3,walking
1519421698005,-7.769756,-1.9005502,0.99096704,3,walking
1519421698015,-7.855927,-1.3452257,1.0962871,3,walking
1519421698020,-7.9037995,-1.2016073,1.0484143,3,walking
1519421698025,-7.9133744,-1.0484143,1.0388398,3,walking
1519421698034,-8.11444,-0.76117754,0.78990126,3,walking
1519421698040,-8.229335,-0.64628285,0.7420284,3,walking
1519421698045,-8.401677,-0.49308985,0.49308985,3,walking
1519421698051,-8.55487,-0.42606795,0.30159867,3,walking
1519421698057,-8.66019,-0.37819514,0.110107444,3,walking
1519421698062,-8.899554,-0.36862057,-0.15798025,3,walking
1519421698067,-9.014449,-0.3877697,-0.28244954,3,walking
1519421698072,-9.138918,-0.6271337,-0.44521707,3,walking
1519421698077,-9.138918,-0.6271337,-0.44521707,3,walking
1519421698083,-9.244238,-0.8664977,-0.5505372,3,walking
1519421698090,-9.368708,-1.14416,-0.59841,3,walking
1519421698094,-9.41658,-1.3165021,-0.61755913,3,walking
1519421698105,-9.550624,-1.8526775,-0.76117754,3,walking
1519421698110,-9.579348,-2.034594,-0.8664977,3,walking
1519421698115,-9.655944,-2.2739582,-0.8856468,3,walking
1519421698125,-9.904882,-2.8388572,-1.0388398,3,walking
1519421698130,-9.98148,-3.059072,-1.0579889,3,walking
1519421698135,-10.287866,-3.346309,-1.0388398,3,walking
1519421698140,-10.431483,-3.4612036,-0.99096704,3,walking
1519421698145,-10.642124,-3.5473747,-0.9430942,3,walking
1519421698154,-11.168725,-3.7005677,-0.7994758,3,walking
1519421698160,-11.38894,-3.777164,-0.665432,3,walking
1519421698165,-11.542132,-3.7005677,-0.59841,3,walking
1519421698170,-11.867668,-3.5760984,-0.42606795,3,walking
1519421698175,-11.9346895,-3.4133308,-0.359046,3,walking
1519421698179,-12.030436,-3.2601378,-0.39734426,3,walking
1519421698184,-12.030436,-3.1548176,-0.40691882,3,walking
1519421698195,-11.925115,-2.752686,-0.4835153,3,walking
1519421698200,-11.877242,-2.5899186,-0.5505372,3,walking
1519421698205,-11.771922,-2.4558747,-0.70373017,3,walking
1519421698210,-11.542132,-2.1590633,-0.8186249,3,walking
1519421698215,-11.4272375,-1.9771467,-0.92394507,3,walking
1519421698221,-11.15915,-1.7473572,-1.1537346,3,walking
1519421698226,-11.092129,-1.6133134,-1.3260766,3,walking
1519421698230,-11.101703,-1.469695,-1.622888,3,walking
1519421698235,-11.350641,-1.2399056,-2.0537431,3,walking
1519421698245,-13.217681,-0.9718179,-3.1548176,3,walking
1519421698250,-13.705983,-1.1633091,-3.1165195,3,walking
1519421698257,-13.974071,-1.5271424,-2.7814097,3,walking
1519421698263,-13.945347,-2.5420458,-1.8143792,3,walking
1519421698269,-13.600663,-3.4899273,-0.93351966,3,walking
1519421698274,-13.34215,-3.8633351,-0.54096264,3,walking
1519421698317,-11.111278,-3.844186,-1.1345854,3,walking
1519421698325,-11.254896,-3.604822,-1.4122477,3,walking
1519421698333,-11.886817,-3.0877957,-2.187787,3,walking
1519421698339,-12.681505,-2.666515,-2.7622607,3,walking
1519421698344,-13.064487,-2.4845984,-2.9346027,3,walking
1519421698351,-13.648536,-2.1590633,-3.3271596,3,walking
1519421698355,-13.868751,-2.034594,-3.365458,3,walking
1519421698403,-13.121935,-1.948423,-2.5516202,3,walking
1519421698412,-12.6527815,-1.8239537,-2.513322,3,walking
1519421698420,-12.221927,-1.6899099,-2.475024,3,walking
1519421698428,-11.838944,-1.6516117,-2.6090677,3,walking
1519421698436,-11.647452,-1.7186337,-2.6952388,3,walking
1519421698443,-11.49426,-1.6324625,-2.8101335,3,walking
1519421698451,-11.350641,-1.4218222,-2.8388572,3,walking
1519421698457,-11.350641,-1.4218222,-2.8388572,3,walking
1519421698461,-10.632549,-1.5175679,-2.8771553,3,walking
1519421698465,-10.603826,-1.5941644,-2.9250283,3,walking
1519421698470,-10.737869,-1.6994845,-3.0111992,3,walking
1519421698474,-10.642124,-1.8718265,-2.9537518,3,walking
1519421698480,-10.287866,-2.0633178,-2.819708,3,walking
1519421698485,-10.06765,-2.0633178,-2.6856642,3,walking
1519421698490,-9.914457,-2.0537431,-2.561195,3,walking
1519421698495,-9.722966,-2.1207652,-2.475024,3,walking
1519421698500,-9.675094,-2.1590633,-2.3984275,3,walking
1519421698505,-9.502751,-2.2643836,-2.3314054,3,walking
1519421698509,-9.215514,-2.5037475,-2.1973617,3,walking
1519421698515,-9.071896,-2.561195,-2.1303396,3,walking
1519421698520,-8.9761505,-2.6090677,-2.1207652,3,walking
1519421698525,-8.947427,-2.5899186,-2.1590633,3,walking
1519421698530,-8.765511,-2.5899186,-2.1782124,3,walking
1519421698535,-8.66019,-2.647366,-2.2260852,3,walking
1519421698540,-8.497422,-2.580344,-2.3792782,3,walking
1519421698546,-8.497422,-2.580344,-2.3792782,3,walking
1519421698551,-8.363379,-2.4654493,-2.4845984,3,walking
1519421698556,-8.305931,-2.4558747,-2.5516202,3,walking
1519421698561,-8.258059,-2.4463003,-2.6760898,3,walking
1519421698566,-8.258059,-2.4463003,-2.6760898,3,walking
1519421698571,-8.00912,-2.34098,-2.867581,3,walking
1519421698576,-7.922949,-2.2643836,-2.88673,3,walking
1519421698582,-7.8655014,-2.1399143,-2.9154537,3,walking
1519421698590,-7.741032,-2.0537431,-2.9633265,3,walking
1519421698596,-7.6835847,-1.9867213,-2.9633265,3,walking
1519421698600,-7.635712,-1.9101248,-2.9154537,3,walking
1519421698606,-7.587839,-1.7377827,-2.7909844,3,walking
1519421698611,-7.5399666,-1.5654407,-2.7718353,3,walking
1519421698616,-7.5399666,-1.5654407,-2.7718353,3,walking
1519421698621,-7.434646,-1.469695,-2.6282167,3,walking
1519421698626,-7.3676243,-1.4601204,-2.5420458,3,walking
1519421698632,-7.2718787,-1.4026731,-2.427151,3,walking
1519421698639,-7.156984,-1.4218222,-2.34098,3,walking
1519421698644,-7.137835,-1.4409714,-2.360129,3,walking
1519421698655,-7.137835,-1.4888442,-2.321831,3,walking
1519421698660,-7.1665583,-1.4888442,-2.3984275,3,walking
1519421698666,-7.2144313,-1.5367169,-2.427151,3,walking
1519421698671,-7.1857076,-1.5845897,-2.4367256,3,walking
1519421698676,-7.1091113,-1.6324625,-2.3984275,3,walking
1519421698680,-7.0612383,-1.6611862,-2.3888528,3,walking
1519421698685,-7.042089,-1.6420372,-2.3984275,3,walking
1519421698689,-6.936769,-1.6707608,-2.3697038,3,walking
1519421698694,-6.8410234,-1.6899099,-2.3122563,3,walking
1519421698699,-6.821874,-1.7473572,-2.2643836,3,walking
1519421698704,-6.7931504,-1.776081,-2.2643836,3,walking
1519421698714,-6.668681,-1.8718265,-2.1782124,3,walking
1519421698719,-6.6208086,-1.9005502,-2.0920415,3,walking
1519421698723,-6.5537868,-1.9771467,-2.0920415,3,walking
1519421698730,-6.5346375,-2.0058703,-1.9867213,3,walking
1519421698735,-6.5729356,-1.9771467,-1.9579976,3,walking
1519421698739,-6.5825105,-1.9867213,-1.8239537,3,walking
1519421698744,-6.5825105,-1.9675722,-1.8048047,3,walking
1519421698750,-6.7069798,-2.0250196,-1.7569319,3,walking
1519421698754,-6.764427,-2.0441687,-1.709059,3,walking
1519421698763,-6.898471,-2.0824668,-1.6516117,3,walking
1519421698769,-7.02294,-2.101616,-1.5558661,3,walking
1519421698774,-7.051664,-2.1303396,-1.5367169,3,walking
1519421698779,-7.089962,-2.149489,-1.5271424,3,walking
1519421698784,-7.0803876,-2.1590633,-1.5175679,3,walking
1519421698789,-7.1474094,-2.1207652,-1.4601204,3,walking
1519421698794,-7.195282,-2.1111906,-1.5079932,3,walking
1519421698804,-7.2240057,-2.0441687,-1.4313968,3,walking
1519421698809,-7.2335806,-2.015445,-1.3643749,3,walking
1519421698814,-7.2718787,-1.9579976,-1.3260766,3,walking
1519421698819,-7.2718787,-1.9196993,-1.3452257,3,walking
1519421698824,-7.2910275,-1.9005502,-1.3260766,3,walking
1519421698834,-7.348475,-1.8909757,-1.2111819,3,walking
1519421698839,-7.3676243,-1.929274,-1.1250108,3,walking
1519421698844,-7.2910275,-2.034594,-0.8473486,3,walking
1519421698853,-7.3006024,-2.34098,-0.40691882,3,walking
1519421698859,-7.3771987,-2.427151,-0.2920241,3,walking
1519421698864,-7.5974135,-2.513322,-0.18670394,3,walking
1519421698873,-8.229335,-2.6856642,0.2154276,3,walking
1519421698878,-8.593168,-2.6282167,0.39734426,3,walking
1519421698883,-9.158067,-2.5037475,0.45479164,3,walking
1519421698894,-11.637878,-2.1111906,0.062234644,3,walking
1519421698900,-13.169807,-2.0633178,-0.5888355,3,walking
1519421698905,-13.169807,-2.0633178,-0.5888355,3,walking
1519421698909,-13.916624,-2.0250196,-1.0005416,3,walking
1519421698953,-10.211268,-1.8143792,-0.37819514,3,walking
1519421698961,-9.598496,-1.7856555,-0.27287498,3,walking
1519421698969,-9.818711,-1.4505459,-0.34947145,3,walking
1519421698977,-10.766593,-1.0962871,-0.47394073,3,walking
1519421698984,-11.475111,-0.90479594,-0.5792609,3,walking
1519421698993,-13.083637,-0.63670826,-0.9622433,3,walking
1519421698999,-14.548545,-0.56011176,-1.2973529,3,walking
1519421699004,-15.170891,-0.56968635,-1.4218222,3,walking
1519421699051,-14.385777,-1.6133134,-1.8431029,3,walking
1519421699059,-13.581514,-1.7282082,-2.0250196,3,walking
1519421699071,-12.518738,-1.6803354,-1.9388485,3,walking
1519421699078,-12.202777,-1.5941644,-1.929274,3,walking
1519421699083,-11.848518,-1.5558661,-1.9388485,3,walking
1519421699121,-9.426155,-2.015445,-0.85692316,3,walking
1519421699130,-8.947427,-2.427151,-0.76117754,3,walking
1519421699138,-8.6697645,-2.714388,-0.78032666,3,walking
1519421699145,-8.535721,-2.7909844,-0.7228793,3,walking
1519421699150,-8.363379,-2.8580062,-0.61755913,3,walking
1519421699154,-8.066567,-2.972901,-0.512239,3,walking
1519421699163,-7.741032,-3.499502,-0.4356425,3,walking
1519421699168,-7.6452866,-3.6526947,-0.47394073,3,walking
1519421699173,-7.5208173,-3.8633351,-0.45479164,3,walking
1519421699179,-7.3771987,-4.198445,-0.5313881,3,walking
1519421699184,-7.3197513,-4.2463174,-0.61755913,3,walking
1519421699193,-7.1474094,-4.284616,-0.6558574,3,walking
1519421699199,-7.137835,-4.2654667,-0.8186249,3,walking
1519421699204,-7.1857076,-4.2654667,-0.91437054,3,walking
1519421699209,-7.2527294,-4.236743,-1.0484143,3,walking
1519421699215,-7.3006024,-4.1888704,-1.1058618,3,walking
1519421699219,-7.310177,-4.1026993,-1.1058618,3,walking
1519421699225,-7.35805,-4.016528,-1.1058618,3,walking
1519421699230,-7.396348,-3.7963133,-1.0771381,3,walking
1519421699235,-7.4059224,-3.6526947,-1.0388398,3,walking
1519421699240,-7.4729443,-3.4612036,-0.98139244,3,walking
1519421699245,-7.4729443,-3.4612036,-0.98139244,3,walking
1519421699250,-7.6261373,-3.231414,-0.8760723,3,walking
1519421699255,-7.654861,-3.0494976,-0.8090504,3,walking
1519421699260,-7.7506065,-2.8388572,-0.5888355,3,walking
1519421699265,-7.7506065,-2.8388572,-0.5888355,3,walking
1519421699269,-7.8367777,-2.5707695,-0.46436617,3,walking
1519421699274,-7.894225,-2.5037475,-0.47394073,3,walking
1519421699282,-8.018694,-2.3888528,-0.359046,3,walking
1519421699289,-8.152739,-2.2931073,-0.3111732,3,walking
1519421699294,-8.191036,-2.254809,-0.2441513,3,walking
1519421699299,-8.315506,-2.2069361,-0.09095833,3,walking
1519421699304,-8.34423,-2.168638,-0.03351096,3,walking
1519421699308,-8.363379,-2.2069361,0.023936402,3,walking
1519421699314,-8.392102,-2.2069361,0.014361841,3,walking
1519421699319,-8.439975,-2.2356598,0.14840569,3,walking
1519421699324,-8.4686985,-2.2739582,0.18670394,3,walking
1519421699333,-8.382527,-2.3026817,0.2441513,3,walking
1519421699339,-8.363379,-2.3314054,0.28244954,3,walking
1519421699344,-8.353804,-2.34098,0.30159867,3,walking
1519421699348,-8.372953,-2.2931073,0.23457673,3,walking
1519421699354,-8.44955,-2.2643836,0.22500217,3,walking
1519421699359,-8.535721,-2.2643836,0.10053288,3,walking
1519421699364,-8.55487,-2.2260852,0.0718092,3,walking
1519421699368,-8.641041,-2.2260852,-0.023936402,3,walking
1519421699373,-8.851681,-2.1782124,-0.19627848,3,walking
1519421699379,-8.985725,-2.1782124,-0.27287498,3,walking
1519421699384,-9.158067,-2.1590633,-0.39734426,3,walking
1519421699393,-9.598496,-2.1303396,-0.63670826,3,walking
1519421699398,-9.732541,-2.0920415,-0.7228793,3,walking
1519421699403,-9.837861,-2.0728924,-0.8186249,3,walking
1519421699413,-10.058076,-1.9771467,-0.85692316,3,walking
1519421699418,-10.172971,-1.9962958,-0.85692316,3,walking
1519421699423,-10.211268,-2.034594,-0.8664977,3,walking
1519421699429,-10.326163,-2.0920415,-0.7994758,3,walking
1519421699434,-10.345312,-2.168638,-0.78032666,3,walking
1519421699442,-10.412334,-2.321831,-0.76117754,3,walking
1519421699448,-10.575102,-2.427151,-0.7228793,3,walking
1519421699454,-10.642124,-2.4463003,-0.70373017,3,walking
1519421699463,-10.977234,-2.494173,-0.7228793,3,walking
1519421699469,-11.111278,-2.5037475,-0.76117754,3,walking
1519421699475,-11.207023,-2.4654493,-0.7994758,3,walking
1519421699479,-11.38894,-2.34098,-0.85692316,3,walking
1519421699485,-11.522984,-2.2739582,-0.8664977,3,walking
1519421699489,-11.609155,-2.2165108,-0.91437054,3,walking
1519421699495,-11.666602,-2.1207652,-0.8856468,3,walking
1519421699502,-11.781497,-1.8814012,-0.9526688,3,walking
1519421699507,-11.791071,-1.8048047,-0.9718179,3,walking
1519421699513,-11.7049,-1.709059,-0.8952214,3,walking
1519421699519,-11.513409,-1.6037389,-0.85692316,3,walking
1519421699524,-11.360216,-1.5558661,-0.85692316,3,walking
1519421699529,-11.216598,-1.4984187,-0.8760723,3,walking
1519421699534,-11.082554,-1.469695,-0.7994758,3,walking
1519421699539,-10.843189,-1.3643749,-0.8856468,3,walking
1519421699545,-10.651698,-1.3165021,-1.0292653,3,walking
1519421699549,-10.441058,-1.3260766,-1.622888,3,walking
1519421699555,-10.594251,-1.3930986,-2.0058703,3,walking
1519421699560,-10.919786,-1.469695,-2.4558747,3,walking
1519421699565,-11.436812,-1.5462915,-2.8292825,3,walking
1519421699570,-12.767676,-1.9101248,-3.231414,3,walking
1519421699576,-13.265553,-2.2356598,-3.078221,3,walking
1519421699581,-13.677259,-2.6377914,-2.7814097,3,walking
1519421699588,-14.146413,-4.3612123,-1.383524,3,walking
1519421699631,-10.967659,-3.4037561,-0.76117754,3,walking
1519421699640,-10.651698,-2.4654493,-1.2782038,3,walking
1519421699653,-10.785743,-0.91437054,-2.2069361,3,walking
1519421699661,-11.321918,0.6079846,-2.8484318,3,walking
1519421699668,-11.580431,1.0771381,-3.1165195,3,walking
1519421699673,-11.9346895,1.6037389,-3.4229054,3,walking
1519421699682,-12.470865,2.8484318,-3.997379,3,walking
1519421699687,-12.470865,2.8484318,-3.997379,3,walking
1519421699692,-12.557036,3.193116,-4.0739756,3,walking
1519421699698,-12.470865,2.9824755,-3.9686553,3,walking
1519421699703,-12.422992,2.6569405,-3.930357,3,walking
1519421699712,-12.279374,1.709059,-3.9590807,3,walking
1519421699718,-12.116607,0.69415563,-3.7101421,3,walking
1519421699724,-12.049584,0.110107444,-3.5569491,3,walking
1519421699732,-11.350641,-1.2782038,-2.867581,3,walking
1519421699738,-11.082554,-1.79523,-2.561195,3,walking
1519421699743,-10.871913,-2.360129,-2.3505547,3,walking
1519421699752,-10.632549,-3.7867386,-1.7473572,3,walking
1519421699758,-10.632549,-4.0931244,-1.6133134,3,walking
1519421699762,-10.536804,-4.3133397,-1.4792696,3,walking
1519421699768,-10.441058,-4.504831,-1.5750152,3,walking
1519421699776,-10.374036,-4.428234,-1.5558661,3,walking
1519421699780,-10.354887,-4.198445,-1.4313968,3,walking
1519421699784,-10.354887,-4.198445,-1.4313968,3,walking
1519421699788,-10.345312,-3.4133308,-1.3548003,3,walking
1519421699793,-10.249567,-3.2026904,-1.3930986,3,walking
1519421699798,-10.230418,-3.0877957,-1.4601204,3,walking
1519421699802,-10.105948,-2.9824755,-1.6037389,3,walking
1519421699808,-9.847435,-2.819708,-1.6994845,3,walking
1519421699813,-9.703817,-2.7431116,-1.8431029,3,walking
1519421699818,-9.54105,-2.6090677,-2.034594,3,walking
1519421699823,-9.445304,-2.5228968,-2.101616,3,walking
1519421699828,-9.359133,-2.4558747,-2.1590633,3,walking
1519421699834,-9.272962,-2.5037475,-2.2356598,3,walking
1519421699838,-9.196365,-2.4845984,-2.4558747,3,walking
1519421699842,-9.158067,-2.4463003,-2.5037475,3,walking
1519421699848,-9.043172,-2.360129,-2.5707695,3,walking
1519421699852,-8.928278,-2.2931073,-2.5516202,3,walking
1519421699858,-8.593168,-2.1399143,-2.475024,3,walking
1519421699863,-8.506997,-2.0633178,-2.427151,3,walking
1519421699872,-8.392102,-1.948423,-2.475024,3,walking
1519421699878,-8.315506,-1.8814012,-2.427151,3,walking
1519421699883,-8.34423,-1.8335283,-2.494173,3,walking
1519421699892,-8.229335,-1.8909757,-2.5324712,3,walking
1519421699898,-8.104865,-1.8718265,-2.5228968,3,walking
1519421699903,-8.085716,-1.8239537,-2.5037475,3,walking
1519421699907,-8.133589,-1.7569319,-2.4845984,3,walking
1519421699913,-8.200611,-1.7282082,-2.4558747,3,walking
1519421699918,-8.248484,-1.6707608,-2.4558747,3,walking
1519421699923,-8.315506,-1.709059,-2.3888528,3,walking
1519421699927,-8.363379,-1.6899099,-2.360129,3,walking
1519421699932,-8.372953,-1.6994845,-2.3505547,3,walking
1519421699938,-8.363379,-1.6994845,-2.3505547,3,walking
1519421699942,-8.32508,-1.7186337,-2.321831,3,walking
1519421699948,-8.286782,-1.8048047,-2.360129,3,walking
1519421699954,-8.191036,-1.862252,-2.3122563,3,walking
1519421699959,-8.028269,-1.9962958,-2.2739582,3,walking
1519421699964,-8.028269,-1.9962958,-2.2739582,3,walking
1519421699969,-7.8176284,-2.0728924,-2.254809,3,walking
1519421699974,-7.6835847,-2.1590633,-2.187787,3,walking
1519421699980,-7.4920936,-2.2069361,-2.1303396,3,walking
1519421699985,-7.3771987,-2.2835326,-2.0537431,3,walking
1519421699990,-7.2910275,-2.2643836,-2.1111906,3,walking
1519421699995,-7.2910275,-2.2643836,-2.1111906,3,walking
1519421700000,-7.0995364,-2.1973617,-2.0633178,3,walking
1519421700005,-7.003791,-2.2069361,-2.034594,3,walking
1519421700010,-6.9559183,-2.149489,-2.0250196,3,walking
1519421700017,-6.8122997,-2.0824668,-2.0058703,3,walking
1519421700022,-6.7069798,-2.0441687,-1.9867213,3,walking
1519421700027,-6.6495323,-1.9675722,-2.0058703,3,walking
1519421700032,-6.563361,-1.9579976,-1.948423,3,walking
1519421700038,-6.486765,-1.8909757,-1.862252,3,walking
1519421700043,-6.410168,-1.8814012,-1.8143792,3,walking
1519421700051,-6.4676156,-1.8718265,-1.7569319,3,walking
1519421700058,-6.5825105,-1.8431029,-1.7282082,3,walking
1519421700063,-6.6878304,-1.8909757,-1.6803354,3,walking
1519421700072,-6.8793216,-1.948423,-1.622888,3,walking
1519421700077,-7.1091113,-2.0250196,-1.5654407,3,walking
1519421700082,-7.2527294,-2.0728924,-1.5079932,3,walking
1519421700091,-7.5399666,-2.254809,-1.4122477,3,walking
1519421700098,-7.5591154,-2.360129,-1.4313968,3,walking
1519421700102,-7.616563,-2.4367256,-1.383524,3,walking
1519421700111,-7.769756,-2.561195,-1.3165021,3,walking
1519421700117,-7.8272033,-2.5899186,-1.2973529,3,walking
1519421700122,-7.922949,-2.580344,-1.3356512,3,walking
1519421700128,-8.037844,-2.5037475,-1.3548003,3,walking
1519421700132,-8.095291,-2.5037475,-1.3356512,3,walking
1519421700136,-8.124015,-2.3792782,-1.3548003,3,walking
1519421700141,-8.143164,-2.2835326,-1.2877784,3,walking
1519421700148,-8.210186,-2.1590633,-1.3356512,3,walking
1519421700153,-8.229335,-2.101616,-1.3356512,3,walking
1519421700159,-8.32508,-2.0633178,-1.2686293,3,walking
1519421700163,-8.32508,-2.0633178,-1.2686293,3,walking
1519421700167,-8.382527,-2.0920415,-1.14416,3,walking
1519421700172,-8.439975,-2.168638,-1.0388398,3,walking
1519421700181,-8.4686985,-2.2356598,-0.77075213,3,walking
1519421700187,-8.478273,-2.4367256,-0.4164934,3,walking
1519421700192,-8.526146,-2.4845984,-0.28244954,3,walking
1519421700201,-8.679339,-2.7048132,0.09095833,3,walking
1519421700207,-8.765511,-2.7239625,0.19627848,3,walking
1519421700212,-8.889979,-2.7718353,0.36862057,3,walking
1519421700218,-9.138918,-2.819708,0.61755913,3,walking
1519421700223,-9.3878565,-2.8101335,0.6558574,3,walking
1519421700228,-9.722966,-2.752686,0.59841,3,walking
1519421700233,-10.230418,-2.647366,0.4164934,3,walking
1519421700238,-11.350641,-2.4654493,-0.023936402,3,walking
1519421700244,-11.972988,-2.4175766,-0.32074776,3,walking
1519421700252,-13.035764,-2.3505547,-0.6845811,3,walking
1519421700257,-13.514492,-2.2931073,-1.0579889,3,walking
1519421700262,-13.485768,-2.2356598,-1.0388398,3,walking
1519421700303,-10.871913,-1.8431029,-0.6845811,3,walking
1519421700312,-10.278291,-1.7569319,-0.34947145,3,walking
1519421700319,-9.809137,-1.6803354,-0.043085523,3,walking
1519421700325,-9.713391,-1.5941644,0.014361841,3,walking
1519421700330,-9.684668,-1.469695,0.081383765,3,walking
1519421700336,-9.904882,-1.2686293,0.081383765,3,walking
1519421700341,-10.144247,-1.1250108,0.014361841,3,walking
1519421700347,-10.958084,-0.7420284,-0.15798025,3,walking
1519421700352,-11.417664,-0.665432,-0.2154276,3,walking
1519421700363,-12.604909,-0.3877697,-0.78032666,3,walking
1519421700372,-13.208106,-0.37819514,-1.0867126,3,walking
1519421700415,-13.188957,-1.5558661,-2.4845984,3,walking
1519421700424,-12.949593,-1.6994845,-2.4463003,3,walking
1519421700432,-12.25065,-2.1111906,-2.321831,3,walking
1519421700439,-11.446387,-2.321831,-2.015445,3,walking
1519421700445,-11.092129,-2.427151,-1.8526775,3,walking
1519421700450,-10.871913,-2.494173,-1.7569319,3,walking
1519421700454,-10.642124,-2.4654493,-1.5750152,3,walking
1519421700459,-10.239992,-2.4175766,-1.2399056,3,walking
1519421700463,-10.239992,-2.4175766,-1.2399056,3,walking
1519421700467,-9.7899885,-2.5324712,-0.9718179,3,walking
1519421700472,-9.5889225,-2.5324712,-0.8952214,3,walking
1519421700477,-9.41658,-2.5707695,-0.77075213,3,walking
1519421700482,-9.158067,-2.6090677,-0.6845811,3,walking
1519421700487,-8.899554,-2.6569405,-0.64628285,3,walking
1519421700493,-8.66019,-2.6856642,-0.47394073,3,walking
1519421700497,-8.497422,-2.714388,-0.49308985,3,walking
1519421700501,-8.277207,-2.733537,-0.3877697,3,walking
1519421700507,-7.9708214,-2.8580062,-0.39734426,3,walking
1519421700512,-7.808054,-2.972901,-0.46436617,3,walking
1519421700521,-7.664436,-3.1548176,-0.59841,3,walking
1519421700527,-7.434646,-3.3271596,-0.6271337,3,walking
1519421700532,-7.3197513,-3.3558834,-0.665432,3,walking
1519421700537,-7.0995364,-3.4229054,-0.70373017,3,walking
1519421700542,-7.003791,-3.4229054,-0.71330476,3,walking
1519421700547,-6.9271946,-3.4803526,-0.71330476,3,walking
1519421700552,-6.9080453,-3.5473747,-0.71330476,3,walking
1519421700557,-6.850598,-3.5760984,-0.83777404,3,walking
1519421700561,-6.8027253,-3.5856729,-0.8186249,3,walking
1519421700566,-6.783576,-3.5665238,-0.83777404,3,walking
1519421700571,-6.831449,-3.5569491,-0.91437054,3,walking
1519421700577,-6.850598,-3.4420545,-0.93351966,3,walking
1519421700582,-6.9176197,-3.365458,-0.92394507,3,walking
1519421700587,-7.02294,-3.193116,-0.93351966,3,walking
1519421700593,-7.02294,-3.193116,-0.93351966,3,walking
1519421700598,-7.12826,-2.88673,-0.93351966,3,walking
1519421700603,-7.0803876,-2.733537,-0.8856468,3,walking
1519421700608,-7.089962,-2.321831,-0.8281995,3,walking
1519421700613,-7.0612383,-2.1590633,-0.7324539,3,walking
1519421700618,-7.0995364,-2.015445,-0.6271337,3,walking
1519421700622,-7.0995364,-1.8526775,-0.50266445,3,walking
1519421700626,-7.156984,-1.7186337,-0.3398969,3,walking
1519421700631,-7.204857,-1.5175679,-0.2154276,3,walking
1519421700637,-7.2527294,-1.4218222,-0.12925656,3,walking
1519421700641,-7.243155,-1.3260766,-0.081383765,3,walking
1519421700646,-7.310177,-1.2494801,0.10053288,3,walking
1519421700651,-7.35805,-1.2399056,0.20585304,3,walking
1519421700656,-7.396348,-1.2686293,0.27287498,3,walking
1519421700661,-7.4442205,-1.2973529,0.34947145,3,walking
1519421700667,-7.549541,-1.3452257,0.4835153,3,walking
1519421700672,-7.587839,-1.383524,0.5218136,3,walking
1519421700681,-7.7314577,-1.6037389,0.4835153,3,walking
1519421700687,-7.7984796,-1.79523,0.56968635,3,walking
1519421700692,-7.855927,-1.8814012,0.54096264,3,walking
1519421700700,-8.018694,-2.015445,0.45479164,3,walking
1519421700706,-8.21976,-2.0441687,0.4164934,3,walking
1519421700711,-8.296356,-2.0728924,0.3398969,3,walking
1519421700716,-8.612317,-1.948423,0.2441513,3,walking
1519421700721,-8.765511,-1.929274,0.11968201,3,walking
1519421700726,-8.985725,-1.9005502,0.03351096,3,walking
1519421700731,-9.167642,-1.8526775,-0.00478728,3,walking
1519421700736,-9.560199,-1.8431029,-0.13883112,3,walking
1519421700741,-9.761265,-1.862252,-0.18670394,3,walking
1519421700746,-9.761265,-1.862252,-0.18670394,3,walking
1519421700750,-10.163396,-1.9101248,-0.33032233,3,walking
1519421700757,-10.5080805,-1.9388485,-0.47394073,3,walking
1519421700761,-10.642124,-1.9579976,-0.4356425,3,walking
1519421700766,-10.757019,-1.9388485,-0.50266445,3,walking
1519421700770,-10.871913,-1.9196993,-0.5313881,3,walking
1519421700777,-11.130426,-1.8909757,-0.5505372,3,walking
1519421700781,-11.207023,-1.9101248,-0.59841,3,walking
1519421700790,-11.455961,-1.8718265,-0.6558574,3,walking
1519421700796,-11.7049,-1.8718265,-0.64628285,3,walking
1519421700801,-11.838944,-1.8909757,-0.64628285,3,walking
1519421700807,-12.001712,-1.8909757,-0.5505372,3,walking
1519421700811,-12.059159,-1.9196993,-0.46436617,3,walking
1519421700816,-12.116607,-1.8814012,-0.3877697,3,walking
1519421700821,-12.126181,-1.8814012,-0.28244954,3,walking
1519421700826,-12.059159,-1.8909757,-0.16755481,3,walking
1519421700831,-12.030436,-1.8526775,-0.11968201,3,walking
1519421700836,-12.001712,-1.7569319,-0.110107444,3,walking
1519421700841,-11.925115,-1.7282082,-0.10053288,3,walking
1519421700846,-11.848518,-1.5845897,-0.20585304,3,walking
1519421700851,-11.858093,-1.5175679,-0.27287498,3,walking
1519421700858,-11.838944,-1.3069274,-0.5505372,3,walking
1519421700862,-11.838944,-1.3069274,-0.5505372,3,walking
1519421700867,-11.657027,-1.0867126,-0.70373017,3,walking
1519421700871,-11.503835,-1.0579889,-0.76117754,3,walking
1519421700880,-11.341067,-1.0484143,-0.9622433,3,walking
1519421700886,-11.111278,-1.0388398,-1.0962871,3,walking
1519421700891,-10.967659,-1.0579889,-1.1633091,3,walking
1519421700896,-10.785743,-1.0484143,-1.3548003,3,walking
1519421700901,-10.82404,-0.99096704,-1.4984187,3,walking
1519421700906,-10.938935,-0.98139244,-1.6994845,3,walking
1519421700911,-11.15915,-1.0484143,-1.9579976,3,walking
1519421700916,-11.49426,-1.1920328,-2.1303396,3,walking
1519421700921,-12.298523,-1.6037389,-2.034594,3,walking
1519421700926,-12.624058,-1.929274,-1.7856555,3,walking
1519421700931,-12.825124,-2.3314054,-1.6037389,3,walking
1519421700938,-13.083637,-3.2697124,-1.0484143,3,walking
1519421700943,-13.093211,-3.758015,-0.7420284,3,walking
1519421700948,-12.9591675,-4.543129,-0.19627848,3,walking
1519421700952,-12.9591675,-4.543129,-0.19627848,3,walking
1519421700989,-11.647452,-3.7197168,-0.7324539,3,walking
1519421700996,-11.609155,-3.384607,-0.9718179,3,walking
1519421701004,-11.877242,-2.3697038,-1.9388485,3,walking
1519421701012,-11.982562,-1.9579976,-2.2452345,3,walking
1519421701017,-12.135756,-1.5654407,-2.5037475,3,walking
1519421701021,-12.336822,-1.1824582,-2.7622607,3,walking
1519421701026,-12.470865,-0.665432,-3.1643922,3,walking
1519421701031,-12.614484,-0.4356425,-3.3750327,3,walking
1519421701035,-12.662356,-0.28244954,-3.4420545,3,walking
1519421701040,-12.777251,-0.20585304,-3.5952475,3,walking
1519421701046,-12.7964,-0.00478728,-3.518651,3,walking
1519421701051,-12.738953,-0.05266008,-3.4229054,3,walking
1519421701060,-12.767676,-0.25372586,-3.3558834,3,walking
1519421701066,-12.863422,-0.5888355,-3.2697124,3,walking
1519421701071,-12.7964,-0.8090504,-3.2792869,3,walking
1519421701076,-12.58576,-1.3548003,-3.0494976,3,walking
1519421701081,-12.413418,-1.6516117,-2.905879,3,walking
1519421701086,-12.279374,-1.8814012,-2.752686,3,walking
1519421701091,-12.164479,-2.0824668,-2.5516202,3,walking
1519421701096,-11.886817,-2.4654493,-2.1590633,3,walking
1519421701100,-11.7336235,-2.666515,-2.0058703,3,walking
1519421701105,-11.618729,-2.8388572,-1.9771467,3,walking
1519421701110,-11.446387,-3.0494976,-1.7665064,3,walking
1519421701116,-11.130426,-3.3750327,-1.5367169,3,walking
1519421701121,-10.977234,-3.4037561,-1.5175679,3,walking
1519421701126,-10.785743,-3.4420545,-1.3739494,3,walking
1519421701131,-10.575102,-3.4899273,-1.3452257,3,walking
1519421701136,-10.450633,-3.4229054,-1.3739494,3,walking
1519421701141,-10.287866,-3.346309,-1.3356512,3,walking
1519421701145,-10.115523,-3.231414,-1.3548003,3,walking
1519421701151,-9.943181,-3.1069448,-1.3548003,3,walking
1519421701156,-9.732541,-2.9154537,-1.5175679,3,walking
1519421701161,-9.579348,-2.8484318,-1.5750152,3,walking
1519421701166,-9.253813,-2.666515,-1.6994845,3,walking
1519421701171,-9.129343,-2.5707695,-1.709059,3,walking
1519421701176,-8.957002,-2.5037475,-1.7856555,3,walking
1519421701181,-8.794233,-2.408002,-1.8431029,3,walking
1519421701186,-8.516571,-2.2835326,-1.929274,3,walking
1519421701192,-8.401677,-2.2165108,-1.929274,3,walking
1519421701197,-8.296356,-2.1399143,-1.9962958,3,walking
1519421701202,-8.1623125,-2.0633178,-2.0250196,3,walking
1519421701206,-7.9708214,-1.9962958,-2.1782124,3,walking
1519421701212,-7.846352,-2.0058703,-2.2356598,3,walking
1519421701217,-7.769756,-2.0058703,-2.3314054,3,walking
1519421701222,-7.7506065,-2.0441687,-2.427151,3,walking
1519421701227,-7.702734,-2.0824668,-2.4558747,3,walking
1519421701232,-7.6740103,-2.101616,-2.4367256,3,walking
1519421701238,-7.7123084,-2.149489,-2.513322,3,walking
1519421701243,-7.6835847,-2.168638,-2.5420458,3,walking
1519421701248,-7.7793303,-2.1973617,-2.6186423,3,walking
1519421701253,-7.7793303,-2.2452345,-2.580344,3,walking
1519421701258,-7.8272033,-2.2356598,-2.513322,3,walking
1519421701263,-7.8272033,-2.254809,-2.475024,3,walking
1519421701268,-7.7793303,-2.2931073,-2.408002,3,walking
1519421701273,-7.7793303,-2.2643836,-2.254809,3,walking
1519421701279,-7.769756,-2.2739582,-2.149489,3,walking
1519421701283,-7.654861,-2.3122563,-2.0250196,3,walking
1519421701289,-7.664436,-2.2835326,-1.9867213,3,walking
1519421701294,-7.6069884,-2.2835326,-1.9867213,3,walking
1519421701299,-7.6069884,-2.2452345,-1.9196993,3,walking
1519421701304,-7.6069884,-2.2452345,-1.9196993,3,walking
1519421701309,-7.5208173,-2.187787,-1.9675722,3,walking
1519421701319,-7.310177,-2.254809,-1.8718265,3,walking
1519421701326,-7.243155,-2.2356598,-1.9005502,3,walking
1519421701331,-7.204857,-2.1590633,-1.8526775,3,walking
1519421701336,-7.156984,-2.168638,-1.8814012,3,walking
1519421701342,-7.0995364,-2.168638,-1.862252,3,walking
1519421701347,-7.003791,-2.101616,-1.7856555,3,walking
1519421701352,-7.02294,-2.0920415,-1.7856555,3,walking
1519421701357,-6.936769,-2.0728924,-1.8239537,3,walking
1519421701362,-6.8122997,-2.0920415,-1.8048047,3,walking
1519421701367,-6.668681,-2.0728924,-1.7282082,3,walking
1519421701372,-6.6016593,-2.0537431,-1.7377827,3,walking
1519421701378,-6.2761245,-2.101616,-1.622888,3,walking
1519421701382,-6.1420803,-2.1207652,-1.6133134,3,walking
1519421701388,-6.0750585,-2.0824668,-1.5175679,3,walking
1519421701393,-6.027186,-2.1111906,-1.5271424,3,walking
1519421701398,-5.8931417,-2.1207652,-1.4313968,3,walking
1519421701403,-5.797396,-2.149489,-1.3356512,3,walking
1519421701408,-5.6633525,-2.1590633,-1.3165021,3,walking
1519421701413,-5.4718614,-2.2069361,-1.1633091,3,walking
1519421701418,-5.3952646,-2.2165108,-1.1250108,3,walking
1519421701423,-5.3378177,-2.254809,-1.0196906,3,walking
1519421701428,-5.3569665,-2.2835326,-0.9718179,3,walking
1519421701432,-5.452712,-2.2643836,-0.9622433,3,walking
1519421701437,-5.5771813,-2.2739582,-0.91437054,3,walking
1519421701441,-5.759098,-2.2739582,-0.91437054,3,walking
1519421701445,-5.9697385,-2.2643836,-0.8952214,3,walking
1519421701450,-6.170804,-2.2452345,-0.8856468,3,walking
1519421701455,-6.4005938,-2.2260852,-0.90479594,3,walking
1519421701460,-6.8601727,-2.2260852,-0.8090504,3,walking
1519421701465,-7.1186857,-2.2739582,-0.7228793,3,walking
1519421701470,-7.3771987,-2.3314054,-0.7228793,3,walking
1519421701476,-7.846352,-2.4463003,-0.6558574,3,walking
1519421701481,-8.066567,-2.4845984,-0.5792609,3,walking
1519421701486,-8.200611,-2.561195,-0.512239,3,walking
1519421701491,-8.34423,-2.6282167,-0.46436617,3,walking
1519421701495,-8.439975,-2.6569405,-0.34947145,3,walking
1519421701500,-8.583593,-2.6569405,-0.13883112,3,walking
1519421701506,-8.612317,-2.5994933,0.00478728,3,walking
1519421701511,-8.621892,-2.5516202,0.014361841,3,walking
1519421701516,-8.631466,-2.5037475,-0.023936402,3,walking
1519421701522,-8.650616,-2.4175766,-0.110107444,3,walking
1519421701526,-8.727212,-2.360129,-0.27287498,3,walking
1519421701531,-8.784659,-2.3122563,-0.3877697,3,walking
1519421701536,-8.899554,-2.2452345,-0.5313881,3,walking
1519421701541,-8.985725,-2.2260852,-0.61755913,3,walking
1519421701546,-9.167642,-2.2356598,-0.7420284,3,walking
1519421701551,-9.31126,-2.2739582,-0.76117754,3,walking
1519421701555,-9.474028,-2.3122563,-0.751603,3,walking
1519421701560,-9.675094,-2.3697038,-0.7324539,3,walking
1519421701566,-10.307014,-2.4367256,-0.70373017,3,walking
1519421701570,-10.785743,-2.427151,-0.6271337,3,walking
1519421701579,-11.9346895,-2.2452345,-0.6845811,3,walking
1519421701587,-13.246405,-2.1590633,-0.78990126,3,walking
1519421701591,-13.8879,-2.0824668,-0.7994758,3,walking
1519421701596,-14.424075,-2.149489,-0.7228793,3,walking
1519421701600,-14.290031,-2.1303396,-0.6558574,3,walking
1519421701605,-14.002794,-2.1303396,-0.5218136,3,walking
1519421701639,-10.938935,-1.7186337,-0.12925656,3,walking
1519421701644,-10.651698,-1.7665064,-0.09095833,3,walking
1519421701652,-10.651698,-1.7665064,-0.09095833,3,walking
1519421701660,-10.316589,-1.6611862,-0.19627848,3,walking
1519421701665,-10.393186,-1.6611862,-0.19627848,3,walking
1519421701670,-10.5080805,-1.6899099,-0.32074776,3,walking
1519421701675,-10.967659,-1.7377827,-0.4164934,3,walking
1519421701680,-11.235746,-1.7569319,-0.45479164,3,walking
1519421701685,-11.465536,-1.8909757,-0.46436617,3,walking
1519421701690,-12.2410755,-2.0728924,-0.6271337,3,walking
1519421701694,-12.2410755,-2.0728924,-0.6271337,3,walking
1519421701698,-12.9591675,-2.0728924,-0.83777404,3,walking
1519421701705,-13.179382,-2.1111906,-0.9430942,3,walking
1519421701710,-13.552791,-2.254809,-1.1633091,3,walking
1519421701714,-13.734707,-2.3314054,-1.2303311,3,walking
1519421701720,-13.878325,-2.360129,-1.4218222,3,walking
1519421701725,-13.935773,-2.3792782,-1.7569319,3,walking
1519421701730,-13.801729,-2.408002,-1.9196993,3,walking
1519421701734,-13.696408,-2.3888528,-2.1399143,3,walking
1519421701740,-13.524067,-2.3888528,-2.1973617,3,walking
1519421701745,-13.332576,-2.3697038,-2.2835326,3,walking
1519421701751,-12.920869,-2.3505547,-2.3984275,3,walking
1519421701755,-12.8538475,-2.3697038,-2.5516202,3,walking
1519421701759,-12.729378,-2.3697038,-2.6569405,3,walking
1519421701765,-12.46129,-2.3314054,-2.733537,3,walking
1519421701770,-12.183628,-2.3697038,-2.6282167,3,walking
1519421701775,-11.972988,-2.3314054,-2.5899186,3,walking
1519421701779,-11.408089,-2.3792782,-2.321831,3,walking
1519421701785,-11.178299,-2.360129,-2.149489,3,walking
1519421701790,-10.938935,-2.3314054,-1.9388485,3,walking
1519421701795,-10.536804,-2.2931073,-1.4984187,3,walking
1519421701800,-10.287866,-2.3505547,-1.3356512,3,walking
1519421701804,-10.096374,-2.3697038,-1.1633091,3,walking
1519421701810,-9.952756,-2.3026817,-0.9622433,3,walking
1519421701815,-9.675094,-2.408002,-0.751603,3,walking
1519421701820,-9.253813,-2.6090677,-0.5313881,3,walking
1519421701824,-9.253813,-2.6090677,-0.5313881,3,walking
1519421701829,-8.937852,-2.6282167,-0.359046,3,walking
1519421701835,-8.612317,-2.733537,-0.22500217,3,walking
1519421701840,-8.439975,-2.7718353,-0.16755481,3,walking
1519421701845,-8.296356,-2.8580062,-0.19627848,3,walking
1519421701850,-8.171887,-2.88673,-0.19627848,3,walking
1519421701855,-7.9803963,-2.8292825,-0.19627848,3,walking
1519421701860,-7.846352,-2.714388,-0.17712937,3,walking
1519421701865,-7.6835847,-2.5994933,-0.18670394,3,walking
1519421701869,-7.3771987,-2.513322,-0.3111732,3,walking
1519421701875,-7.3389006,-2.494173,-0.4164934,3,walking
1519421701879,-7.281453,-2.5324712,-0.45479164,3,walking
1519421701885,-7.156984,-2.5516202,-0.5505372,3,walking
1519421701890,-6.984642,-2.561195,-0.5888355,3,walking
1519421701896,-6.9271946,-2.5899186,-0.665432,3,walking
1519421701901,-6.8410234,-2.561195,-0.6845811,3,walking
1519421701905,-6.7548523,-2.513322,-0.7324539,3,walking
1519421701910,-6.7261286,-2.4558747,-0.751603,3,walking
1519421701919,-6.6878304,-2.3888528,-0.8664977,3,walking
1519421701925,-6.678256,-2.3984275,-0.8760723,3,walking
1519421701929,-6.716554,-2.3792782,-0.8856468,3,walking
1519421701935,-6.7740016,-2.3697038,-0.8952214,3,walking
1519421701939,-6.869747,-2.3984275,-0.85692316,3,walking
1519421701945,-7.042089,-2.5899186,-0.77075213,3,walking
1519421701950,-7.1186857,-2.647366,-0.6845811,3,walking
1519421701955,-7.204857,-2.6952388,-0.6845811,3,walking
1519421701959,-7.3676243,-2.752686,-0.5218136,3,walking
1519421701965,-7.3771987,-2.6952388,-0.47394073,3,walking
1519421701969,-7.4537954,-2.714388,-0.42606795,3,walking
1519421701975,-7.5208173,-2.6952388,-0.3877697,3,walking
1519421701980,-7.702734,-2.6569405,-0.28244954,3,walking
1519421701984,-7.7601814,-2.5899186,-0.2441513,3,walking
1519421701989,-7.8655014,-2.5516202,-0.25372586,3,walking
1519421701995,-7.922949,-2.5037475,-0.25372586,3,walking
1519421701999,-8.095291,-2.4175766,-0.20585304,3,walking
1519421702004,-8.181462,-2.3697038,-0.19627848,3,walking
1519421702009,-8.286782,-2.3026817,-0.18670394,3,walking
1519421702015,-8.439975,-2.1973617,-0.17712937,3,walking
1519421702020,-8.55487,-2.1303396,-0.19627848,3,walking
1519421702025,-8.650616,-2.0441687,-0.19627848,3,walking
1519421702030,-8.650616,-2.0441687,-0.19627848,3,walking
1519421702035,-8.66019,-2.034594,-0.12925656,3,walking
1519421702040,-8.717637,-1.9867213,-0.16755481,3,walking
1519421702045,-8.717637,-1.9867213,-0.14840569,3,walking
1519421702050,-8.736787,-1.9196993,-0.16755481,3,walking
1519421702055,-8.794233,-1.929274,-0.16755481,3,walking
1519421702060,-8.7750845,-1.9005502,-0.20585304,3,walking
1519421702065,-8.861256,-1.8814012,-0.25372586,3,walking
1519421702070,-9.033598,-1.8814012,-0.2920241,3,walking
1519421702074,-9.158067,-1.8814012,-0.37819514,3,walking
1519421702079,-9.31126,-1.8909757,-0.3877697,3,walking
1519421702085,-9.493176,-1.9196993,-0.4164934,3,walking
1519421702090,-9.7899885,-1.929274,-0.5505372,3,walking
1519421702095,-9.952756,-1.9675722,-0.5505372,3,walking
1519421702100,-10.077225,-1.948423,-0.56011176,3,walking
1519421702105,-10.383611,-1.8909757,-0.61755913,3,walking
1519421702109,-10.498506,-1.8718265,-0.6558574,3,walking
1519421702115,-10.622974,-1.862252,-0.6750065,3,walking
1519421702119,-10.776168,-1.8143792,-0.69415563,3,walking
1519421702125,-11.025106,-1.7377827,-0.7228793,3,walking
1519421702129,-11.15915,-1.709059,-0.70373017,3,walking
1519421702134,-11.302769,-1.6994845,-0.70373017,3,walking
1519421702139,-11.532558,-1.7473572,-0.665432,3,walking
1519421702145,-11.676176,-1.776081,-0.665432,3,walking
1519421702150,-11.781497,-1.8239537,-0.59841,3,walking
1519421702155,-11.915541,-1.8239537,-0.5888355,3,walking
1519421702160,-12.020861,-1.8718265,-0.4835153,3,walking
1519421702165,-12.049584,-1.862252,-0.4835153,3,walking
1519421702169,-12.087883,-1.8814012,-0.4164934,3,walking
1519421702175,-12.059159,-1.9005502,-0.40691882,3,walking
1519421702179,-11.963413,-1.8909757,-0.36862057,3,walking
1519421702183,-11.867668,-1.8431029,-0.45479164,3,walking
1519421702190,-11.791071,-1.776081,-0.46436617,3,walking
1519421702194,-11.791071,-1.776081,-0.46436617,3,walking
1519421702199,-11.360216,-1.4026731,-0.77075213,3,walking
1519421702205,-11.092129,-1.0771381,-1.0005416,3,walking
1519421702210,-11.092129,-1.0771381,-1.0005416,3,walking
1519421702215,-10.776168,-0.8281995,-1.2207564,3,walking
1519421702220,-10.709146,-0.7324539,-1.3260766,3,walking
1519421702225,-10.555953,-0.665432,-1.5462915,3,walking
1519421702229,-10.6134,-0.6750065,-1.7473572,3,walking
1519421702235,-10.689997,-0.6558574,-2.0058703,3,walking
1519421702240,-10.910212,-0.71330476,-2.3505547,3,walking
1519421702245,-12.030436,-0.93351966,-2.7814097,3,walking
1519421702249,-12.738953,-1.0867126,-2.8101335,3,walking
1519421702254,-13.418746,-1.3356512,-2.7239625,3,walking
1519421702261,-13.8879,-1.5941644,-2.4654493,3,walking
1519421702265,-14.32833,-2.5994933,-1.9771467,3,walking
1519421702270,-14.385777,-3.1643922,-1.6899099,3,walking
1519421702313,-10.709146,-3.059072,-1.7186337,3,walking
1519421702321,-10.555953,-2.733537,-1.9101248,3,walking
1519421702329,-10.182545,-1.709059,-2.1973617,3,walking
1519421702336,-10.077225,-1.0196906,-2.34098,3,walking
1519421702344,-10.029352,-0.7420284,-2.360129,3,walking
1519421702349,-10.000628,-0.5218136,-2.4558747,3,walking
1519421702354,-10.010203,-0.3111732,-2.4654493,3,walking
1519421702359,-10.144247,-0.03351096,-2.5994933,3,walking
1519421702364,-10.230418,-0.023936402,-2.561195,3,walking
1519421702369,-10.354887,-0.014361841,-2.561195,3,walking
1519421702374,-10.5080805,-0.03351096,-2.6090677,3,walking
1519421702379,-10.814466,-0.18670394,-2.5707695,3,walking
1519421702384,-10.958084,-0.3398969,-2.5707695,3,walking
1519421702389,-11.130426,-0.56011176,-2.513322,3,walking
1519421702394,-11.417664,-1.14416,-2.3314054,3,walking
1519421702399,-11.618729,-1.4409714,-2.2260852,3,walking
1519421702404,-11.771922,-1.7569319,-2.1207652,3,walking
1519421702408,-12.0400095,-2.3697038,-1.9675722,3,walking
1519421702414,-12.135756,-2.6760898,-1.9101248,3,walking
1519421702419,-12.183628,-2.9441774,-1.8431029,3,walking
1519421702424,-12.2410755,-3.384607,-1.8048047,3,walking
1519421702428,-12.2410755,-3.4803526,-1.8814012,3,walking
1519421702433,-12.2410755,-3.4899273,-1.929274,3,walking
1519421702438,-12.164479,-3.4803526,-1.948423,3,walking
1519421702444,-12.116607,-3.365458,-2.034594,3,walking
1519421702449,-11.781497,-3.1452432,-2.321831,3,walking
1519421702454,-11.513409,-2.9920502,-2.3314054,3,walking
1519421702459,-11.28362,-2.867581,-2.321831,3,walking
1519421702464,-11.140001,-2.7048132,-2.2931073,3,walking
1519421702468,-11.063405,-2.513322,-2.3888528,3,walking
1519421702474,-10.967659,-2.408002,-2.4558747,3,walking
1519421702478,-10.900637,-2.254809,-2.427151,3,walking
1519421702484,-10.709146,-1.9675722,-2.2835326,3,walking
1519421702488,-10.603826,-1.8814012,-2.1207652,3,walking
1519421702494,-10.546378,-1.8335283,-2.0728924,3,walking
1519421702499,-10.460207,-1.7665064,-1.8048047,3,walking
1519421702504,-10.287866,-1.7282082,-1.6133134,3,walking
1519421702509,-10.172971,-1.6707608,-1.4505459,3,walking
1519421702514,-10.096374,-1.6324625,-1.3069274,3,walking
1519421702519,-9.818711,-1.5845897,-1.0196906,3,walking
1519421702523,-9.742115,-1.5845897,-0.8760723,3,walking
1519421702529,-9.64637,-1.5462915,-0.78032666,3,walking
1519421702534,-9.445304,-1.4888442,-0.56968635,3,walking
1519421702539,-9.110194,-1.3643749,-0.3111732,3,walking
1519421702544,-8.9761505,-1.2782038,-0.2154276,3,walking
1519421702548,-8.851681,-1.2016073,-0.081383765,3,walking
1519421702554,-8.708063,-0.91437054,0.05266008,3,walking
1519421702559,-8.5740185,-0.83777404,0.03351096,3,walking
1519421702564,-8.535721,-0.8186249,-0.20585304,3,walking
1519421702569,-8.535721,-0.8186249,-0.20585304,3,walking
1519421702574,-8.392102,-0.7994758,-0.47394073,3,walking
1519421702579,-8.334655,-0.85692316,-0.63670826,3,walking
1519421702583,-8.258059,-0.93351966,-0.8664977,3,walking
1519421702588,-8.21976,-1.1728836,-1.2973529,3,walking
1519421702593,-8.200611,-1.4122477,-1.4984187,3,walking
1519421702599,-8.1623125,-1.6133134,-1.6516117,3,walking
1519421702603,-8.23891,-2.0441687,-1.9771467,3,walking
1519421702608,-8.21976,-2.2165108,-2.1399143,3,walking
1519421702613,-8.152739,-2.3697038,-2.1973617,3,walking
1519421702618,-8.133589,-2.5037475,-2.2739582,3,walking
1519421702623,-8.085716,-2.7048132,-2.4654493,3,walking
1519421702629,-8.066567,-2.905879,-2.5516202,3,walking
1519421702634,-8.028269,-2.9920502,-2.7048132,3,walking
1519421702639,-7.8846507,-3.173967,-2.666515,3,walking
1519421702644,-7.769756,-3.4324799,-2.7622607,3,walking
1519421702649,-7.702734,-3.499502,-2.7718353,3,walking
1519421702654,-7.4537954,-3.690993,-2.6090677,3,walking
1519421702659,-7.4537954,-3.690993,-2.6090677,3,walking
1519421702664,-7.2240057,-3.7388659,-2.5228968,3,walking
1519421702669,-7.12826,-3.7675896,-2.3984275,3,walking
1519421702674,-7.0325146,-3.7675896,-2.254809,3,walking
1519421702679,-6.898471,-3.671844,-2.0920415,3,walking
1519421702684,-6.975067,-3.5760984,-2.0250196,3,walking
1519421702689,-6.869747,-3.4803526,-1.9388485,3,walking
1519421702694,-6.8410234,-3.2505634,-1.8239537,3,walking
1519421702699,-6.783576,-3.0973704,-1.7856555,3,walking
1519421702704,-6.7357035,-2.9633265,-1.6899099,3,walking
1519421702709,-6.783576,-2.8484318,-1.6899099,3,walking
1519421702714,-6.8122997,-2.6090677,-1.6133134,3,walking
1519421702719,-6.7740016,-2.561195,-1.6037389,3,walking
1519421702724,-6.745278,-2.427151,-1.6516117,3,walking
1519421702729,-6.745278,-2.427151,-1.6516117,3,walking
1519421702734,-6.678256,-2.3122563,-1.5845897,3,walking
1519421702739,-6.6591067,-2.2452345,-1.6133134,3,walking
1519421702744,-6.630383,-2.1590633,-1.5367169,3,walking
1519421702750,-6.6495323,-2.0824668,-1.5079932,3,walking
1519421702755,-6.6591067,-2.0250196,-1.5175679,3,walking
1519421702759,-6.678256,-2.015445,-1.4505459,3,walking
1519421702764,-6.783576,-1.9388485,-1.5175679,3,walking
1519421702768,-6.8601727,-1.929274,-1.5079932,3,walking
1519421702773,-6.984642,-1.9101248,-1.5175679,3,walking
1519421702779,-7.051664,-1.9196993,-1.5462915,3,walking
1519421702783,-7.1091113,-1.948423,-1.4984187,3,walking
1519421702788,-7.310177,-1.9867213,-1.5175679,3,walking
1519421702794,-7.396348,-2.0250196,-1.4601204,3,walking
1519421702799,-7.4729443,-2.101616,-1.5079932,3,walking
1519421702804,-7.5303917,-2.0920415,-1.4984187,3,walking
1519421702808,-7.8176284,-2.1590633,-1.4409714,3,walking
1519421702813,-7.9420977,-2.2260852,-1.4218222,3,walking
1519421702818,-8.047418,-2.2452345,-1.4505459,3,walking
1519421702823,-8.133589,-2.321831,-1.4792696,3,walking
1519421702828,-8.2676325,-2.3792782,-1.4505459,3,walking
1519421702834,-8.286782,-2.3792782,-1.4409714,3,walking
1519421702838,-8.315506,-2.3505547,-1.4218222,3,walking
1519421702843,-8.32508,-2.2739582,-1.3739494,3,walking
1519421702849,-8.2676325,-2.2165108,-1.4122477,3,walking
1519421702853,-8.258059,-2.187787,-1.3356512,3,walking
1519421702859,-8.286782,-2.1973617,-1.3356512,3,walking
1519421702864,-8.363379,-2.1590633,-1.2782038,3,walking
1519421702868,-8.382527,-2.168638,-1.2399056,3,walking
1519421702873,-8.4686985,-2.187787,-1.0292653,3,walking
1519421702878,-8.497422,-2.2069361,-0.9430942,3,walking
1519421702884,-8.506997,-2.2356598,-0.7420284,3,walking
1519421702889,-8.5740185,-2.2643836,-0.5888355,3,walking
1519421702894,-8.621892,-2.360129,-0.25372586,3,walking
1519421702898,-8.6697645,-2.4463003,-0.12925656,3,walking
1519421702903,-8.736787,-2.475024,0.0,3,walking
1519421702908,-8.889979,-2.5037475,0.110107444,3,walking
1519421702913,-9.493176,-2.475024,0.014361841,3,walking
1519421702918,-10.0868,-2.3888528,-0.16755481,3,walking
1519421702923,-10.833615,-2.2452345,-0.4164934,3,walking
1519421702926,-11.532558,-2.2260852,-0.71330476,3,walking
1519421702932,-12.317672,-2.2643836,-1.0579889,3,walking
1519421702938,-13.294277,-2.5037475,-1.2207564,3,walking
1519421702944,-13.198531,-2.8580062,-1.0101161,3,walking
1519421702948,-13.016615,-2.9250283,-0.83777404,3,walking
1519421702953,-12.758101,-2.9920502,-0.7324539,3,walking
1519421702959,-12.480439,-2.9633265,-0.5505372,3,walking
1519421702963,-11.896391,-2.8484318,-0.37819514,3,walking
1519421702985,-9.809137,-2.8771553,0.26330042,3,walking
1519421702991,-9.41658,-2.8771553,0.32074776,3,walking
1519421702998,-8.851681,-2.666515,0.19627848,3,walking
1519421703004,-8.851681,-2.5228968,0.10053288,3,walking
1519421703009,-9.033598,-2.3984275,-0.062234644,3,walking
1519421703014,-9.713391,-2.0537431,-0.40691882,3,walking
1519421703018,-9.713391,-2.0537431,-0.40691882,3,walking
1519421703023,-10.910212,-1.7665064,-0.751603,3,walking
1519421703028,-11.666602,-1.6420372,-1.0484143,3,walking
1519421703037,-13.476193,-1.6324625,-1.5654407,3,walking
1519421703043,-13.907049,-1.6037389,-1.6899099,3,walking
1519421703048,-14.280457,-1.6994845,-1.7473572,3,walking
1519421703089,-14.09854,-1.2973529,-2.1111906,3,walking
1519421703095,-13.323001,-1.1633091,-2.101616,3,walking
1519421703103,-13.064487,-1.14416,-2.0728924,3,walking
1519421703108,-12.805975,-1.0484143,-1.9962958,3,walking
1519421703113,-12.183628,-0.91437054,-1.7856555,3,walking
1519421703118,-11.800646,-0.8952214,-1.6611862,3,walking
1519421703123,-11.05383,-0.9622433,-1.2686293,3,walking
1519421703128,-10.852764,-1.0005416,-1.1154363,3,walking
1519421703134,-10.680422,-1.1058618,-1.0388398,3,walking
1519421703139,-10.565528,-1.1633091,-0.9622433,3,walking
1519421703143,-10.421909,-1.2111819,-0.8186249,3,walking
1519421703185,-7.769756,-2.733537,-0.27287498,3,walking
1519421703194,-7.501668,-2.8580062,-0.32074776,3,walking
1519421703201,-7.3867736,-2.8484318,-0.2920241,3,walking
1519421703207,-7.02294,-2.972901,-0.359046,3,walking
1519421703211,-6.9559183,-3.0494976,-0.4164934,3,walking
1519421703216,-6.8888965,-3.1548176,-0.46436617,3,walking
1519421703220,-6.936769,-3.2409887,-0.5218136,3,walking
1519421703225,-6.869747,-3.2601378,-0.5888355,3,walking
1519421703229,-6.869747,-3.2601378,-0.5888355,3,walking
1519421703234,-6.7357035,-3.126094,-0.61755913,3,walking
1519421703238,-6.678256,-3.020774,-0.5792609,3,walking
1519421703243,-6.611234,-2.9250283,-0.56968635,3,walking
1519421703248,-6.630383,-2.7909844,-0.50266445,3,walking
1519421703253,-6.5825105,-2.4845984,-0.42606795,3,walking
1519421703258,-6.6016593,-2.3314054,-0.3877697,3,walking
1519421703263,-6.6495323,-2.2069361,-0.3398969,3,walking
1519421703268,-6.678256,-2.1303396,-0.33032233,3,walking
1519421703273,-6.8793216,-2.0441687,-0.28244954,3,walking
1519421703279,-6.984642,-2.0633178,-0.27287498,3,walking
1519421703283,-7.2144313,-2.187787,-0.23457673,3,walking
1519421703288,-7.2144313,-2.187787,-0.23457673,3,walking
1519421703293,-7.4729443,-2.360129,-0.25372586,3,walking
1519421703298,-7.5303917,-2.4367256,-0.18670394,3,walking
1519421703304,-7.635712,-2.4558747,-0.15798025,3,walking
1519421703309,-7.8367777,-2.475024,-0.110107444,3,walking
1519421703314,-7.9708214,-2.475024,-0.09095833,3,walking
1519421703319,-8.171887,-2.4367256,-0.11968201,3,walking
1519421703324,-8.200611,-2.3792782,-0.11968201,3,walking
1519421703329,-8.372953,-2.3697038,-0.11968201,3,walking
1519421703335,-8.430401,-2.3314054,-0.0718092,3,walking
1519421703339,-8.497422,-2.3026817,-0.062234644,3,walking
1519421703345,-8.5740185,-2.2356598,-0.03351096,3,walking
1519421703349,-8.698488,-2.1303396,-0.014361841,3,walking
1519421703355,-8.755936,-2.101616,-0.03351096,3,walking
1519421703365,-8.937852,-1.8143792,-0.05266008,3,walking
1519421703370,-8.937852,-1.776081,-0.0718092,3,walking
1519421703376,-8.985725,-1.7473572,-0.081383765,3,walking
1519421703386,-9.071896,-1.622888,-0.023936402,3,walking
1519421703391,-9.0814705,-1.5750152,-0.043085523,3,walking
1519421703396,-9.129343,-1.5079932,-0.062234644,3,walking
1519421703401,-9.129343,-1.5175679,-0.081383765,3,walking
1519421703406,-9.215514,-1.5175679,-0.13883112,3,walking
1519421703411,-9.29211,-1.5175679,-0.12925656,3,walking
1519421703416,-9.41658,-1.5941644,-0.20585304,3,walking
1519421703421,-9.483603,-1.6611862,-0.2154276,3,walking
1519421703427,-9.598496,-1.6707608,-0.17712937,3,walking
1519421703431,-9.770839,-1.7186337,-0.2154276,3,walking
1519421703437,-9.914457,-1.7377827,-0.30159867,3,walking
1519421703442,-10.000628,-1.7665064,-0.37819514,3,walking
1519421703447,-10.105948,-1.776081,-0.39734426,3,walking
1519421703451,-10.40276,-1.7665064,-0.5313881,3,walking
1519421703456,-10.488931,-1.7473572,-0.5888355,3,walking
1519421703460,-10.632549,-1.7282082,-0.70373017,3,walking
1519421703465,-10.747444,-1.6611862,-0.78990126,3,walking
1519421703475,-11.341067,-1.7186337,-1.1154363,3,walking
1519421703480,-11.341067,-1.7186337,-1.1154363,3,walking
1519421703486,-11.714475,-1.929274,-1.14416,3,walking
1519421703490,-12.020861,-2.187787,-1.0867126,3,walking
1519421703496,-12.116607,-2.3026817,-1.0101161,3,walking
1519421703506,-12.212352,-2.5037475,-0.7994758,3,walking
1519421703510,-12.135756,-2.580344,-0.64628285,3,walking
1519421703515,-12.049584,-2.5324712,-0.5888355,3,walking
1519421703519,-11.9346895,-2.4463003,-0.5792609,3,walking
1519421703524,-11.867668,-2.3505547,-0.6079846,3,walking
1519421703531,-11.609155,-2.0728924,-0.6845811,3,walking
1519421703536,-11.49426,-1.9675722,-0.83777404,3,walking
1519421703541,-11.398514,-1.8814012,-0.8856468,3,walking
1519421703546,-11.216598,-1.709059,-1.0484143,3,walking
1519421703551,-11.111278,-1.622888,-1.1250108,3,walking
1519421703556,-11.005958,-1.5271424,-1.2399056,3,walking
1519421703561,-10.833615,-1.4313968,-1.2303311,3,walking
1519421703566,-10.536804,-1.3260766,-1.2877784,3,walking
1519421703571,-10.431483,-1.3165021,-1.3452257,3,walking
1519421703575,-10.335738,-1.3452257,-1.4601204,3,walking
1519421703579,-10.268716,-1.4122477,-1.6037389,3,walking
1519421703584,-10.632549,-1.4505459,-2.1782124,3,walking
1519421703588,-10.632549,-1.4505459,-2.1782124,3,walking
1519421703593,-11.647452,-1.6324625,-2.5420458,3,walking
1519421703598,-12.154904,-1.9005502,-2.561195,3,walking
1519421703604,-12.9591675,-2.5994933,-2.2165108,3,walking
1519421703608,-12.9591675,-2.5994933,-2.2165108,3,walking
1519421703613,-13.1602335,-3.5282254,-1.7856555,3,walking
1519421703656,-10.19212,-4.1122737,-1.2399056,3,walking
1519421703664,-9.828286,-3.5378,-1.3643749,3,walking
1519421703672,-9.7899885,-2.494173,-1.6420372,3,walking
1519421703680,-9.943181,-2.168638,-1.776081,3,walking
1519421703686,-10.153821,-1.8718265,-1.862252,3,walking
1519421703690,-10.785743,-1.4505459,-2.0728924,3,walking
1519421703694,-11.130426,-1.3069274,-2.168638,3,walking
1519421703699,-11.446387,-1.2111819,-2.2356598,3,walking
1519421703704,-11.7049,-1.2016073,-2.2452345,3,walking
1519421703708,-11.9346895,-1.2303311,-2.2452345,3,walking
1519421703713,-12.327247,-1.3165021,-2.187787,3,walking
1519421703718,-12.327247,-1.3165021,-2.187787,3,walking
1519421703723,-12.69108,-1.4792696,-2.2165108,3,walking
1519421703728,-12.815549,-1.5750152,-2.168638,3,walking
1519421703733,-12.892146,-1.6899099,-2.1111906,3,walking
1519421703738,-12.892146,-1.6899099,-2.1111906,3,walking
1519421703743,-13.083637,-2.0250196,-2.1303396,3,walking
1519421703748,-13.02619,-2.149489,-2.1782124,3,walking
1519421703752,-12.997466,-2.2260852,-2.2356598,3,walking
1519421703758,-12.69108,-2.2356598,-2.1973617,3,walking
1519421703763,-12.499589,-2.2356598,-2.2643836,3,walking
1519421703768,-12.308098,-2.2356598,-2.3026817,3,walking
1519421703773,-11.905966,-2.1973617,-2.4463003,3,walking
1519421703783,-11.436812,-2.034594,-2.3697038,3,walking
1519421703787,-11.149575,-1.9867213,-2.254809,3,walking
1519421703792,-10.651698,-1.8718265,-2.149489,3,walking
1519421703798,-10.421909,-1.8335283,-2.1111906,3,walking
1519421703802,-10.019777,-1.6803354,-2.1207652,3,walking
1519421703807,-10.019777,-1.6803354,-2.1207652,3,walking
1519421703812,-9.85701,-1.4505459,-2.0920415,3,walking
1519421703818,-9.732541,-1.3930986,-2.015445,3,walking
1519421703822,-9.579348,-1.3930986,-2.0058703,3,walking
1519421703827,-9.474028,-1.4218222,-1.9196993,3,walking
1519421703833,-9.0814705,-1.4122477,-1.6516117,3,walking
1519421703837,-9.033598,-1.3548003,-1.4888442,3,walking
1519421703842,-8.889979,-1.4026731,-1.4792696,3,walking
1519421703847,-8.7750845,-1.4792696,-1.3930986,3,walking
1519421703853,-8.755936,-1.5079932,-1.3452257,3,walking
1519421703857,-8.755936,-1.6420372,-1.3452257,3,walking
1519421703862,-8.698488,-1.7377827,-1.3548003,3,walking
1519421703868,-8.631466,-1.8526775,-1.383524,3,walking
1519421703873,-8.593168,-1.8431029,-1.469695,3,walking
1519421703877,-8.593168,-1.8431029,-1.469695,3,walking
1519421703882,-8.535721,-1.7856555,-1.4792696,3,walking
1519421703888,-8.439975,-1.7282082,-1.5175679,3,walking
1519421703892,-8.401677,-1.6611862,-1.6611862,3,walking
1519421703898,-8.401677,-1.6611862,-1.6611862,3,walking
1519421703903,-8.258059,-1.6803354,-1.7377827,3,walking
1519421703908,-8.191036,-1.8143792,-1.9962958,3,walking
1519421703914,-8.200611,-1.8335283,-2.0824668,3,walking
1519421703923,-8.076141,-1.9196993,-2.254809,3,walking
1519421703927,-7.999545,-1.929274,-2.321831,3,walking
1519421703932,-7.961247,-1.9867213,-2.3697038,3,walking
1519421703937,-7.9708214,-2.101616,-2.4845984,3,walking
1519421703943,-7.9803963,-2.1303396,-2.5324712,3,walking
1519421703947,-7.9803963,-2.1782124,-2.5899186,3,walking
1519421703952,-7.9803963,-2.2835326,-2.647366,3,walking
1519421703957,-7.9803963,-2.2835326,-2.714388,3,walking
1519421703963,-7.961247,-2.2931073,-2.6952388,3,walking
1519421703967,-7.961247,-2.2931073,-2.6952388,3,walking
1519421703972,-7.9708214,-2.2356598,-2.7239625,3,walking
1519421703977,-7.808054,-2.254809,-2.6760898,3,walking
1519421703982,-7.721883,-2.2931073,-2.6090677,3,walking
1519421703987,-7.721883,-2.2931073,-2.6090677,3,walking
1519421703992,-7.549541,-2.2260852,-2.2931073,3,walking
1519421703997,-7.4729443,-2.2165108,-2.2835326,3,walking
1519421704002,-7.3389006,-2.187787,-2.1207652,3,walking
1519421704007,-7.3389006,-2.1303396,-2.0920415,3,walking
1519421704013,-7.2335806,-2.101616,-1.929274,3,walking
1519421704017,-7.156984,-2.0920415,-1.9196993,3,walking
1519421704022,-7.042089,-2.101616,-1.7856555,3,walking
1519421704028,-6.936769,-2.1111906,-1.6994845,3,walking
1519421704033,-6.7261286,-2.149489,-1.6133134,3,walking
1519421704038,-6.697405,-2.168638,-1.6037389,3,walking
1519421704044,-6.630383,-2.168638,-1.6133134,3,walking
1519421704048,-6.525063,-2.187787,-1.5750152,3,walking
1519421704053,-6.458041,-2.2069361,-1.6133134,3,walking
1519421704058,-6.4005938,-2.2452345,-1.6611862,3,walking
1519421704064,-6.391019,-2.2260852,-1.6994845,3,walking
1519421704068,-6.333572,-2.254809,-1.7377827,3,walking
1519421704072,-6.333572,-2.2260852,-1.709059,3,walking
1519421704077,-6.333572,-2.2260852,-1.709059,3,walking
1519421704082,-6.304848,-2.2452345,-1.7377827,3,walking
1519421704087,-6.3527207,-2.2452345,-1.7186337,3,walking
1519421704092,-6.544212,-2.2643836,-1.7186337,3,walking
1519421704097,-6.678256,-2.2739582,-1.6994845,3,walking
1519421704102,-6.8027253,-2.3314054,-1.6611862,3,walking
1519421704107,-6.9559183,-2.2931073,-1.6803354,3,walking
1519421704112,-7.156984,-2.34098,-1.6324625,3,walking
1519421704117,-7.35805,-2.3314054,-1.6037389,3,walking
1519421704122,-7.4920936,-2.3792782,-1.5941644,3,walking
1519421704127,-7.5591154,-2.3697038,-1.5941644,3,walking
1519421704132,-7.6835847,-2.427151,-1.5271424,3,walking
1519421704138,-7.7984796,-2.427151,-1.4984187,3,walking
1519421704143,-7.8176284,-2.4558747,-1.4792696,3,walking
1519421704148,-7.8655014,-2.4845984,-1.3930986,3,walking
1519421704153,-7.8367777,-2.4558747,-1.3165021,3,walking
1519421704158,-7.8846507,-2.4175766,-1.2782038,3,walking
1519421704162,-7.9325233,-2.408002,-1.2877784,3,walking
1519421704167,-7.9325233,-2.408002,-1.2877784,3,walking
1519421704172,-8.037844,-2.3505547,-1.3260766,3,walking
1519421704177,-8.104865,-2.321831,-1.2973529,3,walking
1519421704181,-8.152739,-2.3122563,-1.2973529,3,walking
1519421704186,-8.372953,-2.2739582,-1.2494801,3,walking
1519421704190,-8.526146,-2.2835326,-1.2494801,3,walking
1519421704196,-8.631466,-2.2835326,-1.2973529,3,walking
1519421704201,-8.9761505,-2.408002,-1.1920328,3,walking
1519421704206,-9.148493,-2.4558747,-1.1345854,3,walking
1519421704211,-9.29211,-2.494173,-1.0292653,3,walking
1519421704216,-9.464453,-2.5420458,-0.8952214,3,walking
1519421704220,-9.598496,-2.5994933,-0.7420284,3,walking
1519421704225,-9.866585,-2.7048132,-0.45479164,3,walking
1519421704229,-9.971905,-2.7814097,-0.2441513,3,walking
1519421704234,-10.125097,-2.8771553,0.0,3,walking
1519421704238,-10.125097,-2.8771553,0.0,3,walking
1519421704243,-10.488931,-2.9824755,0.2920241,3,walking
1519421704247,-10.699572,-2.9920502,0.46436617,3,walking
1519421704252,-11.551707,-2.8963046,0.32074776,3,walking
1519421704257,-11.551707,-2.8963046,0.32074776,3,walking
1519421704261,-12.719804,-2.6856642,0.110107444,3,walking
1519421704264,-13.284702,-2.5899186,-0.00478728,3,walking
1519421704271,-13.935773,-2.5420458,-0.3111732,3,walking
1519421704276,-13.983645,-2.3984275,-0.3877697,3,walking
1519421704281,-13.744282,-2.3505547,-0.42606795,3,walking
1519421704286,-13.591088,-2.168638,-0.49308985,3,walking
1519421704291,-13.351725,-1.9867213,-0.5888355,3,walking
1519421704322,-10.354887,-1.3260766,-0.8473486,3,walking
1519421704327,-10.354887,-1.3260766,-0.8473486,3,walking
1519421704332,-9.847435,-1.3452257,-0.9430942,3,walking
1519421704337,-9.713391,-1.2782038,-1.0101161,3,walking
1519421704343,-9.732541,-1.1920328,-1.1058618,3,walking
1519421704348,-9.818711,-1.0579889,-1.14416,3,walking
1519421704353,-10.316589,-0.7228793,-1.2207564,3,walking
1519421704358,-10.316589,-0.7228793,-1.2207564,3,walking
1519421704362,-10.709146,-0.5505372,-1.2207564,3,walking
1519421704367,-11.743198,-0.39734426,-1.4792696,3,walking
1519421704371,-12.35597,-0.37819514,-1.5654407,3,walking
1519421704375,-12.844273,-0.39734426,-1.6707608,3,walking
1519421704381,-13.227255,-0.5218136,-1.7569319,3,walking
1519421704386,-13.849602,-0.8473486,-1.8143792,3,walking
1519421704390,-14.060242,-0.9718179,-1.8909757,3,walking
1519421704432,-12.681505,-2.1207652,-2.3122563,3,walking
1519421704440,-11.992137,-2.2069361,-2.2835326,3,walking
1519421704448,-11.245321,-2.2643836,-2.0824668,3,walking
1519421704455,-10.871913,-2.2452345,-2.0058703,3,walking
1519421704459,-10.153821,-2.2643836,-1.6420372,3,walking
1519421704463,-9.876159,-2.254809,-1.4409714,3,walking
1519421704467,-9.876159,-2.254809,-1.4409714,3,walking
1519421704472,-9.29211,-2.187787,-1.2207564,3,walking
1519421704478,-9.062322,-2.1399143,-1.1345854,3,walking
1519421704482,-8.621892,-2.0920415,-0.9622433,3,walking
1519421704487,-8.621892,-2.0920415,-0.9622433,3,walking
1519421704491,-8.23891,-2.0537431,-0.8856468,3,walking
1519421704497,-8.085716,-2.0441687,-0.8664977,3,walking
1519421704501,-7.616563,-2.015445,-0.7228793,3,walking
1519421704507,-7.616563,-2.015445,-0.7228793,3,walking
1519421704511,-7.4250717,-2.1111906,-0.78032666,3,walking
1519421704516,-7.4442205,-2.168638,-0.8473486,3,walking
1519421704521,-7.396348,-2.254809,-0.8760723,3,walking
1519421704527,-7.329326,-2.3314054,-0.93351966,3,walking
1519421704532,-7.156984,-2.513322,-1.2973529,3,walking
1519421704538,-7.089962,-2.5707695,-1.383524,3,walking
1519421704543,-6.984642,-2.5994933,-1.4218222,3,walking
1519421704548,-6.7548523,-2.580344,-1.3165021,3,walking
1519421704554,-6.639958,-2.6090677,-1.3356512,3,walking
1519421704558,-6.592085,-2.647366,-1.3452257,3,walking
1519421704564,-6.5346375,-2.7622607,-1.3930986,3,walking
1519421704568,-6.5059137,-2.819708,-1.4505459,3,walking
1519421704574,-6.4963393,-2.88673,-1.4792696,3,walking
1519421704583,-6.4963393,-2.9920502,-1.5462915,3,walking
1519421704587,-6.458041,-2.9920502,-1.5558661,3,walking
1519421704591,-6.4293175,-3.0016246,-1.5462915,3,walking
1519421704597,-6.4293175,-3.0016246,-1.5462915,3,walking
1519421704602,-6.5537868,-2.9250283,-1.5654407,3,walking
1519421704606,-6.563361,-2.8963046,-1.5558661,3,walking
1519421704612,-6.5825105,-2.9250283,-1.469695,3,walking
1519421704617,-6.5825105,-2.9250283,-1.469695,3,walking
1519421704622,-6.7357035,-2.8771553,-1.4218222,3,walking
1519421704626,-6.8601727,-2.8963046,-1.3548003,3,walking
1519421704632,-7.0612383,-2.9920502,-1.2111819,3,walking
1519421704636,-7.1857076,-3.0111992,-1.1345854,3,walking
1519421704642,-7.4059224,-3.0494976,-0.99096704,3,walking
1519421704647,-7.4059224,-3.0494976,-0.99096704,3,walking
1519421704651,-7.635712,-3.1548176,-0.8856468,3,walking
1519421704657,-7.721883,-3.212265,-0.76117754,3,walking
1519421704662,-7.855927,-3.2409887,-0.6558574,3,walking
1519421704667,-8.028269,-3.2984362,-0.5505372,3,walking
1519421704673,-8.133589,-3.2792869,-0.50266445,3,walking
1519421704677,-8.1623125,-3.1835413,-0.4356425,3,walking
1519421704681,-8.32508,-3.0877957,-0.34947145,3,walking
1519421704687,-8.32508,-3.0877957,-0.34947145,3,walking
1519421704692,-8.506997,-2.9824755,-0.28244954,3,walking
1519421704696,-8.631466,-2.9346027,-0.27287498,3,walking
1519421704702,-8.688913,-2.8580062,-0.26330042,3,walking
1519421704707,-8.688913,-2.8580062,-0.26330042,3,walking
1519421704712,-8.851681,-2.6952388,-0.22500217,3,walking
1519421704717,-8.880404,-2.666515,-0.2154276,3,walking
1519421704721,-9.062322,-2.5228968,-0.14840569,3,walking
1519421704726,-9.0814705,-2.475024,-0.19627848,3,walking
1519421704732,-9.100619,-2.4175766,-0.23457673,3,walking
1519421704737,-9.148493,-2.360129,-0.19627848,3,walking
1519421704742,-9.196365,-2.2931073,-0.32074776,3,walking
1519421704747,-9.320834,-2.2452345,-0.3877697,3,walking
1519421704751,-9.435729,-2.1111906,-0.512239,3,walking
1519421704756,-9.435729,-2.1111906,-0.512239,3,walking
1519421704762,-9.579348,-2.0058703,-0.7420284,3,walking
1519421704767,-9.684668,-1.9388485,-0.78032666,3,walking
1519421704771,-9.770839,-1.9005502,-0.85692316,3,walking
1519421704777,-9.876159,-1.8335283,-0.98139244,3,walking
1519421704782,-10.06765,-1.8239537,-1.1345854,3,walking
1519421704787,-10.307014,-1.9101248,-1.1824582,3,walking
1519421704793,-10.421909,-1.9196993,-1.1154363,3,walking
1519421704802,-10.565528,-2.034594,-1.0005416,3,walking
1519421704807,-10.670848,-2.1111906,-0.9718179,3,walking
1519421704812,-10.910212,-2.2260852,-0.7420284,3,walking
1519421704817,-11.044255,-2.2835326,-0.71330476,3,walking
1519421704822,-11.274045,-2.360129,-0.5505372,3,walking
1519421704827,-11.274045,-2.360129,-0.5505372,3,walking
1519421704832,-11.455961,-2.3888528,-0.47394073,3,walking
1519421704836,-11.49426,-2.3888528,-0.37819514,3,walking
1519421704842,-11.503835,-2.360129,-0.36862057,3,walking
1519421704846,-11.542132,-2.3888528,-0.32074776,3,walking
1519421704851,-11.513409,-2.2643836,-0.23457673,3,walking
1519421704856,-11.475111,-2.1782124,-0.23457673,3,walking
1519421704861,-11.38894,-1.8814012,-0.32074776,3,walking
1519421704866,-11.38894,-1.8814012,-0.32074776,3,walking
1519421704872,-11.149575,-1.5750152,-0.44521707,3,walking
1519421704877,-11.025106,-1.4409714,-0.50266445,3,walking
1519421704881,-10.92936,-1.2973529,-0.5792609,3,walking
1519421704886,-10.92936,-1.2973529,-0.5792609,3,walking
1519421704891,-10.795317,-1.0771381,-0.8856468,3,walking
1519421704896,-10.728295,-1.0196906,-0.8952214,3,walking
1519421704901,-10.6134,-0.8760723,-1.1537346,3,walking
1519421704906,-10.488931,-0.91437054,-1.2111819,3,walking
1519421704911,-10.374036,-0.9526688,-1.3069274,3,walking
1519421704916,-10.220843,-1.0292653,-1.3452257,3,walking
1519421704921,-10.058076,-1.1250108,-1.4026731,3,walking
1519421704927,-9.991054,-1.1250108,-1.4601204,3,walking
1519421704931,-9.847435,-1.2399056,-1.622888,3,walking
1519421704936,-9.847435,-1.2399056,-1.622888,3,walking
1519421704941,-10.0868,-1.2782038,-2.1303396,3,walking
1519421704946,-10.450633,-1.2973529,-2.5516202,3,walking
1519421704951,-11.092129,-1.2973529,-3.0111992,3,walking
1519421704954,-11.925115,-1.3643749,-3.3175852,3,walking
1519421704965,-13.811303,-2.1973617,-3.193116,3,walking
1519421704970,-14.127264,-3.3080106,-2.580344,3,walking
1519421704976,-14.127264,-3.3080106,-2.580344,3,walking
1519421704982,-13.437896,-5.0505805,-1.2973529,3,walking
1519421705017,-10.019777,-4.437809,-0.69415563,3,walking
1519421705021,-9.684668,-4.1122737,-0.77075213,3,walking
1519421705041,-8.7750845,-2.149489,-1.4888442,3,walking
1519421705049,-9.339984,-1.0867126,-2.101616,3,walking
1519421705080,-12.212352,-1.0579889,-2.8580062,3,walking
1519421705085,-12.844273,-1.4505459,-2.800559,3,walking
1519421705108,-14.357054,-2.427151,-3.173967,3,walking
1519421705113,-14.357054,-2.408002,-3.1835413,3,walking
1519421705143,-12.231501,-1.9675722,-2.6760898,3,walking
1519421705149,-11.972988,-1.8718265,-2.5899186,3,walking
1519421705154,-11.647452,-1.7856555,-2.5037475,3,walking
1519421705163,-10.814466,-1.6994845,-2.149489,3,walking
1519421705168,-10.565528,-1.622888,-2.0537431,3,walking
1519421705173,-10.307014,-1.5558661,-1.9962958,3,walking
1519421705179,-9.971905,-1.3165021,-1.776081,3,walking
1519421705185,-9.96233,-1.0388398,-1.5558661,3,walking
1519421705190,-10.010203,-0.6558574,-1.3739494,3,walking
1519421705195,-9.818711,-0.61755913,-1.4505459,3,walking
1519421705200,-9.5889225,-0.6079846,-1.2207564,3,walking
1519421705205,-9.502751,-0.6271337,-1.2111819,3,walking
1519421705210,-9.445304,-0.69415563,-1.3356512,3,walking
1519421705215,-9.426155,-0.6079846,-1.2973529,3,walking
1519421705220,-9.339984,-0.61755913,-1.2973529,3,walking
1519421705226,-9.31126,-0.8090504,-1.5941644,3,walking
1519421705231,-9.158067,-1.1920328,-1.7665064,3,walking
1519421705238,-9.110194,-1.5654407,-1.8909757,3,walking
1519421705244,-9.062322,-1.7186337,-1.9867213,3,walking
1519421705254,-8.66019,-1.9579976,-1.948423,3,walking
1519421705264,-8.277207,-1.8909757,-1.7473572,3,walking
1519421705269,-8.2676325,-1.8814012,-1.7282082,3,walking
1519421705274,-8.258059,-1.9675722,-1.7569319,3,walking
1519421705283,-8.1623125,-2.1590633,-1.8431029,3,walking
1519421705289,-8.152739,-2.2356598,-1.8909757,3,walking
1519421705294,-8.056993,-2.2643836,-1.9005502,3,walking
1519421705303,-7.9420977,-2.321831,-1.9962958,3,walking
1519421705309,-8.00912,-2.2931073,-2.0058703,3,walking
1519421705314,-8.00912,-2.2165108,-2.034594,3,walking
1519421705319,-7.9037995,-2.1111906,-2.0250196,3,walking
1519421705324,-7.8272033,-2.0441687,-2.0441687,3,walking
1519421705329,-7.7314577,-2.034594,-2.0441687,3,walking
1519421705334,-7.6452866,-1.9962958,-2.0537431,3,walking
1519421705343,-7.56869,-1.8718265,-2.0537431,3,walking
1519421705348,-7.501668,-1.862252,-2.0824668,3,walking
1519421705354,-7.2240057,-1.9388485,-2.1207652,3,walking
1519421705359,-7.1186857,-1.9771467,-2.1399143,3,walking
1519421705365,-7.051664,-2.0537431,-2.0537431,3,walking
1519421705369,-6.869747,-2.0824668,-2.0920415,3,walking
1519421705375,-6.7931504,-2.149489,-2.1207652,3,walking
1519421705380,-6.745278,-2.1782124,-2.0633178,3,walking
1519421705385,-6.7069798,-2.168638,-2.034594,3,walking
1519421705389,-6.5537868,-2.321831,-1.9388485,3,walking
1519421705394,-6.515488,-2.3314054,-1.9388485,3,walking
1519421705398,-6.4676156,-2.3888528,-1.9005502,3,walking
1519421705403,-6.438892,-2.3984275,-1.8718265,3,walking
1519421705414,-6.333572,-2.4367256,-1.8431029,3,walking
1519421705419,-6.3431463,-2.4558747,-1.7473572,3,walking
1519421705424,-6.3814445,-2.4463003,-1.7282082,3,walking
1519421705429,-6.486765,-2.3984275,-1.709059,3,walking
1519421705434,-6.544212,-2.3697038,-1.7282082,3,walking
1519421705439,-6.745278,-2.3314054,-1.6420372,3,walking
1519421705444,-6.8027253,-2.2739582,-1.6420372,3,walking
1519421705449,-6.9271946,-2.2739582,-1.5750152,3,walking
1519421705455,-7.089962,-2.2260852,-1.5750152,3,walking
1519421705459,-7.176133,-2.2165108,-1.5175679,3,walking
1519421705465,-7.4154973,-2.1590633,-1.4601204,3,walking
1519421705469,-7.482519,-2.1399143,-1.4409714,3,walking
1519421705475,-7.5591154,-2.1590633,-1.4313968,3,walking
1519421705480,-7.7506065,-2.1782124,-1.4313968,3,walking
1519421705485,-7.8176284,-2.187787,-1.3930986,3,walking
1519421705490,-7.9803963,-2.2165108,-1.4218222,3,walking
1519421705498,-8.11444,-2.2356598,-1.4601204,3,walking
1519421705504,-8.152739,-2.2452345,-1.4313968,3,walking
1519421705508,-8.200611,-2.2835326,-1.4409714,3,walking
1519421705514,-8.229335,-2.2356598,-1.4409714,3,walking
1519421705519,-8.32508,-2.149489,-1.4888442,3,walking
1519421705524,-8.411251,-2.1303396,-1.4792696,3,walking
1519421705529,-8.516571,-2.0441687,-1.469695,3,walking
1519421705534,-8.564445,-1.9962958,-1.4601204,3,walking
1519421705539,-8.55487,-1.9388485,-1.4601204,3,walking
1519421705545,-8.55487,-1.929274,-1.4792696,3,walking
1519421705550,-8.593168,-1.8909757,-1.4792696,3,walking
1519421705558,-8.688913,-1.8431029,-1.3930986,3,walking
1519421705564,-8.755936,-1.8431029,-1.3165021,3,walking
1519421705569,-8.7750845,-1.8718265,-1.2399056,3,walking
1519421705575,-8.784659,-1.9867213,-0.92394507,3,walking
1519421705581,-8.746361,-2.149489,-0.6271337,3,walking
1519421705588,-8.727212,-2.2739582,-0.46436617,3,walking
1519421705593,-8.765511,-2.3697038,-0.42606795,3,walking
1519421705598,-8.880404,-2.4463003,-0.3877697,3,walking
1519421705604,-8.985725,-2.494173,-0.44521707,3,walking
1519421705608,-9.598496,-2.3888528,-0.64628285,3,walking
1519421705614,-10.048501,-2.3026817,-0.85692316,3,walking
1519421705618,-10.632549,-2.2165108,-1.1058618,3,walking
1519421705624,-11.570856,-2.1111906,-1.5271424,3,walking
1519421705630,-12.020861,-2.1590633,-1.8048047,3,walking
1519421705638,-12.097457,-2.168638,-1.8526775,3,walking
1519421705691,-9.560199,-2.8388572,-0.4835153,3,walking
1519421705699,-9.684668,-2.5516202,-0.34947145,3,walking
1519421705705,-9.684668,-2.5516202,-0.34947145,3,walking
1519421705710,-9.904882,-2.4654493,-0.36862057,3,walking
1519421705714,-10.661273,-2.3314054,-0.56968635,3,walking
1519421705718,-11.111278,-2.2356598,-0.6079846,3,walking
1519421705723,-11.580431,-2.2835326,-0.70373017,3,walking
1519421705729,-12.537887,-2.254809,-0.8090504,3,walking
1519421705734,-12.930444,-2.2260852,-0.83777404,3,walking
1519421705738,-13.265553,-2.2165108,-0.91437054,3,walking
1519421705743,-13.533641,-2.2069361,-0.9622433,3,walking
1519421705752,-14.0793915,-2.0633178,-1.2016073,3,walking
1519421705758,-14.136839,-1.9579976,-1.3452257,3,walking
1519421705762,-14.108115,-1.79523,-1.469695,3,walking
1519421705781,-13.370873,-1.0196906,-2.254809,3,walking
1519421705788,-12.882571,-0.8664977,-2.475024,3,walking
1519421705794,-12.614484,-0.76117754,-2.580344,3,walking
1519421705799,-12.049584,-0.8090504,-2.580344,3,walking
1519421705804,-11.743198,-0.8473486,-2.5707695,3,walking
1519421705813,-11.235746,-0.8952214,-2.360129,3,walking
1519421705822,-10.460207,-1.0675635,-1.9579976,3,walking
1519421705828,-10.19212,-1.1633091,-1.79523,3,walking
1519421705833,-9.943181,-1.2303311,-1.5367169,3,walking
1519421705842,-9.215514,-1.2782038,-0.8664977,3,walking
1519421705847,-8.966576,-1.4601204,-0.71330476,3,walking
1519421705852,-8.851681,-1.6037389,-0.5888355,3,walking
1519421705862,-8.44955,-2.2452345,-0.46436617,3,walking
1519421705872,-8.277207,-2.5707695,-0.6079846,3,walking
1519421705878,-8.085716,-2.4463003,-0.3398969,3,walking
1519421705883,-7.9133744,-2.5037475,-0.3111732,3,walking
1519421705892,-7.9037995,-2.561195,-0.59841,3,walking
1519421705898,-8.028269,-2.8484318,-0.77075213,3,walking
1519421705902,-7.8655014,-3.1548176,-0.8856468,3,walking
1519421705912,-7.7506065,-3.2409887,-1.1824582,3,walking
1519421705918,-7.56869,-3.193116,-1.1345854,3,walking
1519421705923,-7.4537954,-3.365458,-1.2016073,3,walking
1519421705931,-7.635712,-3.384607,-1.3452257,3,walking
1519421705937,-7.693159,-3.451629,-1.4026731,3,walking
1519421705943,-7.6740103,-3.4899273,-1.4122477,3,walking
1519421705948,-7.6069884,-3.365458,-1.2686293,3,walking
1519421705954,-7.56869,-3.3367343,-1.2782038,3,walking
1519421705958,-7.5208173,-3.2409887,-1.2207564,3,walking
1519421705963,-7.5591154,-3.193116,-1.1824582,3,walking
1519421705968,-7.5208173,-3.1643922,-1.0771381,3,walking
1519421705973,-7.5782647,-3.1548176,-1.0962871,3,walking
1519421705981,-7.6452866,-3.039923,-1.1824582,3,walking
1519421705988,-7.6452866,-2.9250283,-1.0867126,3,walking
1519421705993,-7.6835847,-2.7718353,-0.98139244,3,walking
1519421705997,-7.7123084,-2.6569405,-0.8952214,3,walking
1519421706002,-7.7601814,-2.4175766,-0.7324539,3,walking
1519421706008,-7.8367777,-2.3314054,-0.6845811,3,walking
1519421706012,-7.894225,-2.2835326,-0.63670826,3,walking
1519421706021,-8.056993,-2.168638,-0.5888355,3,walking
1519421706027,-8.133589,-2.1399143,-0.5218136,3,walking
1519421706033,-8.210186,-2.1207652,-0.5218136,3,walking
1519421706038,-8.34423,-2.1590633,-0.42606795,3,walking
1519421706044,-8.353804,-2.2069361,-0.3877697,3,walking
1519421706048,-8.353804,-2.2643836,-0.359046,3,walking
1519421706053,-8.411251,-2.2931073,-0.3111732,3,walking
1519421706058,-8.430401,-2.3314054,-0.26330042,3,walking
1519421706062,-8.430401,-2.3026817,-0.23457673,3,walking
1519421706067,-8.44955,-2.360129,-0.23457673,3,walking
1519421706073,-8.44955,-2.3697038,-0.18670394,3,walking
1519421706078,-8.516571,-2.321831,-0.2154276,3,walking
1519421706083,-8.5740185,-2.3122563,-0.22500217,3,walking
1519421706088,-8.688913,-2.2260852,-0.39734426,3,walking
1519421706093,-8.746361,-2.168638,-0.42606795,3,walking
1519421706098,-8.794233,-2.0824668,-0.47394073,3,walking
1519421706104,-8.870831,-2.0441687,-0.50266445,3,walking
1519421706108,-9.129343,-1.9101248,-0.6845811,3,walking
1519421706113,-9.20594,-1.8814012,-0.6845811,3,walking
1519421706117,-9.349558,-1.8718265,-0.7228793,3,walking
1519421706121,-9.512326,-1.9101248,-0.8090504,3,walking
1519421706128,-9.904882,-1.9675722,-0.9718179,3,walking
1519421706133,-10.115523,-1.9867213,-0.9622433,3,walking
1519421706138,-10.393186,-2.015445,-1.0579889,3,walking
1519421706142,-10.517654,-1.9962958,-1.0579889,3,walking
1519421706148,-10.891063,-2.0250196,-1.1824582,3,walking
1519421706153,-11.044255,-2.0058703,-1.1920328,3,walking
1519421706158,-11.216598,-1.948423,-1.1345854,3,walking
1519421706163,-11.216598,-1.948423,-1.1345854,3,walking
1519421706168,-11.561282,-1.9867213,-1.1633091,3,walking
1519421706174,-11.695326,-1.948423,-1.14416,3,walking
1519421706179,-11.915541,-2.0537431,-1.1058618,3,walking
1519421706184,-11.992137,-2.0824668,-0.9430942,3,walking
1519421706189,-12.097457,-2.0728924,-0.8186249,3,walking
1519421706194,-12.097457,-2.0728924,-0.8186249,3,walking
1519421706200,-12.145329,-2.0633178,-0.751603,3,walking
1519421706207,-12.126181,-2.0537431,-0.665432,3,walking
1519421706212,-12.068733,-2.015445,-0.71330476,3,walking
1519421706218,-11.905966,-1.948423,-0.78990126,3,walking
1519421706223,-11.771922,-1.9101248,-0.8281995,3,walking
1519421706228,-11.59958,-1.79523,-0.9430942,3,walking
1519421706236,-11.38894,-1.7282082,-1.0388398,3,walking
1519421706241,-11.26447,-1.6611862,-1.0675635,3,walking
1519421706247,-11.1208515,-1.6420372,-1.1154363,3,walking
1519421706252,-11.005958,-1.5750152,-1.1154363,3,walking
1519421706257,-10.661273,-1.4218222,-1.2782038,3,walking
1519421706263,-10.517654,-1.3548003,-1.3165021,3,walking
1519421706267,-10.220843,-1.2590547,-1.5079932,3,walking
1519421706273,-10.2016945,-1.2494801,-1.6899099,3,walking
1519421706277,-10.354887,-1.1728836,-1.9962958,3,walking
1519421706283,-10.785743,-1.1633091,-2.4463003,3,walking
1519421706287,-12.269799,-1.2877784,-3.059072,3,walking
1519421706292,-13.064487,-1.4218222,-3.1165195,3,walking
1519421706298,-13.926198,-2.0824668,-2.5420458,3,walking
1519421706303,-13.926198,-2.0824668,-2.5420458,3,walking
1519421706307,-14.088965,-3.173967,-1.9101248,3,walking
1519421706365,-10.105948,-1.7377827,-1.9771467,3,walking
1519421706374,-10.163396,-1.0101161,-2.2260852,3,walking
1519421706382,-10.555953,-0.4356425,-2.6760898,3,walking
1519421706387,-10.776168,-0.2441513,-2.733537,3,walking
1519421706392,-10.996383,-0.09095833,-2.8484318,3,walking
1519421706397,-11.302769,0.12925656,-2.9824755,3,walking
1519421706402,-11.331492,0.11968201,-2.88673,3,walking
1519421706411,-11.36979,-0.15798025,-2.7622607,3,walking
1519421706417,-11.455961,-0.54096264,-2.6856642,3,walking
1519421706421,-11.455961,-0.7228793,-2.666515,3,walking
1519421706426,-11.49426,-0.8760723,-2.647366,3,walking
1519421706431,-11.542132,-0.9622433,-2.7048132,3,walking
1519421706437,-11.59958,-1.1058618,-2.6282167,3,walking
1519421706442,-11.570856,-1.2494801,-2.6569405,3,walking
1519421706447,-11.38894,-1.5750152,-2.666515,3,walking
1519421706452,-11.379365,-1.776081,-2.6377914,3,walking
1519421706457,-11.350641,-1.9962958,-2.752686,3,walking
1519421706462,-11.293194,-2.168638,-2.8101335,3,walking
1519421706467,-11.207023,-2.2835326,-2.867581,3,walking
1519421706473,-11.063405,-2.3026817,-2.9633265,3,walking
1519421706477,-10.919786,-2.187787,-3.078221,3,walking
1519421706483,-10.71872,-2.0633178,-3.1069448,3,walking
1519421706487,-10.431483,-2.034594,-2.819708,3,walking
1519421706492,-10.412334,-2.015445,-2.733537,3,walking
1519421706501,-10.230418,-2.2069361,-2.6186423,3,walking
1519421706507,-10.268716,-2.0537431,-2.5707695,3,walking
1519421706511,-10.115523,-1.9962958,-2.3984275,3,walking
1519421706521,-9.885734,-1.7665064,-2.2643836,3,walking
1519421706527,-9.483603,-1.7569319,-2.0728924,3,walking
1519421706532,-9.330409,-1.776081,-1.9196993,3,walking
1519421706541,-9.196365,-1.5367169,-1.5750152,3,walking
1519421706547,-9.138918,-1.4888442,-1.709059,3,walking
1519421706551,-8.861256,-1.4888442,-1.7186337,3,walking
1519421706557,-8.564445,-1.6133134,-1.7377827,3,walking
1519421706561,-8.564445,-1.622888,-1.776081,3,walking
1519421706566,-8.55487,-1.6420372,-1.8718265,3,walking
1519421706572,-8.497422,-1.6899099,-1.9867213,3,walking
1519421706577,-8.411251,-1.8431029,-2.1973617,3,walking
1519421706582,-8.392102,-1.929274,-2.2835326,3,walking
1519421706587,-8.439975,-1.948423,-2.3984275,3,walking
1519421706592,-8.411251,-1.9867213,-2.4367256,3,walking
1519421706597,-8.2676325,-1.9388485,-2.4654493,3,walking
1519421706602,-8.1623125,-2.0058703,-2.475024,3,walking
1519421706607,-8.258059,-2.015445,-2.5324712,3,walking
1519421706613,-8.258059,-2.015445,-2.5324712,3,walking
1519421706618,-8.401677,-2.187787,-2.6856642,3,walking
1519421706623,-8.420826,-2.2452345,-2.6856642,3,walking
1519421706628,-8.392102,-2.3984275,-2.6856642,3,walking
1519421706633,-8.401677,-2.427151,-2.6282167,3,walking
1519421706638,-8.401677,-2.4367256,-2.6282167,3,walking
1519421706643,-8.411251,-2.3697038,-2.5516202,3,walking
1519421706648,-8.44955,-2.3122563,-2.475024,3,walking
1519421706653,-8.44955,-2.2931073,-2.5228968,3,walking
1519421706659,-8.478273,-2.2356598,-2.5228968,3,walking
1519421706664,-8.459125,-2.1111906,-2.5324712,3,walking
1519421706669,-8.392102,-2.0920415,-2.5228968,3,walking
1519421706674,-8.334655,-1.9771467,-2.5324712,3,walking
1519421706679,-8.334655,-1.9771467,-2.5324712,3,walking
1519421706684,-8.315506,-1.9388485,-2.580344,3,walking
1519421706689,-8.258059,-1.9196993,-2.561195,3,walking
1519421706696,-8.181462,-1.9388485,-2.580344,3,walking
1519421706701,-8.152739,-1.948423,-2.5994933,3,walking
1519421706706,-8.018694,-1.9962958,-2.5324712,3,walking
1519421706712,-7.9420977,-2.0537431,-2.494173,3,walking
1519421706717,-7.8367777,-2.101616,-2.4845984,3,walking
1519421706722,-7.664436,-2.168638,-2.408002,3,walking
1519421706727,-7.635712,-2.2069361,-2.427151,3,walking
1519421706732,-7.5303917,-2.2643836,-2.321831,3,walking
1519421706737,-7.281453,-2.3984275,-2.2356598,3,walking
1519421706743,-7.195282,-2.4558747,-2.2356598,3,walking
1519421706747,-7.1665583,-2.4654493,-2.2452345,3,walking
1519421706753,-6.984642,-2.4558747,-2.187787,3,walking
1519421706758,-6.9559183,-2.475024,-2.1399143,3,walking
1519421706763,-6.8601727,-2.4558747,-2.1111906,3,walking
1519421706768,-6.745278,-2.3984275,-2.0728924,3,walking
1519421706773,-6.668681,-2.360129,-2.0633178,3,walking
1519421706778,-6.639958,-2.3505547,-2.0633178,3,walking
1519421706783,-6.630383,-2.321831,-2.0441687,3,walking
1519421706788,-6.6495323,-2.2931073,-2.0441687,3,walking
1519421706799,-6.8410234,-2.2739582,-2.0537431,3,walking
1519421706804,-6.9080453,-2.2260852,-2.0250196,3,walking
1519421706809,-6.9559183,-2.254809,-2.034594,3,walking
1519421706816,-7.1665583,-2.2452345,-1.9579976,3,walking
1519421706821,-7.2623043,-2.2835326,-1.9388485,3,walking
1519421706827,-7.5399666,-2.3122563,-1.8239537,3,walking
1519421706832,-7.6740103,-2.2931073,-1.7856555,3,walking
1519421706837,-7.769756,-2.3122563,-1.6803354,3,walking
1519421706844,-7.894225,-2.3792782,-1.4888442,3,walking
1519421706849,-8.133589,-2.360129,-1.3930986,3,walking
1519421706855,-8.21976,-2.3314054,-1.4026731,3,walking
1519421706860,-8.315506,-2.3026817,-1.3643749,3,walking
1519421706866,-8.44955,-2.2643836,-1.3069274,3,walking
1519421706871,-8.545295,-2.2069361,-1.2590547,3,walking
1519421706875,-8.612317,-2.149489,-1.2494801,3,walking
1519421706880,-8.631466,-2.0824668,-1.2207564,3,walking
1519421706886,-8.717637,-1.9675722,-1.2207564,3,walking
1519421706891,-8.784659,-1.8814012,-1.1920328,3,walking
1519421706900,-8.851681,-1.7856555,-1.0867126,3,walking
1519421706906,-8.899554,-1.776081,-1.0005416,3,walking
1519421706911,-8.880404,-1.7665064,-0.90479594,3,walking
1519421706916,-8.909128,-1.8526775,-0.7420284,3,walking
1519421706920,-8.870831,-1.8718265,-0.61755913,3,walking
1519421706925,-8.899554,-1.948423,-0.50266445,3,walking
1519421706929,-8.899554,-2.0633178,-0.42606795,3,walking
1519421706936,-8.937852,-2.0920415,-0.37819514,3,walking
1519421706940,-8.966576,-2.2356598,-0.25372586,3,walking
1519421706945,-9.091045,-2.2452345,-0.22500217,3,walking
1519421706950,-9.234664,-2.2452345,-0.19627848,3,walking
1519421706956,-9.483603,-2.2069361,-0.25372586,3,walking
1519421706960,-10.594251,-1.948423,-0.5792609,3,walking
1519421706964,-10.594251,-1.948423,-0.5792609,3,walking
1519421706970,-11.858093,-1.8048047,-1.0101161,3,walking
1519421706994,-12.6527815,-1.8335283,-0.9526688,3,walking
1519421706999,-12.212352,-1.7377827,-0.78032666,3,walking
1519421707006,-11.580431,-1.5941644,-0.6079846,3,walking
1519421707011,-11.111278,-1.6133134,-0.4835153,3,walking
1519421707015,-10.670848,-1.6803354,-0.44521707,3,walking
1519421707033,-9.29211,-2.0537431,-0.2154276,3,walking
1519421707037,-8.832532,-2.0728924,-0.13883112,3,walking
1519421707041,-8.832532,-2.0728924,-0.13883112,3,walking
1519421707046,-8.688913,-2.101616,-0.13883112,3,walking
1519421707050,-8.746361,-2.0058703,-0.19627848,3,walking
1519421707059,-9.349558,-2.0058703,-0.37819514,3,walking
1519421707066,-10.278291,-2.0250196,-0.44521707,3,walking
1519421707070,-10.919786,-2.0633178,-0.64628285,3,walking
1519421707077,-12.174053,-2.2165108,-0.76117754,3,walking
1519421707082,-12.805975,-2.321831,-0.9430942,3,walking
1519421707086,-13.284702,-2.3888528,-0.9526688,3,walking
1519421707129,-14.232584,-1.1824582,-2.360129,3,walking
1519421707137,-13.44747,-0.5313881,-2.494173,3,walking
1519421707145,-12.872996,-0.2441513,-2.666515,3,walking
1519421707153,-12.872996,-0.2441513,-2.666515,3,walking
1519421707158,-12.231501,-0.0718092,-2.5420458,3,walking
1519421707162,-11.49426,-0.023936402,-2.3505547,3,walking
1519421707166,-11.101703,-0.110107444,-2.2260852,3,walking
1519421707171,-10.71872,-0.27287498,-2.1111906,3,walking
1519421707176,-10.383611,-0.5218136,-1.9867213,3,walking
1519421707180,-10.115523,-0.751603,-1.8431029,3,walking
1519421707186,-9.818711,-1.0101161,-1.5750152,3,walking
1519421707190,-9.617646,-1.0771381,-1.4026731,3,walking
1519421707195,-9.426155,-1.1728836,-1.3069274,3,walking
1519421707200,-9.263388,-1.3260766,-1.1537346,3,walking
1519421707205,-9.033598,-1.3643749,-1.0675635,3,walking
1519421707210,-8.583593,-1.6611862,-0.90479594,3,walking
1519421707215,-8.44955,-1.862252,-0.77075213,3,walking
1519421707220,-8.411251,-2.034594,-0.8281995,3,walking
1519421707226,-8.32508,-2.4175766,-1.0005416,3,walking
1519421707231,-8.23891,-2.647366,-1.0771381,3,walking
1519421707236,-8.028269,-2.6856642,-1.14416,3,walking
1519421707241,-8.028269,-2.6856642,-1.14416,3,walking
1519421707246,-7.7793303,-2.647366,-1.2494801,3,walking
1519421707251,-7.702734,-2.6377914,-1.4026731,3,walking
1519421707256,-7.35805,-2.5324712,-1.4026731,3,walking
1519421707261,-7.156984,-2.5994933,-1.4026731,3,walking
1519421707266,-7.02294,-2.6186423,-1.4122477,3,walking
1519421707271,-6.7931504,-2.6760898,-1.469695,3,walking
1519421707277,-6.7261286,-2.7239625,-1.5175679,3,walking
1519421707281,-6.678256,-2.7048132,-1.5079932,3,walking
1519421707286,-6.6016593,-2.7622607,-1.469695,3,walking
1519421707292,-6.5346375,-2.7431116,-1.4409714,3,walking
1519421707297,-6.4676156,-2.733537,-1.469695,3,walking
1519421707302,-6.4963393,-2.7239625,-1.5079932,3,walking
1519421707307,-6.5825105,-2.752686,-1.5175679,3,walking
1519421707312,-6.6591067,-2.7431116,-1.5271424,3,walking
1519421707318,-6.745278,-2.8101335,-1.5462915,3,walking
1519421707323,-6.8027253,-2.8292825,-1.5079932,3,walking
1519421707328,-6.850598,-2.800559,-1.5175679,3,walking
1519421707338,-7.0708127,-2.647366,-1.4601204,3,walking
1519421707343,-7.1474094,-2.5899186,-1.4122477,3,walking
1519421707348,-7.2527294,-2.6090677,-1.4122477,3,walking
1519421707353,-7.5303917,-2.427151,-1.3452257,3,walking
1519421707358,-7.6740103,-2.3026817,-1.2494801,3,walking
1519421707365,-7.702734,-2.2165108,-1.2111819,3,walking
1519421707370,-7.8176284,-2.0058703,-1.1728836,3,walking
1519421707375,-7.9037995,-1.948423,-1.1345854,3,walking
1519421707381,-8.028269,-1.9101248,-1.1537346,3,walking
1519421707385,-8.200611,-1.9388485,-1.1058618,3,walking
1519421707390,-8.277207,-1.9196993,-1.1154363,3,walking
1519421707395,-8.34423,-1.9101248,-1.0867126,3,walking
1519421707400,-8.382527,-1.9101248,-1.0388398,3,walking
1519421707405,-8.430401,-1.9101248,-0.9526688,3,walking
1519421707409,-8.545295,-1.9388485,-0.8856468,3,walking
1519421707414,-8.545295,-1.9388485,-0.8856468,3,walking
1519421707419,-8.631466,-1.9675722,-0.8090504,3,walking
1519421707425,-8.755936,-1.9771467,-0.71330476,3,walking
1519421707429,-8.794233,-1.9388485,-0.6845811,3,walking
1519421707435,-8.870831,-1.9101248,-0.64628285,3,walking
1519421707440,-8.880404,-1.948423,-0.6271337,3,walking
1519421707445,-8.909128,-1.929274,-0.61755913,3,walking
1519421707450,-8.966576,-1.8909757,-0.54096264,3,walking
1519421707455,-8.966576,-1.9005502,-0.5505372,3,walking
1519421707459,-9.004874,-1.8526775,-0.5313881,3,walking
1519421707464,-9.024023,-1.8048047,-0.5218136,3,walking
1519421707469,-9.0814705,-1.709059,-0.512239,3,walking
1519421707475,-9.110194,-1.6994845,-0.59841,3,walking
1519421707479,-9.215514,-1.6324625,-0.71330476,3,walking
1519421707484,-9.215514,-1.6324625,-0.71330476,3,walking
1519421707489,-9.407005,-1.5558661,-0.7994758,3,walking
1519421707495,-9.41658,-1.6133134,-0.93351966,3,walking
1519421707499,-9.62722,-1.5941644,-1.0101161,3,walking
1519421707505,-9.675094,-1.6133134,-1.0484143,3,walking
1519421707509,-9.770839,-1.6611862,-1.1537346,3,walking
1519421707515,-9.98148,-1.7569319,-1.1920328,3,walking
1519421707519,-10.115523,-1.7856555,-1.2111819,3,walking
1519421707525,-10.239992,-1.8526775,-1.2399056,3,walking
1519421707529,-10.5080805,-1.929274,-1.1920328,3,walking
1519421707535,-10.670848,-1.9579976,-1.14416,3,walking
1519421707539,-10.766593,-1.9962958,-1.1633091,3,walking
1519421707545,-11.130426,-2.1111906,-1.0388398,3,walking
1519421707550,-11.312344,-2.1590633,-0.8952214,3,walking
1519421707555,-11.475111,-2.2452345,-0.8760723,3,walking
1519421707559,-11.609155,-2.3026817,-0.78032666,3,walking
1519421707564,-11.743198,-2.360129,-0.71330476,3,walking
1519421707569,-11.896391,-2.360129,-0.5792609,3,walking
1519421707574,-11.9346895,-2.3792782,-0.5888355,3,walking
1519421707581,-11.9346895,-2.3122563,-0.56011176,3,walking
1519421707586,-11.7336235,-2.2165108,-0.56011176,3,walking
1519421707591,-11.561282,-2.034594,-0.59841,3,walking
1519421707596,-11.484685,-1.9388485,-0.63670826,3,walking
1519421707600,-11.484685,-1.9388485,-0.63670826,3,walking
1519421707604,-11.360216,-1.622888,-0.7228793,3,walking
1519421707609,-11.274045,-1.5079932,-0.78990126,3,walking
1519421707614,-11.226172,-1.3548003,-0.8473486,3,walking
1519421707619,-11.1208515,-1.1250108,-0.93351966,3,walking
1519421707624,-11.082554,-1.0005416,-1.0579889,3,walking
1519421707629,-11.15915,-0.90479594,-1.2207564,3,walking
1519421707634,-11.59958,-0.78990126,-1.6516117,3,walking
1519421707639,-11.953838,-0.76117754,-1.948423,3,walking
1519421707644,-12.442142,-0.8281995,-2.187787,3,walking
1519421707648,-13.045339,-1.0771381,-2.34098,3,walking
1519421707658,-14.09854,-1.7569319,-2.321831,3,walking
1519421707662,-14.462374,-2.2835326,-2.187787,3,walking
1519421707666,-14.653865,-3.2601378,-1.9005502,3,walking
1519421707709,-11.408089,-3.2697124,-1.6803354,3,walking
1519421707717,-10.92936,-2.905879,-1.8526775,3,walking
1519421707724,-10.517654,-2.3697038,-1.9101248,3,walking
1519421707732,-10.383611,-2.1111906,-1.8909757,3,walking
1519421707737,-10.220843,-1.6324625,-1.9675722,3,walking
1519421707741,-10.220843,-1.6324625,-1.9675722,3,walking
1519421707745,-10.326163,-1.3165021,-1.9867213,3,walking
1519421707749,-10.335738,-1.2399056,-2.0537431,3,walking
1519421707754,-10.412334,-1.1633091,-2.1303396,3,walking
1519421707759,-10.517654,-1.1058618,-2.1399143,3,walking
1519421707764,-10.6134,-1.0771381,-2.0824668,3,walking
1519421707769,-10.776168,-1.1345854,-2.0728924,3,walking
1519421707774,-10.862339,-1.2494801,-2.187787,3,walking
1519421707779,-11.005958,-1.3452257,-2.321831,3,walking
1519421707784,-11.178299,-1.4122477,-2.321831,3,walking
1519421707789,-11.245321,-1.4601204,-2.3122563,3,walking
1519421707794,-11.216598,-1.5271424,-2.3122563,3,walking
1519421707798,-11.168725,-1.7665064,-2.3122563,3,walking
1519421707804,-11.178299,-1.8909757,-2.3697038,3,walking
1519421707809,-11.207023,-2.1303396,-2.4463003,3,walking
1519421707814,-11.254896,-2.34098,-2.4654493,3,walking
1519421707819,-11.254896,-2.733537,-2.5037475,3,walking
1519421707824,-11.197449,-2.8292825,-2.5037475,3,walking
1519421707829,-11.1208515,-2.867581,-2.4367256,3,walking
1519421707834,-11.015532,-2.800559,-2.3026817,3,walking
1519421707840,-10.852764,-2.819708,-2.2931073,3,walking
1519421707845,-10.747444,-2.8101335,-2.2452345,3,walking
1519421707849,-10.651698,-2.7718353,-2.2165108,3,walking
1519421707854,-10.555953,-2.752686,-2.2069361,3,walking
1519421707859,-10.517654,-2.666515,-2.4367256,3,walking
1519421707864,-10.498506,-2.513322,-2.3122563,3,walking
1519421707869,-10.431483,-2.4654493,-2.1399143,3,walking
1519421707874,-10.144247,-2.2931073,-1.9771467,3,walking
1519421707879,-10.010203,-2.168638,-1.9962958,3,walking
1519421707884,-9.847435,-2.1782124,-2.015445,3,walking
1519421707889,-9.703817,-2.0824668,-1.8143792,3,walking
1519421707894,-9.636795,-1.9771467,-1.79523,3,walking
1519421707900,-9.493176,-1.8909757,-1.776081,3,walking
1519421707904,-9.454879,-1.7665064,-1.7569319,3,walking
1519421707909,-9.2825365,-1.709059,-1.8526775,3,walking
1519421707913,-9.148493,-1.6994845,-1.6803354,3,walking
1519421707919,-9.052747,-1.6803354,-1.5654407,3,walking
1519421707924,-8.985725,-1.7186337,-1.5941644,3,walking
1519421707929,-8.889979,-1.6324625,-1.6133134,3,walking
1519421707935,-8.851681,-1.5941644,-1.6803354,3,walking
1519421707939,-8.861256,-1.6037389,-1.6803354,3,walking
1519421707944,-8.822957,-1.622888,-1.7856555,3,walking
1519421707948,-8.583593,-1.6707608,-1.8526775,3,walking
1519421707954,-8.487848,-1.7377827,-1.862252,3,walking
1519421707959,-8.430401,-1.6707608,-1.8526775,3,walking
1519421707964,-8.382527,-1.6899099,-1.929274,3,walking
1519421707969,-8.392102,-1.7473572,-2.034594,3,walking
1519421707974,-8.372953,-1.8239537,-2.1111906,3,walking
1519421707978,-8.334655,-1.948423,-2.168638,3,walking
1519421707984,-8.334655,-1.9962958,-2.2165108,3,walking
1519421707989,-8.248484,-2.0633178,-2.254809,3,walking
1519421707995,-8.200611,-2.0920415,-2.254809,3,walking
1519421708000,-8.181462,-2.149489,-2.3505547,3,walking
1519421708005,-8.124015,-2.1973617,-2.3984275,3,walking
1519421708009,-8.104865,-2.187787,-2.3888528,3,walking
1519421708014,-8.076141,-2.2260852,-2.427151,3,walking
1519421708018,-8.018694,-2.2356598,-2.5516202,3,walking
1519421708024,-7.961247,-2.2356598,-2.5228968,3,walking
1519421708029,-7.9037995,-2.3026817,-2.5516202,3,walking
1519421708034,-7.855927,-2.2165108,-2.6569405,3,walking
1519421708039,-7.769756,-2.2643836,-2.5899186,3,walking
1519421708044,-7.7793303,-2.2356598,-2.6760898,3,walking
1519421708048,-7.7984796,-2.2260852,-2.666515,3,walking
1519421708054,-7.6740103,-2.2356598,-2.6569405,3,walking
1519421708059,-7.664436,-2.187787,-2.7239625,3,walking
1519421708064,-7.6452866,-2.187787,-2.647366,3,walking
1519421708069,-7.5782647,-2.187787,-2.5516202,3,walking
1519421708074,-7.56869,-2.1590633,-2.513322,3,walking
1519421708079,-7.549541,-2.1590633,-2.5037475,3,walking
1519421708084,-7.4729443,-2.1782124,-2.321831,3,walking
1519421708088,-7.4154973,-2.1782124,-2.254809,3,walking
1519421708094,-7.348475,-2.1590633,-2.149489,3,walking
1519421708099,-7.281453,-2.1590633,-2.0920415,3,walking
1519421708104,-7.195282,-2.2069361,-2.0058703,3,walking
1519421708109,-7.1857076,-2.2069361,-1.9196993,3,walking
1519421708114,-7.1186857,-2.2069361,-1.9005502,3,walking
1519421708119,-7.089962,-2.1973617,-1.8526775,3,walking
1519421708124,-6.9654927,-2.2260852,-1.862252,3,walking
1519421708128,-6.9271946,-2.187787,-1.8431029,3,walking
1519421708134,-6.9080453,-2.2069361,-1.8814012,3,walking
1519421708139,-6.9080453,-2.2069361,-1.8814012,3,walking
1519421708144,-6.8410234,-2.1782124,-1.9196993,3,walking
1519421708149,-6.898471,-2.149489,-1.9675722,3,walking
1519421708155,-6.9176197,-2.101616,-1.9962958,3,walking
1519421708160,-6.9942164,-2.0633178,-2.0728924,3,walking
1519421708165,-7.042089,-2.0728924,-2.0633178,3,walking
1519421708170,-7.176133,-2.0250196,-2.0250196,3,walking
1519421708175,-7.2335806,-2.034594,-2.0058703,3,walking
1519421708179,-7.2910275,-2.0250196,-1.9867213,3,walking
1519421708185,-7.501668,-2.0537431,-1.948423,3,walking
1519421708190,-7.501668,-2.0537431,-1.948423,3,walking
1519421708195,-7.741032,-2.101616,-1.9867213,3,walking
1519421708200,-7.8367777,-2.101616,-2.015445,3,walking
1519421708205,-8.018694,-2.1303396,-2.034594,3,walking
1519421708210,-8.11444,-2.1590633,-2.0250196,3,walking
1519421708216,-8.248484,-2.1590633,-1.9962958,3,walking
1519421708220,-8.34423,-2.187787,-1.948423,3,walking
1519421708226,-8.401677,-2.2069361,-1.9101248,3,walking
1519421708231,-8.401677,-2.2069361,-1.9101248,3,walking
1519421708236,-8.459125,-2.1973617,-1.8335283,3,walking
1519421708240,-8.459125,-2.2260852,-1.7282082,3,walking
1519421708245,-8.545295,-2.2260852,-1.622888,3,walking
1519421708249,-8.4686985,-2.2452345,-1.5462915,3,walking
1519421708254,-8.459125,-2.2165108,-1.4218222,3,walking
1519421708259,-8.535721,-2.1973617,-1.4409714,3,walking
1519421708264,-8.631466,-2.1782124,-1.2877784,3,walking
1519421708269,-8.612317,-2.2165108,-1.1824582,3,walking
1519421708274,-8.6697645,-2.2643836,-1.1920328,3,walking
1519421708279,-8.717637,-2.3122563,-1.0771381,3,walking
1519421708284,-8.755936,-2.3888528,-0.99096704,3,walking
1519421708288,-8.813383,-2.475024,-0.8186249,3,walking
1519421708294,-8.832532,-2.5324712,-0.7420284,3,walking
1519421708299,-8.899554,-2.6186423,-0.665432,3,walking
1519421708303,-8.928278,-2.6760898,-0.64628285,3,walking
1519421708308,-9.138918,-2.8771553,-0.61755913,3,walking
1519421708314,-9.435729,-2.972901,-0.59841,3,walking
1519421708319,-9.435729,-2.972901,-0.59841,3,walking
1519421708324,-9.85701,-2.9346027,-0.56011176,3,walking
1519421708329,-10.182545,-2.905879,-0.512239,3,walking
1519421708334,-10.651698,-2.8101335,-0.5313881,3,walking
1519421708339,-11.972988,-2.4558747,-0.76117754,3,walking
1519421708345,-12.805975,-2.2835326,-1.0579889,3,walking
1519421708352,-14.117689,-2.1590633,-1.5367169,3,walking
1519421708358,-14.500671,-2.2069361,-1.6707608,3,walking
1519421708363,-14.404926,-2.1399143,-1.6611862,3,walking
1519421708368,-14.09854,-2.1303396,-1.5271424,3,walking
1519421708373,-13.246405,-2.0058703,-1.383524,3,walking
1519421708403,-9.98148,-2.0250196,-1.1154363,3,walking
1519421708408,-9.579348,-2.0537431,-1.1728836,3,walking
1519421708413,-8.9761505,-1.9101248,-1.2782038,3,walking
1519421708419,-8.765511,-1.8143792,-1.3452257,3,walking
1519421708424,-8.717637,-1.6707608,-1.4984187,3,walking
1519421708428,-9.043172,-1.3739494,-1.862252,3,walking
1519421708433,-9.3878565,-1.3069274,-2.034594,3,walking
1519421708438,-9.837861,-1.1154363,-2.101616,3,walking
1519421708443,-10.326163,-0.9622433,-2.0728924,3,walking
1519421708448,-11.436812,-0.70373017,-2.0728924,3,walking
1519421708455,-12.336822,-0.8952214,-1.709059,3,walking
1519421708460,-12.336822,-0.8952214,-1.709059,3,walking
1519421708465,-12.997466,-1.5271424,-1.2877784,3,walking
1519421708507,-13.064487,-2.9441774,-1.1154363,3,walking
1519421708515,-12.087883,-2.6760898,-1.4984187,3,walking
1519421708524,-11.657027,-2.3792782,-1.622888,3,walking
1519421708534,-11.130426,-2.101616,-1.776081,3,walking
1519421708539,-10.766593,-1.9675722,-1.6899099,3,walking
1519421708544,-10.469782,-1.8143792,-1.6133134,3,walking
1519421708548,-10.211268,-1.7473572,-1.5271424,3,walking
1519421708553,-9.96233,-1.709059,-1.4313968,3,walking
1519421708586,-8.55487,-1.0196906,-0.45479164,3,walking
1519421708594,-8.104865,-1.4122477,-0.77075213,3,walking
1519421708602,-8.00912,-1.6803354,-0.6845811,3,walking
1519421708610,-7.8655014,-1.929274,-0.5792609,3,walking
1519421708616,-7.7506065,-2.0058703,-0.5888355,3,walking
1519421708620,-7.616563,-2.0824668,-0.5218136,3,walking
1519421708625,-7.511243,-2.149489,-0.56968635,3,walking
1519421708629,-7.5303917,-2.2452345,-0.61755913,3,walking
1519421708634,-7.511243,-2.34098,-0.64628285,3,walking
1519421708638,-7.5208173,-2.427151,-0.7420284,3,walking
1519421708643,-7.5399666,-2.3888528,-0.8186249,3,walking
1519421708648,-7.4920936,-2.3697038,-0.83777404,3,walking
1519421708654,-7.434646,-2.3505547,-0.8952214,3,walking
1519421708659,-7.434646,-2.2069361,-0.9526688,3,walking
1519421708665,-7.4059224,-2.1399143,-0.9718179,3,walking
1519421708669,-7.3389006,-2.0441687,-1.0101161,3,walking
1519421708675,-7.2718787,-2.0441687,-1.0196906,3,walking
1519421708680,-7.243155,-1.9962958,-0.98139244,3,walking
1519421708685,-7.176133,-1.9675722,-0.9718179,3,walking
1519421708690,-7.1474094,-2.015445,-0.93351966,3,walking
1519421708695,-7.176133,-1.9962958,-0.98139244,3,walking
1519421708700,-7.243155,-2.0728924,-1.0005416,3,walking
1519421708706,-7.281453,-2.2643836,-1.0005416,3,walking
1519421708710,-7.348475,-2.360129,-0.98139244,3,walking
1519421708716,-7.4059224,-2.475024,-0.9430942,3,walking
1519421708721,-7.5591154,-2.6856642,-0.91437054,3,walking
1519421708726,-7.616563,-2.7909844,-0.85692316,3,walking
1519421708736,-7.721883,-2.9537518,-0.76117754,3,walking
1519421708741,-7.721883,-2.9537518,-0.76117754,3,walking
1519421708746,-7.8176284,-3.059072,-0.7228793,3,walking
1519421708756,-8.066567,-2.9346027,-0.5218136,3,walking
1519421708760,-8.104865,-2.8484318,-0.5218136,3,walking
1519421708765,-8.152739,-2.733537,-0.5218136,3,walking
1519421708774,-8.229335,-2.513322,-0.4356425,3,walking
1519421708778,-8.286782,-2.3984275,-0.4164934,3,walking
1519421708783,-8.363379,-2.2452345,-0.359046,3,walking
1519421708788,-8.430401,-2.1207652,-0.32074776,3,walking
1519421708793,-8.4686985,-1.9771467,-0.3111732,3,walking
1519421708798,-8.478273,-1.8814012,-0.26330042,3,walking
1519421708803,-8.545295,-1.7377827,-0.23457673,3,walking
1519421708808,-8.564445,-1.5175679,-0.25372586,3,walking
1519421708813,-8.602742,-1.4026731,-0.3111732,3,walking
1519421708818,-8.612317,-1.3548003,-0.2920241,3,walking
1519421708823,-8.6697645,-1.2877784,-0.37819514,3,walking
1519421708828,-8.813383,-1.2303311,-0.4835153,3,walking
1519421708833,-8.9761505,-1.2207564,-0.5888355,3,walking
1519421708838,-9.062322,-1.1633091,-0.6750065,3,walking
1519421708843,-9.330409,-1.1920328,-0.76117754,3,walking
1519421708848,-9.445304,-1.2399056,-0.83777404,3,walking
1519421708853,-9.608071,-1.2111819,-0.92394507,3,walking
1519421708858,-9.780414,-1.2782038,-0.98139244,3,walking
1519421708863,-10.134672,-1.4122477,-1.0771381,3,walking
1519421708868,-10.335738,-1.469695,-1.1250108,3,walking
1519421708872,-10.680422,-1.7282082,-1.2303311,3,walking
1519421708878,-10.814466,-1.8335283,-1.2782038,3,walking
1519421708883,-10.967659,-1.929274,-1.2399056,3,walking
1519421708888,-11.025106,-1.9771467,-1.3069274,3,walking
1519421708893,-11.101703,-2.0441687,-1.2782038,3,walking
1519421708898,-11.293194,-2.0920415,-1.3643749,3,walking
1519421708903,-11.36979,-2.101616,-1.3548003,3,walking
1519421708908,-11.484685,-2.1590633,-1.3165021,3,walking
1519421708913,-11.714475,-2.2452345,-1.2303311,3,walking
1519421708918,-11.82937,-2.2931073,-1.1728836,3,walking
1519421708923,-12.011286,-2.427151,-0.9526688,3,walking
1519421708928,-12.011286,-2.427151,-0.9526688,3,walking
1519421708932,-12.049584,-2.475024,-0.83777404,3,walking
1519421708937,-12.068733,-2.4654493,-0.6558574,3,walking
1519421708946,-11.963413,-2.3792782,-0.5888355,3,walking
1519421708954,-11.791071,-2.1207652,-0.5792609,3,walking
1519421708958,-11.714475,-1.9675722,-0.59841,3,walking
1519421708963,-11.59958,-1.5367169,-0.69415563,3,walking
1519421708967,-11.475111,-1.3452257,-0.78032666,3,walking
1519421708973,-11.417664,-1.1537346,-0.93351966,3,walking
1519421708978,-11.360216,-1.0101161,-1.0196906,3,walking
1519421708983,-11.321918,-0.85692316,-1.0867126,3,walking
1519421708988,-11.1208515,-0.70373017,-1.2590547,3,walking
1519421708993,-11.092129,-0.61755913,-1.3643749,3,walking
1519421708997,-10.938935,-0.59841,-1.4026731,3,walking
1519421709003,-10.795317,-0.64628285,-1.4888442,3,walking
1519421709008,-10.737869,-0.8090504,-1.8239537,3,walking
1519421709013,-10.92936,-0.93351966,-2.1782124,3,walking
1519421709017,-11.341067,-1.0675635,-2.5420458,3,walking
1519421709021,-11.905966,-1.2877784,-2.8580062,3,walking
1519421709025,-13.217681,-1.948423,-2.819708,3,walking
1519421709035,-13.811303,-3.020774,-2.2165108,3,walking
1519421709044,-13.102786,-4.7537694,-1.2590547,3,walking
1519421709048,-13.102786,-4.7537694,-1.2590547,3,walking
1519421709053,-12.758101,-5.1271772,-1.0579889,3,walking
1519421709057,-12.020861,-5.2899446,-0.8664977,3,walking
1519421709063,-11.609155,-5.1367517,-0.8664977,3,walking
1519421709068,-11.111278,-4.887813,-0.9430942,3,walking
1519421709083,-9.41658,-3.4612036,-1.5941644,3,walking
1519421709088,-9.225089,-3.1069448,-1.7569319,3,walking
1519421709094,-9.148493,-2.752686,-1.9101248,3,walking
1519421709098,-9.158067,-2.408002,-2.0537431,3,walking
1519421709103,-9.225089,-2.0633178,-2.1399143,3,walking
1519421709108,-9.330409,-1.776081,-2.2356598,3,walking
1519421709113,-9.818711,-1.3452257,-2.427151,3,walking
1519421709118,-10.163396,-1.1728836,-2.5037475,3,walking
1519421709122,-10.92936,-1.0388398,-2.6282167,3,walking
1519421709128,-10.92936,-1.0388398,-2.6282167,3,walking
1519421709133,-11.522984,-1.1250108,-2.6090677,3,walking
1519421709138,-11.72405,-1.2686293,-2.5228968,3,walking
1519421709143,-11.915541,-1.4313968,-2.4463003,3,walking
1519421709147,-12.212352,-1.8239537,-2.3984275,3,walking
1519421709153,-12.308098,-2.0250196,-2.5037475,3,walking
1519421709158,-12.422992,-2.2356598,-2.475024,3,walking
1519421709163,-12.537887,-2.3888528,-2.5994933,3,walking
1519421709168,-12.557036,-2.494173,-2.6760898,3,walking
1519421709173,-12.470865,-2.580344,-2.7909844,3,walking
1519421709178,-12.480439,-2.5994933,-2.8580062,3,walking
1519421709184,-12.384694,-2.6282167,-2.8963046,3,walking
1519421709188,-12.308098,-2.666515,-2.8580062,3,walking
1519421709193,-12.145329,-2.6856642,-2.8388572,3,walking
1519421709199,-11.685751,-2.6569405,-2.8292825,3,walking
1519421709204,-11.245321,-2.5037475,-2.7814097,3,walking
1519421709209,-11.05383,-2.3505547,-2.5516202,3,walking
1519421709214,-10.919786,-2.3026817,-2.4367256,3,walking
1519421709224,-10.565528,-2.1111906,-2.187787,3,walking
1519421709229,-10.460207,-2.101616,-2.2165108,3,walking
1519421709235,-10.29744,-1.9962958,-2.2643836,3,walking
1519421709240,-10.000628,-1.6899099,-2.015445,3,walking
1519421709245,-9.866585,-1.7282082,-1.9867213,3,walking
1519421709249,-9.742115,-1.7569319,-2.0058703,3,walking
1519421709255,-9.560199,-1.7186337,-1.9196993,3,walking
1519421709260,-9.301685,-1.6324625,-1.6994845,3,walking
1519421709265,-9.31126,-1.5845897,-1.7282082,3,walking
1519421709275,-8.66019,-1.7856555,-1.709059,3,walking
1519421709280,-8.593168,-1.8239537,-1.6611862,3,walking
1519421709286,-8.4686985,-1.9101248,-1.5941644,3,walking
1519421709291,-8.248484,-1.948423,-1.5367169,3,walking
1519421709296,-8.181462,-1.9962958,-1.5845897,3,walking
1519421709301,-8.11444,-2.2069361,-1.6516117,3,walking
1519421709306,-8.104865,-2.2931073,-1.7569319,3,walking
1519421709311,-8.018694,-2.4175766,-1.709059,3,walking
1519421709316,-7.875076,-2.4558747,-1.5558661,3,walking
1519421709321,-7.693159,-2.494173,-1.5654407,3,walking
1519421709327,-7.6740103,-2.513322,-1.5558661,3,walking
1519421709331,-7.5782647,-2.494173,-1.5175679,3,walking
1519421709337,-7.56869,-2.4654493,-1.5271424,3,walking
1519421709342,-7.501668,-2.3505547,-1.5750152,3,walking
1519421709348,-7.482519,-2.2739582,-1.5845897,3,walking
1519421709353,-7.434646,-2.1111906,-1.5654407,3,walking
1519421709358,-7.434646,-2.1111906,-1.5654407,3,walking
1519421709363,-7.4250717,-2.0441687,-1.5845897,3,walking
1519421709368,-7.434646,-2.1303396,-1.6133134,3,walking
1519421709373,-7.46337,-2.0537431,-1.776081,3,walking
1519421709378,-7.46337,-2.0537431,-1.776081,3,walking
1519421709382,-7.434646,-2.1303396,-1.8143792,3,walking
1519421709388,-7.396348,-2.187787,-1.7665064,3,walking
1519421709393,-7.3006024,-2.2069361,-1.6994845,3,walking
1519421709398,-7.2527294,-2.34098,-1.6420372,3,walking
1519421709403,-7.204857,-2.3792782,-1.6516117,3,walking
1519421709408,-7.243155,-2.5037475,-1.5079932,3,walking
1519421709413,-7.243155,-2.5707695,-1.5845897,3,walking
1519421709418,-7.2335806,-2.561195,-1.5271424,3,walking
1519421709423,-7.2240057,-2.647366,-1.5654407,3,walking
1519421709428,-7.2623043,-2.666515,-1.5271424,3,walking
1519421709434,-7.195282,-2.7622607,-1.5175679,3,walking
1519421709439,-7.195282,-2.7622607,-1.5175679,3,walking
1519421709444,-7.2240057,-2.714388,-1.4984187,3,walking
1519421709449,-7.3197513,-2.6760898,-1.5079932,3,walking
1519421709454,-7.2623043,-2.666515,-1.4984187,3,walking
1519421709459,-7.281453,-2.6856642,-1.4792696,3,walking
1519421709464,-7.3197513,-2.6377914,-1.5079932,3,walking
1519421709475,-7.511243,-2.513322,-1.5271424,3,walking
1519421709479,-7.4920936,-2.5037475,-1.5941644,3,walking
1519421709485,-7.5303917,-2.5037475,-1.5271424,3,walking
1519421709495,-7.5399666,-2.513322,-1.5175679,3,walking
1519421709505,-7.5399666,-2.4845984,-1.3356512,3,walking
1519421709510,-7.4920936,-2.475024,-1.3452257,3,walking
1519421709516,-7.511243,-2.513322,-1.3165021,3,walking
1519421709520,-7.5974135,-2.561195,-1.2399056,3,walking
1519421709526,-7.664436,-2.5899186,-1.2207564,3,walking
1519421709530,-7.7793303,-2.5707695,-1.2686293,3,walking
1519421709536,-7.961247,-2.5707695,-1.2399056,3,walking
1519421709541,-8.152739,-2.5516202,-1.2494801,3,walking
1519421709546,-8.516571,-2.4463003,-1.2494801,3,walking
1519421709551,-8.736787,-2.3984275,-1.2686293,3,walking
1519421709556,-9.004874,-2.3888528,-1.2686293,3,walking
1519421709561,-9.2825365,-2.408002,-1.2973529,3,walking
1519421709566,-9.703817,-2.3792782,-1.4313968,3,walking
1519421709571,-10.134672,-2.3697038,-1.5079932,3,walking
1519421709577,-10.134672,-2.3697038,-1.5079932,3,walking
1519421709583,-10.546378,-2.3505547,-1.5367169,3,walking
1519421709588,-10.555953,-2.34098,-1.5175679,3,walking
1519421709594,-10.565528,-2.2931073,-1.4984187,3,walking
1519421709598,-10.498506,-2.2643836,-1.469695,3,walking
1519421709604,-10.364462,-2.1590633,-1.2877784,3,walking
1519421709609,-10.259142,-2.0920415,-1.2399056,3,walking
1519421709614,-9.924032,-2.0250196,-1.0962871,3,walking
1519421709619,-9.837861,-1.929274,-1.0292653,3,walking
1519421709626,-9.62722,-1.8718265,-0.90479594,3,walking
1519421709631,-9.464453,-1.8718265,-0.8090504,3,walking
1519421709637,-9.196365,-1.7856555,-0.6845811,3,walking
1519421709641,-9.215514,-1.7282082,-0.665432,3,walking
1519421709647,-9.215514,-1.7282082,-0.665432,3,walking
1519421709652,-9.493176,-1.6133134,-0.7420284,3,walking
1519421709658,-10.019777,-1.6037389,-1.0388398,3,walking
1519421709663,-10.278291,-1.6324625,-1.1154363,3,walking
1519421709667,-10.278291,-1.6324625,-1.1154363,3,walking
1519421709672,-10.651698,-1.8526775,-1.2207564,3,walking
1519421709677,-10.747444,-1.9962958,-1.1728836,3,walking
1519421709682,-10.680422,-2.2643836,-1.0484143,3,walking
1519421709687,-10.642124,-2.4175766,-0.98139244,3,walking
1519421709692,-10.565528,-2.580344,-0.8473486,3,walking
1519421709697,-10.565528,-2.580344,-0.8473486,3,walking
1519421709702,-10.335738,-2.7239625,-0.5313881,3,walking
1519421709708,-10.153821,-2.7622607,-0.36862057,3,walking
1519421709712,-9.742115,-2.9346027,-0.09095833,3,walking
1519421709717,-9.742115,-2.9346027,-0.09095833,3,walking
1519421709722,-9.397431,-3.059072,0.12925656,3,walking
1519421709727,-9.320834,-3.0877957,0.23457673,3,walking
1519421709732,-9.234664,-3.078221,0.34947145,3,walking
1519421709737,-9.119769,-3.078221,0.49308985,3,walking
1519421709742,-9.043172,-3.020774,0.6271337,3,walking
1519421709748,-9.215514,-2.8963046,0.64628285,3,walking
1519421709753,-9.3878565,-2.8101335,0.6558574,3,walking
1519421709763,-10.316589,-2.647366,0.37819514,3,walking
1519421709768,-10.82404,-2.4654493,0.28244954,3,walking
1519421709773,-11.293194,-2.4845984,0.0718092,3,walking
1519421709778,-11.771922,-2.4175766,-0.15798025,3,walking
1519421709785,-12.681505,-2.3026817,-0.751603,3,walking
1519421709790,-13.399597,-2.0250196,-1.4313968,3,walking
1519421709796,-13.648536,-1.8718265,-1.7665064,3,walking
1519421709800,-13.859177,-1.6707608,-2.0441687,3,walking
1519421709837,-12.844273,-0.512239,-2.6282167,3,walking
1519421709846,-12.614484,-0.42606795,-2.580344,3,walking
1519421709853,-12.001712,-0.20585304,-2.1399143,3,walking
1519421709861,-11.590006,-0.12925656,-1.8335283,3,walking
1519421709866,-11.408089,-0.16755481,-1.709059,3,walking
1519421709870,-11.28362,-0.23457673,-1.6420372,3,walking
1519421709875,-11.111278,-0.359046,-1.5175679,3,walking
1519421709884,-10.469782,-0.78990126,-0.9622433,3,walking
1519421709888,-10.239992,-0.85692316,-0.8473486,3,walking
1519421709893,-10.239992,-0.85692316,-0.8473486,3,walking
1519421709897,-10.239992,-0.85692316,-0.8473486,3,walking
1519421709902,-9.378282,-1.3356512,-0.6079846,3,walking
1519421709907,-9.20594,-1.5558661,-0.6079846,3,walking
1519421709912,-9.043172,-1.8048047,-0.64628285,3,walking
1519421709917,-8.880404,-1.9867213,-0.64628285,3,walking
1519421709923,-8.526146,-2.187787,-0.5505372,3,walking
1519421709927,-8.248484,-2.2452345,-0.5313881,3,walking
1519421709932,-7.8655014,-2.2452345,-0.3877697,3,walking
1519421709937,-7.8655014,-2.2452345,-0.3877697,3,walking
1519421709942,-7.434646,-2.2931073,-0.359046,3,walking
1519421709947,-7.4154973,-2.4558747,-0.6271337,3,walking
1519421709951,-7.3771987,-2.5707695,-0.8281995,3,walking
1519421709957,-7.4059224,-2.733537,-1.14416,3,walking
1519421709962,-7.204857,-2.561195,-1.2207564,3,walking
1519421709967,-7.204857,-2.561195,-1.2207564,3,walking
1519421709972,-7.0133657,-2.3122563,-1.2782038,3,walking
1519421709977,-6.9463434,-2.168638,-1.3739494,3,walking
1519421709981,-6.8601727,-2.149489,-1.5271424,3,walking
1519421709987,-6.8601727,-2.149489,-1.5271424,3,walking
1519421709992,-6.8793216,-2.2165108,-1.622888,3,walking
1519421709997,-6.8793216,-2.2165108,-1.6420372,3,walking
1519421710002,-6.9463434,-2.1973617,-1.6516117,3,walking
1519421710007,-6.9463434,-2.1973617,-1.6516117,3,walking
1519421710012,-7.0133657,-2.1782124,-1.622888,3,walking
1519421710017,-7.051664,-2.2165108,-1.5845897,3,walking
1519421710022,-7.137835,-2.2739582,-1.4984187,3,walking
1519421710027,-7.137835,-2.2739582,-1.4984187,3,walking
1519421710032,-7.2718787,-2.408002,-1.3548003,3,walking
1519421710037,-7.310177,-2.427151,-1.2877784,3,walking
1519421710041,-7.434646,-2.4463003,-1.2973529,3,walking
1519421710048,-7.482519,-2.4463003,-1.2494801,3,walking
1519421710052,-7.587839,-2.4175766,-1.2016073,3,walking
1519421710057,-7.587839,-2.4175766,-1.2016073,3,walking
1519421710062,-7.6835847,-2.3122563,-1.1728836,3,walking
1519421710067,-7.702734,-2.3026817,-1.1824582,3,walking
1519421710071,-7.8272033,-2.2835326,-1.1728836,3,walking
1519421710077,-7.8272033,-2.2835326,-1.1728836,3,walking
1519421710081,-7.9325233,-2.2069361,-1.0771381,3,walking
1519421710087,-7.961247,-2.2452345,-1.0388398,3,walking
1519421710092,-8.056993,-2.2356598,-1.0101161,3,walking
1519421710097,-8.056993,-2.2356598,-1.0101161,3,walking
1519421710102,-8.1623125,-2.3122563,-0.8952214,3,walking
1519421710107,-8.191036,-2.3314054,-0.8760723,3,walking
1519421710112,-8.21976,-2.3792782,-0.8186249,3,walking
1519421710119,-8.353804,-2.4367256,-0.70373017,3,walking
1519421710124,-8.430401,-2.4367256,-0.76117754,3,walking
1519421710134,-8.526146,-2.360129,-0.7994758,3,walking
1519421710140,-8.55487,-2.321831,-0.8186249,3,walking
1519421710146,-8.55487,-2.2739582,-0.7994758,3,walking
1519421710151,-8.55487,-2.2739582,-0.7994758,3,walking
1519421710156,-8.583593,-2.187787,-0.92394507,3,walking
1519421710160,-8.641041,-2.1590633,-0.91437054,3,walking
1519421710165,-8.784659,-2.101616,-0.8856468,3,walking
1519421710174,-9.177217,-2.0633178,-0.98139244,3,walking
1519421710179,-9.339984,-2.0441687,-0.93351966,3,walking
1519421710184,-9.512326,-2.1111906,-0.99096704,3,walking
1519421710194,-10.038927,-2.2069361,-0.90479594,3,walking
1519421710199,-10.211268,-2.2643836,-0.93351966,3,walking
1519421710204,-10.374036,-2.321831,-0.90479594,3,walking
1519421710215,-10.958084,-2.3888528,-0.8473486,3,walking
1519421710224,-11.28362,-2.4175766,-0.8186249,3,walking
1519421710230,-11.522984,-2.4654493,-0.71330476,3,walking
1519421710235,-11.647452,-2.475024,-0.71330476,3,walking
1519421710240,-11.867668,-2.5420458,-0.6558574,3,walking
1519421710245,-11.905966,-2.6090677,-0.5792609,3,walking
1519421710250,-12.001712,-2.6377914,-0.5505372,3,walking
1519421710256,-12.049584,-2.647366,-0.5218136,3,walking
1519421710260,-12.049584,-2.647366,-0.5218136,3,walking
1519421710266,-12.0400095,-2.7431116,-0.44521707,3,walking
1519421710271,-11.905966,-2.6377914,-0.44521707,3,walking
1519421710276,-11.905966,-2.6377914,-0.44521707,3,walking
1519421710284,-11.7336235,-2.34098,-0.64628285,3,walking
1519421710289,-11.695326,-2.2165108,-0.61755913,3,walking
1519421710294,-11.657027,-2.0920415,-0.70373017,3,walking
1519421710299,-11.570856,-1.8718265,-0.8856468,3,walking
1519421710305,-11.59958,-1.7377827,-1.0579889,3,walking
1519421710309,-11.800646,-1.4601204,-1.5079932,3,walking
1519421710315,-12.107032,-1.3356512,-1.929274,3,walking
1519421710320,-12.614484,-1.2494801,-2.2931073,3,walking
1519421710325,-13.284702,-1.2686293,-2.5707695,3,walking
1519421710330,-14.088965,-1.5079932,-2.561195,3,walking
1519421710337,-15.448553,-2.3697038,-1.9196993,3,walking
1519421710342,-15.793238,-2.905879,-1.5845897,3,walking
1519421710389,-10.622974,-2.9537518,-0.93351966,3,walking
1519421710397,-10.144247,-2.321831,-1.2303311,3,walking
1519421710405,-9.943181,-1.7282082,-1.4888442,3,walking
1519421710412,-10.029352,-1.1250108,-1.6994845,3,walking
1519421710420,-10.2016945,-0.59841,-1.9771467,3,walking
1519421710426,-10.287866,-0.39734426,-2.0728924,3,walking
1519421710430,-10.40276,-0.18670394,-2.168638,3,walking
1519421710435,-10.441058,-0.110107444,-2.3026817,3,walking
1519421710439,-10.6134,-0.062234644,-2.3314054,3,walking
1519421710444,-10.661273,-0.043085523,-2.3314054,3,walking
1519421710448,-10.689997,-0.0718092,-2.3792782,3,walking
1519421710453,-10.82404,-0.17712937,-2.3888528,3,walking
1519421710464,-11.168725,-0.7324539,-2.3888528,3,walking
1519421710468,-11.28362,-1.0101161,-2.3122563,3,walking
1519421710474,-11.360216,-1.3643749,-2.1973617,3,walking
1519421710484,-11.446387,-2.494173,-1.7473572,3,walking
1519421710489,-11.446387,-2.8771553,-1.6516117,3,walking
1519421710494,-11.522984,-3.5569491,-1.4026731,3,walking
1519421710500,-11.570856,-3.777164,-1.2973529,3,walking
1519421710505,-11.590006,-3.9399316,-1.2494801,3,walking
1519421710510,-11.590006,-3.9399316,-1.2494801,3,walking
1519421710516,-11.657027,-4.1792955,-1.3260766,3,walking
1519421710520,-11.465536,-3.825037,-1.4505459,3,walking
1519421710526,-11.465536,-3.825037,-1.4505459,3,walking
1519421710531,-11.025106,-3.2218397,-1.4984187,3,walking
1519421710536,-11.025106,-3.2601378,-1.8814012,3,walking
1519421710541,-10.871913,-2.714388,-1.8335283,3,walking
1519421710548,-10.661273,-2.7622607,-2.149489,3,walking
1519421710554,-10.536804,-2.666515,-2.3122563,3,walking
1519421710559,-10.460207,-2.5228968,-2.2835326,3,walking
1519421710564,-10.307014,-2.4367256,-2.4175766,3,walking
1519421710569,-9.914457,-1.8335283,-2.4463003,3,walking
1519421710575,-9.665519,-1.4505459,-2.2069361,3,walking
1519421710579,-9.684668,-1.0962871,-2.321831,3,walking
1519421710585,-9.502751,-1.1345854,-2.2356598,3,walking
1519421710590,-9.435729,-1.0196906,-2.0633178,3,walking
1519421710595,-9.407005,-0.8952214,-1.9675722,3,walking
1519421710600,-9.3878565,-0.7420284,-1.8909757,3,walking
1519421710605,-9.272962,-0.47394073,-1.862252,3,walking
1519421710610,-9.052747,-0.6079846,-1.9005502,3,walking
1519421710615,-9.052747,-0.6079846,-1.9005502,3,walking
1519421710621,-9.18679,-0.8090504,-1.8909757,3,walking
1519421710626,-9.119769,-1.0292653,-1.9771467,3,walking
1519421710631,-9.052747,-1.2111819,-2.0058703,3,walking
1519421710639,-8.957002,-1.2782038,-1.9579976,3,walking
1519421710644,-8.899554,-1.3643749,-1.948423,3,walking
1519421710649,-8.842107,-1.469695,-1.8718265,3,walking
1519421710654,-8.899554,-1.5367169,-1.929274,3,walking
1519421710659,-8.909128,-1.7377827,-1.8335283,3,walking
1519421710664,-8.947427,-1.8335283,-1.8048047,3,walking
1519421710669,-8.909128,-1.8909757,-1.6133134,3,walking
1519421710675,-8.909128,-1.8718265,-1.6324625,3,walking
1519421710679,-8.909128,-1.8143792,-1.622888,3,walking
1519421710685,-8.851681,-1.776081,-1.6133134,3,walking
1519421710690,-8.813383,-1.7569319,-1.6707608,3,walking
1519421710695,-8.698488,-1.7856555,-1.7186337,3,walking
1519421710700,-8.650616,-1.8431029,-1.7473572,3,walking
1519421710705,-8.55487,-1.8431029,-1.6803354,3,walking
1519421710711,-8.315506,-1.8909757,-1.7282082,3,walking
1519421710715,-8.171887,-1.9388485,-1.79523,3,walking
1519421710721,-8.076141,-1.9579976,-1.8335283,3,walking
1519421710728,-7.635712,-2.0728924,-1.9771467,3,walking
1519421710734,-7.5303917,-2.0920415,-2.034594,3,walking
1519421710739,-7.4154973,-2.1111906,-2.0633178,3,walking
1519421710744,-7.35805,-2.1973617,-2.149489,3,walking
1519421710749,-7.195282,-2.2356598,-2.2452345,3,walking
1519421710754,-7.137835,-2.2931073,-2.3122563,3,walking
1519421710759,-7.042089,-2.321831,-2.34098,3,walking
1519421710764,-6.9654927,-2.2835326,-2.3792782,3,walking
1519421710769,-6.9654927,-2.2165108,-2.427151,3,walking
1519421710775,-6.869747,-2.2069361,-2.427151,3,walking
1519421710779,-6.8027253,-2.101616,-2.3122563,3,walking
1519421710785,-6.6878304,-2.0824668,-2.2069361,3,walking
1519421710789,-6.678256,-2.0728924,-2.187787,3,walking
1519421710795,-6.563361,-2.0441687,-2.0250196,3,walking
1519421710800,-6.4197426,-2.0633178,-1.8526775,3,walking
1519421710805,-6.4197426,-2.0920415,-1.7377827,3,walking
1519421710809,-6.304848,-2.1111906,-1.6420372,3,walking
1519421710813,-6.2952733,-2.149489,-1.5462915,3,walking
1519421710823,-6.2474008,-2.1590633,-1.2399056,3,walking
1519421710828,-6.2665496,-2.168638,-1.0675635,3,walking
1519421710833,-6.285699,-2.1399143,-1.0292653,3,walking
1519421710839,-6.410168,-2.0824668,-0.8952214,3,walking
1519421710844,-6.4963393,-2.015445,-0.90479594,3,walking
1519421710852,-6.6208086,-1.948423,-0.9526688,3,walking
1519421710859,-6.745278,-1.8335283,-1.0292653,3,walking
1519421710864,-6.821874,-1.776081,-1.1154363,3,walking
1519421710873,-6.869747,-1.6420372,-1.4122477,3,walking
1519421710879,-6.869747,-1.6133134,-1.5175679,3,walking
1519421710884,-6.9271946,-1.5750152,-1.6516117,3,walking
1519421710889,-6.9654927,-1.5079932,-1.8909757,3,walking
1519421710894,-7.042089,-1.4792696,-1.948423,3,walking
1519421710899,-7.137835,-1.4409714,-2.101616,3,walking
1519421710903,-7.2144313,-1.4792696,-2.2643836,3,walking
1519421710912,-7.511243,-1.5750152,-2.494173,3,walking
1519421710918,-7.56869,-1.6420372,-2.5420458,3,walking
1519421710922,-7.6069884,-1.6994845,-2.5228968,3,walking
1519421710928,-7.846352,-1.8909757,-2.3984275,3,walking
1519421710933,-7.9803963,-2.015445,-2.321831,3,walking
1519421710943,-8.564445,-2.3314054,-1.8143792,3,walking
1519421710949,-8.688913,-2.4845984,-1.5079932,3,walking
1519421710954,-8.794233,-2.6090677,-1.2877784,3,walking
1519421710958,-8.870831,-2.800559,-1.0101161,3,walking
1519421710963,-9.033598,-3.0973704,-0.37819514,3,walking
1519421710968,-9.138918,-3.2697124,-0.19627848,3,walking
1519421710973,-9.320834,-3.346309,-0.09095833,3,walking
1519421710982,-9.655944,-3.4707782,0.27287498,3,walking
1519421710987,-9.713391,-3.4324799,0.3111732,3,walking
1519421710992,-9.828286,-3.3367343,0.28244954,3,walking
1519421711002,-11.168725,-2.6377914,-0.37819514,3,walking
1519421711006,-11.168725,-2.6377914,-0.37819514,3,walking
1519421711010,-12.643207,-2.1973617,-1.3165021,3,walking
1519421711031,-13.811303,-2.015445,-2.3697038,3,walking
1519421711039,-13.275128,-2.1782124,-2.1590633,3,walking
1519421711043,-12.968742,-2.2931073,-1.9771467,3,walking
1519421711052,-12.0400095,-2.4845984,-1.2973529,3,walking
1519421711058,-11.771922,-2.5228968,-1.0675635,3,walking
1519421711063,-11.436812,-2.6186423,-0.8281995,3,walking
1519421711072,-10.709146,-2.9441774,-0.023936402,3,walking
1519421711078,-10.546378,-2.9154537,0.11968201,3,walking
1519421711082,-10.431483,-2.9346027,0.27287498,3,walking
1519421711094,-10.488931,-2.7048132,0.46436617,3,walking
1519421711098,-10.766593,-2.5516202,0.40691882,3,walking
1519421711103,-11.111278,-2.4175766,0.3398969,3,walking
1519421711108,-12.049584,-2.2165108,0.09095833,3,walking
1519421711113,-12.528313,-2.0824668,-0.12925656,3,walking
1519421711145,-15.400681,-1.0867126,-2.6760898,3,walking
1519421711154,-15.333658,-0.91437054,-2.7622607,3,walking
1519421711161,-14.64429,-0.78990126,-2.9441774,3,walking
1519421711169,-14.194285,-0.7994758,-3.173967,3,walking
1519421711177,-13.677259,-0.8090504,-3.2984362,3,walking
1519421711182,-13.3612995,-0.7324539,-3.193116,3,walking
1519421711187,-12.978316,-0.7228793,-3.0686467,3,walking
1519421711192,-12.557036,-0.7228793,-2.905879,3,walking
1519421711229,-9.8953085,-1.0484143,-1.0867126,3,walking
1519421711234,-9.684668,-1.0962871,-0.99096704,3,walking
1519421711242,-9.20594,-1.3548003,-0.91437054,3,walking
1519421711250,-8.746361,-1.7377827,-0.93351966,3,walking
1519421711257,-8.593168,-2.0058703,-0.98139244,3,walking
1519421711262,-8.392102,-2.1590633,-0.9718179,3,walking
1519421711268,-8.1623125,-2.3888528,-1.0101161,3,walking
1519421711273,-8.085716,-2.475024,-1.0579889,3,walking
1519421711282,-7.9803963,-2.6569405,-1.14416,3,walking
1519421711288,-7.7123084,-2.7814097,-1.1633091,3,walking
1519421711294,-7.635712,-2.7814097,-1.2399056,3,walking
1519421711298,-7.5208173,-2.819708,-1.3069274,3,walking
1519421711304,-7.5208173,-2.819708,-1.3069274,3,walking
1519421711308,-7.281453,-2.9154537,-1.4792696,3,walking
1519421711313,-7.1857076,-2.9537518,-1.5558661,3,walking
1519421711322,-6.9942164,-3.0016246,-1.6037389,3,walking
1519421711328,-6.9271946,-3.020774,-1.6420372,3,walking
1519421711333,-6.831449,-2.9537518,-1.6803354,3,walking
1519421711338,-6.7931504,-2.7909844,-1.6803354,3,walking
1519421711344,-6.745278,-2.733537,-1.6994845,3,walking
1519421711348,-6.7357035,-2.5994933,-1.7377827,3,walking
1519421711354,-6.7548523,-2.5420458,-1.7282082,3,walking
1519421711358,-6.7357035,-2.4175766,-1.776081,3,walking
1519421711364,-6.716554,-2.3505547,-1.7665064,3,walking
1519421711369,-6.7548523,-2.2643836,-1.7665064,3,walking
1519421711374,-6.7548523,-2.2643836,-1.7665064,3,walking
1519421711378,-6.821874,-2.2260852,-1.6899099,3,walking
1519421711384,-6.9176197,-2.2356598,-1.6420372,3,walking
1519421711388,-6.9942164,-2.2835326,-1.5462915,3,walking
1519421711394,-6.9942164,-2.2835326,-1.5462915,3,walking
1519421711399,-7.089962,-2.34098,-1.4601204,3,walking
1519421711404,-7.1474094,-2.3697038,-1.4313968,3,walking
1519421711409,-7.2144313,-2.3697038,-1.3356512,3,walking
1519421711414,-7.2623043,-2.3792782,-1.2399056,3,walking
1519421711419,-7.3771987,-2.34098,-1.14416,3,walking
1519421711424,-7.3771987,-2.34098,-1.14416,3,walking
1519421711430,-7.501668,-2.2739582,-1.0292653,3,walking
1519421711435,-7.5591154,-2.2069361,-1.0005416,3,walking
1519421711440,-7.664436,-2.1590633,-0.9718179,3,walking
1519421711448,-7.808054,-1.9579976,-0.8952214,3,walking
1519421711454,-7.875076,-1.9005502,-0.8664977,3,walking
1519421711458,-7.9037995,-1.862252,-0.8473486,3,walking
1519421711464,-7.961247,-1.8431029,-0.7994758,3,walking
1519421711468,-8.124015,-1.8335283,-0.8186249,3,walking
1519421711474,-8.200611,-1.8526775,-0.7420284,3,walking
1519421711479,-8.382527,-1.9005502,-0.751603,3,walking
1519421711484,-8.497422,-1.9101248,-0.78990126,3,walking
1519421711489,-8.66019,-1.9867213,-0.78990126,3,walking
1519421711494,-8.66019,-1.9867213,-0.78990126,3,walking
1519421711500,-8.822957,-1.9867213,-0.78990126,3,walking
1519421711504,-8.947427,-1.9962958,-0.8281995,3,walking
1519421711510,-9.052747,-2.0250196,-0.8186249,3,walking
1519421711516,-9.244238,-1.9962958,-0.8664977,3,walking
1519421711522,-9.454879,-1.929274,-0.91437054,3,walking
1519421711527,-9.531475,-1.9388485,-0.9526688,3,walking
1519421711532,-9.64637,-1.929274,-0.93351966,3,walking
1519421711538,-9.809137,-1.8718265,-0.90479594,3,walking
1519421711543,-9.904882,-1.8718265,-0.8856468,3,walking
1519421711548,-9.971905,-1.8526775,-0.83777404,3,walking
1519421711553,-10.077225,-1.862252,-0.7994758,3,walking
1519421711558,-10.163396,-1.7473572,-0.7324539,3,walking
1519421711563,-10.220843,-1.6324625,-0.7420284,3,walking
1519421711568,-10.374036,-1.5654407,-0.56968635,3,walking
1519421711574,-10.460207,-1.5271424,-0.54096264,3,walking
1519421711579,-10.6134,-1.4505459,-0.512239,3,walking
1519421711584,-10.6134,-1.4505459,-0.512239,3,walking
1519421711589,-10.82404,-1.3930986,-0.56011176,3,walking
1519421711594,-10.881488,-1.4409714,-0.5313881,3,walking
1519421711599,-11.092129,-1.469695,-0.5218136,3,walking
1519421711604,-11.092129,-1.469695,-0.5218136,3,walking
1519421711612,-11.28362,-1.4888442,-0.5313881,3,walking
1519421711617,-11.36979,-1.469695,-0.6079846,3,walking
1519421711622,-11.379365,-1.4313968,-0.5888355,3,walking
1519421711627,-11.417664,-1.4026731,-0.751603,3,walking
1519421711633,-11.446387,-1.4122477,-0.78032666,3,walking
1519421711638,-11.436812,-1.3643749,-0.8856468,3,walking
1519421711643,-11.408089,-1.3069274,-1.0101161,3,walking
1519421711648,-11.216598,-1.2494801,-1.1824582,3,walking
1519421711653,-11.025106,-1.2686293,-1.2399056,3,walking
1519421711658,-10.728295,-1.2494801,-1.3930986,3,walking
1519421711663,-10.728295,-1.2494801,-1.3930986,3,walking
1519421711669,-10.19212,-1.2973529,-1.5750152,3,walking
1519421711674,-10.19212,-1.2973529,-1.5750152,3,walking
1519421711679,-9.904882,-1.3356512,-1.776081,3,walking
1519421711684,-9.8953085,-1.3356512,-1.9579976,3,walking
1519421711689,-10.421909,-1.2016073,-2.6952388,3,walking
1519421711694,-10.967659,-1.1154363,-3.0973704,3,walking
1519421711699,-11.7336235,-1.1250108,-3.3367343,3,walking
1519421711705,-13.150659,-1.5367169,-3.039923,3,walking
1519421711712,-13.4666195,-2.0633178,-2.6569405,3,walking
1519421711717,-13.696408,-3.3941817,-1.9005502,3,walking
1519421711723,-13.629387,-4.131423,-1.5175679,3,walking
1519421711727,-13.457045,-4.763344,-1.2207564,3,walking
1519421711732,-13.303852,-5.194199,-0.9718179,3,walking
1519421711765,-10.938935,-4.342063,-1.3260766,3,walking
1519421711773,-10.421909,-3.3941817,-1.8335283,3,walking
1519421711780,-10.287866,-2.580344,-2.0728924,3,walking
1519421711788,-10.354887,-1.6994845,-2.3792782,3,walking
1519421711795,-10.479357,-1.0484143,-2.5899186,3,walking
1519421711799,-10.479357,-1.0484143,-2.5899186,3,walking
1519421711804,-10.871913,-0.665432,-2.9537518,3,walking
1519421711808,-11.1208515,-0.45479164,-3.1452432,3,walking
1519421711813,-11.341067,-0.37819514,-3.3271596,3,walking
1519421711817,-11.4272375,-0.37819514,-3.3941817,3,walking
1519421711822,-11.513409,-0.49308985,-3.3941817,3,walking
1519421711827,-11.570856,-0.7324539,-3.2792869,3,walking
1519421711832,-11.695326,-0.9430942,-3.2409887,3,walking
1519421711837,-11.944264,-1.2590547,-3.231414,3,walking
1519421711842,-11.944264,-1.2590547,-3.231414,3,walking
1519421711847,-12.145329,-1.7186337,-3.173967,3,walking
1519421711852,-12.202777,-1.9867213,-3.1452432,3,walking
1519421711860,-12.068733,-2.6186423,-2.9154537,3,walking
1519421711867,-12.068733,-3.0303483,-2.8484318,3,walking
1519421711873,-12.011286,-3.2505634,-2.8388572,3,walking
1519421711877,-11.791071,-3.6239712,-2.6952388,3,walking
1519421711883,-11.657027,-3.7197168,-2.6282167,3,walking
1519421711887,-11.446387,-3.7963133,-2.4654493,3,walking
1519421711893,-11.302769,-3.825037,-2.4175766,3,walking
1519421711898,-11.072979,-3.9495063,-2.4463003,3,walking
1519421711903,-11.044255,-3.8824842,-2.475024,3,walking
1519421711908,-10.632549,-3.758015,-2.4367256,3,walking
1519421711913,-10.469782,-3.5760984,-2.5420458,3,walking
1519421711919,-9.924032,-3.078221,-2.2835326,3,walking
1519421711924,-9.924032,-3.078221,-2.2835326,3,walking
1519421711929,-9.732541,-2.867581,-2.0058703,3,walking
1519421711940,-9.713391,-2.408002,-1.6611862,3,walking
1519421711946,-9.655944,-2.2931073,-1.5654407,3,walking
1519421711950,-9.54105,-2.0728924,-1.5845897,3,walking
1519421711957,-9.426155,-1.8909757,-1.4792696,3,walking
1519421711961,-9.339984,-1.709059,-1.3260766,3,walking
1519421711967,-9.368708,-1.3930986,-1.0675635,3,walking
1519421711972,-9.20594,-1.4505459,-1.2303311,3,walking
1519421711976,-8.947427,-1.4505459,-1.1920328,3,walking
1519421711980,-8.822957,-1.4218222,-1.2494801,3,walking
1519421711987,-8.698488,-1.2782038,-1.2016073,3,walking
1519421711992,-8.641041,-1.2303311,-1.2016073,3,walking
1519421712001,-8.478273,-1.3069274,-1.4409714,3,walking
1519421712007,-8.363379,-1.4984187,-1.622888,3,walking
1519421712011,-8.372953,-1.5271424,-1.7186337,3,walking
1519421712020,-8.315506,-1.6899099,-1.9675722,3,walking
1519421712026,-8.32508,-1.7856555,-2.2069361,3,walking
1519421712031,-8.315506,-1.8143792,-2.2356598,3,walking
1519421712036,-8.258059,-1.9101248,-2.2835326,3,walking
1519421712041,-8.315506,-1.9388485,-2.3122563,3,walking
1519421712046,-8.382527,-1.948423,-2.321831,3,walking
1519421712051,-8.497422,-1.9388485,-2.4175766,3,walking
1519421712056,-8.401677,-2.1111906,-2.3792782,3,walking
1519421712061,-8.353804,-2.187787,-2.2739582,3,walking
1519421712066,-8.315506,-2.2260852,-2.3026817,3,walking
1519421712071,-8.296356,-2.254809,-2.2739582,3,walking
1519421712077,-8.21976,-2.2165108,-2.2069361,3,walking
1519421712081,-8.1623125,-2.2165108,-2.187787,3,walking
1519421712090,-8.085716,-2.2069361,-2.1973617,3,walking
1519421712097,-7.961247,-2.1782124,-2.1207652,3,walking
1519421712102,-7.961247,-2.1782124,-2.1303396,3,walking
1519421712107,-7.808054,-2.1303396,-2.0058703,3,walking
1519421712112,-7.808054,-2.1303396,-2.0058703,3,walking
1519421712117,-7.7314577,-2.0824668,-1.9771467,3,walking
1519421712122,-7.6835847,-2.0537431,-1.9771467,3,walking
1519421712127,-7.6261373,-1.9675722,-1.9771467,3,walking
1519421712133,-7.616563,-1.948423,-2.0537431,3,walking
1519421712137,-7.664436,-1.9388485,-2.101616,3,walking
1519421712143,-7.616563,-1.9101248,-2.1399143,3,walking
1519421712147,-7.56869,-1.929274,-2.2260852,3,walking
1519421712152,-7.5591154,-1.9196993,-2.3122563,3,walking
1519421712160,-7.5974135,-1.8909757,-2.4558747,3,walking
1519421712167,-7.616563,-1.8718265,-2.494173,3,walking
1519421712172,-7.6261373,-1.9101248,-2.5324712,3,walking
1519421712177,-7.664436,-1.9196993,-2.5899186,3,walking
1519421712183,-7.6835847,-1.9771467,-2.5899186,3,walking
1519421712188,-7.635712,-2.0633178,-2.5037475,3,walking
1519421712193,-7.6261373,-2.0633178,-2.475024,3,walking
1519421712198,-7.6261373,-2.1207652,-2.427151,3,walking
1519421712203,-7.6261373,-2.1207652,-2.427151,3,walking
1519421712207,-7.702734,-2.1590633,-2.360129,3,walking
1519421712212,-7.6835847,-2.1973617,-2.3122563,3,walking
1519421712216,-7.721883,-2.1973617,-2.2452345,3,walking
1519421712220,-7.788905,-2.2931073,-2.2260852,3,walking
1519421712226,-7.855927,-2.2835326,-2.168638,3,walking
1519421712231,-7.9420977,-2.321831,-2.2356598,3,walking
1519421712236,-8.066567,-2.2452345,-2.187787,3,walking
1519421712241,-8.1623125,-2.2069361,-2.2069361,3,walking
1519421712246,-8.2676325,-2.1207652,-2.2931073,3,walking
1519421712250,-8.392102,-2.1399143,-2.321831,3,walking
1519421712256,-8.516571,-2.0920415,-2.3697038,3,walking
1519421712261,-8.583593,-2.0824668,-2.3697038,3,walking
1519421712270,-8.650616,-2.0728924,-2.427151,3,walking
1519421712275,-8.564445,-2.0824668,-2.4367256,3,walking
1519421712281,-8.535721,-2.0058703,-2.3792782,3,walking
1519421712286,-8.44955,-2.015445,-2.2931073,3,walking
1519421712291,-8.32508,-1.9771467,-2.2069361,3,walking
1519421712296,-8.200611,-1.8431029,-2.0441687,3,walking
1519421712301,-8.066567,-1.8335283,-1.9771467,3,walking
1519421712306,-7.9516726,-1.8718265,-1.7856555,3,walking
1519421712311,-7.8655014,-1.8909757,-1.6899099,3,walking
1519421712316,-7.7506065,-1.948423,-1.5654407,3,walking
1519421712321,-7.616563,-1.9675722,-1.3930986,3,walking
1519421712326,-7.4059224,-2.034594,-0.9718179,3,walking
1519421712332,-7.3006024,-2.0441687,-0.8090504,3,walking
1519421712336,-7.2623043,-2.034594,-0.7228793,3,walking
1519421712341,-7.2718787,-2.0250196,-0.5888355,3,walking
1519421712346,-7.396348,-1.9962958,-0.3398969,3,walking
1519421712352,-7.5399666,-1.9388485,-0.2154276,3,walking
1519421712357,-8.1623125,-1.6994845,-0.27287498,3,walking
1519421712362,-8.1623125,-1.6994845,-0.27287498,3,walking
1519421712367,-9.502751,-1.2782038,-0.8856468,3,walking
1519421712372,-10.345312,-1.1250108,-1.2207564,3,walking
1519421712380,-11.982562,-1.0867126,-1.7282082,3,walking
1519421712386,-12.940019,-1.4792696,-1.9675722,3,walking
1519421712391,-13.045339,-1.7665064,-1.929274,3,walking
1519421712396,-12.834699,-2.3314054,-1.776081,3,walking
1519421712432,-9.847435,-3.5473747,-0.91437054,3,walking
1519421712440,-9.100619,-3.6335456,-0.7324539,3,walking
1519421712454,-8.784659,-3.4037561,-0.76117754,3,walking
1519421712459,-9.368708,-2.9633265,-0.7994758,3,walking
1519421712463,-9.368708,-2.9633265,-0.7994758,3,walking
1519421712467,-10.40276,-2.3314054,-0.8090504,3,walking
1519421712472,-10.40276,-2.3314054,-0.8090504,3,walking
1519421712502,-16.032602,-2.1303396,-1.5079932,3,walking
1519421712510,-16.28154,-2.0058703,-1.8526775,3,walking
1519421712518,-16.137922,-1.7569319,-2.0633178,3,walking
1519421712525,-15.63047,-1.383524,-2.408002,3,walking
1519421712529,-15.247487,-1.2399056,-2.4654493,3,walking
1519421712534,-15.247487,-1.2399056,-2.4654493,3,walking
1519421712537,-14.270883,-0.9526688,-2.5420458,3,walking
1519421712544,-14.270883,-0.9526688,-2.5420458,3,walking
1519421712548,-13.303852,-0.6750065,-2.494173,3,walking
1519421712552,-12.892146,-0.5505372,-2.4463003,3,walking
1519421712595,-9.110194,-0.5313881,-1.1345854,3,walking
1519421712603,-8.947427,-0.6271337,-0.9718179,3,walking
1519421712611,-8.6697645,-0.8281995,-0.5792609,3,walking
1519421712616,-8.248484,-1.2590547,-0.6271337,3,walking
1519421712621,-8.104865,-1.469695,-0.56968635,3,walking
1519421712630,-8.037844,-1.79523,-0.50266445,3,walking
1519421712636,-7.846352,-2.2165108,-0.5792609,3,walking
1519421712640,-7.741032,-2.3792782,-0.59841,3,walking
1519421712649,-7.434646,-2.8101335,-0.59841,3,walking
1519421712656,-7.3197513,-3.126094,-0.83777404,3,walking
1519421712660,-7.2240057,-3.2697124,-1.0005416,3,walking
1519421712665,-6.936769,-3.4133308,-1.0196906,3,walking
1519421712670,-6.7740016,-3.5282254,-1.0388398,3,walking
1519421712675,-6.7069798,-3.5569491,-1.0867126,3,walking
1519421712680,-6.6495323,-3.6526947,-1.1345854,3,walking
1519421712685,-6.668681,-3.6814184,-1.2877784,3,walking
1519421712690,-6.630383,-3.6814184,-1.2973529,3,walking
1519421712695,-6.639958,-3.6814184,-1.4218222,3,walking
1519421712700,-6.6591067,-3.6526947,-1.4792696,3,walking
1519421712705,-6.668681,-3.5760984,-1.5079932,3,walking
1519421712711,-6.7931504,-3.384607,-1.5367169,3,walking
1519421712715,-6.869747,-3.2505634,-1.5367169,3,walking
1519421712721,-6.869747,-3.1548176,-1.4888442,3,walking
1519421712725,-7.003791,-3.059072,-1.6420372,3,walking
1519421712731,-7.042089,-3.039923,-1.6611862,3,walking
1519421712736,-7.0995364,-2.905879,-1.5079932,3,walking
1519421712741,-7.0995364,-2.905879,-1.5079932,3,walking
1519421712746,-7.2527294,-2.8101335,-1.4984187,3,walking
1519421712751,-7.3771987,-2.7814097,-1.5175679,3,walking
1519421712756,-7.6452866,-2.714388,-1.3548003,3,walking
1519421712761,-7.7793303,-2.6856642,-1.3643749,3,walking
1519421712766,-7.8846507,-2.666515,-1.2877784,3,walking
1519421712771,-7.9037995,-2.6282167,-1.2303311,3,walking
1519421712776,-8.047418,-2.580344,-1.1824582,3,walking
1519421712781,-8.104865,-2.5899186,-1.1633091,3,walking
1519421712786,-8.21976,-2.5899186,-1.1345854,3,walking
1519421712791,-8.296356,-2.5899186,-1.1345854,3,walking
1519421712796,-8.296356,-2.5899186,-1.1345854,3,walking
1519421712800,-8.612317,-2.6282167,-1.0771381,3,walking
1519421712804,-8.641041,-2.5994933,-1.0196906,3,walking
1519421712809,-8.66019,-2.580344,-0.8952214,3,walking
1519421712815,-8.708063,-2.513322,-0.751603,3,walking
1519421712821,-8.727212,-2.5228968,-0.6845811,3,walking
1519421712825,-8.784659,-2.5228968,-0.6271337,3,walking
1519421712831,-8.784659,-2.5228968,-0.6271337,3,walking
1519421712836,-8.755936,-2.475024,-0.5505372,3,walking
1519421712841,-8.755936,-2.475024,-0.512239,3,walking
1519421712845,-8.803808,-2.4558747,-0.61755913,3,walking
1519421712851,-8.813383,-2.3984275,-0.45479164,3,walking
1519421712856,-8.842107,-2.408002,-0.4835153,3,walking
1519421712861,-8.861256,-2.3697038,-0.4835153,3,walking
1519421712866,-8.928278,-2.2739582,-0.4356425,3,walking
1519421712871,-8.957002,-2.149489,-0.40691882,3,walking
1519421712876,-8.995299,-2.0537431,-0.39734426,3,walking
1519421712881,-9.014449,-1.948423,-0.3877697,3,walking
1519421712886,-9.129343,-1.7856555,-0.44521707,3,walking
1519421712891,-9.244238,-1.6994845,-0.5505372,3,walking
1519421712896,-9.349558,-1.6037389,-0.4835153,3,walking
1519421712900,-9.483603,-1.5462915,-0.5505372,3,walking
1519421712905,-9.742115,-1.4218222,-0.6079846,3,walking
1519421712910,-9.8953085,-1.3452257,-0.6845811,3,walking
1519421712915,-10.278291,-1.3069274,-0.751603,3,walking
1519421712920,-10.278291,-1.3069274,-0.751603,3,walking
1519421712925,-10.680422,-1.3165021,-0.8760723,3,walking
1519421712930,-10.919786,-1.383524,-0.9622433,3,walking
1519421712936,-11.350641,-1.5271424,-1.1154363,3,walking
1519421712941,-11.590006,-1.6803354,-1.3356512,3,walking
1519421712946,-11.752773,-1.79523,-1.4218222,3,walking
1519421712951,-11.9346895,-2.015445,-1.3739494,3,walking
1519421712956,-11.896391,-2.1303396,-1.383524,3,walking
1519421712961,-11.848518,-2.187787,-1.3452257,3,walking
1519421712967,-11.72405,-2.321831,-1.3452257,3,walking
1519421712972,-11.676176,-2.3026817,-1.2590547,3,walking
1519421712976,-11.503835,-2.2739582,-1.1824582,3,walking
1519421712980,-11.408089,-2.2739582,-1.2207564,3,walking
1519421712985,-11.28362,-2.2356598,-1.2782038,3,walking
1519421712990,-11.197449,-2.1782124,-1.2494801,3,walking
1519421712995,-10.967659,-2.168638,-1.4122477,3,walking
1519421713000,-10.804892,-2.1590633,-1.3356512,3,walking
1519421713005,-10.689997,-2.1399143,-1.3548003,3,walking
1519421713010,-10.536804,-2.0728924,-1.3165021,3,walking
1519421713015,-10.259142,-2.0058703,-1.3356512,3,walking
1519421713020,-10.125097,-2.0058703,-1.2782038,3,walking
1519421713025,-9.943181,-1.8239537,-1.3260766,3,walking
1519421713030,-10.010203,-1.6611862,-1.4409714,3,walking
1519421713035,-10.239992,-1.5845897,-1.7665064,3,walking
1519421713039,-10.699572,-1.4313968,-2.1399143,3,walking
1519421713044,-11.341067,-1.3548003,-2.5037475,3,walking
1519421713047,-12.078308,-1.3260766,-2.6952388,3,walking
1519421713070,-14.787909,-4.236743,-1.709059,3,walking
1519421713075,-14.720886,-4.763344,-1.4218222,3,walking
1519421713080,-14.481523,-5.0984535,-1.1154363,3,walking
1519421713107,-11.341067,-3.911208,-1.8909757,3,walking
1519421713112,-10.94851,-3.7101421,-2.1973617,3,walking
1519421713117,-10.699572,-3.4420545,-2.4845984,3,walking
1519421713121,-10.498506,-3.1643922,-2.6952388,3,walking
1519421713125,-10.354887,-2.8292825,-2.9537518,3,walking
1519421713130,-10.29744,-2.4367256,-3.0973704,3,walking
1519421713135,-10.393186,-1.6707608,-3.2984362,3,walking
1519421713140,-10.469782,-1.3739494,-3.384607,3,walking
1519421713144,-10.622974,-1.0675635,-3.3558834,3,walking
1519421713149,-10.747444,-0.8952214,-3.4324799,3,walking
1519421713155,-10.94851,-0.7324539,-3.4324799,3,walking
1519421713159,-11.321918,-0.59841,-3.231414,3,walking
1519421713164,-11.513409,-0.61755913,-3.212265,3,walking
1519421713169,-11.685751,-0.5313881,-3.0303483,3,walking
1519421713175,-11.905966,-0.6079846,-2.6186423,3,walking
1519421713180,-11.963413,-0.69415563,-2.5516202,3,walking
1519421713185,-12.068733,-0.7994758,-2.5516202,3,walking
1519421713189,-12.174053,-0.9526688,-2.5324712,3,walking
1519421713195,-12.087883,-1.383524,-2.3122563,3,walking
1519421713199,-11.953838,-1.5462915,-2.1782124,3,walking
1519421713205,-11.676176,-1.9388485,-2.2260852,3,walking
1519421713210,-11.590006,-2.1590633,-2.2069361,3,walking
1519421713215,-11.513409,-2.3984275,-2.2356598,3,walking
1519421713221,-11.455961,-2.5899186,-2.2452345,3,walking
1519421713226,-11.245321,-2.972901,-2.2260852,3,walking
1519421713231,-10.967659,-3.020774,-2.101616,3,walking
1519421713236,-10.479357,-2.972901,-2.015445,3,walking
1519421713241,-10.479357,-2.972901,-2.015445,3,walking
1519421713246,-10.450633,-3.1165195,-2.6952388,3,walking
1519421713251,-10.0868,-3.384607,-2.905879,3,walking
1519421713256,-9.608071,-3.1165195,-2.6952388,3,walking
1519421713261,-9.435729,-2.819708,-2.6377914,3,walking
1519421713266,-9.301685,-2.6856642,-2.5994933,3,walking
1519421713271,-9.110194,-2.494173,-2.4175766,3,walking
1519421713277,-8.985725,-2.408002,-2.3792782,3,walking
1519421713287,-8.755936,-2.2260852,-2.254809,3,walking
1519421713292,-8.621892,-2.2069361,-2.2260852,3,walking
1519421713297,-8.506997,-2.187787,-2.1399143,3,walking
1519421713302,-8.535721,-2.1207652,-2.0728924,3,walking
1519421713307,-8.621892,-2.0728924,-1.9388485,3,walking
1519421713311,-8.621892,-2.0728924,-1.9388485,3,walking
1519421713316,-8.545295,-2.0920415,-1.79523,3,walking
1519421713320,-8.506997,-2.1303396,-1.8048047,3,walking
1519421713329,-8.535721,-2.0920415,-1.8239537,3,walking
1519421713334,-8.420826,-2.0537431,-1.8143792,3,walking
1519421713339,-8.401677,-2.015445,-1.948423,3,walking
1519421713345,-8.420826,-2.0728924,-1.9962958,3,walking
1519421713350,-8.430401,-2.1111906,-2.0441687,3,walking
1519421713355,-8.32508,-2.1111906,-2.2356598,3,walking
1519421713360,-8.258059,-2.0728924,-2.168638,3,walking
1519421713365,-8.143164,-1.9771467,-2.2452345,3,walking
1519421713369,-8.143164,-1.9771467,-2.2452345,3,walking
1519421713375,-8.104865,-1.929274,-2.254809,3,walking
1519421713380,-8.104865,-1.9675722,-2.2835326,3,walking
1519421713385,-8.066567,-1.9962958,-2.3697038,3,walking
1519421713390,-8.047418,-2.0441687,-2.3888528,3,walking
1519421713395,-7.999545,-2.0633178,-2.408002,3,walking
1519421713400,-7.9899707,-2.0920415,-2.4463003,3,walking
1519421713405,-7.961247,-2.1207652,-2.3888528,3,walking
1519421713409,-7.9708214,-2.1111906,-2.4175766,3,walking
1519421713419,-7.9708214,-2.1590633,-2.3888528,3,walking
1519421713424,-7.9420977,-2.149489,-2.408002,3,walking
1519421713429,-7.9420977,-2.187787,-2.408002,3,walking
1519421713434,-7.9037995,-2.2356598,-2.427151,3,walking
1519421713439,-7.9325233,-2.254809,-2.4654493,3,walking
1519421713444,-7.8655014,-2.2356598,-2.494173,3,walking
1519421713449,-7.894225,-2.2739582,-2.5707695,3,walking
1519421713454,-7.8655014,-2.3122563,-2.5899186,3,walking
1519421713460,-7.8655014,-2.3122563,-2.5899186,3,walking
1519421713465,-7.894225,-2.3122563,-2.733537,3,walking
1519421713470,-7.846352,-2.2835326,-2.7718353,3,walking
1519421713475,-7.8176284,-2.3122563,-2.7622607,3,walking
1519421713480,-7.7984796,-2.2835326,-2.733537,3,walking
1519421713485,-7.769756,-2.2931073,-2.7622607,3,walking
1519421713490,-7.664436,-2.3122563,-2.6569405,3,walking
1519421713496,-7.6261373,-2.3026817,-2.6377914,3,walking
1519421713501,-7.511243,-2.3026817,-2.6377914,3,walking
1519421713506,-7.4442205,-2.2452345,-2.5037475,3,walking
1519421713511,-7.396348,-2.2069361,-2.4654493,3,walking
1519421713516,-7.2910275,-2.1399143,-2.3314054,3,walking
1519421713521,-7.1665583,-2.0441687,-2.1973617,3,walking
1519421713527,-7.051664,-2.015445,-2.0537431,3,walking
1519421713531,-7.051664,-2.015445,-2.0537431,3,walking
1519421713537,-6.8888965,-1.8718265,-2.0058703,3,walking
1519421713541,-6.8888965,-1.8526775,-2.034594,3,walking
1519421713547,-6.9463434,-1.8431029,-1.9962958,3,walking
1519421713557,-7.1665583,-1.7377827,-2.1973617,3,walking
1519421713562,-7.2623043,-1.6994845,-2.2165108,3,walking
1519421713567,-7.348475,-1.6611862,-2.2260852,3,walking
1519421713572,-7.3676243,-1.5941644,-2.360129,3,walking
1519421713577,-7.4442205,-1.5558661,-2.3888528,3,walking
1519421713588,-7.6069884,-1.4792696,-2.427151,3,walking
1519421713593,-7.6069884,-1.4792696,-2.427151,3,walking
1519421713598,-7.6835847,-1.4888442,-2.360129,3,walking
1519421713603,-7.702734,-1.5175679,-2.254809,3,walking
1519421713610,-7.7506065,-1.5079932,-2.254809,3,walking
1519421713616,-7.7601814,-1.6324625,-2.1207652,3,walking
1519421713620,-7.7506065,-1.6611862,-2.1111906,3,walking
1519421713626,-7.7793303,-1.6899099,-2.0250196,3,walking
1519421713631,-7.7123084,-1.7856555,-1.929274,3,walking
1519421713636,-7.7601814,-1.7473572,-1.862252,3,walking
1519421713641,-7.7123084,-1.7569319,-1.7473572,3,walking
1519421713646,-7.7314577,-1.6133134,-1.6516117,3,walking
1519421713651,-7.7314577,-1.5462915,-1.6420372,3,walking
1519421713656,-7.7506065,-1.4122477,-1.6611862,3,walking
1519421713660,-7.808054,-1.3165021,-1.6611862,3,walking
1519421713664,-7.8367777,-1.1728836,-1.6803354,3,walking
1519421713669,-7.9325233,-1.0675635,-1.6707608,3,walking
1519421713674,-7.9708214,-0.9526688,-1.6133134,3,walking
1519421713679,-8.028269,-0.8473486,-1.5462915,3,walking
1519421713683,-8.076141,-0.8473486,-1.4218222,3,walking
1519421713688,-8.171887,-0.8090504,-1.3165021,3,walking
1519421713694,-8.277207,-0.8856468,-1.1058618,3,walking
1519421713698,-8.4686985,-1.1345854,-0.83777404,3,walking
1519421713704,-8.6697645,-1.2399056,-0.70373017,3,walking
1519421713709,-8.842107,-1.4313968,-0.5792609,3,walking
1519421713714,-9.138918,-1.9101248,-0.27287498,3,walking
1519421713718,-9.272962,-2.1303396,-0.110107444,3,walking
1519421713724,-9.41658,-2.3984275,0.00478728,3,walking
1519421713728,-9.550624,-2.6090677,0.110107444,3,walking
1519421713734,-9.904882,-2.905879,0.16755481,3,walking
1519421713739,-10.259142,-2.9250283,0.062234644,3,walking
1519421713744,-11.532558,-2.714388,-0.44521707,3,walking
1519421713749,-12.384694,-2.5228968,-1.0101161,3,walking
1519421713753,-13.217681,-2.360129,-1.4984187,3,walking
1519421713761,-14.414501,-2.2835326,-2.1207652,3,walking
1519421713766,-14.64429,-2.2452345,-2.3314054,3,walking
1519421713771,-14.462374,-2.1399143,-2.561195,3,walking
1519421713776,-14.194285,-2.101616,-2.4654493,3,walking
1519421713780,-13.935773,-2.1111906,-2.4367256,3,walking
1519421713785,-13.648536,-2.0633178,-2.4654493,3,walking
1519421713812,-10.977234,-1.8909757,-0.8856468,3,walking
1519421713818,-10.757019,-1.9101248,-0.665432,3,walking
1519421713824,-10.450633,-2.1973617,-0.4356425,3,walking
1519421713829,-10.460207,-2.2643836,-0.36862057,3,walking
1519421713834,-10.747444,-2.187787,-0.2154276,3,walking
1519421713838,-11.111278,-2.015445,-0.09095833,3,walking
1519421713843,-11.609155,-1.7856555,0.0,3,walking
1519421713848,-12.193203,-1.6420372,0.023936402,3,walking
1519421713858,-14.376203,-1.3548003,-0.34947145,3,walking
1519421713864,-14.921952,-1.3548003,-0.4356425,3,walking
1519421713910,-13.954922,0.11968201,-2.2356598,3,walking
1519421713918,-13.6676855,0.22500217,-2.4654493,3,walking
1519421713926,-12.595334,0.46436617,-2.5037475,3,walking
1519421713938,-11.503835,0.359046,-2.1590633,3,walking
1519421713944,-10.6134,-0.00478728,-1.9867213,3,walking
1519421713949,-10.326163,-0.22500217,-1.8143792,3,walking
1519421713954,-10.029352,-0.44521707,-1.776081,3,walking
1519421713959,-9.837861,-0.61755913,-1.7377827,3,walking
1519421713963,-9.493176,-0.8856468,-1.79523,3,walking
1519421713968,-9.253813,-0.9718179,-1.6899099,3,walking
1519421713973,-8.928278,-1.0579889,-1.6994845,3,walking
1519421713978,-8.602742,-1.2207564,-1.709059,3,walking
1519421713983,-8.133589,-1.5175679,-1.7473572,3,walking
1519421713988,-7.8655014,-1.776081,-1.79523,3,walking
1519421713993,-7.6069884,-1.8814012,-1.6611862,3,walking
1519421714004,-6.8888965,-1.948423,-1.3165021,3,walking
1519421714009,-6.745278,-2.1399143,-1.4984187,3,walking
1519421714014,-6.668681,-2.3984275,-1.6133134,3,walking
1519421714018,-6.611234,-2.9537518,-1.6324625,3,walking
1519421714023,-6.611234,-2.9537518,-1.6324625,3,walking
1519421714028,-6.4005938,-3.2792869,-1.6707608,3,walking
1519421714033,-6.285699,-3.5952475,-1.9101248,3,walking
1519421714038,-6.2474008,-3.5952475,-1.929274,3,walking
1519421714044,-6.027186,-3.4133308,-1.6420372,3,walking
1519421714048,-5.8165455,-3.4037561,-1.5462915,3,walking
1519421714053,-5.8165455,-3.384607,-1.8048047,3,walking
1519421714058,-5.8931417,-3.3941817,-1.9771467,3,walking
1519421714063,-5.8931417,-3.4037561,-1.9867213,3,walking
1519421714068,-5.9218655,-3.4420545,-1.9388485,3,walking
1519421714074,-6.0080366,-3.3941817,-2.1207652,3,walking
1519421714078,-6.094208,-3.2792869,-2.1590633,3,walking
1519421714083,-5.9697385,-3.0111992,-2.149489,3,walking
1519421714088,-5.9697385,-3.0111992,-2.149489,3,walking
1519421714094,-5.9218655,-2.733537,-2.0537431,3,walking
1519421714099,-5.873993,-2.647366,-2.0250196,3,walking
1519421714104,-5.845269,-2.5707695,-1.8718265,3,walking
1519421714109,-5.8165455,-2.5707695,-1.8239537,3,walking
1519421714114,-5.873993,-2.5324712,-1.7473572,3,walking
1519421714119,-5.9218655,-2.6090677,-1.6420372,3,walking
1519421714123,-5.9697385,-2.6282167,-1.5271424,3,walking
1519421714128,-6.0367603,-2.8484318,-1.4026731,3,walking
1519421714134,-6.094208,-2.88673,-1.3356512,3,walking
1519421714138,-6.094208,-2.9633265,-1.1633091,3,walking
1519421714143,-6.1420803,-3.059072,-1.1345854,3,walking
1519421714148,-6.3144226,-3.193116,-0.98139244,3,walking
1519421714153,-6.3527207,-3.212265,-0.9526688,3,walking
1519421714158,-6.4293175,-3.231414,-0.90479594,3,walking
1519421714163,-6.5346375,-3.1835413,-0.83777404,3,walking
1519421714169,-6.5729356,-3.1835413,-0.8760723,3,walking
1519421714173,-6.6495323,-3.1548176,-0.8664977,3,walking
1519421714178,-6.6495323,-3.1548176,-0.8664977,3,walking
1519421714183,-6.668681,-3.0686467,-0.78990126,3,walking
1519421714189,-6.7357035,-3.059072,-0.78990126,3,walking
1519421714194,-6.8122997,-2.9920502,-0.83777404,3,walking
1519421714199,-6.9654927,-2.9346027,-0.751603,3,walking
1519421714204,-7.089962,-2.88673,-0.6845811,3,walking
1519421714209,-7.176133,-2.819708,-0.59841,3,walking
1519421714213,-7.3389006,-2.7909844,-0.61755913,3,walking
1519421714218,-7.693159,-2.666515,-0.59841,3,walking
1519421714224,-7.8846507,-2.6186423,-0.56968635,3,walking
1519421714228,-8.11444,-2.5420458,-0.5505372,3,walking
1519421714233,-8.372953,-2.5037475,-0.63670826,3,walking
1519421714238,-8.755936,-2.3697038,-0.61755913,3,walking
1519421714243,-8.985725,-2.3122563,-0.6845811,3,walking
1519421714248,-9.148493,-2.254809,-0.7420284,3,walking
1519421714253,-9.569773,-2.0920415,-0.8856468,3,walking
1519421714259,-9.837861,-2.015445,-0.9526688,3,walking
1519421714264,-9.991054,-2.034594,-0.93351966,3,walking
1519421714269,-9.991054,-2.034594,-0.93351966,3,walking
1519421714273,-10.603826,-2.0728924,-1.1920328,3,walking
1519421714278,-10.689997,-2.0824668,-1.2016073,3,walking
1519421714283,-10.757019,-2.0824668,-1.2016073,3,walking
1519421714288,-10.804892,-2.1782124,-1.2590547,3,walking
1519421714293,-10.910212,-2.2069361,-1.2782038,3,walking
1519421714299,-10.986808,-2.2452345,-1.2016073,3,walking
1519421714304,-10.94851,-2.408002,-1.1920328,3,walking
1519421714309,-10.919786,-2.4367256,-1.1824582,3,walking
1519421714314,-11.092129,-2.5228968,-1.1345854,3,walking
1519421714319,-11.092129,-2.5228968,-1.1345854,3,walking
1519421714325,-11.178299,-2.5994933,-1.1824582,3,walking
1519421714329,-11.274045,-2.7814097,-1.0962871,3,walking
1519421714335,-11.293194,-2.8388572,-1.0292653,3,walking
1519421714339,-11.379365,-2.905879,-1.1154363,3,walking
1519421714347,-11.436812,-3.0303483,-1.0962871,3,walking
1519421714352,-11.4272375,-3.0686467,-1.1154363,3,walking
1519421714357,-11.465536,-3.0494976,-1.0771381,3,walking
1519421714363,-11.484685,-3.0303483,-1.0484143,3,walking
1519421714368,-11.455961,-2.9824755,-0.99096704,3,walking
1519421714373,-11.408089,-3.0111992,-0.92394507,3,walking
1519421714378,-11.350641,-2.9250283,-0.9622433,3,walking
1519421714383,-11.331492,-2.8771553,-0.9526688,3,walking
1519421714388,-11.216598,-2.800559,-0.92394507,3,walking
1519421714393,-10.986808,-2.5707695,-0.8856468,3,walking
1519421714398,-10.833615,-2.3888528,-0.8856468,3,walking
1519421714403,-10.709146,-2.2739582,-0.8473486,3,walking
1519421714408,-10.546378,-2.1973617,-0.8664977,3,walking
1519421714413,-10.354887,-2.0920415,-0.8952214,3,walking
1519421714417,-10.278291,-2.0250196,-1.0292653,3,walking
1519421714423,-10.326163,-1.8526775,-1.1633091,3,walking
1519421714428,-10.527229,-1.6994845,-1.4505459,3,walking
1519421714433,-11.38894,-1.3643749,-1.9196993,3,walking
1519421714438,-11.953838,-1.3739494,-1.9675722,3,walking
1519421714447,-12.872996,-1.9675722,-1.622888,3,walking
1519421714452,-13.227255,-3.0494976,-0.9430942,3,walking
1519421714458,-13.217681,-3.6143966,-0.5505372,3,walking
1519421714499,-10.766593,-4.476107,0.46436617,3,walking
1519421714505,-10.862339,-4.0069537,-0.10053288,3,walking
1519421714512,-11.446387,-3.3367343,-0.5888355,3,walking
1519421714520,-12.25065,-2.6856642,-1.0388398,3,walking
1519421714526,-12.719804,-2.408002,-1.2590547,3,walking
1519421714530,-13.323001,-2.2069361,-1.5079932,3,walking
1519421714535,-13.878325,-2.0058703,-1.6516117,3,walking
1519421714541,-14.452799,-1.862252,-1.8814012,3,walking
1519421714546,-15.419829,-1.5558661,-2.3122563,3,walking
1519421714550,-15.754939,-1.4505459,-2.5324712,3,walking
1519421714592,-16.023027,0.2441513,-5.4239883,3,walking
1519421714601,-15.237913,0.50266445,-5.1176023,3,walking
1519421714609,-14.471948,0.69415563,-4.935686,3,walking
1519421714615,-13.619812,1.6516117,-4.437809,3,walking
1519421714621,-13.648536,1.6133134,-4.5527034,3,walking
1519421714626,-13.571939,1.5462915,-4.5239797,3,walking
1519421714635,-12.0400095,1.2399056,-3.9016335,3,walking
1519421714639,-11.685751,1.7186337,-3.3080106,3,walking
1519421714644,-11.714475,2.149489,-2.3888528,3,walking
1519421714648,-11.398514,1.9005502,-2.1973617,3,walking
1519421714653,-10.843189,1.3452257,-1.9771467,3,walking
1519421714658,-10.642124,1.4026731,-1.0579889,3,walking
1519421714663,-11.034681,1.2877784,-0.61755913,3,walking
1519421714667,-10.737869,0.92394507,-0.5313881,3,walking
1519421714674,-9.971905,-0.47394073,0.20585304,3,walking
1519421714678,-9.971905,-0.47394073,0.20585304,3,walking
1519421714683,-9.378282,-1.622888,0.78990126,3,walking
1519421714688,-9.119769,-2.015445,0.83777404,3,walking
1519421714693,-9.014449,-2.015445,0.8186249,3,walking
1519421714697,-9.014449,-2.015445,0.8186249,3,walking
1519421714703,-9.129343,-1.8814012,0.081383765,3,walking
1519421714708,-8.889979,-2.0058703,-0.32074776,3,walking
1519421714712,-8.822957,-1.9196993,-0.512239,3,walking
1519421714718,-8.947427,-2.0728924,-0.92394507,3,walking
1519421714723,-9.138918,-2.034594,-1.929274,3,walking
1519421714728,-8.937852,-1.79523,-2.149489,3,walking
1519421714733,-8.545295,-1.4601204,-2.4558747,3,walking
1519421714738,-8.506997,-1.4888442,-2.8101335,3,walking
1519421714743,-8.650616,-1.5750152,-3.2026904,3,walking
1519421714747,-8.822957,-1.8335283,-3.5665238,3,walking
1519421714752,-8.909128,-2.2835326,-4.0644007,3,walking
1519421714758,-8.842107,-2.494173,-4.1601467,3,walking
1519421714763,-8.765511,-2.494173,-4.150572,3,walking
1519421714768,-8.612317,-2.5037475,-4.045252,3,walking
1519421714773,-8.200611,-2.34098,-3.7675896,3,walking
1519421714778,-8.085716,-2.3026817,-3.6335456,3,walking
1519421714783,-7.9803963,-2.3792782,-3.6239712,3,walking
1519421714788,-7.9803963,-2.3792782,-3.6239712,3,walking
1519421714793,-7.808054,-2.5037475,-3.4229054,3,walking
1519421714798,-7.6835847,-2.4367256,-3.2888615,3,walking
1519421714804,-7.3389006,-2.2165108,-3.039923,3,walking
1519421714808,-7.2144313,-2.0633178,-3.0016246,3,walking
1519421714814,-6.984642,-1.9579976,-2.8963046,3,walking
1519421714819,-6.9271946,-1.9196993,-2.8388572,3,walking
1519421714824,-6.831449,-1.8526775,-2.819708,3,walking
1519421714829,-6.6495323,-1.8814012,-2.733537,3,walking
1519421714834,-6.4293175,-1.7186337,-2.6090677,3,walking
1519421714839,-6.304848,-1.6324625,-2.4175766,3,walking
1519421714845,-6.2474008,-1.4888442,-2.2643836,3,walking
1519421714849,-6.1420803,-1.2016073,-1.929274,3,walking
1519421714855,-6.1420803,-1.0484143,-1.8718265,3,walking
1519421714865,-6.218677,-0.78032666,-1.6324625,3,walking
1519421714870,-6.2761245,-0.70373017,-1.6420372,3,walking
1519421714875,-6.2952733,-0.5888355,-1.5941644,3,walking
1519421714884,-6.304848,-0.4356425,-1.5654407,3,walking
1519421714888,-6.2952733,-0.3398969,-1.5175679,3,walking
1519421714892,-6.218677,-0.15798025,-1.5175679,3,walking
1519421714898,-6.218677,-0.15798025,-1.5175679,3,walking
1519421714903,-6.113357,0.062234644,-1.4601204,3,walking
1519421714908,-6.1229315,0.110107444,-1.4026731,3,walking
1519421714913,-5.9314404,0.22500217,-1.3260766,3,walking
1519421714918,-5.8644185,0.2441513,-1.2399056,3,walking
1519421714923,-5.7495236,0.20585304,-1.2399056,3,walking
1519421714928,-5.6633525,0.12925656,-1.14416,3,walking
1519421714934,-5.5580325,0.09095833,-1.1250108,3,walking
1519421714938,-5.529309,0.0718092,-1.0771381,3,walking
1519421714943,-5.462287,-0.00478728,-1.1058618,3,walking
1519421714947,-5.38569,-0.0718092,-1.1537346,3,walking
1519421714952,-5.2133484,-0.2441513,-1.1537346,3,walking
1519421714958,-5.17505,-0.3877697,-1.1633091,3,walking
1519421714963,-5.0984535,-0.64628285,-1.1920328,3,walking
1519421714968,-5.1271772,-0.77075213,-1.2016073,3,walking
1519421714974,-5.261221,-1.0388398,-1.2303311,3,walking
1519421714978,-5.328243,-1.1824582,-1.1920328,3,walking
1519421714983,-5.376116,-1.3165021,-1.2016073,3,walking
1519421714987,-5.376116,-1.3165021,-1.2016073,3,walking
1519421714993,-5.4239883,-1.6324625,-1.1058618,3,walking
1519421714998,-5.462287,-1.7282082,-1.0867126,3,walking
1519421715002,-5.567607,-1.9101248,-1.0484143,3,walking
1519421715007,-5.759098,-2.149489,-0.98139244,3,walking
1519421715012,-5.9027166,-2.2452345,-0.9718179,3,walking
1519421715017,-6.0367603,-2.360129,-0.93351966,3,walking
1519421715022,-6.2761245,-2.5516202,-1.0196906,3,walking
1519421715027,-6.438892,-2.5994933,-1.0196906,3,walking
1519421715033,-6.764427,-2.666515,-1.0867126,3,walking
1519421715038,-7.0133657,-2.666515,-1.1345854,3,walking
1519421715043,-7.2718787,-2.5994933,-1.2399056,3,walking
1519421715048,-7.511243,-2.5707695,-1.2782038,3,walking
1519421715052,-8.085716,-2.5324712,-1.4313968,3,walking
1519421715057,-8.085716,-2.5324712,-1.4313968,3,walking
1519421715062,-8.66019,-2.4558747,-1.4984187,3,walking
1519421715067,-8.899554,-2.427151,-1.5941644,3,walking
1519421715072,-9.339984,-2.4558747,-1.6899099,3,walking
1519421715077,-9.339984,-2.4558747,-1.6899099,3,walking
1519421715083,-9.703817,-2.494173,-1.7665064,3,walking
1519421715087,-9.904882,-2.494173,-1.7377827,3,walking
1519421715092,-10.077225,-2.5228968,-1.709059,3,walking
1519421715097,-10.450633,-2.6090677,-1.709059,3,walking
1519421715102,-10.603826,-2.666515,-1.6133134,3,walking
1519421715107,-10.766593,-2.714388,-1.5271424,3,walking
1519421715112,-10.986808,-2.7814097,-1.4601204,3,walking
1519421715117,-11.819795,-2.7048132,-1.5079932,3,walking
1519421715121,-12.537887,-2.5420458,-1.5462915,3,walking
1519421715125,-13.390023,-2.321831,-1.6324625,3,walking
1519421715131,-14.32833,-2.0920415,-1.9005502,3,walking
1519421715136,-16.319838,-2.0920415,-2.5899186,3,walking
1519421715140,-17.200697,-2.7048132,-2.9346027,3,walking
1519421715145,-18.512413,-2.4558747,-3.825037,3,walking
1519421715154,-18.828373,-1.7186337,-3.1069448,3,walking
1519421715158,-18.387943,-2.2931073,-3.3080106,3,walking
1519421715162,-18.435816,-2.475024,-3.4612036,3,walking
1519421715167,-18.732628,-2.647366,-3.604822,3,walking
1519421715182,-16.808142,-4.2271686,-2.1590633,3,walking
1519421715188,-16.338987,-4.926111,-1.8909757,3,walking
1519421715193,-15.257062,-6.132506,-0.751603,3,walking
1519421715227,-13.591088,-6.3814445,-2.5420458,3,walking
1519421715234,-13.629387,-5.5484576,-3.2218397,3,walking
1519421715239,-13.629387,-5.5484576,-3.2218397,3,walking
1519421715251,-14.787909,-1.0867126,-4.9739842,3,walking
1519421715256,-14.845356,-0.37819514,-4.7537694,3,walking
1519421715260,-14.76876,0.18670394,-4.658024,3,walking
1519421715265,-14.471948,0.64628285,-4.0644007,3,walking
1519421715269,-14.041093,1.0675635,-3.671844,3,walking
1519421715274,-13.591088,1.1920328,-3.2026904,3,walking
1519421715279,-13.1602335,1.4505459,-2.8963046,3,walking
1519421715298,-11.15915,1.5271424,-2.1111906,3,walking
1519421715305,-10.862339,1.3356512,-2.2165108,3,walking
1519421715312,-10.287866,0.78990126,-2.34098,3,walking
1519421715320,-9.493176,0.2154276,-2.254809,3,walking
1519421715338,-8.21976,-0.5792609,-2.5707695,3,walking
1519421715342,-7.922949,-0.7994758,-2.714388,3,walking
1519421715347,-7.501668,-1.4122477,-3.0303483,3,walking
1519421715352,-7.2240057,-1.8239537,-3.1452432,3,walking
1519421715357,-6.9942164,-2.187787,-3.2888615,3,walking
1519421715362,-6.5729356,-2.7622607,-3.384607,3,walking
1519421715367,-6.3814445,-3.0111992,-3.4803526,3,walking
1519421715372,-6.170804,-3.3367343,-3.5952475,3,walking
1519421715377,-6.0559096,-3.5856729,-3.5856729,3,walking
1519421715382,-5.7782474,-4.1888704,-3.6526947,3,walking
1519421715388,-5.682502,-4.437809,-3.6431203,3,walking
1519421715393,-5.519734,-4.763344,-3.6239712,3,walking
1519421715398,-5.376116,-5.2516465,-3.5473747,3,walking
1519421715403,-5.366541,-5.4239883,-3.4707782,3,walking
1519421715408,-5.414414,-5.6154795,-3.2888615,3,walking
1519421715414,-5.481436,-5.644203,-3.2218397,3,walking
1519421715424,-5.2899446,-5.6633525,-3.020774,3,walking
1519421715428,-5.2133484,-5.5963306,-2.8771553,3,walking
1519421715434,-5.041006,-5.567607,-2.7718353,3,walking
1519421715439,-4.8782387,-5.481436,-2.475024,3,walking
1519421715444,-4.8973875,-5.414414,-2.360129,3,walking
1519421715449,-4.8207912,-5.2707953,-2.2835326,3,walking
1519421715454,-4.811217,-5.1176023,-2.168638,3,walking
1519421715459,-4.811217,-4.7537694,-2.0250196,3,walking
1519421715464,-4.73462,-4.5622783,-1.9196993,3,walking
1519421715474,-4.7441945,-4.0356774,-1.622888,3,walking
1519421715479,-4.73462,-3.8346114,-1.4505459,3,walking
1519421715485,-4.782493,-3.6335456,-1.3452257,3,walking
1519421715495,-5.108028,-3.212265,-1.0771381,3,walking
1519421715500,-5.309094,-3.0494976,-0.93351966,3,walking
1519421715505,-5.4431376,-2.9250283,-0.8186249,3,walking
1519421715510,-5.8644185,-2.867581,-0.7420284,3,walking
1519421715515,-6.065484,-2.88673,-0.71330476,3,walking
1519421715520,-6.2378263,-2.9250283,-0.64628285,3,walking
1519421715526,-6.639958,-2.9346027,-0.5505372,3,walking
1519421715530,-6.9080453,-2.905879,-0.5888355,3,walking
1519421715536,-7.195282,-2.9537518,-0.5792609,3,walking
1519421715540,-7.4920936,-2.905879,-0.50266445,3,walking
1519421715546,-7.855927,-3.1452432,-0.5218136,3,walking
1519421715550,-8.104865,-3.212265,-0.5313881,3,walking
1519421715555,-8.353804,-3.2218397,-0.47394073,3,walking
1519421715564,-9.004874,-3.4324799,-0.46436617,3,walking
1519421715569,-9.215514,-3.518651,-0.37819514,3,walking
1519421715574,-9.397431,-3.6239712,-0.3877697,3,walking
1519421715584,-9.85701,-3.8058877,-0.34947145,3,walking
1519421715588,-10.029352,-3.8633351,-0.5313881,3,walking
1519421715593,-10.144247,-3.825037,-0.42606795,3,walking
1519421715603,-10.316589,-3.6431203,-0.359046,3,walking
1519421715608,-10.460207,-3.5282254,-0.46436617,3,walking
1519421715613,-10.594251,-3.4803526,-0.5888355,3,walking
1519421715618,-10.766593,-3.4420545,-0.76117754,3,walking
1519421715623,-10.910212,-3.6335456,-1.0292653,3,walking
1519421715628,-10.986808,-3.1548176,-0.8186249,3,walking
1519421715633,-10.919786,-2.4845984,-0.56011176,3,walking
1519421715638,-10.757019,-2.4654493,-0.665432,3,walking
1519421715643,-10.94851,-2.321831,-0.78990126,3,walking
1519421715648,-11.149575,-2.2452345,-0.85692316,3,walking
1519421715654,-11.408089,-2.149489,-0.77075213,3,walking
1519421715659,-11.341067,-2.1111906,-0.5888355,3,walking
1519421715664,-11.254896,-2.0633178,-0.32074776,3,walking
1519421715674,-10.900637,-1.8431029,0.0718092,3,walking
1519421715679,-10.785743,-1.8048047,0.30159867,3,walking
1519421715684,-10.814466,-1.6899099,0.359046,3,walking
1519421715691,-10.900637,-1.4409714,0.37819514,3,walking
1519421715697,-10.862339,-1.3356512,0.3877697,3,walking
1519421715701,-11.082554,-1.1250108,0.3398969,3,walking
1519421715707,-11.312344,-0.8760723,0.16755481,3,walking
1519421715712,-11.637878,-0.8281995,0.023936402,3,walking
1519421715718,-11.771922,-0.8760723,-0.10053288,3,walking
1519421715723,-11.915541,-1.0292653,-0.10053288,3,walking
1519421715727,-11.9346895,-1.2111819,-0.17712937,3,walking
1519421715732,-11.982562,-1.3069274,-0.14840569,3,walking
1519421715736,-12.059159,-1.4409714,-0.10053288,3,walking
1519421715742,-12.183628,-1.622888,-0.110107444,3,walking
1519421715747,-12.279374,-1.6707608,-0.17712937,3,walking
1519421715751,-12.2410755,-1.8335283,-0.2154276,3,walking
1519421715757,-12.2410755,-1.8335283,-0.2154276,3,walking
1519421715762,-12.135756,-2.0250196,-0.359046,3,walking
1519421715767,-12.001712,-2.101616,-0.3398969,3,walking
1519421715771,-11.752773,-2.2069361,-0.61755913,3,walking
1519421715776,-11.752773,-2.2069361,-0.61755913,3,walking
1519421715782,-11.513409,-2.3026817,-0.9622433,3,walking
1519421715787,-11.446387,-2.3792782,-1.1250108,3,walking
1519421715792,-11.207023,-2.427151,-1.4026731,3,walking
1519421715797,-11.025106,-2.408002,-1.4792696,3,walking
1519421715802,-10.891063,-2.2835326,-1.6707608,3,walking
1519421715808,-11.044255,-2.1973617,-1.862252,3,walking
1519421715813,-11.254896,-2.1590633,-2.0728924,3,walking
1519421715818,-12.0400095,-2.2643836,-2.3984275,3,walking
1519421715823,-12.403843,-2.3984275,-2.4845984,3,walking
1519421715828,-12.403843,-2.3984275,-2.4845984,3,walking
1519421715836,-13.112361,-3.4324799,-2.3026817,3,walking
1519421715841,-13.217681,-4.0644007,-1.8239537,3,walking
1519421715846,-13.217681,-4.0644007,-1.8239537,3,walking
1519421715852,-12.978316,-4.5718527,-1.3548003,3,walking
1519421715888,-11.360216,-3.6335456,-0.6079846,3,walking
1519421715893,-11.207023,-3.1835413,-1.0484143,3,walking
1519421715900,-11.063405,-3.059072,-1.2973529,3,walking
1519421715908,-11.111278,-2.3792782,-1.8909757,3,walking
1519421715915,-11.187874,-2.1590633,-2.168638,3,walking
1519421715924,-10.804892,-1.3069274,-2.8771553,3,walking
1519421715927,-10.804892,-1.3069274,-2.8771553,3,walking
1519421715932,-10.996383,-0.99096704,-3.0877957,3,walking
1519421715936,-10.996383,-0.99096704,-3.0877957,3,walking
1519421715941,-11.714475,-0.5888355,-3.758015,3,walking
1519421715947,-11.82937,-0.6079846,-4.0261025,3,walking
1519421715951,-12.030436,-0.61755913,-4.121848,3,walking
1519421715956,-12.030436,-0.61755913,-4.121848,3,walking
1519421715962,-11.848518,-0.91437054,-4.1122737,3,walking
1519421715967,-11.72405,-1.0196906,-3.911208,3,walking
1519421715971,-11.580431,-0.90479594,-3.6239712,3,walking
1519421715976,-11.618729,-1.2399056,-3.6143966,3,walking
1519421715982,-11.609155,-1.6611862,-3.6814184,3,walking
1519421715987,-11.609155,-1.6611862,-3.6814184,3,walking
1519421715992,-11.197449,-1.9579976,-3.4899273,3,walking
1519421715997,-11.025106,-2.149489,-3.4612036,3,walking
1519421716001,-10.689997,-2.5420458,-3.1165195,3,walking
1519421716007,-10.689997,-2.5420458,-3.1165195,3,walking
1519421716011,-10.498506,-2.647366,-2.5228968,3,walking
1519421716017,-10.546378,-2.8292825,-2.3792782,3,walking
1519421716022,-10.421909,-2.9920502,-2.5228968,3,walking
1519421716027,-10.421909,-2.9920502,-2.5228968,3,walking
1519421716032,-9.732541,-3.1452432,-2.2165108,3,walking
1519421716037,-9.7899885,-3.1165195,-2.0728924,3,walking
1519421716042,-9.847435,-2.8771553,-1.8335283,3,walking
1519421716046,-9.847435,-2.8771553,-1.8335283,3,walking
1519421716051,-9.665519,-2.819708,-1.6133134,3,walking
1519421716057,-9.54105,-2.7718353,-1.5462915,3,walking
1519421716061,-9.3878565,-2.7048132,-1.5271424,3,walking
1519421716066,-9.2825365,-2.6760898,-1.5654407,3,walking
1519421716072,-9.225089,-2.8580062,-1.8048047,3,walking
1519421716077,-9.225089,-2.8580062,-1.8048047,3,walking
1519421716081,-9.158067,-2.9346027,-2.0537431,3,walking
1519421716087,-9.100619,-2.800559,-2.168638,3,walking
1519421716091,-8.947427,-2.7048132,-2.2643836,3,walking
1519421716096,-8.784659,-2.5707695,-2.3026817,3,walking
1519421716101,-8.545295,-2.4463003,-2.4845984,3,walking
1519421716107,-8.516571,-2.475024,-2.6186423,3,walking
1519421716111,-8.478273,-2.494173,-2.7431116,3,walking
1519421716116,-8.411251,-2.5037475,-2.8771553,3,walking
1519421716122,-8.2676325,-2.5324712,-2.9920502,3,walking
1519421716127,-8.1623125,-2.5516202,-3.020774,3,walking
1519421716131,-7.9037995,-2.494173,-2.9824755,3,walking
1519421716136,-7.9037995,-2.494173,-2.9824755,3,walking
1519421716142,-7.846352,-2.494173,-3.039923,3,walking
1519421716146,-7.8846507,-2.513322,-3.0494976,3,walking
1519421716152,-7.9899707,-2.5420458,-3.1452432,3,walking
1519421716156,-8.018694,-2.6090677,-3.1643922,3,walking
1519421716161,-8.047418,-2.580344,-3.1548176,3,walking
1519421716166,-8.037844,-2.6186423,-3.193116,3,walking
1519421716171,-8.056993,-2.6090677,-3.173967,3,walking
1519421716177,-8.066567,-2.6186423,-3.1548176,3,walking
1519421716181,-8.056993,-2.6569405,-3.1835413,3,walking
1519421716186,-8.056993,-2.6569405,-3.1835413,3,walking
1519421716191,-8.037844,-2.6856642,-3.193116,3,walking
1519421716196,-8.066567,-2.6856642,-3.1548176,3,walking
1519421716201,-8.124015,-2.666515,-3.173967,3,walking
1519421716206,-8.124015,-2.666515,-3.173967,3,walking
1519421716212,-8.11444,-2.6569405,-3.1356685,3,walking
1519421716217,-8.066567,-2.6569405,-3.059072,3,walking
1519421716222,-8.047418,-2.6377914,-3.039923,3,walking
1519421716226,-8.047418,-2.6377914,-3.039923,3,walking
1519421716232,-7.999545,-2.5707695,-2.9633265,3,walking
1519421716236,-8.018694,-2.513322,-2.9346027,3,walking
1519421716241,-7.9325233,-2.4463003,-2.8484318,3,walking
1519421716246,-7.9037995,-2.3888528,-2.7814097,3,walking
1519421716251,-7.8655014,-2.3026817,-2.7431116,3,walking
1519421716257,-7.8655014,-2.3026817,-2.7431116,3,walking
1519421716262,-7.7506065,-2.2931073,-2.580344,3,walking
1519421716267,-7.702734,-2.3026817,-2.5420458,3,walking
1519421716272,-7.587839,-2.2835326,-2.475024,3,walking
1519421716277,-7.587839,-2.2835326,-2.475024,3,walking
1519421716281,-7.4154973,-2.3122563,-2.3697038,3,walking
1519421716286,-7.3389006,-2.3122563,-2.321831,3,walking
1519421716291,-7.243155,-2.254809,-2.2452345,3,walking
1519421716297,-6.975067,-2.254809,-2.0920415,3,walking
1519421716302,-6.7357035,-2.2931073,-2.0058703,3,walking
1519421716307,-6.6495323,-2.34098,-1.9388485,3,walking
1519421716313,-6.5729356,-2.408002,-1.9867213,3,walking
1519421716323,-6.611234,-2.3984275,-2.0537431,3,walking
1519421716327,-6.6495323,-2.321831,-2.0441687,3,walking
1519421716333,-6.745278,-2.2356598,-2.1207652,3,walking
1519421716338,-6.9559183,-2.1590633,-2.1590633,3,walking
1519421716343,-7.042089,-2.1303396,-2.187787,3,walking
1519421716353,-7.396348,-2.0633178,-2.2643836,3,walking
1519421716360,-7.4729443,-2.0537431,-2.2739582,3,walking
1519421716366,-7.6069884,-2.0441687,-2.2835326,3,walking
1519421716371,-7.8272033,-2.0920415,-2.2643836,3,walking
1519421716376,-7.8655014,-2.1111906,-2.254809,3,walking
1519421716381,-7.9325233,-2.1782124,-2.1303396,3,walking
1519421716386,-7.9325233,-2.1782124,-2.1303396,3,walking
1519421716392,-8.085716,-2.321831,-1.9005502,3,walking
1519421716397,-8.133589,-2.3792782,-1.8431029,3,walking
1519421716402,-8.104865,-2.427151,-1.6899099,3,walking
1519421716406,-8.104865,-2.427151,-1.6899099,3,walking
1519421716411,-8.124015,-2.513322,-1.469695,3,walking
1519421716416,-8.11444,-2.5516202,-1.3548003,3,walking
1519421716421,-8.104865,-2.5899186,-1.1250108,3,walking
1519421716427,-8.037844,-2.6377914,-0.99096704,3,walking
1519421716432,-8.028269,-2.6282167,-0.8952214,3,walking
1519421716437,-8.11444,-2.6282167,-0.7324539,3,walking
1519421716442,-8.1623125,-2.5994933,-0.6845811,3,walking
1519421716447,-8.210186,-2.666515,-0.5218136,3,walking
1519421716453,-8.21976,-2.7048132,-0.4164934,3,walking
1519421716457,-8.248484,-2.6856642,-0.3111732,3,walking
1519421716463,-8.353804,-2.7718353,-0.00478728,3,walking
1519421716467,-8.382527,-2.7909844,0.15798025,3,walking
1519421716473,-8.516571,-2.7622607,0.33032233,3,walking
1519421716483,-8.947427,-2.7048132,0.63670826,3,walking
1519421716488,-9.129343,-2.6760898,0.64628285,3,walking
1519421716493,-9.31126,-2.7239625,0.63670826,3,walking
1519421716503,-9.924032,-2.7239625,0.56011176,3,walking
1519421716514,-10.421909,-2.800559,0.59841,3,walking
1519421716519,-10.565528,-2.7718353,0.63670826,3,walking
1519421716524,-10.785743,-2.6856642,0.59841,3,walking
1519421716534,-11.886817,-2.101616,0.062234644,3,walking
1519421716539,-12.499589,-1.8814012,-0.26330042,3,walking
1519421716544,-13.227255,-1.6324625,-0.7420284,3,walking
1519421716549,-14.385777,-1.14416,-1.3548003,3,walking
1519421716557,-14.797483,-0.8090504,-1.7473572,3,walking
1519421716563,-14.625141,-0.63670826,-1.6899099,3,walking
1519421716608,-10.077225,-0.91437054,-0.16755481,3,walking
1519421716614,-9.828286,-1.0675635,-0.39734426,3,walking
1519421716621,-9.138918,-1.0388398,0.062234644,3,walking
1519421716629,-8.851681,-1.0101161,-0.11968201,3,walking
1519421716635,-8.851681,-1.0101161,-0.11968201,3,walking
1519421716642,-9.359133,-1.3739494,-0.56011176,3,walking
1519421716646,-10.000628,-1.7377827,-1.2303311,3,walking
1519421716651,-11.149575,-2.1973617,-1.1824582,3,walking
1519421716658,-11.580431,-2.0250196,-0.77075213,3,walking
1519421716662,-12.279374,-1.9962958,-1.1633091,3,walking
1519421716666,-12.279374,-1.9962958,-1.1633091,3,walking
1519421716711,-11.647452,-2.714388,-1.79523,3,walking
1519421716719,-11.005958,-3.2697124,-2.3888528,3,walking
1519421716727,-10.747444,-3.5760984,-2.580344,3,walking
1519421716739,-10.230418,-3.2888615,-2.4558747,3,walking
1519421716745,-10.230418,-3.2888615,-2.4558747,3,walking
1519421716751,-9.29211,-2.8484318,-2.2931073,3,walking
1519421716756,-9.167642,-2.7622607,-2.0920415,3,walking
1519421716761,-9.052747,-2.7622607,-1.7856555,3,walking
1519421716789,-8.32508,-2.8963046,-1.4026731,3,walking
1519421716794,-8.248484,-2.9441774,-1.4601204,3,walking
1519421716801,-8.191036,-2.9920502,-1.4888442,3,walking
1519421716807,-8.1623125,-2.8292825,-1.5079932,3,walking
1519421716811,-8.143164,-2.7909844,-1.5750152,3,walking
1519421716816,-8.143164,-2.7909844,-1.5750152,3,walking
1519421716821,-8.076141,-2.6186423,-1.6420372,3,walking
1519421716826,-8.018694,-2.5037475,-1.6133134,3,walking
1519421716831,-7.9420977,-2.4463003,-1.8239537,3,walking
1519421716835,-7.9420977,-2.4463003,-1.8239537,3,walking
1519421716841,-7.8846507,-2.2835326,-1.929274,3,walking
1519421716846,-7.7314577,-2.187787,-1.8718265,3,walking
1519421716850,-7.616563,-2.101616,-1.9388485,3,walking
1519421716857,-7.4442205,-1.9388485,-1.9771467,3,walking
1519421716861,-7.2910275,-1.9005502,-1.9579976,3,walking
1519421716866,-7.2910275,-1.9005502,-1.9579976,3,walking
1519421716870,-7.2144313,-1.8718265,-1.79523,3,walking
1519421716876,-7.1186857,-1.862252,-1.709059,3,walking
1519421716881,-7.089962,-1.8431029,-1.6516117,3,walking
1519421716886,-6.9942164,-1.8526775,-1.5558661,3,walking
1519421716891,-6.9463434,-2.034594,-1.4218222,3,walking
1519421716896,-6.9654927,-2.1399143,-1.4026731,3,walking
1519421716901,-6.9463434,-2.3697038,-1.3069274,3,walking
1519421716905,-6.9463434,-2.3697038,-1.3069274,3,walking
1519421716911,-7.156984,-2.714388,-1.3548003,3,walking
1519421716917,-7.2240057,-2.800559,-1.3739494,3,walking
1519421716922,-7.3197513,-2.88673,-1.4409714,3,walking
1519421716931,-7.4537954,-2.9537518,-1.6037389,3,walking
1519421716936,-7.5399666,-2.9633265,-1.6420372,3,walking
1519421716941,-7.741032,-2.867581,-1.7282082,3,walking
1519421716946,-7.8655014,-2.8388572,-1.9196993,3,walking
1519421716951,-8.076141,-2.8580062,-2.0537431,3,walking
1519421716955,-8.076141,-2.8580062,-2.0537431,3,walking
1519421716960,-8.286782,-2.7814097,-2.015445,3,walking
1519421716966,-8.363379,-2.7622607,-2.015445,3,walking
1519421716971,-8.478273,-2.6186423,-1.8239537,3,walking
1519421716976,-8.478273,-2.6186423,-1.8239537,3,walking
1519421716981,-8.516571,-2.427151,-1.6803354,3,walking
1519421716985,-8.497422,-2.321831,-1.5654407,3,walking
1519421716990,-8.478273,-2.2739582,-1.4984187,3,walking
1519421716996,-8.478273,-2.2739582,-1.4984187,3,walking
1519421717001,-8.497422,-2.1207652,-1.3356512,3,walking
1519421717006,-8.497422,-2.101616,-1.2399056,3,walking
1519421717011,-8.516571,-2.034594,-1.2494801,3,walking
1519421717016,-8.516571,-2.034594,-1.2494801,3,walking
1519421717021,-8.583593,-1.9579976,-1.3548003,3,walking
1519421717026,-8.612317,-1.948423,-1.3165021,3,walking
1519421717031,-8.66019,-1.8526775,-1.3069274,3,walking
1519421717036,-8.688913,-1.776081,-1.3165021,3,walking
1519421717040,-8.765511,-1.709059,-1.3260766,3,walking
1519421717045,-8.861256,-1.6899099,-1.3739494,3,walking
1519421717050,-9.119769,-1.6707608,-1.5750152,3,walking
1519421717056,-9.148493,-1.6611862,-1.5845897,3,walking
1519421717061,-9.244238,-1.5750152,-1.6037389,3,walking
1519421717065,-9.368708,-1.5558661,-1.709059,3,walking
1519421717070,-9.512326,-1.622888,-1.7473572,3,walking
1519421717075,-9.6942425,-1.6803354,-1.9675722,3,walking
1519421717080,-9.924032,-1.7377827,-1.9962958,3,walking
1519421717086,-9.924032,-1.7377827,-1.9962958,3,walking
1519421717091,-10.230418,-1.8718265,-2.1207652,3,walking
1519421717095,-10.393186,-1.9005502,-2.1590633,3,walking
1519421717100,-10.622974,-2.0250196,-2.2260852,3,walking
1519421717105,-10.622974,-2.0250196,-2.2260852,3,walking
1519421717110,-11.36979,-2.149489,-2.034594,3,walking
1519421717115,-11.36979,-2.149489,-2.034594,3,walking
1519421717120,-11.475111,-2.2356598,-2.0058703,3,walking
1519421717124,-11.666602,-2.2931073,-1.6803354,3,walking
1519421717133,-11.838944,-2.5420458,-1.5462915,3,walking
1519421717142,-11.992137,-2.905879,-1.0771381,3,walking
1519421717146,-11.992137,-2.905879,-1.0771381,3,walking
1519421717151,-12.020861,-2.9346027,-0.8856468,3,walking
1519421717156,-12.020861,-2.9346027,-0.8856468,3,walking
1519421717161,-11.915541,-2.8388572,-0.64628285,3,walking
1519421717168,-11.877242,-2.7909844,-0.76117754,3,walking
1519421717173,-11.781497,-2.7239625,-0.8281995,3,walking
1519421717183,-11.475111,-2.34098,-1.1058618,3,walking
1519421717193,-11.187874,-2.0441687,-1.2973529,3,walking
1519421717202,-10.881488,-1.5271424,-1.5558661,3,walking
1519421717208,-10.843189,-1.3069274,-1.6899099,3,walking
1519421717213,-11.15915,-0.83777404,-2.0537431,3,walking
1519421717217,-11.513409,-0.70373017,-2.3505547,3,walking
1519421717222,-11.915541,-0.6845811,-2.5707695,3,walking
1519421717226,-11.915541,-0.6845811,-2.5707695,3,walking
1519421717229,-12.221927,-0.8186249,-2.647366,3,walking
1519421717239,-12.212352,-1.8526775,-1.929274,3,walking
1519421717245,-12.020861,-2.2835326,-1.5462915,3,walking
1519421717249,-11.666602,-2.9824755,-0.8952214,3,walking
1519421717288,-9.445304,-3.690993,-0.6558574,3,walking
1519421717294,-9.330409,-3.5090764,-0.8760723,3,walking
1519421717301,-9.0814705,-3.193116,-1.3643749,3,walking
1519421717308,-8.957002,-2.8388572,-1.7473572,3,walking
1519421717313,-8.880404,-2.6760898,-1.9101248,3,walking
1519421717322,-8.909128,-2.1399143,-2.3122563,3,walking
1519421717328,-9.014449,-1.948423,-2.408002,3,walking
1519421717333,-9.119769,-1.7473572,-2.4463003,3,walking
1519421717342,-9.780414,-1.0962871,-2.5516202,3,walking
1519421717348,-9.991054,-0.98139244,-2.5420458,3,walking
1519421717352,-10.125097,-0.9526688,-2.513322,3,walking
1519421717363,-10.565528,-1.2111819,-2.2835326,3,walking
1519421717373,-11.15915,-1.5079932,-2.1207652,3,walking
1519421717379,-11.455961,-2.1111906,-1.8814012,3,walking
1519421717384,-11.484685,-2.5228968,-1.79523,3,walking
1519421717389,-11.590006,-3.3271596,-1.6803354,3,walking
1519421717394,-11.7049,-3.7963133,-1.6899099,3,walking
1519421717399,-11.714475,-4.1792955,-1.6324625,3,walking
1519421717405,-11.752773,-4.5718527,-1.5175679,3,walking
1519421717410,-11.72405,-5.002708,-1.4792696,3,walking
1519421717418,-11.59958,-4.954835,-1.7186337,3,walking
1519421717424,-11.417664,-4.811217,-1.9196993,3,walking
1519421717428,-11.168725,-4.4186597,-2.1303396,3,walking
1519421717434,-11.216598,-4.1792955,-2.2165108,3,walking
1519421717439,-11.274045,-3.8729098,-2.5037475,3,walking
1519421717444,-11.082554,-3.777164,-2.5707695,3,walking
1519421717449,-10.871913,-3.2697124,-2.6856642,3,walking
1519421717454,-10.747444,-3.020774,-2.494173,3,walking
1519421717458,-10.584677,-3.020774,-2.4845984,3,walking
1519421717463,-10.670848,-2.9824755,-2.6760898,3,walking
1519421717468,-10.709146,-2.7814097,-2.6282167,3,walking
1519421717474,-10.603826,-2.6282167,-2.561195,3,walking
1519421717479,-10.488931,-1.8143792,-2.2165108,3,walking
1519421717484,-10.06765,-1.709059,-2.1303396,3,walking
1519421717489,-9.866585,-1.2207564,-1.7856555,3,walking
1519421717494,-9.703817,-0.665432,-1.1345854,3,walking
1519421717499,-9.3878565,-0.7324539,-1.4984187,3,walking
1519421717504,-9.493176,-0.9430942,-1.5175679,3,walking
1519421717509,-9.866585,-1.7186337,-1.9101248,3,walking
1519421717515,-9.866585,-1.7186337,-1.9101248,3,walking
1519421717520,-9.483603,-1.0675635,-1.709059,3,walking
1519421717528,-8.746361,-0.69415563,-1.2399056,3,walking
1519421717533,-8.641041,-0.45479164,-1.0579889,3,walking
1519421717538,-8.688913,-0.665432,-1.14416,3,walking
1519421717543,-8.708063,-0.8281995,-1.2686293,3,walking
1519421717548,-8.966576,-1.1537346,-1.7282082,3,walking
1519421717554,-8.9761505,-1.1824582,-1.7856555,3,walking
1519421717558,-8.9761505,-1.1154363,-1.7377827,3,walking
1519421717564,-8.889979,-1.0579889,-1.7282082,3,walking
1519421717569,-8.937852,-1.1345854,-1.9579976,3,walking
1519421717574,-9.004874,-1.2016073,-2.1111906,3,walking
1519421717579,-9.062322,-1.2686293,-2.2069361,3,walking
1519421717584,-9.129343,-1.3260766,-2.34098,3,walking
1519421717589,-9.129343,-1.3260766,-2.34098,3,walking
1519421717594,-9.158067,-1.5271424,-2.7431116,3,walking
1519421717599,-9.043172,-1.5175679,-2.7622607,3,walking
1519421717605,-9.043172,-1.5175679,-2.7622607,3,walking
1519421717610,-8.851681,-1.6420372,-2.8484318,3,walking
1519421717615,-8.832532,-1.7186337,-2.8388572,3,walking
1519421717620,-8.650616,-1.8335283,-2.8771553,3,walking
1519421717627,-8.526146,-2.015445,-2.8388572,3,walking
1519421717633,-8.4686985,-2.0633178,-2.8771553,3,walking
1519421717638,-8.392102,-2.1111906,-2.905879,3,walking
1519421717644,-8.305931,-2.1303396,-2.9154537,3,walking
1519421717648,-8.258059,-2.168638,-2.9346027,3,walking
1519421717654,-8.258059,-2.168638,-2.9633265,3,walking
1519421717659,-8.133589,-2.187787,-2.9250283,3,walking
1519421717664,-7.9899707,-2.2452345,-2.8292825,3,walking
1519421717669,-7.855927,-2.3026817,-2.800559,3,walking
1519421717674,-7.8846507,-2.3026817,-2.7909844,3,walking
1519421717679,-7.721883,-2.3984275,-2.6186423,3,walking
1519421717684,-7.5974135,-2.3984275,-2.5228968,3,walking
1519421717690,-7.4920936,-2.4463003,-2.475024,3,walking
1519421717697,-7.2623043,-2.561195,-2.2643836,3,walking
1519421717702,-7.2910275,-2.5324712,-2.321831,3,walking
1519421717707,-7.2240057,-2.5037475,-2.3122563,3,walking
1519421717711,-7.1474094,-2.4845984,-2.2835326,3,walking
1519421717722,-6.9654927,-2.4175766,-2.1782124,3,walking
1519421717733,-6.831449,-2.3026817,-2.149489,3,walking
1519421717738,-6.8027253,-2.3026817,-2.0920415,3,walking
1519421717743,-6.8122997,-2.254809,-2.0728924,3,walking
1519421717748,-6.7740016,-2.2165108,-2.0058703,3,walking
1519421717753,-6.8410234,-2.149489,-2.034594,3,walking
1519421717758,-6.783576,-2.1782124,-1.948423,3,walking
1519421717763,-6.898471,-2.1782124,-1.9388485,3,walking
1519421717768,-7.0995364,-2.2260852,-1.9771467,3,walking
1519421717773,-7.243155,-2.3122563,-2.0058703,3,walking
1519421717778,-7.348475,-2.3314054,-2.015445,3,walking
1519421717783,-7.434646,-2.360129,-2.0441687,3,walking
1519421717788,-7.434646,-2.360129,-2.0441687,3,walking
1519421717793,-7.8367777,-2.4558747,-2.0824668,3,walking
1519421717798,-7.9516726,-2.494173,-2.0824668,3,walking
1519421717803,-8.056993,-2.4845984,-2.0824668,3,walking
1519421717808,-8.23891,-2.5516202,-2.0058703,3,walking
1519421717813,-8.296356,-2.5994933,-1.9867213,3,walking
1519421717818,-8.401677,-2.561195,-1.9388485,3,walking
1519421717823,-8.4686985,-2.5994933,-1.9196993,3,walking
1519421717828,-8.516571,-2.5324712,-1.8431029,3,walking
1519421717833,-8.583593,-2.475024,-1.7665064,3,walking
1519421717838,-8.746361,-2.475024,-1.6037389,3,walking
1519421717843,-8.851681,-2.494173,-1.5367169,3,walking
1519421717848,-9.014449,-2.513322,-1.4409714,3,walking
1519421717853,-9.091045,-2.5516202,-1.2973529,3,walking
1519421717858,-9.263388,-2.6952388,-1.0005416,3,walking
1519421717863,-9.320834,-2.7431116,-0.78990126,3,walking
1519421717868,-9.368708,-2.8292825,-0.6079846,3,walking
1519421717874,-9.349558,-2.905879,-0.4164934,3,walking
1519421717878,-9.3878565,-3.0303483,-0.081383765,3,walking
1519421717884,-9.41658,-3.078221,0.023936402,3,walking
1519421717889,-9.502751,-3.1165195,0.17712937,3,walking
1519421717894,-9.502751,-3.1165195,0.17712937,3,walking
1519421717899,-9.761265,-3.0303483,0.47394073,3,walking
1519421717904,-10.019777,-2.905879,0.3877697,3,walking
1519421717909,-10.862339,-2.561195,0.00478728,3,walking
1519421717915,-11.379365,-2.4175766,-0.20585304,3,walking
1519421717925,-12.786825,-2.0920415,-0.77075213,3,walking
1519421717931,-13.045339,-1.9388485,-0.98139244,3,walking
1519421717937,-12.978316,-1.862252,-1.0292653,3,walking
1519421717941,-12.90172,-1.8335283,-0.98139244,3,walking
1519421717978,-10.642124,-1.862252,-0.56968635,3,walking
1519421717986,-9.85701,-1.9388485,-0.45479164,3,walking
1519421717994,-9.397431,-2.0250196,-0.39734426,3,walking
1519421718002,-9.320834,-2.0537431,-0.5218136,3,walking
1519421718008,-9.330409,-2.034594,-0.5792609,3,walking
1519421718012,-9.454879,-1.9962958,-0.7228793,3,walking
1519421718022,-10.153821,-1.8909757,-1.0867126,3,walking
1519421718027,-10.479357,-1.9005502,-1.1728836,3,walking
1519421718031,-10.852764,-1.8814012,-1.2877784,3,walking
1519421718042,-11.695326,-1.929274,-1.5175679,3,walking
1519421718047,-11.915541,-1.929274,-1.4888442,3,walking
1519421718052,-12.001712,-1.9579976,-1.4888442,3,walking
1519421718057,-12.231501,-1.9867213,-1.4218222,3,walking
1519421718063,-12.279374,-1.948423,-1.4409714,3,walking
1519421718072,-12.279374,-1.79523,-1.4601204,3,walking
1519421718078,-12.174053,-1.5367169,-1.4792696,3,walking
1519421718083,-12.020861,-1.5367169,-1.5175679,3,walking
1519421718088,-11.82937,-1.5271424,-1.6133134,3,walking
1519421718092,-11.522984,-1.5462915,-1.8909757,3,walking
1519421718097,-11.36979,-1.5367169,-1.9388485,3,walking
1519421718103,-11.187874,-1.4505459,-1.8909757,3,walking
1519421718111,-10.450633,-1.383524,-1.7282082,3,walking
1519421718117,-10.220843,-1.4218222,-1.6707608,3,walking
1519421718121,-10.019777,-1.4026731,-1.5558661,3,walking
1519421718131,-9.54105,-1.6516117,-1.2399056,3,walking
1519421718137,-9.502751,-1.709059,-1.1728836,3,walking
1519421718141,-9.41658,-1.6899099,-1.1824582,3,walking
1519421718151,-9.071896,-1.7569319,-1.2207564,3,walking
1519421718157,-8.928278,-1.8048047,-1.2207564,3,walking
1519421718161,-8.688913,-1.929274,-1.1633091,3,walking
1519421718168,-8.5740185,-1.8718265,-1.1345854,3,walking
1519421718173,-8.44955,-1.8526775,-1.0388398,3,walking
1519421718181,-8.32508,-1.8143792,-1.1345854,3,walking
1519421718187,-8.296356,-1.8239537,-1.1728836,3,walking
1519421718192,-8.21976,-1.8909757,-1.1633091,3,walking
1519421718197,-8.23891,-2.1782124,-1.3165021,3,walking
1519421718201,-8.32508,-2.2835326,-1.3930986,3,walking
1519421718207,-8.44955,-2.4558747,-1.6611862,3,walking
1519421718211,-8.430401,-2.5899186,-1.622888,3,walking
1519421718221,-7.9899707,-2.6760898,-1.3548003,3,walking
1519421718227,-7.9037995,-2.580344,-1.2877784,3,walking
1519421718231,-7.808054,-2.561195,-1.2399056,3,walking
1519421718241,-7.808054,-2.6952388,-1.3356512,3,walking
1519421718247,-7.8367777,-2.7814097,-1.3165021,3,walking
1519421718252,-7.7506065,-2.9633265,-1.3739494,3,walking
1519421718258,-7.702734,-3.020774,-1.3548003,3,walking
1519421718263,-7.6452866,-3.0111992,-1.2973529,3,walking
1519421718267,-7.5303917,-2.9633265,-1.2686293,3,walking
1519421718272,-7.2623043,-2.8580062,-1.0388398,3,walking
1519421718277,-7.281453,-2.7622607,-1.0388398,3,walking
1519421718282,-7.2718787,-2.7239625,-1.0292653,3,walking
1519421718292,-7.2718787,-2.714388,-0.85692316,3,walking
1519421718297,-7.281453,-2.666515,-0.8760723,3,walking
1519421718302,-7.3197513,-2.5899186,-0.83777404,3,walking
1519421718307,-7.396348,-2.494173,-0.8281995,3,walking
1519421718313,-7.4537954,-2.4558747,-0.8090504,3,walking
1519421718317,-7.5208173,-2.3984275,-0.8281995,3,walking
1519421718323,-7.5782647,-2.3122563,-0.83777404,3,walking
1519421718328,-7.702734,-2.2165108,-0.85692316,3,walking
1519421718333,-7.788905,-2.2069361,-0.8952214,3,walking
1519421718338,-7.855927,-2.1111906,-0.85692316,3,walking
1519421718343,-7.9420977,-2.0250196,-0.8186249,3,walking
1519421718348,-7.9899707,-1.9579976,-0.83777404,3,walking
1519421718354,-8.066567,-1.9101248,-0.9526688,3,walking
1519421718359,-8.392102,-1.862252,-1.0579889,3,walking
1519421718367,-8.5740185,-1.862252,-1.0675635,3,walking
1519421718373,-8.6697645,-1.8239537,-1.0388398,3,walking
1519421718377,-8.899554,-1.9675722,-1.2111819,3,walking
1519421718383,-8.947427,-2.0633178,-1.1345854,3,walking
1519421718387,-9.024023,-2.1590633,-1.1345854,3,walking
1519421718392,-8.995299,-2.1590633,-1.1058618,3,walking
1519421718401,-9.043172,-2.3792782,-0.99096704,3,walking
1519421718406,-9.033598,-2.4367256,-1.0484143,3,walking
1519421718412,-9.052747,-2.4654493,-0.9430942,3,walking
1519421718422,-8.870831,-2.5516202,-0.90479594,3,walking
1519421718432,-8.746361,-2.4463003,-0.8281995,3,walking
1519421718437,-8.813383,-2.408002,-0.751603,3,walking
1519421718442,-8.851681,-2.3697038,-0.751603,3,walking
1519421718447,-8.918703,-2.2931073,-0.8090504,3,walking
1519421718452,-9.138918,-2.2069361,-0.8090504,3,walking
1519421718457,-9.320834,-2.1303396,-0.77075213,3,walking
1519421718462,-9.493176,-2.0920415,-0.7420284,3,walking
1519421718467,-9.914457,-2.0728924,-0.751603,3,walking
1519421718472,-10.172971,-2.0824668,-0.8090504,3,walking
1519421718477,-10.469782,-2.0824668,-0.8186249,3,walking
1519421718482,-10.785743,-2.101616,-0.83777404,3,walking
1519421718487,-11.465536,-2.101616,-0.8664977,3,walking
1519421718492,-11.714475,-2.1590633,-0.9430942,3,walking
1519421718497,-12.001712,-2.1973617,-0.98139244,3,walking
1519421718502,-12.260224,-2.2739582,-1.0005416,3,walking
1519421718507,-12.69108,-2.2835326,-1.0101161,3,walking
1519421718513,-12.7964,-2.3505547,-1.0388398,3,walking
1519421718519,-12.968742,-2.408002,-1.1154363,3,walking
1519421718527,-13.00704,-2.321831,-1.2111819,3,walking
1519421718532,-12.949593,-2.2931073,-1.3643749,3,walking
1519421718537,-12.710229,-2.0920415,-1.4888442,3,walking
1519421718542,-12.537887,-1.9962958,-1.5750152,3,walking
1519421718547,-12.365545,-1.8526775,-1.6707608,3,walking
1519421718553,-12.174053,-1.7473572,-1.7665064,3,walking
1519421718557,-11.82937,-1.5654407,-1.8526775,3,walking
1519421718562,-11.657027,-1.4792696,-1.8814012,3,walking
1519421718567,-11.542132,-1.4026731,-1.9962958,3,walking
1519421718571,-11.503835,-1.3356512,-2.0920415,3,walking
1519421718580,-12.049584,-0.9526688,-2.408002,3,walking
1519421718586,-12.432567,-0.8856468,-2.3792782,3,walking
1519421718591,-12.748528,-0.93351966,-2.2260852,3,walking
1519421718597,-13.169807,-1.3930986,-1.469695,3,walking
1519421718602,-13.227255,-1.6803354,-1.0579889,3,walking
1519421718607,-13.217681,-2.0250196,-0.6271337,3,walking
1519421718612,-12.930444,-2.5324712,-0.00478728,3,walking
1519421718617,-12.777251,-2.714388,0.13883112,3,walking
1519421718622,-12.633633,-2.8771553,0.23457673,3,walking
1519421718631,-12.154904,-3.0111992,0.15798025,3,walking
1519421718636,-11.963413,-2.9154537,-0.062234644,3,walking
1519421718641,-11.800646,-2.7239625,-0.3111732,3,walking
1519421718651,-11.293194,-2.0441687,-1.3548003,3,walking
1519421718656,-11.149575,-1.7856555,-1.7282082,3,walking
1519421718661,-11.05383,-1.5462915,-2.015445,3,walking
1519421718671,-11.101703,-0.85692316,-2.8388572,3,walking
1519421718682,-11.015532,-0.6750065,-3.2792869,3,walking
1519421718687,-10.795317,-0.69415563,-3.4133308,3,walking
1519421718693,-10.728295,-0.78990126,-3.4037561,3,walking
1519421718698,-10.689997,-0.92394507,-3.4133308,3,walking
1519421718704,-10.757019,-1.1920328,-3.451629,3,walking
1519421718708,-10.785743,-1.4026731,-3.346309,3,walking
1519421718716,-10.747444,-1.4888442,-3.1548176,3,walking
1519421718722,-10.536804,-1.776081,-2.9250283,3,walking
1519421718726,-10.488931,-1.9771467,-2.819708,3,walking
1519421718731,-10.431483,-2.2260852,-2.733537,3,walking
1519421718736,-10.335738,-2.7431116,-2.5420458,3,walking
1519421718741,-10.335738,-3.0111992,-2.3697038,3,walking
1519421718746,-10.345312,-3.231414,-2.2931073,3,walking
1519421718752,-10.326163,-3.3941817,-2.2356598,3,walking
1519421718757,-10.19212,-3.6622694,-1.9579976,3,walking
1519421718762,-10.134672,-3.7484405,-1.8335283,3,walking
1519421718767,-10.010203,-3.7388659,-1.469695,3,walking
1519421718772,-10.010203,-3.7388659,-1.469695,3,walking
1519421718777,-9.837861,-3.604822,-1.2494801,3,walking
1519421718783,-9.828286,-3.5378,-1.2111819,3,walking
1519421718787,-10.010203,-3.3175852,-1.3930986,3,walking
1519421718793,-10.125097,-3.212265,-1.469695,3,walking
1519421718798,-10.163396,-3.0303483,-1.4888442,3,walking
1519421718803,-10.0868,-2.7718353,-1.4409714,3,walking
1519421718808,-10.077225,-2.321831,-1.2016073,3,walking
1519421718813,-10.19212,-2.2452345,-1.2399056,3,walking
1519421718818,-10.230418,-2.3122563,-1.469695,3,walking
1519421718823,-10.230418,-2.3122563,-1.469695,3,walking
1519421718828,-10.077225,-2.187787,-1.5079932,3,walking
1519421718833,-10.019777,-2.168638,-1.5079932,3,walking
1519421718838,-9.914457,-1.9771467,-1.469695,3,walking
1519421718846,-9.407005,-1.7473572,-1.0675635,3,walking
1519421718851,-9.2825365,-1.7186337,-1.0196906,3,walking
1519421718861,-9.301685,-1.79523,-0.9622433,3,walking
1519421718867,-9.100619,-1.8526775,-0.92394507,3,walking
1519421718872,-9.014449,-1.9005502,-0.9622433,3,walking
1519421718877,-8.947427,-1.9771467,-1.0962871,3,walking
1519421718883,-8.909128,-1.9962958,-1.1633091,3,walking
1519421718887,-8.909128,-1.9962958,-1.2303311,3,walking
1519421718893,-8.842107,-1.9771467,-1.2399056,3,walking
1519421718897,-8.708063,-1.929274,-1.1250108,3,walking
1519421718903,-8.66019,-1.929274,-1.1345854,3,walking
1519421718908,-8.593168,-1.9388485,-1.2016073,3,walking
1519421718913,-8.593168,-1.9388485,-1.2016073,3,walking
1519421718918,-8.698488,-1.9962958,-1.2686293,3,walking
1519421718923,-8.813383,-2.034594,-1.3165021,3,walking
1519421718929,-8.966576,-2.1399143,-1.5271424,3,walking
1519421718936,-9.215514,-2.1782124,-1.6994845,3,walking
1519421718941,-9.339984,-2.1590633,-1.776081,3,walking
1519421718946,-9.5219,-2.1399143,-1.948423,3,walking
1519421718951,-9.617646,-2.1303396,-2.0441687,3,walking
1519421718957,-9.7899885,-2.1111906,-2.2165108,3,walking
1519421718963,-9.837861,-2.1399143,-2.3314054,3,walking
1519421718967,-9.85701,-2.187787,-2.3505547,3,walking
1519421718973,-9.818711,-2.2260852,-2.34098,3,walking
1519421718978,-9.761265,-2.2643836,-2.3505547,3,walking
1519421718983,-9.713391,-2.3026817,-2.408002,3,walking
1519421718988,-9.598496,-2.360129,-2.3984275,3,walking
1519421718993,-9.512326,-2.427151,-2.3984275,3,walking
1519421718999,-9.29211,-2.4845984,-2.2835326,3,walking
1519421719006,-9.100619,-2.5420458,-2.149489,3,walking
1519421719011,-8.9761505,-2.5420458,-2.034594,3,walking
1519421719016,-8.822957,-2.5228968,-1.9388485,3,walking
1519421719021,-8.650616,-2.5420458,-1.8526775,3,walking
1519421719031,-8.191036,-2.5899186,-1.6133134,3,walking
1519421719036,-8.076141,-2.6090677,-1.6707608,3,walking
1519421719040,-7.9803963,-2.580344,-1.5845897,3,walking
1519421719047,-7.8367777,-2.5037475,-1.6037389,3,walking
1519421719052,-7.7506065,-2.5037475,-1.6324625,3,walking
1519421719056,-7.6261373,-2.4367256,-1.6133134,3,walking
1519421719061,-7.4442205,-2.321831,-1.6516117,3,walking
1519421719066,-7.329326,-2.3026817,-1.6803354,3,walking
1519421719071,-7.2910275,-2.2165108,-1.6899099,3,walking
1519421719080,-7.12826,-2.015445,-1.7473572,3,walking
1519421719085,-7.1665583,-1.9579976,-1.776081,3,walking
1519421719090,-7.1474094,-1.9196993,-1.7856555,3,walking
1519421719097,-7.176133,-1.8048047,-1.79523,3,walking
1519421719102,-7.204857,-1.79523,-1.8048047,3,walking
1519421719107,-7.3006024,-1.8143792,-1.8431029,3,walking
1519421719111,-7.4250717,-1.776081,-1.8431029,3,walking
1519421719116,-7.5591154,-1.8431029,-1.8143792,3,walking
1519421719121,-7.6069884,-1.862252,-1.8718265,3,walking
1519421719130,-7.702734,-2.0250196,-1.79523,3,walking
1519421719137,-7.7123084,-2.1207652,-1.6899099,3,walking
1519421719141,-7.702734,-2.1590633,-1.6324625,3,walking
1519421719151,-7.6835847,-2.321831,-1.5462915,3,walking
1519421719156,-7.6452866,-2.360129,-1.5175679,3,walking
1519421719160,-7.6261373,-2.3792782,-1.4505459,3,walking
1519421719170,-7.5782647,-2.321831,-1.3165021,3,walking
1519421719176,-7.5782647,-2.2739582,-1.3069274,3,walking
1519421719180,-7.587839,-2.187787,-1.3165021,3,walking
1519421719190,-7.693159,-1.79523,-1.3548003,3,walking
1519421719196,-7.721883,-1.6420372,-1.383524,3,walking
1519421719200,-7.693159,-1.5271424,-1.4218222,3,walking
1519421719206,-7.7984796,-1.3739494,-1.4984187,3,walking
1519421719211,-7.894225,-1.3643749,-1.5175679,3,walking
1519421719220,-8.085716,-1.4984187,-1.469695,3,walking
1519421719226,-8.037844,-1.6324625,-1.2782038,3,walking
1519421719231,-8.11444,-1.7186337,-1.2016073,3,walking
1519421719240,-8.315506,-1.9579976,-0.99096704,3,walking
1519421719246,-8.631466,-2.2069361,-0.7228793,3,walking
1519421719250,-8.842107,-2.3314054,-0.63670826,3,walking
1519421719260,-9.96233,-2.513322,-0.63670826,3,walking
1519421719266,-10.364462,-2.5994933,-0.6845811,3,walking
1519421719270,-10.709146,-2.666515,-0.71330476,3,walking
1519421719280,-11.350641,-2.867581,-0.78990126,3,walking
1519421719285,-11.398514,-2.9537518,-0.8186249,3,walking
1519421719290,-11.475111,-2.9633265,-0.92394507,3,walking
1519421719296,-11.513409,-2.9824755,-1.1250108,3,walking
1519421719302,-11.465536,-2.9441774,-1.2016073,3,walking
1519421719307,-11.302769,-3.0494976,-1.2782038,3,walking
1519421719312,-11.149575,-3.0973704,-1.2782038,3,walking
1519421719321,-10.699572,-3.1452432,-1.2973529,3,walking
1519421719330,-10.2016945,-3.126094,-1.1728836,3,walking
1519421719336,-10.058076,-3.126094,-1.14416,3,walking
1519421719341,-9.991054,-3.0973704,-1.0484143,3,walking
1519421719346,-9.98148,-3.059072,-0.90479594,3,walking
1519421719352,-10.105948,-2.9537518,-0.8281995,3,walking
1519421719357,-10.182545,-2.9633265,-0.71330476,3,walking
1519421719362,-10.268716,-2.9250283,-0.7324539,3,walking
1519421719367,-10.632549,-2.8484318,-0.6845811,3,walking
1519421719372,-10.843189,-2.7909844,-0.69415563,3,walking
1519421719378,-11.101703,-2.714388,-0.665432,3,walking
1519421719383,-11.609155,-2.5420458,-0.78990126,3,walking
1519421719388,-11.838944,-2.427151,-0.8090504,3,walking
1519421719395,-12.403843,-2.168638,-1.1345854,3,walking
1519421719401,-13.016615,-1.9962958,-1.4505459,3,walking
1519421719406,-13.351725,-1.8431029,-1.776081,3,walking
1519421719411,-13.648536,-1.6420372,-1.9675722,3,walking
1519421719416,-13.801729,-1.2303311,-2.3984275,3,walking
1519421719421,-13.696408,-1.0771381,-2.513322,3,walking
1519421719426,-13.6676855,-0.91437054,-2.647366,3,walking
1519421719432,-13.629387,-0.85692316,-2.7239625,3,walking
1519421719437,-13.457045,-0.9622433,-2.8580062,3,walking
1519421719442,-13.428321,-1.0101161,-2.9346027,3,walking
1519421719447,-13.255979,-1.0675635,-3.039923,3,walking
1519421719452,-13.255979,-1.0675635,-3.039923,3,walking
1519421719457,-12.892146,-1.2494801,-2.8388572,3,walking
1519421719462,-12.69108,-1.3356512,-2.6952388,3,walking
1519421719467,-12.5474615,-1.383524,-2.5899186,3,walking
1519421719472,-12.5474615,-1.383524,-2.5899186,3,walking
1519421719476,-11.896391,-1.4984187,-2.101616,3,walking
1519421719481,-11.59958,-1.5079932,-1.929274,3,walking
1519421719490,-11.044255,-1.2782038,-1.3548003,3,walking
1519421719496,-10.498506,-1.1633091,-0.9622433,3,walking
1519421719501,-10.259142,-1.1633091,-0.71330476,3,walking
1519421719506,-9.722966,-1.4026731,-0.46436617,3,walking
1519421719512,-9.531475,-1.5462915,-0.39734426,3,walking
1519421719517,-9.330409,-1.6803354,-0.28244954,3,walking
1519421719522,-9.18679,-1.6994845,-0.2154276,3,walking
1519421719527,-8.688913,-1.8048047,-0.05266008,3,walking
1519421719532,-8.487848,-1.7569319,0.014361841,3,walking
1519421719538,-8.21976,-1.6803354,0.12925656,3,walking
1519421719545,-7.511243,-1.3165021,0.7324539,3,walking
1519421719550,-7.2623043,-1.2303311,0.7994758,3,walking
1519421719555,-7.089962,-1.3548003,0.61755913,3,walking
1519421719560,-7.195282,-1.6133134,0.25372586,3,walking
1519421719566,-7.3006024,-1.7856555,0.0,3,walking
1519421719571,-6.984642,-1.8526775,0.12925656,3,walking
1519421719576,-6.630383,-1.9867213,0.081383765,3,walking
1519421719581,-6.639958,-2.2643836,-0.46436617,3,walking
1519421719586,-6.936769,-2.4654493,-0.99096704,3,walking
1519421719590,-7.1091113,-2.5228968,-1.2877784,3,walking
1519421719595,-6.898471,-2.8963046,-1.5462915,3,walking
1519421719600,-6.8601727,-3.0016246,-1.4792696,3,walking
1519421719605,-6.8027253,-3.0686467,-1.5462915,3,walking
1519421719610,-6.8027253,-3.1548176,-1.6516117,3,walking
1519421719620,-7.1474094,-3.1835413,-1.7665064,3,walking
1519421719625,-7.176133,-3.1548176,-1.7473572,3,walking
1519421719630,-7.1857076,-3.059072,-1.5750152,3,walking
1519421719636,-7.2144313,-2.7814097,-1.3548003,3,walking
1519421719640,-7.3197513,-2.7239625,-1.3739494,3,walking
1519421719649,-7.4920936,-2.647366,-1.3452257,3,walking
1519421719656,-7.693159,-2.6569405,-1.2877784,3,walking
1519421719661,-7.7314577,-2.6569405,-1.3643749,3,walking
1519421719670,-7.8367777,-2.513322,-1.2494801,3,walking
1519421719676,-7.7984796,-2.5420458,-1.3260766,3,walking
1519421719681,-7.741032,-2.6952388,-1.4505459,3,walking
1519421719686,-7.4442205,-3.4133308,-1.9771467,3,walking
1519421719691,-7.4920936,-3.844186,-2.2165108,3,walking
1519421719696,-7.5208173,-4.303765,-2.475024,3,walking
1519421719701,-7.549541,-4.7058964,-2.6856642,3,walking
1519421719709,-7.56869,-5.28037,-2.8101335,3,walking
1519421719715,-7.56869,-5.079304,-2.7239625,3,walking
1519421719720,-7.616563,-4.763344,-2.5516202,3,walking
1519421719725,-7.875076,-3.7101421,-1.9962958,3,walking
1519421719730,-7.8846507,-3.039923,-1.4888442,3,walking
1519421719735,-7.999545,-2.321831,-1.0101161,3,walking
1519421719740,-8.056993,-1.6133134,-0.4164934,3,walking
1519421719746,-8.210186,-0.40691882,0.44521707,3,walking
1519421719751,-8.34423,0.0718092,0.7228793,3,walking
1519421719756,-8.535721,0.49308985,0.8856468,3,walking
1519421719760,-9.014449,1.2494801,0.9718179,3,walking
1519421719766,-9.177217,1.622888,1.0292653,3,walking
1519421719770,-9.301685,1.9771467,1.1058618,3,walking
1519421719780,-9.75169,2.867581,0.5792609,3,walking
1519421719785,-10.029352,3.0016246,0.25372586,3,walking
1519421719789,-10.259142,2.9250283,0.00478728,3,walking
1519421719795,-10.833615,2.5228968,-0.54096264,3,walking
1519421719800,-11.044255,2.101616,-0.751603,3,walking
1519421719805,-11.216598,1.5558661,-1.0388398,3,walking
1519421719810,-11.408089,0.93351966,-1.3260766,3,walking
1519421719815,-11.867668,-0.22500217,-1.7282082,3,walking
1519421719820,-12.193203,-0.7324539,-1.8239537,3,walking
1519421719829,-12.777251,-1.5462915,-1.948423,3,walking
1519421719836,-13.303852,-1.9388485,-1.7186337,3,walking
1519421719841,-13.533641,-2.0058703,-1.6324625,3,walking
1519421719846,-13.868751,-1.7473572,-1.469695,3,walking
1519421719852,-13.964497,-1.4888442,-1.3930986,3,walking
1519421719856,-14.041093,-1.2399056,-1.2973529,3,walking
1519421719862,-14.060242,-0.92394507,-1.1633091,3,walking
1519421719867,-14.021944,-0.36862057,-0.8760723,3,walking
1519421719872,-13.945347,-0.081383765,-0.78990126,3,walking
1519421719878,-13.859177,0.13883112,-0.78990126,3,walking
1519421719885,-13.409172,0.7228793,-0.69415563,3,walking
1519421719890,-13.1602335,0.751603,-0.5792609,3,walking
1519421719897,-13.074062,1.0005416,-0.6271337,3,walking
1519421719902,-12.67193,1.1920328,-0.71330476,3,walking
1519421719908,-12.451715,1.3452257,-0.77075213,3,walking
1519421719914,-12.068733,1.6899099,-0.8952214,3,walking
1519421719920,-11.877242,1.8718265,-0.9718179,3,walking
1519421719925,-11.379365,2.2260852,-1.0484143,3,walking
1519421719931,-11.197449,2.3026817,-1.0388398,3,walking
1519421719935,-10.977234,2.3122563,-1.1058618,3,walking
1519421719940,-11.015532,2.254809,-1.3165021,3,walking
1519421719945,-11.28362,2.1111906,-1.6133134,3,walking
1519421719950,-11.800646,1.9771467,-1.8718265,3,walking
1519421719955,-13.083637,1.4888442,-1.8048047,3,walking
1519421719960,-13.514492,1.0292653,-1.5271424,3,walking
1519421719966,-13.686834,0.3877697,-1.1824582,3,walking
1519421719970,-13.581514,-0.4164934,-0.9718179,3,walking
1519421719975,-13.064487,-2.4367256,-0.9526688,3,walking
1519421720018,-9.799562,-3.1835413,-2.321831,3,walking
1519421720026,-9.512326,-2.3984275,-2.3505547,3,walking
1519421720034,-9.474028,-1.7473572,-2.2931073,3,walking
1519421720042,-9.550624,-1.1250108,-2.3026817,3,walking
1519421720050,-9.837861,-0.5792609,-2.2643836,3,walking
1519421720056,-10.000628,-0.36862057,-2.3314054,3,walking
1519421720060,-10.259142,-0.12925656,-2.321831,3,walking
1519421720065,-10.680422,-0.023936402,-2.3792782,3,walking
1519421720069,-10.862339,0.0,-2.3026817,3,walking
1519421720074,-11.044255,0.0,-2.2739582,3,walking
1519421720078,-11.197449,-0.05266008,-2.1973617,3,walking
1519421720085,-11.465536,-0.20585304,-2.1111906,3,walking
1519421720090,-11.676176,-0.359046,-2.101616,3,walking
1519421720099,-11.963413,-0.69415563,-2.2069361,3,walking
1519421720105,-12.097457,-1.0292653,-2.149489,3,walking
1519421720109,-12.145329,-1.2016073,-2.149489,3,walking
1519421720119,-12.202777,-1.6516117,-2.0058703,3,walking
1519421720125,-12.269799,-1.8335283,-2.015445,3,walking
1519421720129,-12.298523,-2.0058703,-2.0441687,3,walking
1519421720138,-12.154904,-2.4845984,-2.187787,3,walking
1519421720144,-11.972988,-2.7718353,-2.4175766,3,walking
1519421720149,-11.858093,-2.8388572,-2.4367256,3,walking
1519421720159,-10.977234,-2.9633265,-2.9441774,3,walking
1519421720164,-10.977234,-2.9633265,-2.9441774,3,walking
1519421720168,-10.910212,-2.8101335,-3.1356685,3,walking
1519421720175,-11.111278,-2.5899186,-3.3080106,3,walking
1519421720179,-10.910212,-2.5994933,-3.451629,3,walking
1519421720184,-10.642124,-2.561195,-3.4803526,3,walking
1519421720189,-10.479357,-2.321831,-3.365458,3,walking
1519421720195,-10.278291,-1.7569319,-3.0303483,3,walking
1519421720199,-10.144247,-1.3930986,-2.8580062,3,walking
1519421720208,-9.952756,-0.8952214,-2.5324712,3,walking
1519421720215,-9.598496,-0.83777404,-2.3792782,3,walking
1519421720219,-9.502751,-1.0292653,-2.3888528,3,walking
1519421720228,-9.167642,-1.6803354,-2.6952388,3,walking
1519421720234,-8.880404,-1.709059,-2.513322,3,walking
1519421720239,-8.717637,-1.6611862,-2.4558747,3,walking
1519421720245,-8.506997,-1.4792696,-2.360129,3,walking
1519421720250,-8.420826,-1.5079932,-2.3314054,3,walking
1519421720254,-8.439975,-1.6516117,-2.3984275,3,walking
1519421720259,-8.420826,-1.7473572,-2.494173,3,walking
1519421720265,-8.516571,-2.0250196,-2.6282167,3,walking
1519421720270,-8.487848,-2.2260852,-2.666515,3,walking
1519421720276,-8.459125,-2.2835326,-2.6856642,3,walking
1519421720281,-8.526146,-2.254809,-2.6760898,3,walking
1519421720286,-8.506997,-2.2356598,-2.714388,3,walking
1519421720290,-8.497422,-2.254809,-2.7239625,3,walking
1519421720294,-8.5740185,-2.1973617,-2.6377914,3,walking
1519421720299,-8.803808,-2.2165108,-2.5707695,3,walking
1519421720304,-8.851681,-2.2931073,-2.6090677,3,walking
1519421720309,-8.928278,-2.3697038,-2.580344,3,walking
1519421720318,-9.091045,-2.3505547,-2.4367256,3,walking
1519421720324,-9.138918,-2.2165108,-2.254809,3,walking
1519421720328,-9.196365,-2.0920415,-2.168638,3,walking
1519421720334,-9.378282,-1.9675722,-1.9867213,3,walking
1519421720339,-9.435729,-1.9196993,-1.9005502,3,walking
1519421720343,-9.435729,-1.9196993,-1.9005502,3,walking
1519421720348,-9.3878565,-1.8718265,-1.6133134,3,walking
1519421720354,-9.359133,-1.7856555,-1.4313968,3,walking
1519421720359,-9.2825365,-1.7665064,-1.3739494,3,walking
1519421720368,-9.244238,-1.6803354,-1.2877784,3,walking
1519421720374,-9.119769,-1.6611862,-1.2973529,3,walking
1519421720379,-9.024023,-1.622888,-1.3069274,3,walking
1519421720388,-8.899554,-1.5654407,-1.4792696,3,walking
1519421720394,-8.7750845,-1.5175679,-1.6324625,3,walking
1519421720399,-8.650616,-1.5079932,-1.7569319,3,walking
1519421720409,-8.305931,-1.5271424,-1.8909757,3,walking
1519421720414,-8.191036,-1.5271424,-1.9196993,3,walking
1519421720419,-8.095291,-1.5558661,-1.9867213,3,walking
1519421720424,-7.9133744,-1.6803354,-2.0441687,3,walking
1519421720429,-7.8176284,-1.709059,-2.0920415,3,walking
1519421720434,-7.693159,-1.8431029,-2.034594,3,walking
1519421720439,-7.6261373,-1.9101248,-2.0824668,3,walking
1519421720444,-7.35805,-2.0824668,-1.948423,3,walking
1519421720449,-7.3006024,-2.1590633,-1.9867213,3,walking
1519421720453,-7.176133,-2.2260852,-1.929274,3,walking
1519421720458,-7.176133,-2.2069361,-1.9101248,3,walking
1519421720464,-6.9463434,-2.3505547,-1.7473572,3,walking
1519421720469,-6.9559183,-2.34098,-1.6994845,3,walking
1519421720478,-6.898471,-2.4845984,-1.5750152,3,walking
1519421720484,-6.8888965,-2.5324712,-1.3165021,3,walking
1519421720489,-6.8888965,-2.5707695,-1.2590547,3,walking
1519421720498,-6.936769,-2.666515,-1.1058618,3,walking
1519421720504,-6.9559183,-2.6952388,-1.0005416,3,walking
1519421720508,-6.975067,-2.7431116,-0.8473486,3,walking
1519421720514,-7.0803876,-2.6760898,-0.71330476,3,walking
1519421720519,-7.137835,-2.6186423,-0.7420284,3,walking
1519421720524,-7.176133,-2.6090677,-0.63670826,3,walking
1519421720529,-7.2335806,-2.475024,-0.70373017,3,walking
1519421720535,-7.2623043,-2.3314054,-0.71330476,3,walking
1519421720540,-7.2718787,-2.2452345,-0.7228793,3,walking
1519421720545,-7.1857076,-2.1590633,-0.77075213,3,walking
1519421720549,-7.1857076,-2.1590633,-0.77075213,3,walking
1519421720555,-7.0708127,-2.0633178,-0.8090504,3,walking
1519421720559,-7.003791,-2.0920415,-0.77075213,3,walking
1519421720569,-6.936769,-2.0824668,-0.8473486,3,walking
1519421720574,-6.8888965,-2.0920415,-0.8664977,3,walking
1519421720579,-6.8888965,-2.1782124,-0.7994758,3,walking
1519421720584,-6.764427,-2.3026817,-0.6845811,3,walking
1519421720589,-6.7931504,-2.3888528,-0.5792609,3,walking
1519421720594,-6.7548523,-2.4367256,-0.512239,3,walking
1519421720599,-6.7740016,-2.494173,-0.3877697,3,walking
1519421720604,-6.850598,-2.5899186,-0.32074776,3,walking
1519421720610,-6.869747,-2.6377914,-0.37819514,3,walking
1519421720615,-6.9942164,-2.733537,-0.4356425,3,walking
1519421720620,-7.1474094,-2.8292825,-0.512239,3,walking
1519421720625,-7.4442205,-3.0303483,-0.6271337,3,walking
1519421720630,-7.635712,-3.0877957,-0.63670826,3,walking
1519421720635,-8.363379,-3.0973704,-0.83777404,3,walking
1519421720640,-8.995299,-2.9824755,-1.0867126,3,walking
1519421720646,-9.75169,-2.8771553,-1.3069274,3,walking
1519421720651,-10.603826,-2.7622607,-1.5079932,3,walking
1519421720658,-12.604909,-3.0016246,-1.8909757,3,walking
1519421720664,-12.834699,-3.173967,-1.776081,3,walking
1519421720668,-12.815549,-3.3367343,-1.6037389,3,walking
1519421720709,-9.991054,-3.2888615,-0.45479164,3,walking
1519421720716,-9.359133,-3.0016246,-0.7420284,3,walking
1519421720724,-9.426155,-2.561195,-1.0484143,3,walking
1519421720732,-9.991054,-2.0728924,-1.4026731,3,walking
1519421720737,-10.527229,-1.862252,-1.6420372,3,walking
1519421720743,-11.101703,-1.6133134,-1.862252,3,walking
1519421720748,-12.58576,-1.2590547,-2.5037475,3,walking
1519421720755,-13.3612995,-1.1537346,-2.8388572,3,walking
1519421720759,-13.974071,-1.1058618,-2.9920502,3,walking
1519421720764,-14.931527,-0.9718179,-3.2505634,3,walking
1519421720814,-13.418746,-1.1345854,-1.6420372,3,walking
1519421720822,-12.643207,-1.0292653,-1.2399056,3,walking
1519421720830,-12.059159,-0.8952214,-1.14416,3,walking
1519421720838,-11.7049,-0.76117754,-1.1537346,3,walking
1519421720844,-11.590006,-0.71330476,-1.1728836,3,walking
1519421720848,-11.417664,-0.71330476,-1.0962871,3,walking
1519421720891,-8.947427,-1.6420372,-0.7994758,3,walking
1519421720899,-8.631466,-1.6611862,-0.64628285,3,walking
1519421720907,-8.143164,-1.776081,-0.56011176,3,walking
1519421720915,-7.6261373,-2.187787,-0.3877697,3,walking
1519421720923,-7.635712,-2.34098,-0.6750065,3,walking
1519421720928,-7.243155,-2.5899186,-0.46436617,3,walking
1519421720934,-7.1091113,-2.8484318,-0.6079846,3,walking
1519421720939,-7.2240057,-2.905879,-0.8664977,3,walking
1519421720943,-7.0708127,-3.0973704,-1.0675635,3,walking
1519421720948,-6.9654927,-3.212265,-1.2399056,3,walking
1519421720953,-6.8410234,-3.2984362,-1.3548003,3,walking
1519421720958,-6.7069798,-3.3367343,-1.3739494,3,walking
1519421720964,-6.764427,-3.173967,-1.5367169,3,walking
1519421720968,-6.7548523,-3.1643922,-1.6516117,3,walking
1519421720973,-6.7357035,-3.1548176,-1.7282082,3,walking
1519421720978,-6.7261286,-3.0973704,-1.6516117,3,walking
1519421720984,-6.5729356,-3.0016246,-1.4313968,3,walking
1519421720989,-6.544212,-2.9154537,-1.3739494,3,walking
1519421720994,-6.611234,-2.972901,-1.4888442,3,walking
1519421721000,-6.611234,-2.972901,-1.4888442,3,walking
1519421721004,-6.8027253,-2.9633265,-1.4122477,3,walking
1519421721009,-6.8027253,-3.039923,-1.4122477,3,walking
1519421721013,-6.850598,-3.0494976,-1.3165021,3,walking
1519421721018,-6.831449,-3.1356685,-1.14416,3,walking
1519421721023,-6.831449,-3.1835413,-1.0579889,3,walking
1519421721028,-6.8027253,-3.2409887,-0.9526688,3,walking
1519421721034,-6.936769,-3.3367343,-0.7994758,3,walking
1519421721039,-6.975067,-3.3175852,-0.6558574,3,walking
1519421721043,-7.003791,-3.346309,-0.63670826,3,walking
1519421721047,-7.0325146,-3.3367343,-0.5792609,3,walking
1519421721054,-7.195282,-3.2888615,-0.56968635,3,walking
1519421721058,-7.310177,-3.2218397,-0.56011176,3,walking
1519421721067,-7.4250717,-3.231414,-0.5313881,3,walking
1519421721073,-7.7123084,-3.212265,-0.5313881,3,walking
1519421721079,-7.8846507,-3.1835413,-0.5505372,3,walking
1519421721083,-8.047418,-3.1835413,-0.5792609,3,walking
1519421721089,-8.181462,-3.1643922,-0.5313881,3,walking
1519421721094,-8.411251,-3.1069448,-0.5313881,3,walking
1519421721098,-8.583593,-3.020774,-0.50266445,3,walking
1519421721103,-8.727212,-2.9346027,-0.50266445,3,walking
1519421721108,-9.033598,-2.8388572,-0.4835153,3,walking
1519421721113,-9.196365,-2.7814097,-0.4835153,3,walking
1519421721117,-9.31126,-2.752686,-0.49308985,3,walking
1519421721123,-9.502751,-2.6186423,-0.46436617,3,walking
1519421721128,-9.550624,-2.5228968,-0.5505372,3,walking
1519421721133,-9.665519,-2.4845984,-0.56968635,3,walking
1519421721138,-9.713391,-2.4175766,-0.61755913,3,walking
1519421721143,-9.98148,-2.2931073,-0.7228793,3,walking
1519421721148,-10.029352,-2.2931073,-0.71330476,3,walking
1519421721153,-10.163396,-2.2260852,-0.7994758,3,walking
1519421721157,-10.287866,-2.2165108,-0.8281995,3,walking
1519421721163,-10.469782,-2.1303396,-0.92394507,3,walking
1519421721168,-10.603826,-2.101616,-0.99096704,3,walking
1519421721177,-10.852764,-1.9962958,-1.0484143,3,walking
1519421721183,-11.168725,-2.015445,-1.0292653,3,walking
1519421721188,-11.379365,-2.0728924,-1.0675635,3,walking
1519421721193,-11.561282,-2.1399143,-1.0005416,3,walking
1519421721197,-11.915541,-2.2643836,-0.83777404,3,walking
1519421721203,-12.049584,-2.3697038,-0.77075213,3,walking
1519421721208,-12.174053,-2.4367256,-0.7324539,3,walking
1519421721214,-12.403843,-2.494173,-0.6271337,3,walking
1519421721218,-12.528313,-2.513322,-0.5313881,3,walking
1519421721223,-12.5474615,-2.5420458,-0.4835153,3,walking
1519421721227,-12.624058,-2.4367256,-0.44521707,3,walking
1519421721233,-12.633633,-2.3505547,-0.37819514,3,walking
1519421721237,-12.624058,-2.1782124,-0.512239,3,walking
1519421721242,-12.604909,-2.1111906,-0.54096264,3,walking
1519421721247,-12.56661,-1.9005502,-0.61755913,3,walking
1519421721253,-12.432567,-1.6420372,-0.78032666,3,walking
1519421721258,-12.384694,-1.5079932,-0.8856468,3,walking
1519421721267,-12.183628,-1.2782038,-1.0771381,3,walking
1519421721273,-11.925115,-1.1537346,-1.2111819,3,walking
1519421721278,-11.819795,-1.1728836,-1.2590547,3,walking
1519421721283,-11.714475,-1.1633091,-1.3356512,3,walking
1519421721288,-11.618729,-1.1633091,-1.6899099,3,walking
1519421721293,-11.7049,-1.2016073,-1.9388485,3,walking
1519421721297,-11.963413,-1.2399056,-2.2739582,3,walking
1519421721303,-12.815549,-1.4505459,-2.561195,3,walking
1519421721308,-13.275128,-1.6516117,-2.3984275,3,walking
1519421721313,-13.514492,-1.9675722,-2.0537431,3,walking
1519421721319,-13.514492,-2.3122563,-1.7186337,3,walking
1519421721323,-13.169807,-3.193116,-1.2207564,3,walking
1519421721328,-12.90172,-3.5665238,-1.0101161,3,walking
1519421721371,-10.603826,-3.2026904,-1.6133134,3,walking
1519421721378,-10.40276,-2.6377914,-1.79523,3,walking
1519421721385,-10.230418,-2.187787,-1.9388485,3,walking
1519421721393,-10.2016945,-1.7856555,-2.0633178,3,walking
1519421721398,-10.2016945,-1.6324625,-2.1590633,3,walking
1519421721402,-10.230418,-1.5079932,-2.1973617,3,walking
1519421721407,-10.259142,-1.4505459,-2.2835326,3,walking
1519421721413,-10.555953,-1.4409714,-2.360129,3,walking
1519421721418,-10.737869,-1.4888442,-2.3888528,3,walking
1519421721427,-10.986808,-1.5750152,-2.3122563,3,walking
1519421721433,-11.05383,-1.7473572,-2.149489,3,walking
1519421721437,-11.082554,-1.8909757,-2.1111906,3,walking
1519421721447,-11.235746,-2.1973617,-2.0537431,3,walking
1519421721453,-11.360216,-2.4654493,-2.034594,3,walking
1519421721457,-11.36979,-2.5707695,-2.0250196,3,walking
1519421721463,-11.379365,-2.819708,-2.015445,3,walking
1519421721467,-11.36979,-2.9537518,-1.9579976,3,walking
1519421721473,-11.341067,-3.0494976,-1.9771467,3,walking
1519421721478,-11.28362,-3.0877957,-1.8143792,3,walking
1519421721483,-11.111278,-3.346309,-2.0633178,3,walking
1519421721488,-11.168725,-3.3750327,-2.1973617,3,walking
1519421721494,-11.254896,-3.2984362,-2.3026817,3,walking
1519421721499,-11.293194,-3.1548176,-2.3792782,3,walking
1519421721504,-10.699572,-2.8771553,-2.3888528,3,walking
1519421721508,-10.632549,-2.819708,-2.427151,3,walking
1519421721514,-10.661273,-2.8101335,-2.7909844,3,walking
1519421721518,-10.661273,-2.8101335,-2.7909844,3,walking
1519421721523,-10.728295,-2.5228968,-2.647366,3,walking
1519421721527,-10.517654,-2.187787,-2.2165108,3,walking
1519421721532,-10.527229,-2.1207652,-2.2739582,3,walking
1519421721537,-10.622974,-2.034594,-2.3122563,3,walking
1519421721543,-10.670848,-1.8335283,-2.1399143,3,walking
1519421721547,-10.661273,-1.776081,-2.0633178,3,walking
1519421721553,-10.421909,-1.8526775,-1.948423,3,walking
1519421721558,-10.326163,-1.7856555,-1.8814012,3,walking
1519421721563,-10.220843,-1.8048047,-1.7856555,3,walking
1519421721568,-10.153821,-1.8431029,-1.8431029,3,walking
1519421721573,-10.019777,-1.9388485,-1.9101248,3,walking
1519421721578,-9.971905,-1.9388485,-1.9962958,3,walking
1519421721583,-9.85701,-1.9005502,-1.9867213,3,walking
1519421721588,-9.713391,-1.929274,-2.0633178,3,walking
1519421721593,-9.512326,-2.0250196,-2.168638,3,walking
1519421721598,-9.435729,-2.0920415,-2.2931073,3,walking
1519421721603,-9.215514,-2.2643836,-2.4558747,3,walking
1519421721609,-9.004874,-2.34098,-2.4367256,3,walking
1519421721614,-8.842107,-2.3314054,-2.3888528,3,walking
1519421721619,-8.794233,-2.3697038,-2.4654493,3,walking
1519421721624,-8.679339,-2.4654493,-2.647366,3,walking
1519421721629,-8.650616,-2.5420458,-2.666515,3,walking
1519421721634,-8.593168,-2.513322,-2.7239625,3,walking
1519421721638,-8.526146,-2.6090677,-2.752686,3,walking
1519421721643,-8.430401,-2.6377914,-2.7814097,3,walking
1519421721647,-8.353804,-2.6282167,-2.7718353,3,walking
1519421721653,-8.382527,-2.647366,-2.7622607,3,walking
1519421721657,-8.411251,-2.6377914,-2.800559,3,walking
1519421721663,-8.420826,-2.5994933,-2.8101335,3,walking
1519421721667,-8.459125,-2.561195,-2.800559,3,walking
1519421721672,-8.459125,-2.5516202,-2.7909844,3,walking
1519421721677,-8.516571,-2.5228968,-2.8771553,3,walking
1519421721683,-8.4686985,-2.5037475,-2.800559,3,walking
1519421721687,-8.439975,-2.4845984,-2.8388572,3,walking
1519421721692,-8.439975,-2.475024,-2.8580062,3,walking
1519421721696,-8.392102,-2.4367256,-2.8388572,3,walking
1519421721702,-8.392102,-2.3505547,-2.88673,3,walking
1519421721707,-8.286782,-2.3314054,-2.8580062,3,walking
1519421721712,-8.258059,-2.2931073,-2.800559,3,walking
1519421721717,-8.248484,-2.3026817,-2.819708,3,walking
1519421721722,-8.21976,-2.2356598,-2.7239625,3,walking
1519421721728,-8.152739,-2.1590633,-2.7239625,3,walking
1519421721733,-8.076141,-2.1590633,-2.6856642,3,walking
1519421721738,-8.047418,-2.149489,-2.6760898,3,walking
1519421721743,-7.9325233,-2.1399143,-2.5707695,3,walking
1519421721748,-7.5974135,-2.1207652,-2.3505547,3,walking
1519421721754,-7.4442205,-2.1207652,-2.254809,3,walking
1519421721759,-7.2240057,-2.1399143,-2.1111906,3,walking
1519421721764,-6.9176197,-2.1590633,-1.9196993,3,walking
1519421721768,-6.745278,-2.1590633,-1.7856555,3,walking
1519421721774,-6.6495323,-2.1782124,-1.6994845,3,walking
1519421721779,-6.5729356,-2.1973617,-1.6324625,3,walking
1519421721784,-6.4484663,-2.1207652,-1.5558661,3,walking
1519421721789,-6.3814445,-2.101616,-1.4984187,3,walking
1519421721794,-6.2665496,-2.1111906,-1.4888442,3,walking
1519421721799,-6.170804,-2.034594,-1.4984187,3,walking
1519421721804,-6.027186,-1.9867213,-1.4122477,3,walking
1519421721809,-5.960164,-1.9388485,-1.4218222,3,walking
1519421721815,-5.960164,-1.948423,-1.469695,3,walking
1519421721819,-5.9314404,-1.9675722,-1.4601204,3,walking
1519421721825,-5.988888,-1.9675722,-1.4313968,3,walking
1519421721830,-6.0080366,-2.015445,-1.4505459,3,walking
1519421721835,-6.1899533,-2.1111906,-1.383524,3,walking
1519421721840,-6.256975,-2.1303396,-1.3260766,3,walking
1519421721845,-6.410168,-2.1782124,-1.3356512,3,walking
1519421721850,-6.592085,-2.2739582,-1.1920328,3,walking
1519421721856,-6.745278,-2.2931073,-1.1537346,3,walking
1519421721866,-7.1091113,-2.360129,-1.0196906,3,walking
1519421721871,-7.195282,-2.3888528,-0.9430942,3,walking
1519421721877,-7.3867736,-2.3984275,-0.9526688,3,walking
1519421721882,-7.56869,-2.4175766,-0.8090504,3,walking
1519421721887,-7.635712,-2.4463003,-0.78990126,3,walking
1519421721892,-7.741032,-2.4558747,-0.64628285,3,walking
1519421721898,-7.741032,-2.4558747,-0.64628285,3,walking
1519421721903,-7.8176284,-2.4463003,-0.4356425,3,walking
1519421721908,-7.875076,-2.4175766,-0.3398969,3,walking
1519421721913,-8.076141,-2.3505547,-0.2154276,3,walking
1519421721918,-8.181462,-2.360129,-0.16755481,3,walking
1519421721923,-8.296356,-2.3314054,-0.09095833,3,walking
1519421721928,-8.430401,-2.3505547,-0.043085523,3,walking
1519421721933,-8.602742,-2.3697038,0.0718092,3,walking
1519421721938,-8.66019,-2.3314054,0.18670394,3,walking
1519421721943,-8.717637,-2.2931073,0.32074776,3,walking
1519421721948,-8.813383,-2.2739582,0.42606795,3,walking
1519421721953,-8.937852,-2.2931073,0.5218136,3,walking
1519421721958,-9.071896,-2.254809,0.49308985,3,walking
1519421721964,-9.502751,-2.254809,0.33032233,3,walking
1519421721968,-9.780414,-2.2260852,0.2154276,3,walking
1519421721974,-10.077225,-2.2165108,0.043085523,3,walking
1519421721978,-10.421909,-2.149489,-0.13883112,3,walking
1519421721984,-11.38894,-1.9579976,-0.8090504,3,walking
1519421721988,-11.992137,-1.8431029,-1.2016073,3,walking
1519421721994,-13.227255,-1.8239537,-2.0058703,3,walking
1519421722001,-13.610238,-1.8814012,-2.168638,3,walking
1519421722006,-13.514492,-2.2069361,-2.0441687,3,walking
1519421722012,-13.0549135,-2.321831,-1.79523,3,walking
1519421722053,-8.918703,-2.5899186,-0.61755913,3,walking
1519421722061,-8.708063,-2.3888528,-0.76117754,3,walking
1519421722069,-8.631466,-2.101616,-0.98139244,3,walking
1519421722077,-8.957002,-1.8239537,-1.2686293,3,walking
1519421722084,-9.215514,-1.709059,-1.4409714,3,walking
1519421722088,-10.038927,-1.5750152,-1.6611862,3,walking
1519421722093,-10.517654,-1.5941644,-1.7665064,3,walking
1519421722098,-11.034681,-1.6899099,-1.7569319,3,walking
1519421722107,-12.030436,-1.9388485,-1.7282082,3,walking
1519421722112,-12.509163,-2.101616,-1.7377827,3,walking
1519421722117,-13.399597,-2.4558747,-1.6420372,3,walking
1519421722122,-13.763431,-2.6090677,-1.709059,3,walking
1519421722127,-14.108115,-2.7048132,-1.622888,3,walking
1519421722132,-14.519821,-2.8292825,-1.6420372,3,walking
1519421722137,-14.615566,-2.88673,-1.6707608,3,walking
1519421722142,-14.586843,-2.88673,-1.6994845,3,walking
1519421722146,-14.519821,-2.9346027,-1.7377827,3,walking
1519421722151,-14.299606,-2.9537518,-1.7473572,3,walking
1519421722156,-13.868751,-2.9346027,-1.8431029,3,walking
1519421722162,-13.638962,-2.8388572,-1.929274,3,walking
1519421722167,-13.370873,-2.7718353,-2.0058703,3,walking
1519421722172,-12.930444,-2.6856642,-1.9962958,3,walking
1519421722177,-12.662356,-2.6569405,-1.9962958,3,walking
1519421722181,-12.384694,-2.5994933,-1.9388485,3,walking
1519421722186,-11.781497,-2.4175766,-1.6899099,3,walking
1519421722192,-11.436812,-2.321831,-1.4984187,3,walking
1519421722196,-11.1208515,-2.2165108,-1.3643749,3,walking
1519421722202,-10.450633,-2.1207652,-1.0388398,3,walking
1519421722206,-10.172971,-2.0920415,-0.8856468,3,walking
1519421722211,-10.172971,-2.0920415,-0.8856468,3,walking
1519421722216,-9.675094,-2.0250196,-0.69415563,3,walking
1519421722222,-9.359133,-1.9962958,-0.6271337,3,walking
1519421722226,-8.899554,-1.8431029,-0.39734426,3,walking
1519421722230,-8.698488,-1.8143792,-0.39734426,3,walking
1519421722236,-8.641041,-1.8143792,-0.40691882,3,walking
1519421722241,-8.602742,-1.8431029,-0.54096264,3,walking
1519421722246,-8.621892,-1.9388485,-0.7420284,3,walking
1519421722251,-8.593168,-1.9962958,-0.8090504,3,walking
1519421722256,-8.44955,-1.9675722,-0.78032666,3,walking
1519421722261,-7.999545,-2.1303396,-0.7994758,3,walking
1519421722266,-7.999545,-2.2165108,-0.85692316,3,walking
1519421722272,-8.037844,-2.1590633,-0.99096704,3,walking
1519421722276,-7.961247,-2.1207652,-0.9526688,3,walking
1519421722281,-7.961247,-2.1207652,-0.9526688,3,walking
1519421722286,-7.7601814,-2.2069361,-1.0005416,3,walking
1519421722291,-7.702734,-2.2739582,-1.0867126,3,walking
1519421722296,-7.721883,-2.4463003,-1.1824582,3,walking
1519421722301,-7.7793303,-2.5228968,-1.1920328,3,walking
1519421722306,-7.7123084,-2.5420458,-1.0867126,3,walking
1519421722311,-7.654861,-2.5707695,-1.0579889,3,walking
1519421722317,-7.5303917,-2.6090677,-0.8952214,3,walking
1519421722321,-7.5591154,-2.6186423,-0.78990126,3,walking
1519421722327,-7.56869,-2.6569405,-0.7420284,3,walking
1519421722331,-7.5591154,-2.7431116,-0.56968635,3,walking
1519421722337,-7.549541,-2.8484318,-0.54096264,3,walking
1519421722341,-7.5782647,-2.88673,-0.512239,3,walking
1519421722346,-7.549541,-2.8388572,-0.46436617,3,walking
1519421722351,-7.482519,-2.819708,-0.3398969,3,walking
1519421722356,-7.511243,-2.8484318,-0.3398969,3,walking
1519421722361,-7.635712,-2.9346027,-0.49308985,3,walking
1519421722366,-7.7506065,-3.0016246,-0.5505372,3,walking
1519421722371,-7.8272033,-2.9920502,-0.5505372,3,walking
1519421722376,-7.8846507,-3.0303483,-0.5505372,3,walking
1519421722381,-7.875076,-3.0111992,-0.5505372,3,walking
1519421722386,-7.9325233,-2.9441774,-0.59841,3,walking
1519421722391,-7.999545,-2.867581,-0.5792609,3,walking
1519421722396,-8.056993,-2.7909844,-0.49308985,3,walking
1519421722401,-8.124015,-2.7048132,-0.46436617,3,walking
1519421722406,-8.353804,-2.6186423,-0.49308985,3,walking
1519421722416,-8.526146,-2.5324712,-0.36862057,3,walking
1519421722421,-8.6697645,-2.408002,-0.26330042,3,walking
1519421722427,-8.755936,-2.408002,-0.3111732,3,walking
1519421722432,-8.918703,-2.475024,-0.2154276,3,walking
1519421722437,-8.918703,-2.475024,-0.2154276,3,walking
1519421722442,-9.024023,-2.4558747,-0.10053288,3,walking
1519421722447,-9.0814705,-2.3697038,-0.18670394,3,walking
1519421722453,-9.177217,-2.34098,-0.043085523,3,walking
1519421722458,-9.196365,-2.254809,-0.014361841,3,walking
1519421722463,-9.20594,-2.2356598,0.023936402,3,walking
1519421722468,-9.215514,-2.1399143,-0.043085523,3,walking
1519421722473,-9.177217,-2.0537431,-0.05266008,3,walking
1519421722478,-9.158067,-1.9867213,0.0,3,walking
1519421722484,-9.129343,-1.7856555,-0.12925656,3,walking
1519421722488,-9.004874,-1.6994845,-0.110107444,3,walking
1519421722494,-9.052747,-1.5750152,-0.14840569,3,walking
1519421722498,-9.0814705,-1.4984187,-0.2154276,3,walking
1519421722504,-9.234664,-1.4601204,-0.34947145,3,walking
1519421722509,-9.234664,-1.4601204,-0.34947145,3,walking
1519421722514,-9.617646,-1.5079932,-0.34947145,3,walking
1519421722519,-9.722966,-1.5367169,-0.40691882,3,walking
1519421722524,-9.8953085,-1.5462915,-0.3877697,3,walking
1519421722535,-10.29744,-1.6803354,-0.42606795,3,walking
1519421722539,-10.460207,-1.7473572,-0.40691882,3,walking
1519421722544,-10.632549,-1.776081,-0.4164934,3,walking
1519421722548,-10.757019,-1.8143792,-0.3877697,3,walking
1519421722552,-11.111278,-1.948423,-0.32074776,3,walking
1519421722558,-11.254896,-2.0441687,-0.33032233,3,walking
1519421722563,-11.36979,-2.0728924,-0.32074776,3,walking
1519421722568,-11.484685,-2.1207652,-0.3398969,3,walking
1519421722573,-11.570856,-2.101616,-0.34947145,3,walking
1519421722578,-11.590006,-2.0728924,-0.36862057,3,walking
1519421722583,-11.551707,-2.034594,-0.4356425,3,walking
1519421722588,-11.446387,-1.9101248,-0.49308985,3,walking
1519421722598,-11.350641,-1.9005502,-0.751603,3,walking
1519421722603,-11.293194,-1.8718265,-0.8090504,3,walking
1519421722608,-11.168725,-1.7473572,-0.9622433,3,walking
1519421722613,-11.092129,-1.6994845,-1.0771381,3,walking
1519421722649,-12.212352,-1.3930986,-2.4558747,3,walking
1519421722657,-13.457045,-1.6324625,-2.6282167,3,walking
1519421722664,-14.136839,-2.3314054,-2.1207652,3,walking
1519421722676,-14.357054,-3.6335456,-1.4601204,3,walking
1519421722681,-14.290031,-3.9399316,-1.3452257,3,walking
1519421722686,-14.127264,-4.169721,-1.4122477,3,walking
1519421722691,-13.696408,-3.9495063,-1.3643749,3,walking
1519421722696,-13.380448,-3.758015,-1.3739494,3,walking
1519421722725,-12.001712,-2.714388,-2.752686,3,walking
1519421722734,-11.915541,-2.254809,-2.819708,3,walking
1519421722742,-11.7336235,-1.9675722,-2.8484318,3,walking
1519421722750,-11.618729,-1.7569319,-2.8484318,3,walking
1519421722756,-11.657027,-1.6037389,-2.8292825,3,walking
1519421722761,-11.628304,-1.4601204,-2.800559,3,walking
1519421722766,-11.590006,-1.3356512,-2.7718353,3,walking
1519421722771,-11.59958,-1.2686293,-2.7622607,3,walking
1519421722776,-11.609155,-1.2207564,-2.6856642,3,walking
1519421722780,-11.484685,-1.2207564,-2.5324712,3,walking
1519421722786,-11.235746,-1.2877784,-2.5037475,3,walking
1519421722790,-11.226172,-1.2686293,-2.5228968,3,walking
1519421722795,-11.216598,-1.2973529,-2.5037475,3,walking
1519421722801,-11.254896,-1.4218222,-2.6090677,3,walking
1519421722806,-11.187874,-1.5654407,-2.647366,3,walking
1519421722810,-10.862339,-1.929274,-2.7048132,3,walking
1519421722815,-10.862339,-1.929274,-2.7048132,3,walking
1519421722821,-10.82404,-2.408002,-2.88673,3,walking
1519421722826,-10.6134,-2.733537,-3.0303483,3,walking
1519421722830,-10.125097,-2.8580062,-2.6186423,3,walking
1519421722835,-10.096374,-2.7814097,-2.427151,3,walking
1519421722840,-10.0868,-2.7239625,-2.3505547,3,walking
1519421722845,-9.98148,-2.7048132,-2.2835326,3,walking
1519421722850,-9.770839,-2.7622607,-2.3026817,3,walking
1519421722855,-9.263388,-2.3314054,-1.8048047,3,walking
1519421722861,-9.445304,-2.0920415,-1.6037389,3,walking
1519421722866,-9.445304,-2.0920415,-1.6037389,3,walking
1519421722870,-9.675094,-2.2739582,-1.9005502,3,walking
1519421722875,-9.617646,-2.5324712,-1.8814012,3,walking
1519421722880,-9.349558,-2.360129,-1.8335283,3,walking
1519421722886,-9.349558,-2.360129,-1.8335283,3,walking
1519421722891,-9.177217,-1.8335283,-1.7569319,3,walking
1519421722896,-9.0814705,-1.6420372,-1.5941644,3,walking
1519421722901,-9.052747,-1.4026731,-1.2877784,3,walking
1519421722907,-9.062322,-1.5175679,-1.4792696,3,walking
1519421722912,-8.918703,-1.8335283,-1.6994845,3,walking
1519421722917,-9.004874,-1.8048047,-1.6803354,3,walking
1519421722922,-9.033598,-1.8048047,-1.622888,3,walking
1519421722927,-8.794233,-1.7186337,-1.5941644,3,walking
1519421722931,-8.497422,-1.7186337,-1.6037389,3,walking
1519421722936,-8.420826,-1.709059,-1.6420372,3,walking
1519421722940,-8.363379,-1.7569319,-1.6420372,3,walking
1519421722946,-8.34423,-1.929274,-1.6994845,3,walking
1519421722951,-8.229335,-2.101616,-1.8431029,3,walking
1519421722956,-8.229335,-2.101616,-1.8431029,3,walking
1519421722961,-8.152739,-2.2165108,-2.1207652,3,walking
1519421722966,-8.133589,-2.2931073,-2.254809,3,walking
1519421722970,-7.9708214,-2.34098,-2.408002,3,walking
1519421722976,-7.9708214,-2.34098,-2.408002,3,walking
1519421722980,-7.769756,-2.4367256,-2.3505547,3,walking
1519421722986,-7.769756,-2.4463003,-2.34098,3,walking
1519421722990,-7.8272033,-2.4367256,-2.4175766,3,walking
1519421722995,-7.875076,-2.3984275,-2.4367256,3,walking
1519421723000,-7.9708214,-2.427151,-2.408002,3,walking
1519421723005,-8.047418,-2.513322,-2.475024,3,walking
1519421723010,-8.047418,-2.5037475,-2.475024,3,walking
1519421723016,-8.076141,-2.5037475,-2.4463003,3,walking
1519421723020,-8.076141,-2.4654493,-2.408002,3,walking
1519421723025,-8.11444,-2.475024,-2.3697038,3,walking
1519421723030,-8.152739,-2.475024,-2.4367256,3,walking
1519421723035,-8.152739,-2.4367256,-2.3505547,3,walking
1519421723040,-8.124015,-2.4175766,-2.2835326,3,walking
1519421723046,-8.133589,-2.4463003,-2.2835326,3,walking
1519421723050,-8.066567,-2.3314054,-2.2356598,3,walking
1519421723056,-8.056993,-2.3697038,-2.2356598,3,walking
1519421723060,-8.00912,-2.3505547,-2.2356598,3,walking
1519421723066,-8.00912,-2.3505547,-2.2356598,3,walking
1519421723070,-7.922949,-2.3026817,-2.187787,3,walking
1519421723076,-7.9133744,-2.2165108,-2.168638,3,walking
1519421723081,-7.894225,-2.2260852,-2.1782124,3,walking
1519421723086,-7.875076,-2.1590633,-2.1399143,3,walking
1519421723090,-7.9325233,-2.101616,-2.1782124,3,walking
1519421723096,-7.9420977,-2.0633178,-2.1399143,3,walking
1519421723100,-7.9803963,-2.0058703,-2.2069361,3,walking
1519421723106,-8.018694,-1.9771467,-2.149489,3,walking
1519421723110,-7.9803963,-1.9196993,-2.1782124,3,walking
1519421723116,-7.9516726,-1.948423,-2.1303396,3,walking
1519421723120,-7.9037995,-1.9579976,-2.0920415,3,walking
1519421723126,-7.8176284,-1.948423,-2.1303396,3,walking
1519421723130,-7.8176284,-1.9675722,-2.1590633,3,walking
1519421723136,-7.808054,-1.9771467,-2.1399143,3,walking
1519421723140,-7.8176284,-1.9867213,-2.1303396,3,walking
1519421723146,-7.808054,-1.9962958,-2.1303396,3,walking
1519421723151,-7.7314577,-2.034594,-2.0537431,3,walking
1519421723156,-7.7314577,-2.0250196,-1.9867213,3,walking
1519421723161,-7.7793303,-2.1207652,-1.948423,3,walking
1519421723166,-7.7984796,-2.1207652,-1.9579976,3,walking
1519421723171,-7.8655014,-2.1207652,-1.929274,3,walking
1519421723175,-7.8655014,-2.1207652,-1.929274,3,walking
1519421723180,-7.922949,-2.1303396,-1.9196993,3,walking
1519421723185,-7.9899707,-2.1399143,-1.8909757,3,walking
1519421723190,-8.11444,-2.187787,-1.8239537,3,walking
1519421723195,-8.11444,-2.168638,-1.8048047,3,walking
1519421723200,-8.229335,-2.2165108,-1.7856555,3,walking
1519421723205,-8.248484,-2.2643836,-1.8239537,3,walking
1519421723210,-8.34423,-2.2931073,-1.8526775,3,walking
1519421723215,-8.487848,-2.2739582,-1.8526775,3,walking
1519421723220,-8.583593,-2.3026817,-1.8909757,3,walking
1519421723225,-8.641041,-2.2356598,-1.9388485,3,walking
1519421723230,-8.698488,-2.254809,-1.9196993,3,walking
1519421723235,-8.832532,-2.187787,-2.0441687,3,walking
1519421723240,-8.918703,-2.1399143,-2.015445,3,walking
1519421723245,-8.889979,-2.1111906,-1.9867213,3,walking
1519421723250,-8.870831,-2.0633178,-1.9771467,3,walking
1519421723255,-8.784659,-2.0441687,-1.9196993,3,walking
1519421723260,-8.727212,-2.0250196,-1.8239537,3,walking
1519421723265,-8.698488,-2.0250196,-1.7473572,3,walking
1519421723270,-8.55487,-2.0633178,-1.469695,3,walking
1519421723275,-8.430401,-2.1590633,-1.3165021,3,walking
1519421723279,-8.143164,-2.3122563,-0.98139244,3,walking
1519421723285,-8.018694,-2.408002,-0.69415563,3,walking
1519421723290,-7.9420977,-2.4654493,-0.5218136,3,walking
1519421723295,-7.8176284,-2.561195,-0.27287498,3,walking
1519421723300,-7.8367777,-2.5899186,-0.0718092,3,walking
1519421723305,-7.9803963,-2.7048132,0.17712937,3,walking
1519421723310,-8.181462,-2.733537,0.2920241,3,walking
1519421723315,-8.23891,-2.7622607,0.359046,3,walking
1519421723319,-8.392102,-2.7718353,0.39734426,3,walking
1519421723325,-8.7750845,-2.666515,0.359046,3,walking
1519421723330,-9.560199,-2.321831,0.00478728,3,walking
1519421723335,-9.560199,-2.321831,0.00478728,3,walking
1519421723340,-10.967659,-1.9675722,-0.56011176,3,walking
1519421723345,-11.7336235,-1.862252,-1.0101161,3,walking
1519421723354,-13.045339,-1.79523,-1.6994845,3,walking
1519421723359,-13.437896,-1.8718265,-1.9196993,3,walking
1519421723365,-13.34215,-1.948423,-1.9579976,3,walking
1519421723370,-13.13151,-1.9771467,-1.8718265,3,walking
1519421723375,-12.576185,-1.948423,-1.6611862,3,walking
1519421723406,-9.85701,-2.2069361,-0.56011176,3,walking
1519421723411,-9.617646,-2.2165108,-0.49308985,3,walking
1519421723416,-9.426155,-2.1782124,-0.37819514,3,walking
1519421723421,-9.31126,-2.0920415,-0.27287498,3,walking
1519421723426,-9.359133,-2.0728924,-0.2920241,3,walking
1519421723431,-9.62722,-1.9962958,-0.28244954,3,walking
1519421723435,-9.943181,-1.9579976,-0.32074776,3,walking
1519421723440,-10.747444,-1.8431029,-0.36862057,3,walking
1519421723445,-10.747444,-1.8431029,-0.36862057,3,walking
1519421723451,-11.72405,-1.79523,-0.33032233,3,walking
1519421723456,-12.624058,-1.862252,-0.36862057,3,walking
1519421723463,-13.457045,-1.9867213,-0.45479164,3,walking
1519421723468,-13.801729,-2.0920415,-0.512239,3,walking
1519421723473,-14.09854,-2.1303396,-0.56968635,3,walking
1519421723478,-14.20386,-2.168638,-0.5888355,3,walking
1519421723484,-14.337904,-2.1207652,-0.78032666,3,walking
1519421723488,-14.299606,-2.0728924,-0.8664977,3,walking
1519421723515,-13.064487,-1.383524,-1.929274,3,walking
1519421723523,-12.403843,-1.2590547,-2.015445,3,walking
1519421723530,-11.685751,-1.2590547,-1.9771467,3,walking
1519421723536,-11.26447,-1.2590547,-1.8526775,3,walking
1519421723540,-10.94851,-1.1920328,-1.6994845,3,walking
1519421723545,-10.546378,-1.1920328,-1.5271424,3,walking
1519421723550,-9.876159,-1.1345854,-1.1250108,3,walking
1519421723555,-9.876159,-1.1345854,-1.1250108,3,walking
1519421723560,-9.454879,-1.0579889,-0.85692316,3,walking
1519421723565,-9.272962,-1.0962871,-0.76117754,3,walking
1519421723570,-8.9761505,-1.1824582,-0.751603,3,walking
1519421723575,-8.842107,-1.1920328,-0.78990126,3,walking
1519421723580,-8.698488,-1.2494801,-0.77075213,3,walking
1519421723584,-8.4686985,-1.2973529,-0.7228793,3,walking
1519421723590,-8.037844,-1.3069274,-0.61755913,3,walking
1519421723595,-7.8272033,-1.3069274,-0.61755913,3,walking
1519421723600,-7.5208173,-1.4026731,-0.5218136,3,walking
1519421723605,-7.5208173,-1.4026731,-0.5218136,3,walking
1519421723610,-7.2718787,-1.4409714,-0.4835153,3,walking
1519421723615,-7.1665583,-1.469695,-0.39734426,3,walking
1519421723619,-6.9463434,-1.5175679,-0.34947145,3,walking
1519421723624,-6.9463434,-1.5175679,-0.34947145,3,walking
1519421723629,-6.745278,-1.8909757,-0.39734426,3,walking
1519421723634,-6.716554,-2.034594,-0.5313881,3,walking
1519421723640,-6.697405,-2.2643836,-0.6558574,3,walking
1519421723644,-6.697405,-2.2643836,-0.6558574,3,walking
1519421723650,-6.592085,-2.8292825,-0.90479594,3,walking
1519421723655,-6.458041,-2.88673,-0.512239,3,walking
1519421723661,-6.5729356,-2.905879,-0.7324539,3,walking
1519421723665,-6.7069798,-2.9441774,-1.0005416,3,walking
1519421723670,-6.745278,-3.126094,-0.98139244,3,walking
1519421723676,-6.525063,-3.2218397,-0.8952214,3,walking
1519421723680,-6.4963393,-3.2697124,-0.90479594,3,walking
1519421723685,-6.486765,-3.2888615,-0.8856468,3,walking
1519421723690,-6.525063,-3.3080106,-0.91437054,3,walking
1519421723695,-6.6016593,-3.3558834,-0.93351966,3,walking
1519421723700,-6.697405,-3.4229054,-1.0101161,3,walking
1519421723705,-6.8410234,-3.4133308,-0.9718179,3,walking
1519421723711,-6.8410234,-3.3941817,-0.93351966,3,walking
1519421723716,-6.869747,-3.346309,-0.90479594,3,walking
1519421723721,-6.975067,-3.0973704,-0.9526688,3,walking
1519421723726,-7.1665583,-3.0303483,-0.9430942,3,walking
1519421723731,-7.2910275,-2.8771553,-0.91437054,3,walking
1519421723741,-7.6261373,-2.6186423,-0.69415563,3,walking
1519421723746,-7.7314577,-2.580344,-0.6558574,3,walking
1519421723752,-7.8176284,-2.5516202,-0.6079846,3,walking
1519421723757,-8.076141,-2.4845984,-0.5505372,3,walking
1519421723762,-8.23891,-2.427151,-0.512239,3,walking
1519421723772,-8.459125,-2.321831,-0.40691882,3,walking
1519421723777,-8.497422,-2.2931073,-0.359046,3,walking
1519421723782,-8.564445,-2.2452345,-0.3111732,3,walking
1519421723787,-8.727212,-2.2835326,-0.39734426,3,walking
1519421723793,-8.794233,-2.2931073,-0.3111732,3,walking
1519421723797,-8.832532,-2.3122563,-0.30159867,3,walking
1519421723803,-8.880404,-2.360129,-0.359046,3,walking
1519421723808,-9.004874,-2.3697038,-0.34947145,3,walking
1519421723813,-9.033598,-2.3792782,-0.34947145,3,walking
1519421723818,-9.167642,-2.34098,-0.54096264,3,walking
1519421723824,-9.167642,-2.34098,-0.54096264,3,walking
1519421723828,-9.225089,-2.2739582,-0.61755913,3,walking
1519421723834,-9.253813,-2.2260852,-0.70373017,3,walking
1519421723839,-9.445304,-2.168638,-0.8473486,3,walking
1519421723845,-9.502751,-2.1111906,-0.8856468,3,walking
1519421723850,-9.761265,-2.1207652,-1.0675635,3,walking
1519421723855,-9.914457,-2.1399143,-1.14416,3,walking
1519421723860,-9.991054,-2.1207652,-1.1345854,3,walking
1519421723865,-10.048501,-2.0824668,-1.1728836,3,walking
1519421723870,-10.287866,-2.0920415,-1.2399056,3,walking
1519421723875,-10.40276,-2.034594,-1.2111819,3,walking
1519421723880,-10.498506,-2.1207652,-1.2494801,3,walking
1519421723886,-10.517654,-2.187787,-1.1824582,3,walking
1519421723891,-10.488931,-2.2356598,-1.1154363,3,walking
1519421723901,-10.5080805,-2.254809,-1.0005416,3,walking
1519421723906,-10.546378,-2.2643836,-0.93351966,3,walking
1519421723911,-10.594251,-2.2260852,-0.8760723,3,walking
1519421723922,-10.766593,-2.187787,-0.8281995,3,walking
1519421723926,-10.843189,-2.187787,-0.8760723,3,walking
1519421723932,-10.871913,-2.1590633,-0.8281995,3,walking
1519421723939,-10.977234,-2.1590633,-0.8090504,3,walking
1519421723944,-10.977234,-2.2069361,-0.78990126,3,walking
1519421723949,-10.92936,-2.2165108,-0.8281995,3,walking
1519421723954,-10.843189,-2.2260852,-0.7324539,3,walking
1519421723959,-10.795317,-2.1399143,-0.8473486,3,walking
1519421723965,-10.795317,-2.1399143,-0.8473486,3,walking
1519421723969,-10.737869,-2.0728924,-0.9526688,3,walking
1519421723974,-10.709146,-2.0250196,-1.0579889,3,walking
1519421723979,-10.6134,-1.948423,-1.2399056,3,walking
1519421723984,-10.6134,-1.948423,-1.2399056,3,walking
1519421723990,-10.565528,-1.9101248,-1.5175679,3,walking
1519421723995,-10.546378,-1.8718265,-1.6133134,3,walking
1519421723999,-10.469782,-1.9196993,-1.6707608,3,walking
1519421724004,-10.469782,-1.9196993,-1.6707608,3,walking
1519421724009,-10.307014,-1.8814012,-1.6994845,3,walking
1519421724014,-10.249567,-1.8143792,-1.709059,3,walking
1519421724019,-10.441058,-1.5654407,-1.9771467,3,walking
1519421724024,-10.766593,-1.4505459,-2.2069361,3,walking
1519421724029,-11.28362,-1.4122477,-2.5420458,3,walking
1519421724032,-11.867668,-1.5462915,-2.7718353,3,walking
1519421724038,-12.509163,-1.6707608,-2.9441774,3,walking
1519421724043,-13.409172,-2.2260852,-2.5324712,3,walking
1519421724048,-13.562365,-2.6090677,-2.3122563,3,walking
1519421724054,-13.619812,-3.059072,-2.0058703,3,walking
1519421724103,-10.575102,-3.3271596,-0.83777404,3,walking
1519421724111,-10.115523,-1.9771467,-1.4218222,3,walking
1519421724123,-9.943181,-1.1154363,-1.8526775,3,walking
1519421724128,-9.952756,-0.69415563,-1.9962958,3,walking
1519421724133,-10.115523,0.0,-2.360129,3,walking
1519421724137,-10.239992,0.22500217,-2.4654493,3,walking
1519421724202,-12.154904,-2.3505547,-2.0824668,3,walking
1519421724207,-12.068733,-2.427151,-2.1399143,3,walking
1519421724213,-12.011286,-2.5420458,-2.2356598,3,walking
1519421724217,-11.925115,-2.580344,-2.3697038,3,walking
1519421724222,-11.877242,-2.5228968,-2.4367256,3,walking
1519421724227,-11.7336235,-2.494173,-2.4845984,3,walking
1519421724231,-11.503835,-2.427151,-2.561195,3,walking
1519421724240,-10.891063,-2.3122563,-2.5324712,3,walking
1519421724245,-10.622974,-2.2739582,-2.34098,3,walking
1519421724249,-10.584677,-2.2452345,-2.1973617,3,walking
1519421724254,-10.527229,-2.2165108,-2.1207652,3,walking
1519421724259,-10.125097,-1.9101248,-1.5271424,3,walking
1519421724264,-10.038927,-1.8239537,-1.2590547,3,walking
1519421724269,-10.0868,-1.7665064,-1.3548003,3,walking
1519421724274,-10.0868,-1.7665064,-1.3548003,3,walking
1519421724279,-9.799562,-1.4313968,-1.2590547,3,walking
1519421724284,-9.550624,-1.2686293,-1.0962871,3,walking
1519421724289,-9.225089,-0.83777404,-0.8952214,3,walking
1519421724295,-9.119769,-0.69415563,-0.8952214,3,walking
1519421724299,-9.033598,-0.7324539,-1.0484143,3,walking
1519421724305,-8.708063,-0.78032666,-1.1058618,3,walking
1519421724310,-8.363379,-0.4356425,-0.8664977,3,walking
1519421724315,-8.439975,-0.4356425,-1.0196906,3,walking
1519421724320,-8.277207,-0.5313881,-1.2016073,3,walking
1519421724324,-8.277207,-0.5313881,-1.2016073,3,walking
1519421724329,-8.018694,-0.7228793,-1.2494801,3,walking
1519421724334,-8.085716,-0.751603,-1.3260766,3,walking
1519421724339,-8.037844,-0.8760723,-1.6037389,3,walking
1519421724344,-8.037844,-0.8760723,-1.6037389,3,walking
1519421724349,-8.018694,-1.1345854,-1.929274,3,walking
1519421724354,-8.104865,-1.3356512,-2.101616,3,walking
1519421724359,-8.181462,-1.6803354,-2.2165108,3,walking
1519421724364,-8.181462,-1.6803354,-2.2165108,3,walking
1519421724369,-8.152739,-2.0920415,-2.3792782,3,walking
1519421724374,-8.23891,-2.1782124,-2.4463003,3,walking
1519421724379,-8.277207,-2.3122563,-2.5324712,3,walking
1519421724385,-8.248484,-2.3888528,-2.4367256,3,walking
1519421724389,-8.258059,-2.4367256,-2.4367256,3,walking
1519421724395,-8.1623125,-2.5037475,-2.34098,3,walking
1519421724400,-8.191036,-2.5516202,-2.3026817,3,walking
1519421724405,-8.191036,-2.5516202,-2.3026817,3,walking
1519421724409,-8.296356,-2.5899186,-2.34098,3,walking
1519421724414,-8.296356,-2.5899186,-2.34098,3,walking
1519421724419,-8.32508,-2.6377914,-2.3792782,3,walking
1519421724423,-8.34423,-2.647366,-2.3984275,3,walking
1519421724429,-8.372953,-2.5899186,-2.4367256,3,walking
1519421724434,-8.372953,-2.5899186,-2.4367256,3,walking
1519421724439,-8.392102,-2.5037475,-2.4654493,3,walking
1519421724444,-8.382527,-2.4654493,-2.4367256,3,walking
1519421724450,-8.392102,-2.3122563,-2.4175766,3,walking
1519421724462,-8.459125,-2.1399143,-2.513322,3,walking
1519421724471,-8.4686985,-2.0441687,-2.427151,3,walking
1519421724477,-8.420826,-2.0250196,-2.3984275,3,walking
1519421724482,-8.353804,-1.9771467,-2.3792782,3,walking
1519421724487,-8.258059,-1.8814012,-2.2835326,3,walking
1519421724492,-8.21976,-1.8335283,-2.1973617,3,walking
1519421724497,-8.181462,-1.8335283,-2.168638,3,walking
1519421724503,-8.11444,-1.8335283,-2.0824668,3,walking
1519421724507,-8.018694,-1.7856555,-1.9388485,3,walking
1519421724513,-7.9133744,-1.8143792,-1.9005502,3,walking
1519421724517,-7.808054,-1.79523,-1.7856555,3,walking
1519421724523,-7.808054,-1.79523,-1.7856555,3,walking
1519421724528,-7.8272033,-1.7856555,-1.7569319,3,walking
1519421724533,-7.8846507,-1.7377827,-1.7377827,3,walking
1519421724538,-7.9420977,-1.6037389,-1.6611862,3,walking
1519421724546,-8.018694,-1.4888442,-1.6324625,3,walking
1519421724552,-8.085716,-1.4505459,-1.5845897,3,walking
1519421724557,-8.191036,-1.3739494,-1.6133134,3,walking
1519421724562,-8.248484,-1.3356512,-1.5271424,3,walking
1519421724567,-8.277207,-1.2494801,-1.5558661,3,walking
1519421724572,-8.2676325,-1.1345854,-1.5367169,3,walking
1519421724577,-8.258059,-1.0579889,-1.4888442,3,walking
1519421724583,-8.1623125,-0.8760723,-1.4601204,3,walking
1519421724587,-8.133589,-0.77075213,-1.4505459,3,walking
1519421724592,-8.11444,-0.6750065,-1.4505459,3,walking
1519421724600,-7.9037995,-0.2441513,-1.2686293,3,walking
1519421724605,-7.9037995,-0.2441513,-1.2686293,3,walking
1519421724611,-7.6835847,0.11968201,-1.1345854,3,walking
1519421724616,-7.511243,0.54096264,-1.0101161,3,walking
1519421724621,-7.3676243,0.7994758,-0.9718179,3,walking
1519421724626,-7.2144313,1.0196906,-0.8664977,3,walking
1519421724632,-7.0995364,1.3069274,-0.83777404,3,walking
1519421724637,-6.8410234,1.9196993,-0.77075213,3,walking
1519421724642,-6.716554,2.101616,-0.8090504,3,walking
1519421724646,-6.6208086,2.254809,-0.6845811,3,walking
1519421724651,-6.4676156,2.3984275,-0.5313881,3,walking
1519421724657,-6.4005938,2.34098,-0.42606795,3,walking
1519421724661,-6.37187,2.2643836,-0.30159867,3,walking
1519421724670,-6.525063,1.7186337,-0.27287498,3,walking
1519421724676,-6.6495323,1.2973529,-0.15798025,3,walking
1519421724681,-6.9271946,0.8090504,-0.22500217,3,walking
1519421724690,-7.9803963,-1.1154363,-0.13883112,3,walking
1519421724696,-8.44955,-1.79523,-0.13883112,3,walking
1519421724701,-9.043172,-2.4367256,-0.359046,3,walking
1519421724713,-11.609155,-3.777164,-1.3356512,3,walking
1519421724719,-13.820878,-4.543129,-2.1973617,3,walking
1519421724726,-15.8123865,-5.376116,-3.1356685,3,walking
1519421724731,-16.329412,-5.787822,-3.4133308,3,walking
1519421724768,-11.513409,-3.6526947,-3.4803526,3,walking
1519421724777,-10.546378,-3.4707782,-2.8484318,3,walking
1519421724789,-10.220843,-3.020774,-2.034594,3,walking
1519421724800,-11.350641,-2.6282167,-1.709059,3,walking
1519421724838,-18.014536,-0.11968201,-2.800559,3,walking
1519421724846,-17.727299,0.34947145,-2.9633265,3,walking
1519421724860,-16.808142,1.0196906,-3.0686467,3,walking
1519421724866,-15.793238,1.1728836,-2.9824755,3,walking
1519421724871,-15.3049345,1.1824582,-2.8484318,3,walking
1519421724876,-14.759185,1.1728836,-2.819708,3,walking
1519421724880,-14.136839,1.0484143,-2.7048132,3,walking
1519421724908,-10.06765,0.23457673,-1.4122477,3,walking
1519421724916,-9.234664,-0.27287498,-1.3739494,3,walking
1519421724925,-8.401677,-0.8664977,-1.4026731,3,walking
1519421724938,-7.1186857,-1.4218222,-1.5271424,3,walking
1519421724946,-6.3431463,-1.862252,-1.7856555,3,walking
1519421724987,-4.150572,-3.0686467,-2.6952388,3,walking
1519421724995,-3.8346114,-3.231414,-2.7048132,3,walking
1519421725003,-3.777164,-3.4612036,-2.5707695,3,walking
1519421725011,-3.8824842,-3.758015,-2.427151,3,walking
1519421725016,-3.997379,-3.8154624,-2.321831,3,walking
1519421725021,-4.121848,-3.8633351,-2.149489,3,walking
1519421725030,-4.7920675,-4.2271686,-1.9771467,3,walking
1519421725035,-5.021857,-4.3612123,-1.8143792,3,walking
1519421725040,-5.2037735,-4.476107,-1.6611862,3,walking
1519421725050,-5.682502,-4.2558923,-1.469695,3,walking
1519421725055,-5.8548436,-4.0931244,-1.5367169,3,walking
1519421725061,-6.027186,-3.8537605,-1.5654407,3,walking
1519421725066,-6.3144226,-3.5090764,-1.5941644,3,walking
1519421725071,-6.438892,-3.3750327,-1.6516117,3,walking
1519421725076,-6.5825105,-3.2601378,-1.6899099,3,walking
1519421725081,-6.668681,-3.1643922,-1.7282082,3,walking
1519421725086,-6.9176197,-2.9920502,-1.7186337,3,walking
1519421725092,-7.1091113,-2.972901,-1.7569319,3,walking
1519421725096,-7.2718787,-2.9824755,-1.8526775,3,walking
1519421725101,-7.6835847,-2.9441774,-1.8335283,3,walking
1519421725106,-7.808054,-3.0111992,-1.6994845,3,walking
1519421725111,-7.9325233,-3.059072,-1.7282082,3,walking
1519421725115,-8.392102,-3.020774,-1.6420372,3,walking
1519421725121,-8.526146,-3.0016246,-1.4888442,3,walking
1519421725126,-8.641041,-3.039923,-1.4888442,3,walking
1519421725131,-8.688913,-3.078221,-1.4409714,3,walking
1519421725136,-8.842107,-3.1548176,-1.2590547,3,walking
1519421725141,-8.861256,-3.126094,-1.0771381,3,walking
1519421725146,-8.889979,-3.059072,-0.9622433,3,walking
1519421725152,-8.899554,-2.9824755,-0.8952214,3,walking
1519421725156,-8.985725,-2.8580062,-0.90479594,3,walking
1519421725161,-9.033598,-2.733537,-0.9430942,3,walking
1519421725170,-9.119769,-2.733537,-0.8281995,3,walking
1519421725176,-9.158067,-2.7814097,-0.8186249,3,walking
1519421725181,-9.272962,-2.8101335,-0.8281995,3,walking
1519421725186,-9.464453,-2.905879,-0.63670826,3,walking
1519421725192,-9.5889225,-2.9633265,-0.6750065,3,walking
1519421725197,-9.703817,-2.9633265,-0.751603,3,walking
1519421725202,-9.876159,-2.9250283,-0.6845811,3,walking
1519421725207,-9.933606,-2.7239625,-0.49308985,3,walking
1519421725212,-9.904882,-2.6760898,-0.42606795,3,walking
1519421725217,-10.000628,-2.6760898,-0.665432,3,walking
1519421725221,-10.239992,-2.9537518,-1.0388398,3,walking
1519421725226,-10.517654,-1.776081,-0.2920241,3,walking
1519421725230,-10.182545,-2.034594,-0.22500217,3,walking
1519421725235,-10.06765,-2.2739582,-0.34947145,3,walking
1519421725239,-10.239992,-2.168638,-0.27287498,3,walking
1519421725249,-10.709146,-1.9101248,-0.22500217,3,walking
1519421725255,-10.709146,-1.948423,-0.2154276,3,walking
1519421725260,-10.670848,-1.9771467,-0.17712937,3,walking
1519421725266,-10.795317,-1.9388485,-0.09095833,3,walking
1519421725270,-10.910212,-2.0250196,-0.014361841,3,walking
1519421725279,-11.187874,-2.1399143,-0.0718092,3,walking
1519421725286,-11.38894,-2.360129,0.09095833,3,walking
1519421725290,-11.513409,-2.4654493,0.17712937,3,walking
1519421725295,-11.618729,-2.5899186,0.2441513,3,walking
1519421725300,-11.714475,-2.800559,0.30159867,3,walking
1519421725305,-11.752773,-2.867581,0.30159867,3,walking
1519421725309,-11.762347,-2.9250283,0.30159867,3,walking
1519421725319,-11.800646,-2.6760898,0.03351096,3,walking
1519421725325,-11.791071,-2.494173,-0.03351096,3,walking
1519421725329,-11.791071,-2.2835326,-0.16755481,3,walking
1519421725339,-12.183628,-1.4792696,-0.98139244,3,walking
1519421725345,-12.58576,-1.1920328,-1.3069274,3,walking
1519421725349,-13.1602335,-0.9430942,-1.6324625,3,walking
1519421725356,-14.519821,-0.61755913,-2.0441687,3,walking
1519421725360,-15.113443,-0.64628285,-1.9579976,3,walking
1519421725369,-15.927281,-1.2111819,-1.7473572,3,walking
1519421725375,-16.425158,-1.862252,-1.3452257,3,walking
1519421725380,-16.61665,-2.0824668,-1.1058618,3,walking
1519421725389,-16.683672,-2.2835326,-0.93351966,3,walking
1519421725395,-15.96558,-2.254809,-0.77075213,3,walking
1519421725400,-15.324084,-2.2165108,-0.77075213,3,walking
1519421725409,-13.284702,-1.8143792,-1.2494801,3,walking
1519421725414,-13.284702,-1.8143792,-1.2494801,3,walking
1519421725418,-12.030436,-1.4792696,-1.6994845,3,walking
1519421725461,-11.714475,0.014361841,-3.2409887,3,walking
1519421725470,-12.212352,0.15798025,-3.384607,3,walking
1519421725478,-13.591088,0.6558574,-3.4899273,3,walking
1519421725487,-13.543216,0.78990126,-3.4899273,3,walking
1519421725491,-13.543216,0.78990126,-3.4899273,3,walking
1519421725496,-13.351725,0.56011176,-3.4803526,3,walking
1519421725500,-13.093211,0.2920241,-3.451629,3,walking
1519421725504,-12.7964,0.0718092,-3.4420545,3,walking
1519421725509,-12.518738,-0.023936402,-3.3941817,3,walking
1519421725515,-11.695326,-0.512239,-3.365458,3,walking
1519421725520,-11.676176,-0.6750065,-3.1835413,3,walking
1519421725524,-11.657027,-0.78032666,-3.0877957,3,walking
1519421725538,-10.6134,-1.8143792,-2.5899186,3,walking
1519421725544,-10.6134,-1.8143792,-2.5899186,3,walking
1519421725549,-10.307014,-1.9388485,-2.3122563,3,walking
1519421725584,-10.699572,-1.0962871,-0.8090504,3,walking
1519421725593,-10.460207,-1.0292653,-1.14416,3,walking
1519421725601,-10.316589,-1.0196906,-1.1537346,3,walking
1519421725606,-10.259142,-1.0675635,-1.4313968,3,walking
1519421725610,-10.374036,-0.9430942,-1.2686293,3,walking
1519421725615,-10.431483,-0.91437054,-1.2111819,3,walking
1519421725619,-10.326163,-0.8090504,-1.1345854,3,walking
1519421725625,-9.98148,-0.47394073,-1.2016073,3,walking
1519421725630,-9.85701,-0.47394073,-1.2973529,3,walking
1519421725639,-9.636795,-0.7420284,-1.4984187,3,walking
1519421725645,-9.272962,-0.59841,-1.2973529,3,walking
1519421725649,-9.177217,-0.50266445,-1.2111819,3,walking
1519421725659,-9.062322,-0.56011176,-1.3069274,3,walking
1519421725665,-9.043172,-0.56968635,-1.3069274,3,walking
1519421725669,-8.957002,-0.59841,-1.3356512,3,walking
1519421725679,-9.138918,-1.0101161,-1.8526775,3,walking
1519421725684,-9.110194,-0.8664977,-1.7186337,3,walking
1519421725689,-8.822957,-0.91437054,-1.4888442,3,walking
1519421725695,-8.727212,-1.1154363,-1.6037389,3,walking
1519421725700,-8.842107,-1.2016073,-1.776081,3,walking
1519421725705,-8.937852,-1.3069274,-1.8909757,3,walking
1519421725710,-9.052747,-1.3548003,-2.0441687,3,walking
1519421725715,-9.062322,-1.4122477,-2.3026817,3,walking
1519421725720,-9.014449,-1.3452257,-2.408002,3,walking
1519421725729,-8.889979,-1.3356512,-2.513322,3,walking
1519421725735,-8.746361,-1.3739494,-2.5420458,3,walking
1519421725739,-8.631466,-1.4409714,-2.5037475,3,walking
1519421725744,-8.420826,-1.3452257,-2.5228968,3,walking
1519421725750,-8.305931,-1.3643749,-2.475024,3,walking
1519421725754,-8.181462,-1.3452257,-2.494173,3,walking
1519421725760,-8.076141,-1.3930986,-2.427151,3,walking
1519421725765,-7.7793303,-1.4601204,-2.2165108,3,walking
1519421725770,-7.721883,-1.4313968,-2.187787,3,walking
1519421725775,-7.616563,-1.4122477,-2.1399143,3,walking
1519421725780,-7.549541,-1.383524,-2.0920415,3,walking
1519421725785,-7.310177,-1.4122477,-2.0058703,3,walking
1519421725790,-7.1857076,-1.4601204,-1.948423,3,walking
1519421725795,-7.0995364,-1.5558661,-1.8814012,3,walking
1519421725801,-6.984642,-1.622888,-1.79523,3,walking
1519421725805,-6.8027253,-1.8239537,-1.6707608,3,walking
1519421725811,-6.7548523,-1.929274,-1.6324625,3,walking
1519421725816,-6.5059137,-2.101616,-1.4888442,3,walking
1519421725821,-6.410168,-2.2452345,-1.3739494,3,walking
1519421725826,-6.4197426,-2.2835326,-1.3260766,3,walking
1519421725831,-6.3527207,-2.2835326,-1.2590547,3,walking
1519421725837,-6.2378263,-2.2835326,-1.1058618,3,walking
1519421725841,-6.170804,-2.2931073,-1.0388398,3,walking
1519421725847,-6.1420803,-2.2643836,-1.0196906,3,walking
1519421725854,-6.1229315,-2.1590633,-1.1633091,3,walking
1519421725860,-6.1420803,-2.0824668,-1.2399056,3,walking
1519421725865,-6.1229315,-1.9675722,-1.2973529,3,walking
1519421725870,-6.132506,-1.9005502,-1.3548003,3,walking
1519421725875,-6.151655,-1.7377827,-1.4409714,3,walking
1519421725880,-6.1612296,-1.709059,-1.4409714,3,walking
1519421725885,-6.180379,-1.6994845,-1.4984187,3,walking
1519421725893,-6.304848,-1.6611862,-1.5462915,3,walking
1519421725898,-6.438892,-1.6899099,-1.5271424,3,walking
1519421725904,-6.5346375,-1.6611862,-1.5079932,3,walking
1519421725909,-6.6208086,-1.6516117,-1.5175679,3,walking
1519421725915,-6.6495323,-1.7186337,-1.4888442,3,walking
1519421725920,-6.7069798,-1.7186337,-1.4122477,3,walking
1519421725925,-6.7548523,-1.7856555,-1.2973529,3,walking
1519421725930,-6.7931504,-1.8143792,-1.2590547,3,walking
1519421725935,-6.8122997,-1.862252,-1.2111819,3,walking
1519421725940,-6.850598,-1.8718265,-1.1154363,3,walking
1519421725945,-6.9654927,-1.9675722,-1.0005416,3,walking
1519421725950,-7.051664,-2.0058703,-1.0101161,3,walking
1519421725955,-7.1186857,-2.0633178,-0.92394507,3,walking
1519421725960,-7.2718787,-2.0728924,-0.92394507,3,walking
1519421725965,-7.5303917,-2.187787,-0.85692316,3,walking
1519421725971,-7.693159,-2.2260852,-0.8281995,3,walking
1519421725976,-7.9899707,-2.3505547,-0.7228793,3,walking
1519421725981,-8.124015,-2.3697038,-0.665432,3,walking
1519421725986,-8.210186,-2.4175766,-0.6271337,3,walking
1519421725991,-8.315506,-2.4175766,-0.56968635,3,walking
1519421725996,-8.44955,-2.494173,-0.46436617,3,walking
1519421726001,-8.545295,-2.513322,-0.39734426,3,walking
1519421726007,-8.755936,-2.580344,-0.30159867,3,walking
1519421726012,-8.880404,-2.6282167,-0.27287498,3,walking
1519421726017,-9.062322,-2.7048132,-0.22500217,3,walking
1519421726022,-9.196365,-2.7048132,-0.19627848,3,walking
1519421726027,-9.320834,-2.7239625,-0.110107444,3,walking
1519421726034,-9.847435,-2.5994933,-0.17712937,3,walking
1519421726039,-10.105948,-2.5707695,-0.2154276,3,walking
1519421726044,-10.469782,-2.4175766,-0.46436617,3,walking
1519421726049,-10.958084,-2.2452345,-0.7324539,3,walking
1519421726054,-12.279374,-1.79523,-1.4026731,3,walking
1519421726060,-13.064487,-1.6611862,-1.8048047,3,walking
1519421726067,-13.7730055,-1.5367169,-2.149489,3,walking
1519421726074,-14.711312,-1.5175679,-2.88673,3,walking
1519421726080,-14.615566,-1.5941644,-2.9441774,3,walking
1519421726118,-10.852764,-2.9441774,-0.6845811,3,walking
1519421726125,-10.335738,-3.126094,-0.4356425,3,walking
1519421726129,-10.29744,-3.2505634,-0.40691882,3,walking
1519421726133,-10.268716,-3.2792869,-0.39734426,3,walking
1519421726138,-10.307014,-3.2026904,-0.33032233,3,walking
1519421726144,-10.910212,-3.0686467,-0.512239,3,walking
1519421726149,-11.417664,-2.9346027,-0.56011176,3,walking
1519421726153,-11.982562,-2.800559,-0.6271337,3,walking
1519421726158,-12.480439,-2.7431116,-0.6558574,3,walking
1519421726165,-13.571939,-2.5994933,-0.92394507,3,walking
1519421726170,-14.117689,-2.5994933,-1.0962871,3,walking
1519421726174,-14.510246,-2.5899186,-1.2399056,3,walking
1519421726247,-11.302769,-1.6324625,-2.647366,3,walking
1519421726254,-10.785743,-1.6611862,-2.2069361,3,walking
1519421726259,-10.651698,-1.622888,-1.9962958,3,walking
1519421726268,-10.431483,-1.3452257,-1.5654407,3,walking
1519421726274,-9.579348,-1.3452257,-1.1058618,3,walking
1519421726279,-9.31126,-1.4409714,-0.9430942,3,walking
1519421726284,-8.966576,-1.5750152,-0.93351966,3,walking
1519421726288,-8.727212,-1.6899099,-0.70373017,3,walking
1519421726293,-8.727212,-1.6899099,-0.70373017,3,walking
1519421726298,-8.2676325,-1.8909757,-0.5313881,3,walking
1519421726304,-8.143164,-1.9579976,-0.78032666,3,walking
1519421726309,-8.00912,-2.1111906,-0.9430942,3,walking
1519421726314,-7.922949,-2.254809,-1.1345854,3,walking
1519421726318,-7.808054,-2.3122563,-1.2686293,3,walking
1519421726324,-7.4729443,-2.2931073,-1.2399056,3,walking
1519421726328,-7.3006024,-2.2835326,-1.3643749,3,walking
1519421726333,-7.156984,-2.2452345,-1.5175679,3,walking
1519421726338,-7.051664,-2.3314054,-1.5750152,3,walking
1519421726344,-7.1186857,-2.5228968,-1.9962958,3,walking
1519421726349,-7.0612383,-2.6856642,-2.1111906,3,walking
1519421726358,-6.9080453,-2.819708,-2.1303396,3,walking
1519421726364,-6.869747,-2.7622607,-2.1303396,3,walking
1519421726369,-6.8888965,-2.7718353,-2.0633178,3,walking
1519421726374,-6.898471,-2.8484318,-1.9771467,3,walking
1519421726379,-6.8793216,-2.8388572,-1.9005502,3,walking
1519421726384,-6.8122997,-2.88673,-1.7282082,3,walking
1519421726389,-6.8027253,-2.9824755,-1.6133134,3,walking
1519421726394,-6.783576,-3.173967,-1.469695,3,walking
1519421726398,-6.7548523,-3.3271596,-1.4218222,3,walking
1519421726403,-6.7740016,-3.4803526,-1.383524,3,walking
1519421726408,-6.783576,-3.5473747,-1.3260766,3,walking
1519421726414,-6.764427,-3.6143966,-1.2207564,3,walking
1519421726418,-6.7931504,-3.6431203,-1.2016073,3,walking
1519421726423,-6.8122997,-3.604822,-1.1824582,3,walking
1519421726428,-6.8027253,-3.5378,-1.1345854,3,walking
1519421726434,-6.9080453,-3.4612036,-1.2782038,3,walking
1519421726439,-6.975067,-3.4133308,-1.3452257,3,walking
1519421726444,-7.137835,-3.193116,-1.2399056,3,walking
1519421726449,-7.137835,-3.193116,-1.2399056,3,walking
1519421726454,-7.176133,-2.9824755,-1.0867126,3,walking
1519421726459,-7.2335806,-2.9250283,-1.0388398,3,walking
1519421726463,-7.3006024,-2.8580062,-0.9526688,3,walking
1519421726468,-7.5303917,-2.867581,-0.85692316,3,walking
1519421726473,-7.6261373,-2.905879,-0.8760723,3,walking
1519421726478,-7.741032,-2.8484318,-0.7994758,3,walking
1519421726483,-7.855927,-2.752686,-0.6079846,3,walking
1519421726488,-7.855927,-2.6377914,-0.49308985,3,walking
1519421726493,-7.8846507,-2.580344,-0.44521707,3,walking
1519421726498,-7.9420977,-2.494173,-0.39734426,3,walking
1519421726504,-8.056993,-2.427151,-0.27287498,3,walking
1519421726509,-8.171887,-2.3888528,-0.2154276,3,walking
1519421726514,-8.315506,-2.360129,-0.16755481,3,walking
1519421726519,-8.315506,-2.360129,-0.16755481,3,walking
1519421726524,-8.420826,-2.2165108,-0.03351096,3,walking
1519421726528,-8.459125,-2.187787,0.0,3,walking
1519421726537,-8.593168,-2.1782124,-0.043085523,3,walking
1519421726544,-8.765511,-2.0824668,-0.14840569,3,walking
1519421726548,-8.870831,-2.0441687,-0.2441513,3,walking
1519421726553,-8.995299,-1.8814012,-0.4356425,3,walking
1519421726558,-9.043172,-1.8335283,-0.46436617,3,walking
1519421726563,-9.20594,-1.7473572,-0.5505372,3,walking
1519421726569,-9.272962,-1.6899099,-0.61755913,3,walking
1519421726574,-9.5889225,-1.7377827,-0.8952214,3,walking
1519421726578,-9.732541,-1.7665064,-0.98139244,3,walking
1519421726583,-9.885734,-1.8143792,-0.93351966,3,walking
1519421726587,-10.010203,-1.8335283,-1.0292653,3,walking
1519421726594,-10.19212,-1.9867213,-0.9718179,3,walking
1519421726598,-10.249567,-2.0728924,-0.8856468,3,walking
1519421726607,-10.40276,-2.1973617,-0.8090504,3,walking
1519421726613,-10.479357,-2.254809,-0.69415563,3,walking
1519421726619,-10.479357,-2.3026817,-0.6079846,3,walking
1519421726623,-10.527229,-2.3314054,-0.4835153,3,walking
1519421726629,-10.527229,-2.3314054,-0.4835153,3,walking
1519421726634,-10.6134,-2.2931073,-0.39734426,3,walking
1519421726638,-10.642124,-2.2739582,-0.34947145,3,walking
1519421726644,-10.776168,-2.1399143,-0.32074776,3,walking
1519421726649,-10.862339,-2.0824668,-0.28244954,3,walking
1519421726653,-10.891063,-1.948423,-0.3111732,3,walking
1519421726657,-11.044255,-1.8718265,-0.2920241,3,walking
1519421726664,-11.226172,-1.7569319,-0.25372586,3,walking
1519421726668,-11.28362,-1.709059,-0.2154276,3,walking
1519421726673,-11.36979,-1.6899099,-0.18670394,3,walking
1519421726677,-11.417664,-1.6611862,-0.18670394,3,walking
1519421726684,-11.532558,-1.6707608,-0.2920241,3,walking
1519421726688,-11.561282,-1.6803354,-0.32074776,3,walking
1519421726697,-11.7049,-1.5845897,-0.512239,3,walking
1519421726703,-11.676176,-1.5175679,-0.7324539,3,walking
1519421726709,-11.637878,-1.4888442,-0.8090504,3,walking
1519421726714,-11.446387,-1.4505459,-0.8952214,3,walking
1519421726719,-11.446387,-1.4505459,-0.8952214,3,walking
1519421726724,-11.168725,-1.4218222,-0.9718179,3,walking
1519421726728,-10.977234,-1.4122477,-1.0196906,3,walking
1519421726733,-10.651698,-1.2494801,-1.2399056,3,walking
1519421726738,-10.632549,-1.1250108,-1.4888442,3,walking
1519421726743,-10.71872,-1.0196906,-1.7856555,3,walking
1519421726748,-10.977234,-0.9718179,-2.1782124,3,walking
1519421726754,-12.078308,-1.1058618,-2.3697038,3,walking
1519421726759,-12.6527815,-1.3165021,-2.1973617,3,walking
1519421726764,-13.141085,-1.6611862,-1.9196993,3,walking
1519421726771,-13.591088,-2.5037475,-1.3739494,3,walking
1519421726776,-13.658111,-3.020774,-1.0675635,3,walking
1519421726780,-13.658111,-3.451629,-0.8090504,3,walking
1519421726822,-10.919786,-2.3888528,-1.8335283,3,walking
1519421726830,-10.82404,-2.101616,-2.0250196,3,walking
1519421726838,-10.804892,-1.4122477,-2.4367256,3,walking
1519421726844,-10.757019,-0.7994758,-2.5228968,3,walking
1519421726849,-10.862339,-0.5505372,-2.7622607,3,walking
1519421726853,-11.044255,-0.44521707,-3.0016246,3,walking
1519421726858,-11.254896,-0.46436617,-3.3750327,3,walking
1519421726863,-11.618729,-0.56968635,-3.4612036,3,walking
1519421726868,-11.752773,-0.54096264,-3.4612036,3,walking
1519421726877,-11.858093,-0.63670826,-3.3080106,3,walking
1519421726883,-12.0400095,-0.76117754,-3.2409887,3,walking
1519421726888,-12.126181,-0.8856468,-3.1643922,3,walking
1519421726892,-12.174053,-0.93351966,-3.0686467,3,walking
1519421726897,-12.375119,-1.1537346,-2.88673,3,walking
1519421726903,-12.46129,-1.2494801,-2.8101335,3,walking
1519421726908,-12.604909,-1.4218222,-2.733537,3,walking
1519421726913,-12.882571,-1.8526775,-2.752686,3,walking
1519421726917,-13.112361,-2.0633178,-2.714388,3,walking
1519421726923,-13.208106,-2.3026817,-2.7814097,3,walking
1519421726928,-13.275128,-2.5228968,-2.8484318,3,walking
1519421726933,-13.284702,-2.905879,-2.9441774,3,walking
1519421726939,-13.169807,-2.8580062,-2.9346027,3,walking
1519421726944,-12.834699,-2.7718353,-2.7622607,3,walking
1519421726949,-12.537887,-2.580344,-2.7431116,3,walking
1519421726954,-12.2410755,-2.2069361,-2.6760898,3,walking
1519421726959,-12.116607,-2.0633178,-2.5899186,3,walking
1519421726964,-11.743198,-1.7856555,-2.187787,3,walking
1519421726969,-11.743198,-1.7856555,-2.187787,3,walking
1519421726974,-11.522984,-1.6707608,-2.1973617,3,walking
1519421726979,-11.312344,-1.6516117,-2.149489,3,walking
1519421726985,-10.871913,-1.5750152,-1.9867213,3,walking
1519421726990,-10.651698,-1.4505459,-1.8814012,3,walking
1519421726994,-10.441058,-1.4409714,-1.9675722,3,walking
1519421727000,-9.943181,-1.4122477,-1.948423,3,walking
1519421727005,-9.809137,-1.3260766,-1.7665064,3,walking
1519421727009,-9.703817,-1.3165021,-1.7569319,3,walking
1519421727014,-9.502751,-1.383524,-1.862252,3,walking
1519421727018,-9.253813,-1.4313968,-1.8335283,3,walking
1519421727023,-9.071896,-1.469695,-1.8239537,3,walking
1519421727028,-9.043172,-1.4505459,-1.8431029,3,walking
1519421727033,-8.9761505,-1.4601204,-1.9005502,3,walking
1519421727039,-8.918703,-1.5845897,-1.9579976,3,walking
1519421727044,-8.784659,-1.862252,-2.2931073,3,walking
1519421727049,-8.736787,-1.929274,-2.3505547,3,walking
1519421727054,-8.55487,-2.168638,-2.5037475,3,walking
1519421727059,-8.55487,-2.168638,-2.5037475,3,walking
1519421727064,-8.34423,-2.3314054,-2.5994933,3,walking
1519421727069,-8.286782,-2.3984275,-2.5899186,3,walking
1519421727075,-8.277207,-2.475024,-2.714388,3,walking
1519421727079,-8.277207,-2.561195,-2.8101335,3,walking
1519421727084,-8.258059,-2.5994933,-2.8388572,3,walking
1519421727090,-8.23891,-2.5994933,-2.8101335,3,walking
1519421727095,-8.1623125,-2.5899186,-2.819708,3,walking
1519421727100,-8.095291,-2.5420458,-2.752686,3,walking
1519421727105,-8.037844,-2.494173,-2.7622607,3,walking
1519421727110,-7.9899707,-2.4367256,-2.666515,3,walking
1519421727115,-7.9708214,-2.4175766,-2.6856642,3,walking
1519421727120,-7.8846507,-2.2931073,-2.561195,3,walking
1519421727126,-7.875076,-2.254809,-2.494173,3,walking
1519421727130,-7.846352,-2.1782124,-2.4654493,3,walking
1519421727135,-7.855927,-2.0633178,-2.4845984,3,walking
1519421727139,-7.8367777,-2.034594,-2.513322,3,walking
1519421727143,-7.8176284,-1.9579976,-2.3888528,3,walking
1519421727148,-7.8176284,-1.9579976,-2.3888528,3,walking
1519421727153,-7.7793303,-1.9388485,-2.3026817,3,walking
1519421727159,-7.7601814,-1.9101248,-2.2643836,3,walking
1519421727163,-7.693159,-1.9196993,-2.254809,3,walking
1519421727169,-7.6835847,-1.9579976,-2.2260852,3,walking
1519421727174,-7.654861,-1.9579976,-2.2069361,3,walking
1519421727179,-7.616563,-1.9867213,-2.149489,3,walking
1519421727184,-7.5591154,-2.034594,-2.1973617,3,walking
1519421727189,-7.511243,-2.0728924,-2.149489,3,walking
1519421727193,-7.4250717,-2.0728924,-2.1590633,3,walking
1519421727197,-7.4059224,-2.1207652,-2.2069361,3,walking
1519421727203,-7.243155,-2.1590633,-2.0920415,3,walking
1519421727207,-7.2144313,-2.168638,-2.187787,3,walking
1519421727212,-7.12826,-2.1303396,-2.1111906,3,walking
1519421727217,-7.0803876,-2.1590633,-2.0920415,3,walking
1519421727223,-6.936769,-2.1111906,-1.9867213,3,walking
1519421727228,-6.8793216,-2.0920415,-1.8431029,3,walking
1519421727233,-6.6495323,-2.0920415,-1.7186337,3,walking
1519421727239,-6.6495323,-2.0920415,-1.7186337,3,walking
1519421727244,-6.5825105,-2.1303396,-1.622888,3,walking
1519421727248,-6.592085,-2.149489,-1.5654407,3,walking
1519421727253,-6.5346375,-2.187787,-1.5462915,3,walking
1519421727257,-6.4484663,-2.2356598,-1.4888442,3,walking
1519421727262,-6.4676156,-2.2356598,-1.4026731,3,walking
1519421727267,-6.4484663,-2.2643836,-1.3739494,3,walking
1519421727273,-6.438892,-2.3505547,-1.3165021,3,walking
1519421727277,-6.486765,-2.360129,-1.3069274,3,walking
1519421727282,-6.515488,-2.3697038,-1.2782038,3,walking
1519421727287,-6.5729356,-2.34098,-1.3069274,3,walking
1519421727293,-6.8027253,-2.3122563,-1.3260766,3,walking
1519421727297,-6.936769,-2.3122563,-1.3165021,3,walking
1519421727302,-7.0612383,-2.254809,-1.3356512,3,walking
1519421727307,-7.195282,-2.2452345,-1.3739494,3,walking
1519421727312,-7.3006024,-2.2643836,-1.3548003,3,walking
1519421727317,-7.5782647,-2.2452345,-1.4218222,3,walking
1519421727322,-7.741032,-2.2165108,-1.4122477,3,walking
1519421727326,-7.8655014,-2.1973617,-1.383524,3,walking
1519421727333,-8.095291,-2.168638,-1.3739494,3,walking
1519421727337,-8.210186,-2.1303396,-1.4313968,3,walking
1519421727346,-8.353804,-2.1111906,-1.2877784,3,walking
1519421727352,-8.420826,-2.1111906,-1.1250108,3,walking
1519421727357,-8.401677,-2.1207652,-1.0579889,3,walking
1519421727363,-8.372953,-2.0633178,-0.99096704,3,walking
1519421727367,-8.34423,-2.0537431,-0.91437054,3,walking
1519421727372,-8.296356,-1.9962958,-0.8473486,3,walking
1519421727376,-8.258059,-1.9867213,-0.77075213,3,walking
1519421727383,-8.23891,-1.9962958,-0.5792609,3,walking
1519421727387,-8.248484,-1.9867213,-0.47394073,3,walking
1519421727392,-8.248484,-2.0250196,-0.3877697,3,walking
1519421727396,-8.277207,-2.034594,-0.3111732,3,walking
1519421727402,-8.34423,-2.0920415,-0.2154276,3,walking
1519421727407,-8.363379,-2.149489,-0.13883112,3,walking
1519421727416,-8.506997,-2.2260852,-0.043085523,3,walking
1519421727422,-8.7750845,-2.254809,-0.05266008,3,walking
1519421727427,-9.052747,-2.2069361,-0.11968201,3,walking
1519421727432,-9.320834,-2.2165108,-0.25372586,3,walking
1519421727437,-10.0868,-2.1111906,-0.665432,3,walking
1519421727442,-10.689997,-1.929274,-0.9718179,3,walking
1519421727447,-11.302769,-1.9005502,-1.3165021,3,walking
1519421727454,-12.614484,-1.8814012,-2.0058703,3,walking
1519421727459,-13.141085,-1.9005502,-2.187787,3,walking
1519421727464,-13.399597,-1.9675722,-2.2069361,3,walking
1519421727506,-10.374036,-2.9920502,-0.8760723,3,walking
1519421727514,-9.426155,-3.078221,-0.56968635,3,walking
1519421727522,-9.091045,-2.9154537,-0.4356425,3,walking
1519421727527,-9.0814705,-2.8292825,-0.50266445,3,walking
1519421727532,-9.20594,-2.7431116,-0.64628285,3,walking
1519421727537,-9.454879,-2.5516202,-0.8281995,3,walking
1519421727542,-10.19212,-2.2069361,-1.0771381,3,walking
1519421727547,-10.699572,-2.101616,-1.2111819,3,walking
1519421727552,-11.293194,-2.0633178,-1.3643749,3,walking
1519421727556,-11.848518,-2.0441687,-1.4505459,3,walking
1519421727563,-13.093211,-2.1111906,-1.6133134,3,walking
1519421727568,-13.648536,-2.1399143,-1.6037389,3,walking
1519421727572,-14.050668,-2.2356598,-1.6420372,3,walking
1519421727615,-13.1602335,-2.5707695,-2.1590633,3,walking
1519421727624,-12.633633,-2.2356598,-2.1973617,3,walking
1519421727632,-12.011286,-2.101616,-2.168638,3,walking
1519421727639,-11.532558,-1.8718265,-1.8909757,3,walking
1519421727646,-11.254896,-1.8048047,-1.7856555,3,walking
1519421727652,-10.82404,-1.8814012,-1.5750152,3,walking
1519421727657,-10.680422,-1.9005502,-1.5750152,3,walking
1519421727661,-10.565528,-1.8431029,-1.469695,3,walking
1519421727666,-10.536804,-1.7856555,-1.4601204,3,walking
1519421727672,-10.172971,-1.5558661,-1.1154363,3,walking
1519421727677,-9.914457,-0.9718179,-0.4356425,3,walking
1519421727686,-9.004874,-1.2590547,-0.36862057,3,walking
1519421727692,-9.004874,-1.5462915,-0.665432,3,walking
1519421727697,-9.158067,-1.5462915,-0.69415563,3,walking
1519421727702,-8.937852,-1.862252,-0.8090504,3,walking
1519421727707,-8.6697645,-2.015445,-0.90479594,3,walking
1519421727712,-8.4686985,-2.1111906,-0.98139244,3,walking
1519421727717,-8.372953,-2.3122563,-1.2303311,3,walking
1519421727722,-8.133589,-2.6377914,-1.4601204,3,walking
1519421727727,-8.018694,-2.666515,-1.4505459,3,walking
1519421727731,-7.9325233,-2.7239625,-1.5558661,3,walking
1519421727737,-7.8655014,-2.752686,-1.7282082,3,walking
1519421727742,-7.788905,-2.6090677,-1.6516117,3,walking
1519421727748,-7.6835847,-2.6760898,-1.6420372,3,walking
1519421727753,-7.587839,-2.647366,-1.4601204,3,walking
1519421727757,-7.587839,-2.647366,-1.4601204,3,walking
1519421727762,-7.56869,-2.7718353,-1.3739494,3,walking
1519421727766,-7.788905,-3.039923,-1.5941644,3,walking
1519421727771,-7.9037995,-3.1356685,-1.5654407,3,walking
1519421727776,-7.9325233,-3.2218397,-1.4888442,3,walking
1519421727782,-7.7984796,-3.2792869,-1.3260766,3,walking
1519421727787,-7.741032,-3.2697124,-1.2973529,3,walking
1519421727792,-7.5591154,-3.2601378,-1.2782038,3,walking
1519421727798,-7.4729443,-3.3367343,-1.1537346,3,walking
1519421727802,-7.4154973,-3.3175852,-1.0867126,3,walking
1519421727808,-7.3197513,-3.3271596,-0.98139244,3,walking
1519421727813,-7.2335806,-3.3271596,-0.93351966,3,walking
1519421727818,-7.2335806,-3.2984362,-0.8952214,3,walking
1519421727822,-7.204857,-3.2505634,-0.8760723,3,walking
1519421727827,-7.2240057,-3.193116,-0.90479594,3,walking
1519421727832,-7.2240057,-2.9824755,-0.85692316,3,walking
1519421727837,-7.195282,-2.8388572,-0.83777404,3,walking
1519421727842,-7.195282,-2.7048132,-0.76117754,3,walking
1519421727847,-7.2240057,-2.6090677,-0.8186249,3,walking
1519421727852,-7.4154973,-2.5707695,-0.9622433,3,walking
1519421727857,-7.4729443,-2.513322,-0.9430942,3,walking
1519421727861,-7.56869,-2.475024,-0.8760723,3,walking
1519421727866,-7.664436,-2.4463003,-0.9526688,3,walking
1519421727871,-7.9325233,-2.34098,-1.0771381,3,walking
1519421727876,-8.066567,-2.2260852,-1.0388398,3,walking
1519421727881,-8.2676325,-1.9675722,-1.0005416,3,walking
1519421727886,-8.2676325,-1.9675722,-1.0005416,3,walking
1519421727892,-8.487848,-1.8048047,-0.8952214,3,walking
1519421727896,-8.602742,-1.7473572,-0.8281995,3,walking
1519421727902,-8.899554,-1.7569319,-0.92394507,3,walking
1519421727907,-8.957002,-1.7186337,-0.8952214,3,walking
1519421727911,-8.985725,-1.6707608,-0.78032666,3,walking
1519421727916,-8.947427,-1.622888,-0.76117754,3,walking
1519421727922,-8.957002,-1.4888442,-0.6845811,3,walking
1519421727927,-8.928278,-1.4313968,-0.6845811,3,walking
1519421727932,-8.918703,-1.4218222,-0.70373017,3,walking
1519421727937,-8.918703,-1.4218222,-0.70373017,3,walking
1519421727941,-8.947427,-1.383524,-0.69415563,3,walking
1519421727946,-8.995299,-1.383524,-0.8090504,3,walking
1519421727951,-9.014449,-1.3930986,-0.85692316,3,walking
1519421727956,-8.985725,-1.4218222,-0.9526688,3,walking
1519421727961,-9.091045,-1.383524,-0.9718179,3,walking
1519421727967,-9.158067,-1.4026731,-1.0867126,3,walking
1519421727972,-9.349558,-1.4218222,-1.1250108,3,walking
1519421727977,-9.349558,-1.4218222,-1.1250108,3,walking
1519421727981,-9.617646,-1.4313968,-1.1920328,3,walking
1519421727987,-9.75169,-1.4505459,-1.2494801,3,walking
1519421727991,-10.115523,-1.3739494,-1.1728836,3,walking
1519421727997,-10.278291,-1.4313968,-1.2494801,3,walking
1519421728002,-10.5080805,-1.4792696,-1.2494801,3,walking
1519421728007,-10.71872,-1.5558661,-1.2782038,3,walking
1519421728011,-11.005958,-1.6516117,-1.2686293,3,walking
1519421728017,-11.446387,-1.9005502,-1.2207564,3,walking
1519421728021,-11.685751,-2.015445,-1.1537346,3,walking
1519421728027,-11.848518,-2.101616,-1.1250108,3,walking
1519421728031,-12.145329,-2.1590633,-0.9526688,3,walking
1519421728037,-12.260224,-2.187787,-0.92394507,3,walking
1519421728041,-12.279374,-2.1303396,-0.8664977,3,walking
1519421728046,-12.308098,-2.1399143,-0.78032666,3,walking
1519421728051,-12.221927,-1.9962958,-0.77075213,3,walking
1519421728057,-12.126181,-1.862252,-0.78990126,3,walking
1519421728063,-11.915541,-1.622888,-0.90479594,3,walking
1519421728074,-11.618729,-1.0962871,-1.0292653,3,walking
1519421728078,-11.484685,-0.9430942,-1.1058618,3,walking
1519421728084,-11.350641,-0.8281995,-1.1824582,3,walking
1519421728089,-11.28362,-0.70373017,-1.1920328,3,walking
1519421728094,-11.101703,-0.5313881,-1.3739494,3,walking
1519421728099,-11.063405,-0.47394073,-1.4313968,3,walking
1519421728104,-11.207023,-0.39734426,-1.6516117,3,walking
1519421728109,-11.752773,-0.27287498,-2.360129,3,walking
1519421728114,-12.269799,-0.33032233,-2.6377914,3,walking
1519421728118,-12.786825,-0.50266445,-2.8101335,3,walking
1519421728123,-13.3612995,-0.8186249,-2.752686,3,walking
1519421728131,-14.060242,-2.408002,-2.1399143,3,walking
1519421728136,-14.060242,-2.408002,-2.1399143,3,walking
1519421728141,-13.935773,-2.9537518,-2.015445,3,walking
1519421728146,-13.4666195,-3.6431203,-1.7856555,3,walking
1519421728184,-10.757019,-2.3888528,-2.494173,3,walking
1519421728194,-10.527229,-1.7377827,-2.5228968,3,walking
1519421728201,-10.431483,-1.2494801,-2.3792782,3,walking
1519421728207,-10.431483,-1.2494801,-2.3792782,3,walking
1519421728211,-10.431483,-1.2494801,-2.3792782,3,walking
1519421728216,-10.374036,-0.7228793,-2.1303396,3,walking
1519421728221,-10.335738,-0.63670826,-2.0824668,3,walking
1519421728226,-10.335738,-0.6079846,-2.0058703,3,walking
1519421728231,-10.412334,-0.4164934,-1.9101248,3,walking
1519421728236,-10.431483,-0.4164934,-1.9101248,3,walking
1519421728241,-10.450633,-0.5313881,-1.9962958,3,walking
1519421728246,-10.450633,-0.5313881,-1.9962958,3,walking
1519421728251,-10.517654,-0.751603,-2.0537431,3,walking
1519421728256,-10.546378,-0.91437054,-2.1207652,3,walking
1519421728261,-10.575102,-1.0484143,-2.1111906,3,walking
1519421728266,-10.517654,-1.2782038,-2.0633178,3,walking
1519421728271,-10.546378,-1.4122477,-2.0728924,3,walking
1519421728276,-10.594251,-1.6803354,-2.168638,3,walking
1519421728281,-10.833615,-2.2165108,-2.360129,3,walking
1519421728286,-10.92936,-2.513322,-2.4175766,3,walking
1519421728290,-11.015532,-2.819708,-2.513322,3,walking
1519421728295,-11.044255,-3.0973704,-2.5516202,3,walking
1519421728301,-11.044255,-3.4803526,-2.6090677,3,walking
1519421728306,-11.05383,-3.6239712,-2.6856642,3,walking
1519421728311,-11.063405,-3.7484405,-2.7718353,3,walking
1519421728315,-11.05383,-3.7484405,-2.752686,3,walking
1519421728321,-11.063405,-3.6335456,-2.647366,3,walking
1519421728326,-10.94851,-3.604822,-2.905879,3,walking
1519421728331,-10.689997,-3.6526947,-3.1165195,3,walking
1519421728336,-10.689997,-3.6526947,-3.1165195,3,walking
1519421728341,-10.642124,-3.384607,-3.0111992,3,walking
1519421728345,-10.584677,-3.3558834,-2.972901,3,walking
1519421728351,-10.527229,-3.0494976,-2.6090677,3,walking
1519421728355,-10.555953,-2.9154537,-2.5707695,3,walking
1519421728360,-10.555953,-2.9154537,-2.5707695,3,walking
1519421728365,-10.383611,-2.666515,-2.3026817,3,walking
1519421728371,-10.316589,-2.5420458,-2.187787,3,walking
1519421728375,-10.268716,-2.475024,-2.187787,3,walking
1519421728380,-10.0868,-2.513322,-2.1111906,3,walking
1519421728386,-9.924032,-2.513322,-2.1399143,3,walking
1519421728391,-9.809137,-2.427151,-2.101616,3,walking
1519421728395,-9.6942425,-2.2260852,-2.0250196,3,walking
1519421728401,-9.54105,-2.149489,-2.034594,3,walking
1519421728406,-9.407005,-2.101616,-2.015445,3,walking
1519421728411,-9.244238,-1.9579976,-1.9388485,3,walking
1519421728416,-9.167642,-1.8814012,-1.8526775,3,walking
1519421728421,-8.995299,-1.7665064,-1.9005502,3,walking
1519421728426,-8.995299,-1.7665064,-1.9005502,3,walking
1519421728430,-8.861256,-1.8048047,-2.0537431,3,walking
1519421728435,-8.813383,-1.8431029,-2.1399143,3,walking
1519421728440,-8.631466,-1.862252,-2.168638,3,walking
1519421728445,-8.497422,-1.8335283,-2.1303396,3,walking
1519421728450,-8.430401,-1.8143792,-2.187787,3,walking
1519421728456,-8.392102,-1.8526775,-2.2069361,3,walking
1519421728461,-8.382527,-1.9196993,-2.2931073,3,walking
1519421728466,-8.439975,-2.101616,-2.4175766,3,walking
1519421728470,-8.44955,-2.1590633,-2.4463003,3,walking
1519421728475,-8.439975,-2.2356598,-2.475024,3,walking
1519421728481,-8.497422,-2.254809,-2.4558747,3,walking
1519421728486,-8.506997,-2.2260852,-2.4558747,3,walking
1519421728491,-8.535721,-2.2069361,-2.4654493,3,walking
1519421728496,-8.535721,-2.2069361,-2.4654493,3,walking
1519421728500,-8.487848,-2.254809,-2.513322,3,walking
1519421728505,-8.411251,-2.3026817,-2.5324712,3,walking
1519421728510,-8.34423,-2.34098,-2.513322,3,walking
1519421728516,-8.34423,-2.34098,-2.513322,3,walking
1519421728521,-8.200611,-2.427151,-2.513322,3,walking
1519421728526,-8.11444,-2.427151,-2.5420458,3,walking
1519421728531,-7.9133744,-2.4175766,-2.5037475,3,walking
1519421728536,-7.8367777,-2.5037475,-2.5420458,3,walking
1519421728540,-7.7601814,-2.4845984,-2.5324712,3,walking
1519421728546,-7.616563,-2.4845984,-2.5420458,3,walking
1519421728550,-7.4154973,-2.475024,-2.4845984,3,walking
1519421728555,-7.348475,-2.4654493,-2.4463003,3,walking
1519421728560,-7.2335806,-2.4845984,-2.4845984,3,walking
1519421728565,-7.176133,-2.4367256,-2.3984275,3,walking
1519421728570,-7.0612383,-2.4654493,-2.360129,3,walking
1519421728576,-6.9080453,-2.427151,-2.3026817,3,walking
1519421728581,-6.8601727,-2.3792782,-2.3314054,3,walking
1519421728586,-6.8601727,-2.3792782,-2.3314054,3,walking
1519421728591,-6.7740016,-2.360129,-2.3026817,3,walking
1519421728596,-6.7357035,-2.360129,-2.2931073,3,walking
1519421728601,-6.611234,-2.321831,-2.2260852,3,walking
1519421728605,-6.611234,-2.321831,-2.2260852,3,walking
1519421728611,-6.525063,-2.254809,-2.168638,3,walking
1519421728616,-6.4676156,-2.2260852,-2.1111906,3,walking
1519421728621,-6.438892,-2.1973617,-2.0633178,3,walking
1519421728626,-6.4676156,-2.1973617,-1.9867213,3,walking
1519421728631,-6.4676156,-2.1782124,-1.9579976,3,walking
1519421728636,-6.515488,-2.149489,-1.9005502,3,walking
1519421728641,-6.544212,-2.1782124,-1.8526775,3,walking
1519421728646,-6.639958,-2.187787,-1.8335283,3,walking
1519421728651,-6.898471,-2.2643836,-1.7377827,3,walking
1519421728656,-6.898471,-2.2643836,-1.7377827,3,walking
1519421728660,-7.051664,-2.2835326,-1.7473572,3,walking
1519421728665,-7.3676243,-2.3122563,-1.6516117,3,walking
1519421728671,-7.5399666,-2.34098,-1.6324625,3,walking
1519421728675,-7.702734,-2.3888528,-1.6611862,3,walking
1519421728681,-7.9708214,-2.5037475,-1.5941644,3,walking
1519421728685,-8.076141,-2.561195,-1.5079932,3,walking
1519421728690,-8.210186,-2.561195,-1.5175679,3,walking
1519421728695,-8.315506,-2.6186423,-1.5175679,3,walking
1519421728701,-8.526146,-2.6186423,-1.5079932,3,walking
1519421728706,-8.602742,-2.6282167,-1.5271424,3,walking
1519421728711,-8.717637,-2.5899186,-1.5654407,3,walking
1519421728716,-8.7750845,-2.5420458,-1.5941644,3,walking
1519421728720,-8.794233,-2.5324712,-1.5941644,3,walking
1519421728725,-8.851681,-2.4654493,-1.5845897,3,walking
1519421728730,-8.870831,-2.427151,-1.6037389,3,walking
1519421728736,-8.918703,-2.2931073,-1.5367169,3,walking
1519421728740,-8.966576,-2.2452345,-1.4888442,3,walking
1519421728746,-9.014449,-2.1399143,-1.4792696,3,walking
1519421728751,-9.110194,-2.0824668,-1.4122477,3,walking
1519421728756,-9.196365,-2.0824668,-1.3548003,3,walking
1519421728761,-9.2825365,-2.1111906,-1.1633091,3,walking
1519421728766,-9.2825365,-2.1111906,-1.1633091,3,walking
1519421728771,-9.349558,-2.1973617,-0.93351966,3,walking
1519421728776,-9.3878565,-2.2452345,-0.76117754,3,walking
1519421728780,-9.397431,-2.2739582,-0.64628285,3,walking
1519421728785,-9.426155,-2.2931073,-0.5218136,3,walking
1519421728790,-9.464453,-2.408002,-0.32074776,3,walking
1519421728795,-9.483603,-2.4463003,-0.2441513,3,walking
1519421728800,-9.598496,-2.4845984,-0.2920241,3,walking
1519421728806,-9.809137,-2.5420458,-0.2441513,3,walking
1519421728811,-10.048501,-2.5228968,-0.359046,3,walking
1519421728816,-10.345312,-2.4463003,-0.36862057,3,walking
1519421728821,-10.747444,-2.360129,-0.5313881,3,walking
1519421728826,-11.905966,-2.1973617,-0.9718179,3,walking
1519421728831,-12.987891,-2.2260852,-1.5271424,3,walking
1519421728838,-13.23683,-2.3314054,-1.6037389,3,walking
1519421728844,-13.074062,-2.4845984,-1.4313968,3,walking
1519421728849,-12.67193,-2.475024,-1.2686293,3,walking
1519421728854,-12.2410755,-2.4463003,-1.1058618,3,walking
1519421728890,-9.177217,-2.2165108,-0.14840569,3,walking
1519421728898,-9.0814705,-2.1111906,-0.16755481,3,walking
1519421728905,-9.263388,-1.6994845,-0.40691882,3,walking
1519421728913,-9.426155,-1.6037389,-0.47394073,3,walking
1519421728917,-9.914457,-1.5654407,-0.64628285,3,walking
1519421728922,-10.364462,-1.5941644,-0.751603,3,walking
1519421728926,-10.364462,-1.5941644,-0.751603,3,walking
1519421728930,-11.226172,-1.5558661,-0.8090504,3,walking
1519421728935,-11.609155,-1.6420372,-0.7324539,3,walking
1519421728940,-11.982562,-1.7665064,-0.7324539,3,walking
1519421728945,-12.422992,-1.8431029,-0.751603,3,walking
1519421728951,-13.275128,-2.1207652,-0.9718179,3,walking
1519421728956,-13.552791,-2.254809,-1.0101161,3,walking
1519421728961,-13.868751,-2.3122563,-1.2111819,3,walking
1519421728965,-13.868751,-2.3122563,-1.2111819,3,walking
1519421728970,-13.705983,-2.254809,-1.2111819,3,walking
1519421728975,-13.571939,-2.2356598,-1.3069274,3,walking
1519421729003,-12.595334,-1.9101248,-2.2260852,3,walking
1519421729011,-11.925115,-1.9867213,-2.0441687,3,walking
1519421729019,-11.609155,-1.9579976,-1.8909757,3,walking
1519421729025,-11.015532,-1.8814012,-1.5079932,3,walking
1519421729030,-10.833615,-1.8431029,-1.3452257,3,walking
1519421729035,-10.670848,-1.8526775,-1.2399056,3,walking
1519421729040,-10.412334,-1.9196993,-1.1154363,3,walking
1519421729045,-10.259142,-1.9579976,-1.0675635,3,walking
1519421729050,-10.010203,-1.862252,-0.8664977,3,walking
1519421729055,-10.010203,-1.862252,-0.8664977,3,walking
1519421729060,-9.41658,-1.9101248,-0.665432,3,walking
1519421729065,-9.138918,-1.948423,-0.61755913,3,walking
1519421729070,-8.861256,-2.0728924,-0.751603,3,walking
1519421729075,-8.727212,-2.1207652,-0.8090504,3,walking
1519421729080,-8.545295,-2.2643836,-0.76117754,3,walking
1519421729085,-8.363379,-2.427151,-0.8281995,3,walking
1519421729089,-8.286782,-2.5228968,-0.85692316,3,walking
1519421729094,-8.124015,-2.6282167,-1.0005416,3,walking
1519421729100,-8.11444,-2.7814097,-1.1345854,3,walking
1519421729105,-8.076141,-2.7814097,-1.0867126,3,walking
1519421729110,-7.8367777,-2.8580062,-1.1154363,3,walking
1519421729115,-7.6740103,-2.9250283,-1.1250108,3,walking
1519421729120,-7.549541,-3.078221,-1.1345854,3,walking
1519421729125,-7.4537954,-3.1452432,-1.1058618,3,walking
1519421729130,-7.46337,-3.2505634,-1.0771381,3,walking
1519421729135,-7.4729443,-3.2601378,-1.0484143,3,walking
1519421729140,-7.396348,-3.2409887,-0.9430942,3,walking
1519421729145,-7.396348,-3.2409887,-0.9430942,3,walking
1519421729149,-7.3771987,-3.1356685,-0.91437054,3,walking
1519421729155,-7.2910275,-3.1452432,-0.8856468,3,walking
1519421729160,-7.195282,-3.1356685,-0.8760723,3,walking
1519421729165,-7.2240057,-3.1069448,-0.83777404,3,walking
1519421729170,-7.2623043,-3.1165195,-0.8664977,3,walking
1519421729175,-7.329326,-3.0494976,-0.8952214,3,walking
1519421729179,-7.3389006,-2.9633265,-0.91437054,3,walking
1519421729184,-7.2718787,-2.8963046,-0.8186249,3,walking
1519421729190,-7.1665583,-2.7718353,-0.7994758,3,walking
1519421729196,-7.1665583,-2.6856642,-0.751603,3,walking
1519421729201,-7.204857,-2.6282167,-0.76117754,3,walking
1519421729206,-7.2144313,-2.561195,-0.69415563,3,walking
1519421729210,-7.2623043,-2.408002,-0.6271337,3,walking
1519421729215,-7.2623043,-2.408002,-0.6271337,3,walking
1519421729219,-7.3006024,-2.2643836,-0.42606795,3,walking
1519421729224,-7.3389006,-2.1590633,-0.36862057,3,walking
1519421729230,-7.434646,-2.101616,-0.34947145,3,walking
1519421729234,-7.434646,-2.101616,-0.34947145,3,walking
1519421729240,-7.5303917,-2.034594,-0.23457673,3,walking
1519421729245,-7.587839,-1.9962958,-0.13883112,3,walking
1519421729249,-7.7984796,-1.9196993,-0.18670394,3,walking
1519421729254,-7.8176284,-1.929274,-0.09095833,3,walking
1519421729259,-7.9325233,-1.929274,-0.043085523,3,walking
1519421729264,-8.018694,-1.9675722,-0.0718092,3,walking
1519421729269,-8.1623125,-2.0058703,0.043085523,3,walking
1519421729275,-8.296356,-2.034594,0.023936402,3,walking
1519421729280,-8.439975,-2.0441687,-0.014361841,3,walking
1519421729285,-8.564445,-2.015445,0.014361841,3,walking
1519421729289,-8.641041,-2.034594,-0.00478728,3,walking
1519421729294,-8.803808,-2.0250196,0.0,3,walking
1519421729300,-8.947427,-1.9675722,0.00478728,3,walking
1519421729305,-9.004874,-1.9101248,-0.0718092,3,walking
1519421729309,-9.052747,-1.8431029,-0.0718092,3,walking
1519421729316,-9.407005,-1.6516117,-0.27287498,3,walking
1519421729320,-9.531475,-1.5941644,-0.3398969,3,walking
1519421729326,-9.5889225,-1.5079932,-0.359046,3,walking
1519421729331,-9.713391,-1.469695,-0.5313881,3,walking
1519421729335,-9.770839,-1.4026731,-0.6271337,3,walking
1519421729339,-9.885734,-1.4026731,-0.77075213,3,walking
1519421729344,-10.010203,-1.3452257,-0.9526688,3,walking
1519421729349,-10.058076,-1.3452257,-1.0867126,3,walking
1519421729354,-10.105948,-1.3548003,-1.14416,3,walking
1519421729359,-10.019777,-1.3643749,-1.0867126,3,walking
1519421729364,-10.000628,-1.4122477,-1.1250108,3,walking
1519421729370,-10.115523,-1.469695,-1.2590547,3,walking
1519421729374,-10.105948,-1.4313968,-1.1250108,3,walking
1519421729379,-10.163396,-1.4984187,-1.1058618,3,walking
1519421729385,-10.2016945,-1.6420372,-1.14416,3,walking
1519421729390,-10.268716,-1.6707608,-1.1633091,3,walking
1519421729395,-10.335738,-1.7856555,-1.0771381,3,walking
1519421729399,-10.393186,-1.8718265,-1.0771381,3,walking
1519421729405,-10.431483,-2.0824668,-0.8952214,3,walking
1519421729410,-10.498506,-2.1399143,-0.7994758,3,walking
1519421729415,-10.642124,-2.321831,-0.69415563,3,walking
1519421729421,-10.814466,-2.475024,-0.5888355,3,walking
1519421729426,-10.814466,-2.475024,-0.5888355,3,walking
1519421729430,-10.92936,-2.494173,-0.46436617,3,walking
1519421729434,-11.044255,-2.5707695,-0.54096264,3,walking
1519421729440,-11.15915,-2.5707695,-0.5505372,3,walking
1519421729445,-11.130426,-2.5228968,-0.54096264,3,walking
1519421729449,-11.149575,-2.4463003,-0.56968635,3,walking
1519421729454,-10.977234,-2.2452345,-0.5313881,3,walking
1519421729460,-10.919786,-2.1111906,-0.61755913,3,walking
1519421729464,-10.833615,-2.0250196,-0.7420284,3,walking
1519421729469,-10.594251,-1.948423,-0.92394507,3,walking
1519421729474,-10.536804,-1.8814012,-0.9718179,3,walking
1519421729480,-10.412334,-1.8526775,-1.0867126,3,walking
1519421729484,-10.307014,-1.7665064,-1.1728836,3,walking
1519421729489,-10.125097,-1.5845897,-1.4313968,3,walking
1519421729495,-10.105948,-1.4601204,-1.6420372,3,walking
1519421729499,-10.259142,-1.3452257,-1.8814012,3,walking
1519421729504,-10.594251,-1.1633091,-2.2069361,3,walking
1519421729509,-11.791071,-1.1728836,-2.7048132,3,walking
1519421729515,-12.499589,-1.383524,-2.666515,3,walking
1519421729522,-13.418746,-2.3026817,-2.0633178,3,walking
1519421729527,-13.524067,-2.819708,-1.6899099,3,walking
1519421729532,-13.476193,-3.8920588,-0.92394507,3,walking
1519421729537,-13.246405,-4.275041,-0.6271337,3,walking
1519421729574,-10.871913,-3.9686553,-0.99096704,3,walking
1519421729583,-10.441058,-3.3941817,-1.4984187,3,walking
1519421729591,-10.163396,-2.733537,-2.0728924,3,walking
1519421729599,-10.0868,-2.0633178,-2.561195,3,walking
1519421729605,-10.096374,-1.7282082,-2.7048132,3,walking
1519421729610,-10.105948,-1.4218222,-2.88673,3,walking
1519421729614,-10.527229,-0.7228793,-3.346309,3,walking
1519421729619,-10.71872,-0.4835153,-3.4324799,3,walking
1519421729624,-11.05383,-0.27287498,-3.6239712,3,walking
1519421729629,-11.350641,-0.09095833,-3.690993,3,walking
1519421729634,-11.714475,0.13883112,-3.604822,3,walking
1519421729640,-11.752773,0.11968201,-3.3941817,3,walking
1519421729644,-11.82937,0.0,-3.212265,3,walking
1519421729649,-11.953838,-0.27287498,-2.8963046,3,walking
1519421729654,-12.030436,-0.49308985,-2.8484318,3,walking
1519421729659,-12.126181,-0.7324539,-2.6952388,3,walking
1519421729664,-12.154904,-0.98139244,-2.561195,3,walking
1519421729669,-11.972988,-1.4888442,-2.168638,3,walking
1519421729675,-11.858093,-1.709059,-2.034594,3,walking
1519421729679,-11.676176,-2.254809,-1.7282082,3,walking
1519421729684,-11.676176,-2.254809,-1.7282082,3,walking
1519421729689,-11.676176,-2.254809,-1.7282082,3,walking
1519421729694,-11.341067,-2.9920502,-1.4888442,3,walking
1519421729699,-11.1208515,-3.2888615,-1.5079932,3,walking
1519421729704,-11.015532,-3.4133308,-1.6420372,3,walking
1519421729710,-10.881488,-3.4133308,-1.6516117,3,walking
1519421729715,-10.71872,-3.3750327,-1.7473572,3,walking
1519421729719,-10.469782,-3.039923,-1.9196993,3,walking
1519421729724,-10.393186,-2.819708,-2.034594,3,walking
1519421729729,-10.354887,-2.6377914,-2.1207652,3,walking
1519421729734,-10.239992,-2.5420458,-2.2069361,3,walking
1519421729739,-10.125097,-2.4463003,-2.1782124,3,walking
1519421729744,-9.85701,-2.2739582,-2.149489,3,walking
1519421729749,-9.780414,-2.168638,-2.1782124,3,walking
1519421729754,-9.780414,-2.1111906,-2.2835326,3,walking
1519421729759,-9.75169,-2.015445,-2.3122563,3,walking
1519421729765,-9.62722,-2.0250196,-2.321831,3,walking
1519421729769,-9.3878565,-2.0441687,-2.254809,3,walking
1519421729774,-9.3878565,-2.0441687,-2.254809,3,walking
1519421729779,-9.158067,-2.1207652,-2.1782124,3,walking
1519421729784,-9.043172,-2.168638,-2.168638,3,walking
1519421729789,-8.899554,-2.2356598,-2.0824668,3,walking
1519421729794,-8.832532,-2.1973617,-2.015445,3,walking
1519421729799,-8.755936,-2.1399143,-1.9962958,3,walking
1519421729804,-8.679339,-2.168638,-1.9771467,3,walking
1519421729809,-8.564445,-2.1973617,-1.9962958,3,walking
1519421729814,-8.34423,-2.254809,-2.1399143,3,walking
1519421729819,-8.258059,-2.2643836,-2.1973617,3,walking
1519421729824,-8.104865,-2.2356598,-2.2643836,3,walking
1519421729829,-7.9708214,-2.2069361,-2.360129,3,walking
1519421729834,-7.664436,-2.0920415,-2.3984275,3,walking
1519421729839,-7.5208173,-2.0441687,-2.475024,3,walking
1519421729844,-7.4154973,-1.948423,-2.475024,3,walking
1519421729849,-7.3389006,-1.8143792,-2.4463003,3,walking
1519421729854,-7.348475,-1.776081,-2.513322,3,walking
1519421729859,-7.2623043,-1.8143792,-2.647366,3,walking
1519421729864,-7.2623043,-1.8143792,-2.647366,3,walking
1519421729869,-7.2240057,-1.9771467,-2.647366,3,walking
1519421729874,-7.195282,-2.0537431,-2.6856642,3,walking
1519421729879,-7.195282,-2.0728924,-2.6856642,3,walking
1519421729884,-7.137835,-2.149489,-2.6952388,3,walking
1519421729889,-7.1857076,-2.149489,-2.714388,3,walking
1519421729894,-7.1857076,-2.1973617,-2.7239625,3,walking
1519421729899,-7.2527294,-2.2069361,-2.7431116,3,walking
1519421729904,-7.329326,-2.2739582,-2.7239625,3,walking
1519421729909,-7.348475,-2.2356598,-2.714388,3,walking
1519421729914,-7.329326,-2.254809,-2.6569405,3,walking
1519421729919,-7.3006024,-2.254809,-2.6186423,3,walking
1519421729924,-7.348475,-2.254809,-2.6282167,3,walking
1519421729929,-7.3867736,-2.2739582,-2.6282167,3,walking
1519421729934,-7.3867736,-2.2739582,-2.6282167,3,walking
1519421729938,-7.434646,-2.3122563,-2.580344,3,walking
1519421729944,-7.4154973,-2.3026817,-2.513322,3,walking
1519421729948,-7.4442205,-2.2931073,-2.5707695,3,walking
1519421729954,-7.4250717,-2.2931073,-2.5228968,3,walking
1519421729959,-7.4154973,-2.254809,-2.4654493,3,walking
1519421729964,-7.3867736,-2.2356598,-2.4367256,3,walking
1519421729968,-7.310177,-2.149489,-2.3122563,3,walking
1519421729974,-7.2623043,-2.1303396,-2.321831,3,walking
1519421729979,-7.2718787,-2.0441687,-2.254809,3,walking
1519421729985,-7.2240057,-2.0537431,-2.2165108,3,walking
1519421729989,-7.2240057,-2.034594,-2.2356598,3,walking
1519421729994,-7.2144313,-2.0250196,-2.2260852,3,walking
1519421729999,-7.2910275,-1.9867213,-2.2356598,3,walking
1519421730004,-7.2623043,-1.9771467,-2.2452345,3,walking
1519421730009,-7.195282,-1.9962958,-2.187787,3,walking
1519421730015,-7.156984,-1.9867213,-2.2356598,3,walking
1519421730020,-7.137835,-1.9867213,-2.1782124,3,walking
1519421730025,-7.12826,-1.9579976,-2.101616,3,walking
1519421730029,-7.195282,-1.9388485,-2.0633178,3,walking
1519421730035,-7.2335806,-1.9101248,-2.0920415,3,walking
1519421730038,-7.329326,-1.8909757,-2.0633178,3,walking
1519421730044,-7.3771987,-1.862252,-2.0441687,3,walking
1519421730049,-7.6452866,-1.79523,-2.0824668,3,walking
1519421730053,-7.7793303,-1.6994845,-2.034594,3,walking
1519421730058,-8.104865,-1.5654407,-2.0633178,3,walking
1519421730064,-8.104865,-1.5654407,-2.0633178,3,walking
1519421730069,-8.497422,-1.4218222,-2.0633178,3,walking
1519421730074,-8.727212,-1.383524,-2.034594,3,walking
1519421730079,-8.918703,-1.3260766,-2.0058703,3,walking
1519421730084,-9.225089,-1.3548003,-1.8909757,3,walking
1519421730089,-9.320834,-1.3356512,-1.8239537,3,walking
1519421730094,-9.426155,-1.3260766,-1.7473572,3,walking
1519421730099,-9.5219,-1.2973529,-1.622888,3,walking
1519421730104,-9.512326,-1.3165021,-1.5462915,3,walking
1519421730108,-9.483603,-1.2877784,-1.5175679,3,walking
1519421730113,-9.397431,-1.2877784,-1.4026731,3,walking
1519421730117,-9.225089,-1.2016073,-1.3260766,3,walking
1519421730122,-9.177217,-1.1633091,-1.3356512,3,walking
1519421730126,-9.071896,-1.1537346,-1.3452257,3,walking
1519421730131,-8.985725,-1.1250108,-1.3452257,3,walking
1519421730139,-8.880404,-1.1250108,-1.3356512,3,walking
1519421730144,-8.889979,-1.14416,-1.383524,3,walking
1519421730148,-8.870831,-1.1920328,-1.3165021,3,walking
1519421730154,-8.851681,-1.2973529,-1.3069274,3,walking
1519421730159,-8.899554,-1.4888442,-1.2494801,3,walking
1519421730164,-8.918703,-1.5941644,-1.1920328,3,walking
1519421730169,-9.062322,-1.8718265,-0.9622433,3,walking
1519421730174,-9.196365,-2.0250196,-0.8473486,3,walking
1519421730179,-9.31126,-2.168638,-0.78032666,3,walking
1519421730183,-9.464453,-2.2931073,-0.7420284,3,walking
1519421730189,-10.307014,-2.4654493,-0.9718179,3,walking
1519421730194,-10.967659,-2.4845984,-1.1633091,3,walking
1519421730203,-12.528313,-2.5324712,-1.6611862,3,walking
1519421730208,-13.658111,-2.8101335,-1.9579976,3,walking
1519421730214,-13.916624,-3.039923,-1.9771467,3,walking
1519421730219,-13.945347,-3.4229054,-1.7665064,3,walking
1519421730223,-13.945347,-3.4229054,-1.7665064,3,walking
1519421730229,-13.782579,-3.6622694,-1.5558661,3,walking
1519421730233,-13.552791,-3.7292912,-1.4409714,3,walking
1519421730238,-12.863422,-3.758015,-1.1728836,3,walking
1519421730244,-12.863422,-3.758015,-1.1728836,3,walking
1519421730249,-11.82937,-3.7867386,-0.64628285,3,walking
1519421730254,-11.245321,-3.8633351,-0.3877697,3,walking
1519421730259,-10.680422,-3.8633351,-0.13883112,3,walking
1519421730263,-9.579348,-3.8729098,0.2441513,3,walking
1519421730268,-9.100619,-3.7867386,0.27287498,3,walking
1519421730275,-8.55487,-3.7197168,0.17712937,3,walking
1519421730280,-8.353804,-3.4229054,0.3111732,3,walking
1519421730284,-8.258059,-2.88673,0.5792609,3,walking
1519421730288,-8.363379,-2.3505547,0.37819514,3,walking
1519421730293,-8.363379,-2.3505547,0.37819514,3,walking
1519421730298,-9.29211,-2.2739582,-0.17712937,3,walking
1519421730303,-10.029352,-2.1303396,-0.09095833,3,walking
1519421730331,-15.008123,-2.3697038,-1.6611862,3,walking
1519421730337,-15.199615,-2.5037475,-1.7186337,3,walking
1519421730341,-15.381532,-2.4845984,-1.9196993,3,walking
1519421730345,-15.410255,-2.3888528,-1.948423,3,walking
1519421730350,-15.314509,-2.3122563,-1.9579976,3,walking
1519421730354,-15.113443,-2.2452345,-1.9867213,3,walking
1519421730358,-14.960251,-2.0728924,-2.0824668,3,walking
1519421730364,-14.682589,-1.8335283,-2.149489,3,walking
1519421730368,-13.916624,-1.5079932,-2.2835326,3,walking
1519421730374,-13.504917,-1.3739494,-2.427151,3,walking
1519421730379,-12.633633,-1.4026731,-2.561195,3,walking
1519421730383,-12.633633,-1.4026731,-2.561195,3,walking
1519421730388,-11.810221,-1.4313968,-2.3505547,3,walking
1519421730393,-11.36979,-1.4601204,-2.1973617,3,walking
1519421730398,-10.958084,-1.5079932,-2.1111906,3,walking
1519421730403,-10.622974,-1.5079932,-2.0633178,3,walking
1519421730409,-9.991054,-1.3260766,-1.5367169,3,walking
1519421730414,-9.866585,-1.2686293,-1.4505459,3,walking
1519421730418,-9.799562,-1.2494801,-1.5367169,3,walking
1519421730423,-9.7899885,-1.2782038,-1.469695,3,walking
1519421730428,-9.6942425,-1.1537346,-1.2303311,3,walking
1519421730433,-9.665519,-1.1920328,-1.383524,3,walking
1519421730438,-9.54105,-1.2590547,-1.4505459,3,walking
1519421730443,-9.18679,-1.4888442,-1.5462915,3,walking
1519421730448,-8.937852,-1.6803354,-1.4984187,3,walking
1519421730453,-8.727212,-1.8239537,-1.5079932,3,walking
1519421730458,-8.372953,-1.9005502,-1.2686293,3,walking
1519421730464,-8.229335,-1.9579976,-1.1920328,3,walking
1519421730468,-8.018694,-2.0058703,-1.1728836,3,walking
1519421730473,-7.808054,-2.0250196,-1.0579889,3,walking
1519421730478,-7.5399666,-2.2356598,-1.0867126,3,walking
1519421730483,-7.482519,-2.321831,-1.0579889,3,walking
1519421730488,-7.46337,-2.4367256,-1.1728836,3,walking
1519421730493,-7.46337,-2.4367256,-1.1728836,3,walking
1519421730499,-7.3389006,-2.5516202,-1.2686293,3,walking
1519421730504,-7.2718787,-2.5420458,-1.2494801,3,walking
1519421730508,-7.176133,-2.580344,-1.2973529,3,walking
1519421730513,-7.0325146,-2.6090677,-1.2686293,3,walking
1519421730518,-6.8410234,-2.6186423,-1.2016073,3,walking
1519421730524,-6.764427,-2.561195,-1.1728836,3,walking
1519421730528,-6.592085,-2.561195,-1.1345854,3,walking
1519421730533,-6.544212,-2.6090677,-1.1154363,3,walking
1519421730538,-6.4676156,-2.647366,-1.0962871,3,walking
1519421730543,-6.438892,-2.7239625,-1.0771381,3,walking
1519421730548,-6.2378263,-3.0016246,-0.9526688,3,walking
1519421730553,-6.170804,-3.1548176,-0.8952214,3,walking
1519421730558,-6.094208,-3.3080106,-0.91437054,3,walking
1519421730563,-6.113357,-3.4420545,-0.9622433,3,walking
1519421730568,-5.988888,-3.671844,-0.9526688,3,walking
1519421730573,-5.979313,-3.758015,-1.0196906,3,walking
1519421730578,-5.960164,-3.8537605,-1.1154363,3,walking
1519421730583,-5.988888,-3.8729098,-1.2111819,3,walking
1519421730589,-6.065484,-3.9590807,-1.3930986,3,walking
1519421730594,-6.218677,-3.9207826,-1.6516117,3,walking
1519421730599,-6.2761245,-3.9590807,-1.8335283,3,walking
1519421730609,-6.391019,-4.1888704,-2.1782124,3,walking
1519421730615,-6.323997,-4.236743,-2.2260852,3,walking
1519421730620,-6.2665496,-4.284616,-2.2835326,3,walking
1519421730624,-6.1420803,-4.3707867,-2.3314054,3,walking
1519421730629,-5.8835673,-4.4856815,-2.408002,3,walking
1519421730635,-5.739949,-4.581427,-2.4175766,3,walking
1519421730640,-5.538883,-4.6771727,-2.3122563,3,walking
1519421730645,-5.49101,-4.7920675,-2.2643836,3,walking
1519421730650,-5.500585,-4.868664,-2.2069361,3,walking
1519421730660,-5.9697385,-5.3569665,-1.6994845,3,walking
1519421730665,-6.37187,-5.5580325,-1.3452257,3,walking
1519421730671,-6.8410234,-5.787822,-1.0388398,3,walking
1519421730681,-8.583593,-6.486765,-0.5505372,3,walking
1519421730686,-9.129343,-6.6591067,-0.59841,3,walking
1519421730695,-10.268716,-6.3814445,-0.64628285,3,walking
1519421730700,-10.488931,-5.9218655,-0.8281995,3,walking
1519421730705,-10.594251,-5.3378177,-1.0388398,3,walking
1519421730710,-10.699572,-4.7250457,-1.383524,3,walking
1519421730715,-10.766593,-3.384607,-2.168638,3,walking
1519421730746,-11.111278,0.19627848,-3.8154624,3,walking
1519421730752,-11.216598,0.2920241,-3.6431203,3,walking
1519421730759,-11.590006,0.3111732,-3.3750327,3,walking
1519421730767,-12.442142,1.1537346,-3.059072,3,walking
1519421730774,-12.681505,1.6324625,-3.1069448,3,walking
1519421730781,-12.748528,1.862252,-3.0111992,3,walking
1519421730790,-13.083637,2.647366,-2.9920502,3,walking
1519421730794,-12.987891,2.9154537,-2.9824755,3,walking
1519421730799,-12.7964,3.0686467,-2.733537,3,walking
1519421730832,-10.29744,1.7186337,-0.6271337,3,walking
1519421730858,-8.23891,-1.2303311,-0.8473486,3,walking
1519421730865,-8.631466,-1.6037389,-1.3739494,3,walking
1519421730870,-9.531475,-2.0441687,-1.6899099,3,walking
1519421730878,-10.938935,-3.365458,-3.2888615,3,walking
1519421730883,-10.82404,-3.7484405,-3.6239712,3,walking
1519421730898,-9.148493,-5.4048395,-2.3314054,3,walking
1519421730904,-8.765511,-6.0080366,-1.8048047,3,walking
1519421730909,-8.708063,-6.113357,-1.3930986,3,walking
1519421730914,-8.372953,-6.0750585,-0.751603,3,walking
1519421730919,-8.21976,-5.9697385,-0.47394073,3,walking
1519421730924,-8.191036,-5.835695,-0.45479164,3,walking
1519421730930,-8.535721,-5.49101,-0.61755913,3,walking
1519421730934,-8.641041,-5.462287,-0.8952214,3,walking
1519421730940,-8.755936,-5.414414,-1.1537346,3,walking
1519421730950,-9.397431,-4.9069624,-2.101616,3,walking
1519421730955,-9.703817,-4.7537694,-2.3888528,3,walking
1519421730960,-9.952756,-4.543129,-2.5228968,3,walking
1519421730970,-10.287866,-3.8633351,-2.7431116,3,walking
1519421730981,-10.661273,-3.4133308,-2.7718353,3,walking
1519421730986,-10.900637,-3.3080106,-2.6952388,3,walking
1519421730991,-11.111278,-3.3175852,-2.714388,3,walking
1519421730996,-11.302769,-3.2697124,-2.580344,3,walking
1519421731001,-11.609155,-3.2026904,-2.2452345,3,walking
1519421731006,-11.647452,-3.1835413,-2.1111906,3,walking
1519421731011,-11.7049,-3.078221,-1.948423,3,walking
1519421731016,-11.7336235,-3.0973704,-1.709059,3,walking
1519421731021,-11.781497,-2.9824755,-1.6420372,3,walking
1519421731026,-11.685751,-2.9441774,-1.4505459,3,walking
1519421731031,-11.743198,-2.8388572,-1.4601204,3,walking
1519421731036,-11.7049,-2.733537,-1.4888442,3,walking
1519421731042,-11.685751,-2.5516202,-1.5271424,3,walking
1519421731047,-11.455961,-2.360129,-1.7569319,3,walking
1519421731052,-11.455961,-2.360129,-1.7569319,3,walking
1519421731057,-11.26447,-2.2069361,-2.015445,3,walking
1519421731062,-11.197449,-2.034594,-2.0824668,3,walking
1519421731067,-10.785743,-1.8431029,-2.2165108,3,walking
1519421731076,-10.345312,-1.8526775,-2.4367256,3,walking
1519421731081,-10.163396,-1.9675722,-2.6090677,3,walking
1519421731086,-9.780414,-1.79523,-2.5994933,3,walking
1519421731092,-9.3878565,-1.7473572,-2.4654493,3,walking
1519421731097,-8.995299,-1.7569319,-2.3888528,3,walking
1519421731102,-8.736787,-1.7569319,-2.34098,3,walking
1519421731107,-8.334655,-1.9388485,-2.1111906,3,walking
1519421731112,-8.23891,-2.034594,-2.101616,3,walking
1519421731117,-8.1623125,-2.149489,-2.0728924,3,walking
1519421731125,-7.9420977,-2.2739582,-1.5941644,3,walking
1519421731131,-7.8655014,-2.2452345,-1.3739494,3,walking
1519421731136,-7.8846507,-2.2356598,-1.2399056,3,walking
1519421731141,-7.8655014,-2.3122563,-1.14416,3,walking
1519421731146,-7.846352,-2.360129,-0.9430942,3,walking
1519421731151,-7.7984796,-2.4558747,-0.90479594,3,walking
1519421731156,-7.693159,-2.5420458,-0.8760723,3,walking
1519421731161,-7.6835847,-2.6090677,-0.8952214,3,walking
1519421731166,-7.635712,-2.6377914,-0.8952214,3,walking
1519421731171,-7.664436,-2.6569405,-0.99096704,3,walking
1519421731176,-7.6261373,-2.7239625,-1.1250108,3,walking
1519421731182,-7.616563,-2.733537,-1.3165021,3,walking
1519421731186,-7.635712,-2.7622607,-1.4409714,3,walking
1519421731192,-7.587839,-2.7431116,-1.5367169,3,walking
1519421731197,-7.5208173,-2.7239625,-1.7569319,3,walking
1519421731202,-7.46337,-2.6856642,-1.8526775,3,walking
1519421731207,-7.511243,-2.714388,-2.101616,3,walking
1519421731212,-7.511243,-2.714388,-2.101616,3,walking
1519421731217,-7.702734,-2.714388,-2.34098,3,walking
1519421731225,-7.9420977,-2.7048132,-2.5324712,3,walking
1519421731230,-8.066567,-2.7048132,-2.5707695,3,walking
1519421731235,-8.104865,-2.752686,-2.6377914,3,walking
1519421731240,-8.104865,-2.7909844,-2.647366,3,walking
1519421731250,-8.104865,-2.8963046,-2.647366,3,walking
1519421731256,-8.104865,-2.9537518,-2.6282167,3,walking
1519421731260,-8.066567,-2.972901,-2.5994933,3,walking
1519421731265,-8.018694,-2.972901,-2.4845984,3,walking
1519421731270,-7.9037995,-3.059072,-2.4367256,3,walking
1519421731275,-7.875076,-3.0973704,-2.4558747,3,walking
1519421731279,-7.8272033,-3.1165195,-2.427151,3,walking
1519421731290,-7.7506065,-3.1548176,-2.360129,3,walking
1519421731295,-7.741032,-3.1452432,-2.3792782,3,walking
1519421731299,-7.7123084,-3.0686467,-2.3984275,3,walking
1519421731309,-7.693159,-2.972901,-2.3314054,3,walking
1519421731315,-7.693159,-2.9633265,-2.3314054,3,walking
1519421731319,-7.769756,-2.88673,-2.3792782,3,walking
1519421731329,-7.7793303,-2.7431116,-2.3697038,3,walking
1519421731335,-7.808054,-2.7048132,-2.3505547,3,walking
1519421731339,-7.8272033,-2.6569405,-2.3505547,3,walking
1519421731345,-7.855927,-2.5994933,-2.408002,3,walking
1519421731350,-7.8846507,-2.5707695,-2.4463003,3,walking
1519421731359,-7.9803963,-2.513322,-2.513322,3,walking
1519421731365,-8.104865,-2.427151,-2.5420458,3,walking
1519421731370,-8.133589,-2.427151,-2.5324712,3,walking
1519421731379,-8.32508,-2.360129,-2.5324712,3,walking
1519421731385,-8.392102,-2.3026817,-2.4463003,3,walking
1519421731389,-8.506997,-2.2931073,-2.475024,3,walking
1519421731399,-8.698488,-2.2165108,-2.4463003,3,walking
1519421731405,-8.794233,-2.2260852,-2.4558747,3,walking
1519421731409,-8.909128,-2.187787,-2.475024,3,walking
1519421731416,-9.196365,-2.1782124,-2.3888528,3,walking
1519421731420,-9.407005,-2.168638,-2.3792782,3,walking
1519421731429,-9.770839,-2.2165108,-2.3026817,3,walking
1519421731435,-10.105948,-2.187787,-2.2835326,3,walking
1519421731440,-10.230418,-2.2069361,-2.3026817,3,walking
1519421731449,-10.412334,-2.2356598,-2.3505547,3,walking
1519421731455,-10.412334,-2.2069361,-2.3505547,3,walking
1519421731459,-10.441058,-2.1973617,-2.3314054,3,walking
1519421731469,-10.316589,-1.9771467,-2.4845984,3,walking
1519421731475,-10.2016945,-1.929274,-2.513322,3,walking
1519421731479,-10.134672,-1.8335283,-2.494173,3,walking
1519421731489,-9.675094,-1.5941644,-2.475024,3,walking
1519421731495,-9.531475,-1.4601204,-2.427151,3,walking
1519421731500,-9.3878565,-1.3643749,-2.4463003,3,walking
1519421731506,-9.043172,-1.2782038,-2.2931073,3,walking
1519421731511,-8.851681,-1.2111819,-2.2069361,3,walking
1519421731516,-8.746361,-1.1058618,-1.9867213,3,walking
1519421731520,-8.755936,-1.0005416,-1.8814012,3,walking
1519421731525,-8.889979,-0.8856468,-1.7856555,3,walking
1519421731530,-9.225089,-0.71330476,-1.79523,3,walking
1519421731539,-10.40276,-0.3877697,-2.149489,3,walking
1519421731545,-11.666602,-0.3111732,-2.5228968,3,walking
1519421731550,-12.116607,-0.5313881,-2.5037475,3,walking
1519421731559,-12.499589,-1.6707608,-2.0824668,3,walking
1519421731564,-12.470865,-2.1207652,-1.8335283,3,walking
1519421731598,-9.598496,-3.8058877,-0.4164934,3,walking
1519421731606,-8.765511,-3.6239712,-0.4164934,3,walking
1519421731615,-8.363379,-3.2505634,-0.6271337,3,walking
1519421731620,-8.334655,-2.9920502,-0.7420284,3,walking
1519421731625,-8.4686985,-2.819708,-0.8281995,3,walking
1519421731630,-9.18679,-2.3505547,-1.1058618,3,walking
1519421731635,-9.770839,-2.101616,-1.2782038,3,walking
1519421731640,-10.431483,-1.9675722,-1.3165021,3,walking
1519421731651,-12.394268,-1.8335283,-1.4313968,3,walking
1519421731656,-13.658111,-2.0920415,-1.4792696,3,walking
1519421731661,-13.658111,-2.0920415,-1.4792696,3,walking
1519421731666,-14.682589,-2.3026817,-1.3356512,3,walking
1519421731671,-14.921952,-2.4463003,-1.3452257,3,walking
1519421731702,-12.662356,-0.37819514,-1.4313968,3,walking
1519421731709,-12.394268,0.0,-1.5845897,3,walking
1519421731730,-11.570856,1.622888,-2.3697038,3,walking
1519421731736,-10.986808,1.862252,-2.408002,3,walking
1519421731741,-10.699572,1.8814012,-2.3505547,3,walking
1519421731745,-10.354887,1.7665064,-2.2069361,3,walking
1519421731766,-8.487848,0.8473486,-1.5462915,3,walking
1519421731775,-8.085716,0.3111732,-2.149489,3,walking
1519421731780,-7.999545,0.05266008,-2.2260852,3,walking
1519421731785,-7.9037995,-0.14840569,-2.2069361,3,walking
1519421731790,-7.3867736,-0.63670826,-2.1111906,3,walking
1519421731795,-7.137835,-0.8281995,-2.0633178,3,walking
1519421731800,-6.984642,-1.0388398,-2.0633178,3,walking
1519421731809,-6.563361,-1.776081,-1.948423,3,walking
1519421731815,-6.3144226,-2.187787,-1.8814012,3,walking
1519421731819,-6.1995277,-2.561195,-1.8143792,3,walking
1519421731828,-5.8548436,-3.346309,-1.3643749,3,walking
1519421731834,-5.82612,-3.5665238,-1.3165021,3,walking
1519421731839,-5.787822,-3.690993,-1.2494801,3,walking
1519421731849,-5.7016506,-4.0261025,-0.9526688,3,walking
1519421731854,-5.806971,-4.1026993,-0.99096704,3,walking
1519421731860,-5.941015,-4.1409974,-1.0579889,3,walking
1519421731865,-5.998462,-4.342063,-1.1537346,3,walking
1519421731870,-6.027186,-4.351638,-1.2207564,3,walking
1519421731875,-6.0367603,-4.2558923,-1.1920328,3,walking
1519421731880,-6.113357,-4.0739756,-1.5558661,3,walking
1519421731885,-6.218677,-3.9878044,-1.6994845,3,walking
1519421731891,-6.3527207,-3.8633351,-1.8048047,3,walking
1519421731895,-6.3622956,-3.4803526,-1.7665064,3,walking
1519421731901,-6.4293175,-3.4037561,-2.034594,3,walking
1519421731905,-6.47719,-3.173967,-1.9388485,3,walking
1519421731911,-6.2665496,-2.9346027,-1.4409714,3,walking
1519421731916,-6.525063,-2.513322,-1.6133134,3,walking
1519421731921,-6.639958,-2.513322,-1.7186337,3,walking
1519421731926,-7.02294,-2.6090677,-1.6133134,3,walking
1519421731934,-7.2144313,-2.733537,-1.4218222,3,walking
1519421731939,-7.348475,-2.752686,-1.3930986,3,walking
1519421731944,-7.4729443,-2.714388,-1.4122477,3,walking
1519421731949,-7.6069884,-2.714388,-1.3930986,3,walking
1519421731954,-7.721883,-2.7239625,-1.2973529,3,walking
1519421731959,-7.846352,-2.7622607,-1.2782038,3,walking
1519421731968,-7.9133744,-2.7431116,-1.0292653,3,walking
1519421731975,-8.00912,-2.7239625,-0.9718179,3,walking
1519421731980,-8.037844,-2.714388,-0.8952214,3,walking
1519421731984,-8.056993,-2.7048132,-0.8952214,3,walking
1519421731989,-8.124015,-2.6090677,-0.77075213,3,walking
1519421731994,-8.1623125,-2.5516202,-0.8952214,3,walking
1519421731999,-8.143164,-2.494173,-0.90479594,3,walking
1519421732004,-8.258059,-2.360129,-1.0005416,3,walking
1519421732009,-8.286782,-2.34098,-0.90479594,3,walking
1519421732014,-8.315506,-2.2835326,-1.0388398,3,walking
1519421732019,-8.420826,-2.2069361,-1.0675635,3,walking
1519421732028,-8.621892,-2.34098,-1.2207564,3,walking
1519421732034,-8.6697645,-2.3122563,-1.1345854,3,walking
1519421732039,-8.717637,-2.3314054,-1.14416,3,walking
1519421732044,-8.851681,-2.4367256,-1.14416,3,walking
1519421732050,-8.966576,-2.4367256,-1.1633091,3,walking
1519421732055,-8.9761505,-2.5037475,-1.1250108,3,walking
1519421732060,-9.091045,-2.6760898,-1.0292653,3,walking
1519421732065,-9.196365,-2.714388,-0.9718179,3,walking
1519421732070,-9.225089,-2.7718353,-0.90479594,3,walking
1519421732075,-9.29211,-2.9346027,-0.8090504,3,walking
1519421732081,-9.378282,-2.9633265,-0.6845811,3,walking
1519421732086,-9.454879,-2.9824755,-0.63670826,3,walking
1519421732094,-9.64637,-3.0016246,-0.4164934,3,walking
1519421732099,-9.742115,-3.0111992,-0.39734426,3,walking
1519421732104,-9.885734,-2.9920502,-0.3877697,3,walking
1519421732109,-10.029352,-2.9633265,-0.32074776,3,walking
1519421732114,-10.354887,-2.9346027,-0.2920241,3,walking
1519421732119,-10.5080805,-2.8963046,-0.2920241,3,walking
1519421732124,-10.699572,-2.9154537,-0.30159867,3,walking
1519421732130,-10.881488,-2.905879,-0.30159867,3,walking
1519421732134,-11.254896,-2.867581,-0.3398969,3,walking
1519421732139,-11.436812,-2.8963046,-0.30159867,3,walking
1519421732145,-11.838944,-2.8484318,-0.3398969,3,walking
1519421732150,-11.963413,-2.7814097,-0.359046,3,walking
1519421732154,-12.087883,-2.7718353,-0.42606795,3,walking
1519421732159,-12.193203,-2.6856642,-0.49308985,3,walking
1519421732164,-12.279374,-2.6186423,-0.5218136,3,walking
1519421732168,-12.2410755,-2.475024,-0.63670826,3,walking
1519421732174,-12.154904,-2.34098,-0.7420284,3,walking
1519421732178,-12.0400095,-2.187787,-0.8856468,3,walking
1519421732188,-11.408089,-1.776081,-1.1345854,3,walking
1519421732194,-11.149575,-1.6420372,-1.2303311,3,walking
1519421732198,-10.92936,-1.4888442,-1.383524,3,walking
1519421732204,-10.71872,-1.2399056,-1.862252,3,walking
1519421732209,-10.862339,-1.0867126,-2.321831,3,walking
1519421732213,-11.226172,-0.8952214,-2.7909844,3,walking
1519421732218,-11.7049,-0.7420284,-3.212265,3,walking
1519421732224,-12.5474615,-0.77075213,-3.4037561,3,walking
1519421732229,-12.758101,-0.99096704,-3.173967,3,walking
1519421732238,-12.729378,-1.5558661,-2.5516202,3,walking
1519421732277,-10.977234,-3.7197168,-0.39734426,3,walking
1519421732285,-10.670848,-2.8771553,-0.83777404,3,walking
1519421732293,-10.575102,-1.9771467,-1.4792696,3,walking
1519421732298,-10.603826,-1.4792696,-1.8718265,3,walking
1519421732303,-10.804892,-1.0675635,-2.254809,3,walking
1519421732308,-11.005958,-0.70373017,-2.580344,3,walking
1519421732314,-11.465536,-0.0718092,-3.2218397,3,walking
1519421732319,-11.618729,0.10053288,-3.4420545,3,walking
1519421732328,-11.848518,0.17712937,-3.5952475,3,walking
1519421732334,-11.848518,-0.014361841,-3.5090764,3,walking
1519421732339,-11.858093,-0.22500217,-3.4037561,3,walking
1519421732347,-11.475111,-1.0388398,-2.9441774,3,walking
1519421732353,-11.235746,-1.3739494,-2.8292825,3,walking
1519421732358,-11.025106,-1.7186337,-2.5420458,3,walking
1519421732369,-10.498506,-2.714388,-2.0058703,3,walking
1519421732373,-10.393186,-2.972901,-1.8526775,3,walking
1519421732378,-10.29744,-3.212265,-1.6707608,3,walking
1519421732384,-10.259142,-3.4899273,-1.3548003,3,walking
1519421732388,-10.259142,-3.5282254,-1.2973529,3,walking
1519421732393,-10.278291,-3.5569491,-1.2399056,3,walking
1519421732398,-10.239992,-3.5090764,-1.2207564,3,walking
1519421732404,-10.29744,-3.2218397,-1.4026731,3,walking
1519421732408,-10.29744,-3.0686467,-1.4409714,3,walking
1519421732417,-10.575102,-2.714388,-1.6994845,3,walking
1519421732424,-10.757019,-2.4845984,-1.9867213,3,walking
1519421732428,-10.871913,-2.4175766,-2.1111906,3,walking
1519421732437,-10.977234,-2.3792782,-2.1782124,3,walking
1519421732443,-11.005958,-2.2069361,-2.1207652,3,walking
1519421732448,-10.938935,-2.0920415,-2.0824668,3,walking
1519421732458,-10.421909,-2.0920415,-1.8431029,3,walking
1519421732463,-10.249567,-2.0441687,-1.8335283,3,walking
1519421732468,-10.115523,-1.9101248,-1.7665064,3,walking
1519421732474,-9.742115,-1.5367169,-1.5558661,3,walking
1519421732478,-9.483603,-1.3452257,-1.4984187,3,walking
1519421732487,-8.889979,-1.0484143,-1.3069274,3,walking
1519421732494,-8.516571,-0.78990126,-1.2399056,3,walking
1519421732499,-8.258059,-0.6750065,-1.1537346,3,walking
1519421732508,-7.8367777,-0.47394073,-1.0484143,3,walking
1519421732514,-7.482519,-0.36862057,-0.8952214,3,walking
1519421732519,-7.329326,-0.40691882,-0.8760723,3,walking
1519421732524,-7.2240057,-0.4835153,-1.0771381,3,walking
1519421732529,-7.243155,-0.5505372,-1.2207564,3,walking
1519421732534,-7.2527294,-0.5792609,-1.3069274,3,walking
1519421732538,-7.2718787,-0.6271337,-1.4122477,3,walking
1519421732547,-7.396348,-0.91437054,-1.6803354,3,walking
1519421732553,-7.5208173,-1.0962871,-1.862252,3,walking
1519421732557,-7.6835847,-1.2207564,-1.9962958,3,walking
1519421732563,-7.8846507,-1.5558661,-2.1207652,3,walking
1519421732568,-7.9325233,-1.6994845,-2.168638,3,walking
1519421732573,-7.999545,-1.776081,-2.1973617,3,walking
1519421732577,-8.047418,-1.8143792,-2.2165108,3,walking
1519421732584,-8.018694,-1.9867213,-2.187787,3,walking
1519421732588,-7.9899707,-2.149489,-2.187787,3,walking
1519421732597,-7.961247,-2.4845984,-2.1782124,3,walking
1519421732603,-7.922949,-2.7431116,-2.149489,3,walking
1519421732608,-7.875076,-2.8292825,-2.101616,3,walking
1519421732613,-7.693159,-2.88673,-1.9771467,3,walking
1519421732619,-7.6740103,-2.8963046,-1.948423,3,walking
1519421732624,-7.6261373,-2.905879,-2.015445,3,walking
1519421732629,-7.5591154,-2.88673,-1.9867213,3,walking
1519421732634,-7.616563,-2.819708,-2.0728924,3,walking
1519421732639,-7.635712,-2.7718353,-2.0728924,3,walking
1519421732644,-7.5782647,-2.7048132,-2.1782124,3,walking
1519421732649,-7.5974135,-2.6282167,-2.187787,3,walking
1519421732654,-7.664436,-2.494173,-2.2835326,3,walking
1519421732660,-7.7123084,-2.427151,-2.3697038,3,walking
1519421732665,-7.7123084,-2.3026817,-2.408002,3,walking
1519421732670,-7.7314577,-2.2643836,-2.408002,3,walking
1519421732675,-7.7123084,-2.2356598,-2.427151,3,walking
1519421732680,-7.654861,-2.1973617,-2.360129,3,walking
1519421732685,-7.56869,-2.2069361,-2.2165108,3,walking
1519421732689,-7.56869,-2.2069361,-2.2165108,3,walking
1519421732694,-7.3771987,-2.2069361,-2.0441687,3,walking
1519421732698,-7.3389006,-2.1399143,-1.9867213,3,walking
1519421732703,-7.2144313,-2.149489,-1.9196993,3,walking
1519421732708,-7.156984,-2.1111906,-1.8526775,3,walking
1519421732713,-7.176133,-2.1111906,-1.8239537,3,walking
1519421732718,-7.1665583,-2.1207652,-1.7856555,3,walking
1519421732723,-7.310177,-2.0058703,-1.8431029,3,walking
1519421732728,-7.4250717,-2.015445,-1.8335283,3,walking
1519421732733,-7.5303917,-1.9867213,-1.8239537,3,walking
1519421732739,-7.6835847,-1.9579976,-1.8718265,3,walking
1519421732744,-7.9516726,-1.9579976,-1.9101248,3,walking
1519421732749,-8.133589,-1.9388485,-1.9388485,3,walking
1519421732754,-8.32508,-1.9867213,-2.015445,3,walking
1519421732759,-8.478273,-2.034594,-2.0537431,3,walking
1519421732764,-8.880404,-2.1303396,-2.1590633,3,walking
1519421732769,-9.024023,-2.187787,-2.149489,3,walking
1519421732774,-9.330409,-2.2643836,-2.1973617,3,walking
1519421732779,-9.464453,-2.3026817,-2.2165108,3,walking
1519421732785,-9.675094,-2.4175766,-2.2356598,3,walking
1519421732790,-9.675094,-2.4175766,-2.2356598,3,walking
1519421732795,-9.742115,-2.494173,-2.2356598,3,walking
1519421732802,-9.665519,-2.5228968,-2.149489,3,walking
1519421732807,-9.62722,-2.5324712,-2.0633178,3,walking
1519421732813,-9.560199,-2.5037475,-1.9579976,3,walking
1519421732818,-9.54105,-2.4845984,-1.9005502,3,walking
1519421732823,-9.569773,-2.4654493,-1.948423,3,walking
1519421732828,-9.617646,-2.3888528,-1.9196993,3,walking
1519421732833,-9.655944,-2.321831,-1.8431029,3,walking
1519421732838,-9.665519,-2.3122563,-1.79523,3,walking
1519421732843,-9.742115,-2.3026817,-1.7186337,3,walking
1519421732849,-9.770839,-2.321831,-1.6420372,3,walking
1519421732854,-9.770839,-2.3984275,-1.3930986,3,walking
1519421732859,-9.703817,-2.5037475,-1.2016073,3,walking
1519421732864,-9.579348,-2.647366,-0.8473486,3,walking
1519421732869,-9.579348,-2.647366,-0.8473486,3,walking
1519421732874,-9.368708,-2.8101335,-0.47394073,3,walking
1519421732879,-9.320834,-2.88673,-0.32074776,3,walking
1519421732885,-9.3878565,-2.88673,-0.14840569,3,walking
1519421732889,-9.598496,-2.819708,-0.15798025,3,walking
1519421732894,-10.594251,-2.3792782,-0.47394073,3,walking
1519421732900,-11.312344,-2.1111906,-0.7420284,3,walking
1519421732905,-12.116607,-1.9579976,-1.0579889,3,walking
1519421732910,-12.805975,-1.8718265,-1.469695,3,walking
1519421732918,-13.744282,-1.929274,-1.9196993,3,walking
1519421732923,-13.629387,-2.0441687,-1.7856555,3,walking
1519421732928,-13.284702,-2.0824668,-1.5367169,3,walking
1519421732937,-12.537887,-2.2260852,-1.3260766,3,walking
1519421732971,-9.20594,-2.513322,-0.3398969,3,walking
1519421732979,-8.277207,-2.3505547,-0.26330042,3,walking
1519421732985,-8.21976,-2.2643836,-0.32074776,3,walking
1519421732990,-8.21976,-2.2643836,-0.32074776,3,walking
1519421732996,-8.861256,-1.7569319,-0.59841,3,walking
1519421733002,-9.866585,-1.4601204,-0.9622433,3,walking
1519421733006,-10.479357,-1.3452257,-1.1728836,3,walking
1519421733013,-11.618729,-1.2877784,-1.5175679,3,walking
1519421733018,-12.145329,-1.3548003,-1.6611862,3,walking
1519421733026,-13.0549135,-1.4601204,-1.9005502,3,walking
1519421733065,-12.116607,-0.9718179,-2.6282167,3,walking
1519421733074,-11.896391,-0.8952214,-2.6377914,3,walking
1519421733082,-11.015532,-0.8760723,-2.5707695,3,walking
1519421733087,-10.776168,-0.9622433,-2.494173,3,walking
1519421733092,-10.575102,-1.0005416,-2.4175766,3,walking
1519421733096,-10.421909,-1.0484143,-2.3505547,3,walking
1519421733102,-10.19212,-1.2016073,-2.2452345,3,walking
1519421733107,-10.06765,-1.2494801,-2.187787,3,walking
1519421733111,-10.06765,-1.2494801,-2.187787,3,walking
1519421733116,-9.809137,-1.4505459,-2.1111906,3,walking
1519421733123,-9.454879,-1.6324625,-1.9867213,3,walking
1519421733127,-9.263388,-1.79523,-1.929274,3,walking
1519421733136,-8.746361,-2.034594,-1.8526775,3,walking
1519421733142,-8.420826,-2.254809,-1.79523,3,walking
1519421733147,-8.23891,-2.3505547,-1.7473572,3,walking
1519421733156,-7.9516726,-2.3888528,-1.709059,3,walking
1519421733162,-7.6835847,-2.4463003,-1.6420372,3,walking
1519421733167,-7.5591154,-2.4654493,-1.6611862,3,walking
1519421733173,-7.4250717,-2.494173,-1.6516117,3,walking
1519421733178,-7.2718787,-2.5516202,-1.6803354,3,walking
1519421733182,-7.1665583,-2.5420458,-1.6899099,3,walking
1519421733187,-7.0325146,-2.5707695,-1.6611862,3,walking
1519421733193,-6.8122997,-2.513322,-1.7186337,3,walking
1519421733198,-6.678256,-2.4845984,-1.7186337,3,walking
1519421733202,-6.592085,-2.3888528,-1.6707608,3,walking
1519421733208,-6.544212,-2.408002,-1.8048047,3,walking
1519421733213,-6.592085,-2.2452345,-1.9579976,3,walking
1519421733218,-6.611234,-2.1973617,-1.9867213,3,walking
1519421733223,-6.630383,-2.149489,-2.101616,3,walking
1519421733228,-6.630383,-2.149489,-2.101616,3,walking
1519421733233,-6.697405,-2.0633178,-2.149489,3,walking
1519421733239,-6.716554,-2.0728924,-2.1111906,3,walking
1519421733243,-6.764427,-2.0537431,-1.9962958,3,walking
1519421733248,-6.850598,-2.034594,-1.948423,3,walking
1519421733253,-6.936769,-1.9867213,-1.9101248,3,walking
1519421733258,-6.9654927,-2.0441687,-1.8718265,3,walking
1519421733263,-7.0995364,-2.0728924,-1.7186337,3,walking
1519421733268,-7.204857,-2.0920415,-1.6516117,3,walking
1519421733274,-7.281453,-2.101616,-1.6133134,3,walking
1519421733279,-7.3867736,-2.1782124,-1.5079932,3,walking
1519421733284,-7.482519,-2.187787,-1.5079932,3,walking
1519421733289,-7.5591154,-2.2069361,-1.4313968,3,walking
1519421733295,-7.664436,-2.2739582,-1.3548003,3,walking
1519421733299,-7.7123084,-2.2931073,-1.2973529,3,walking
1519421733305,-7.8176284,-2.3122563,-1.3643749,3,walking
1519421733309,-7.8176284,-2.3122563,-1.3643749,3,walking
1519421733315,-7.9133744,-2.2739582,-1.4409714,3,walking
1519421733325,-7.9516726,-2.1973617,-1.469695,3,walking
1519421733330,-7.9708214,-2.2165108,-1.4313968,3,walking
1519421733335,-8.018694,-2.2069361,-1.4601204,3,walking
1519421733342,-8.104865,-2.187787,-1.5367169,3,walking
1519421733348,-8.085716,-2.149489,-1.4313968,3,walking
1519421733353,-8.085716,-2.1782124,-1.383524,3,walking
1519421733358,-8.124015,-2.187787,-1.2877784,3,walking
1519421733363,-8.11444,-2.2356598,-1.2494801,3,walking
1519421733368,-8.1623125,-2.2452345,-1.1728836,3,walking
1519421733373,-8.334655,-2.3792782,-1.0771381,3,walking
1519421733379,-8.382527,-2.4175766,-1.0005416,3,walking
1519421733384,-8.478273,-2.5324712,-0.9526688,3,walking
1519421733388,-8.478273,-2.5324712,-0.9526688,3,walking
1519421733393,-8.621892,-2.6090677,-0.90479594,3,walking
1519421733397,-8.708063,-2.5994933,-0.92394507,3,walking
1519421733407,-8.947427,-2.6282167,-0.9622433,3,walking
1519421733412,-9.18679,-2.6282167,-0.9718179,3,walking
1519421733417,-9.301685,-2.561195,-1.0196906,3,walking
1519421733422,-9.368708,-2.5324712,-1.0388398,3,walking
1519421733427,-9.636795,-2.4175766,-1.0196906,3,walking
1519421733432,-9.761265,-2.3697038,-0.9622433,3,walking
1519421733437,-9.914457,-2.34098,-0.92394507,3,walking
1519421733442,-10.182545,-2.2739582,-0.8473486,3,walking
1519421733447,-10.249567,-2.2835326,-0.71330476,3,walking
1519421733451,-10.364462,-2.254809,-0.7228793,3,walking
1519421733456,-10.412334,-2.187787,-0.6079846,3,walking
1519421733462,-10.594251,-2.2069361,-0.45479164,3,walking
1519421733466,-10.689997,-2.1782124,-0.3877697,3,walking
1519421733471,-10.785743,-2.187787,-0.3398969,3,walking
1519421733476,-10.881488,-2.0920415,-0.3398969,3,walking
1519421733482,-11.1208515,-2.0633178,-0.32074776,3,walking
1519421733487,-11.245321,-2.0633178,-0.27287498,3,walking
1519421733496,-11.609155,-2.0920415,-0.2920241,3,walking
1519421733502,-11.752773,-2.2835326,-0.2441513,3,walking
1519421733507,-11.848518,-2.3122563,-0.19627848,3,walking
1519421733512,-11.953838,-2.408002,-0.19627848,3,walking
1519421733516,-12.030436,-2.408002,-0.30159867,3,walking
1519421733522,-12.126181,-2.3697038,-0.39734426,3,walking
1519421733527,-12.078308,-2.2835326,-0.56011176,3,walking
1519421733532,-12.107032,-2.0633178,-0.8186249,3,walking
1519421733537,-12.059159,-1.929274,-0.9622433,3,walking
1519421733547,-11.791071,-1.7569319,-1.1824582,3,walking
1519421733552,-11.637878,-1.4792696,-1.383524,3,walking
1519421733558,-11.503835,-1.3452257,-1.4792696,3,walking
1519421733563,-11.38894,-1.1537346,-1.8239537,3,walking
1519421733568,-11.38894,-1.1537346,-1.8239537,3,walking
1519421733572,-11.838944,-0.93351966,-2.4654493,3,walking
1519421733576,-12.327247,-0.83777404,-2.733537,3,walking
1519421733586,-13.619812,-1.0388398,-2.7814097,3,walking
1519421733592,-14.558119,-1.862252,-2.1303396,3,walking
1519421733597,-14.625141,-2.3984275,-1.6324625,3,walking
1519421733602,-14.30918,-3.384607,-0.9430942,3,walking
1519421733606,-13.983645,-3.7675896,-0.7324539,3,walking
1519421733612,-13.658111,-4.0644007,-0.6271337,3,walking
1519421733617,-13.284702,-4.2175937,-0.5505372,3,walking
1519421733622,-12.537887,-4.1026993,-0.6271337,3,walking
1519421733628,-12.107032,-3.8633351,-0.7228793,3,walking
1519421733633,-11.676176,-3.5856729,-0.85692316,3,walking
1519421733638,-11.312344,-3.346309,-1.0867126,3,walking
1519421733644,-10.642124,-2.8292825,-1.622888,3,walking
1519421733648,-10.287866,-2.5707695,-1.862252,3,walking
1519421733654,-9.828286,-1.9675722,-2.2643836,3,walking
1519421733659,-9.655944,-1.6803354,-2.4175766,3,walking
1519421733664,-9.5889225,-1.0101161,-2.7239625,3,walking
1519421733669,-9.5889225,-1.0101161,-2.7239625,3,walking
1519421733674,-9.799562,-0.49308985,-2.8963046,3,walking
1519421733684,-10.469782,-0.17712937,-3.059072,3,walking
1519421733688,-10.469782,-0.17712937,-3.059072,3,walking
1519421733693,-10.967659,-0.110107444,-3.020774,3,walking
1519421733697,-11.178299,-0.17712937,-3.1069448,3,walking
1519421733702,-11.36979,-0.2441513,-3.0111992,3,walking
1519421733707,-11.551707,-0.4164934,-2.972901,3,walking
1519421733712,-11.685751,-0.98139244,-2.752686,3,walking
1519421733717,-11.72405,-1.3548003,-2.6377914,3,walking
1519421733721,-11.781497,-1.7569319,-2.4367256,3,walking
1519421733726,-11.800646,-2.1111906,-2.2069361,3,walking
1519421733732,-11.7336235,-2.8388572,-1.9771467,3,walking
1519421733737,-11.7336235,-3.173967,-1.8909757,3,walking
1519421733746,-11.800646,-3.6335456,-1.7473572,3,walking
1519421733752,-11.72405,-3.9016335,-1.7473572,3,walking
1519421733756,-11.685751,-3.8729098,-1.7665064,3,walking
1519421733761,-11.590006,-3.7388659,-1.8526775,3,walking
1519421733766,-11.4272375,-3.499502,-1.9867213,3,walking
1519421733772,-10.977234,-2.867581,-2.321831,3,walking
1519421733778,-10.546378,-2.2835326,-2.4175766,3,walking
1519421733783,-10.287866,-2.0824668,-2.3792782,3,walking
1519421733788,-10.058076,-1.9388485,-2.3505547,3,walking
1519421733793,-10.019777,-1.9962958,-2.6186423,3,walking
1519421733798,-9.818711,-2.3505547,-3.1548176,3,walking
1519421733804,-9.64637,-2.0633178,-3.0494976,3,walking
1519421733808,-9.407005,-1.6324625,-2.8484318,3,walking
1519421733814,-8.928278,-1.2973529,-2.7048132,3,walking
1519421733819,-8.34423,-1.4026731,-2.7814097,3,walking
1519421733824,-8.34423,-1.4218222,-2.7239625,3,walking
1519421733829,-8.34423,-1.6611862,-2.494173,3,walking
1519421733834,-8.200611,-1.7473572,-2.3505547,3,walking
1519421733845,-8.258059,-1.5271424,-2.254809,3,walking
1519421733849,-8.296356,-1.3356512,-2.2452345,3,walking
1519421733855,-8.32508,-1.1633091,-2.2069361,3,walking
1519421733865,-8.4686985,-1.0292653,-1.948423,3,walking
1519421733871,-8.5740185,-1.2686293,-1.9388485,3,walking
1519421733877,-8.612317,-1.2973529,-1.929274,3,walking
1519421733882,-8.593168,-1.3069274,-1.9101248,3,walking
1519421733887,-8.55487,-1.2973529,-1.9388485,3,walking
1519421733892,-8.583593,-1.2016073,-2.168638,3,walking
1519421733897,-8.650616,-1.2303311,-2.2835326,3,walking
1519421733902,-8.7750845,-1.2494801,-2.3984275,3,walking
1519421733907,-8.861256,-1.2973529,-2.513322,3,walking
1519421733912,-8.966576,-1.3069274,-2.6186423,3,walking
1519421733918,-8.9761505,-1.2973529,-2.7718353,3,walking
1519421733923,-8.803808,-1.383524,-3.039923,3,walking
1519421733928,-8.822957,-1.4505459,-3.1643922,3,walking
1519421733933,-8.861256,-1.383524,-3.346309,3,walking
1519421733938,-8.851681,-1.2973529,-3.2984362,3,walking
1519421733944,-8.5740185,-1.1537346,-3.3558834,3,walking
1519421733948,-8.5740185,-1.1537346,-3.3558834,3,walking
1519421733954,-8.21976,-1.0388398,-3.384607,3,walking
1519421733959,-7.9516726,-1.0579889,-3.4612036,3,walking
1519421733964,-7.8176284,-1.1058618,-3.5282254,3,walking
1519421733969,-7.654861,-1.1154363,-3.5856729,3,walking
1519421733974,-7.3006024,-1.3260766,-3.690993,3,walking
1519421733979,-7.0995364,-1.469695,-3.7101421,3,walking
1519421733984,-6.9654927,-1.5558661,-3.7101421,3,walking
1519421733989,-6.7261286,-1.862252,-3.5665238,3,walking
1519421733995,-6.6016593,-2.0058703,-3.5090764,3,walking
1519421734005,-6.4293175,-2.427151,-3.2409887,3,walking
1519421734011,-6.4197426,-2.5994933,-3.173967,3,walking
1519421734016,-6.37187,-2.7431116,-3.059072,3,walking
1519421734021,-6.2665496,-2.8580062,-2.9633265,3,walking
1519421734027,-6.2474008,-2.9250283,-2.8771553,3,walking
1519421734032,-6.3431463,-2.88673,-2.88673,3,walking
1519421734037,-6.3431463,-2.88673,-2.88673,3,walking
1519421734042,-6.4005938,-2.8771553,-2.8388572,3,walking
1519421734047,-6.37187,-2.8963046,-2.8580062,3,walking
1519421734052,-6.391019,-2.867581,-2.8484318,3,walking
1519421734057,-6.3527207,-2.8580062,-2.7622607,3,walking
1519421734062,-6.323997,-2.8292825,-2.7239625,3,walking
1519421734067,-6.3622956,-2.6090677,-2.5994933,3,walking
1519421734073,-6.3622956,-2.5037475,-2.6186423,3,walking
1519421734077,-6.410168,-2.4175766,-2.580344,3,walking
1519421734082,-6.5346375,-2.360129,-2.561195,3,walking
1519421734086,-6.5537868,-2.2931073,-2.5420458,3,walking
1519421734091,-6.745278,-2.2165108,-2.4558747,3,walking
1519421734096,-6.8888965,-2.2069361,-2.4367256,3,walking
1519421734105,-7.2240057,-2.187787,-2.4654493,3,walking
1519421734113,-8.018694,-2.1782124,-2.4558747,3,walking
1519421734119,-8.315506,-2.187787,-2.513322,3,walking
1519421734124,-8.583593,-2.187787,-2.513322,3,walking
1519421734134,-9.330409,-2.2452345,-2.580344,3,walking
1519421734138,-9.474028,-2.2643836,-2.5899186,3,walking
1519421734143,-9.598496,-2.254809,-2.6090677,3,walking
1519421734147,-9.732541,-2.2643836,-2.6569405,3,walking
1519421734165,-9.780414,-2.2356598,-2.6377914,3,walking
1519421734170,-9.75169,-2.2739582,-2.6282167,3,walking
1519421734176,-9.703817,-2.2643836,-2.5324712,3,walking
1519421734181,-9.655944,-2.187787,-2.3888528,3,walking
1519421734187,-9.62722,-2.1303396,-2.2931073,3,walking
1519421734192,-9.761265,-1.948423,-2.0441687,3,walking
1519421734197,-9.761265,-1.948423,-2.0441687,3,walking
1519421734202,-9.8953085,-1.9101248,-1.8431029,3,walking
1519421734207,-9.98148,-1.9579976,-1.709059,3,walking
1519421734212,-10.230418,-2.168638,-1.4026731,3,walking
1519421734217,-10.230418,-2.168638,-1.4026731,3,walking
1519421734222,-10.594251,-2.34098,-1.0388398,3,walking
1519421734227,-10.814466,-2.3697038,-0.9430942,3,walking
1519421734233,-11.609155,-2.2452345,-1.0005416,3,walking
1519421734237,-12.212352,-2.1303396,-1.2111819,3,walking
1519421734242,-12.930444,-2.0441687,-1.5462915,3,walking
1519421734251,-14.730461,-2.1782124,-2.1399143,3,walking
1519421734256,-14.883655,-2.2931073,-2.2356598,3,walking
1519421734260,-14.797483,-2.427151,-2.254809,3,walking
1519421734302,-10.383611,-2.5899186,-0.93351966,3,walking
1519421734310,-9.407005,-2.3026817,-0.6271337,3,walking
1519421734319,-8.593168,-1.8814012,-0.47394073,3,walking
1519421734331,-8.056993,-1.0196906,-0.3877697,3,walking
1519421734336,-8.104865,-0.69415563,-0.42606795,3,walking
1519421734341,-8.315506,-0.44521707,-0.45479164,3,walking
1519421734345,-9.378282,-0.10053288,-0.76117754,3,walking
1519421734350,-10.096374,0.03351096,-0.92394507,3,walking
1519421734411,-12.011286,-0.71330476,-2.7048132,3,walking
1519421734416,-11.963413,-0.77075213,-2.9250283,3,walking
1519421734425,-11.743198,-0.8473486,-2.8484318,3,walking
1519421734431,-11.197449,-0.8281995,-2.5899186,3,walking
1519421734436,-10.804892,-0.92394507,-2.2931073,3,walking
1519421734440,-10.5080805,-1.2111819,-2.0250196,3,walking
1519421734445,-10.230418,-1.622888,-2.0058703,3,walking
1519421734456,-9.732541,-2.9441774,-1.6420372,3,walking
1519421734461,-9.598496,-3.2888615,-1.6707608,3,walking
1519421734466,-9.598496,-3.2888615,-1.6707608,3,walking
1519421734470,-9.320834,-3.2984362,-1.4409714,3,walking
1519421734475,-9.138918,-3.173967,-1.2877784,3,walking
1519421734480,-8.889979,-3.0973704,-1.0388398,3,walking
1519421734485,-8.66019,-3.0973704,-0.8760723,3,walking
1519421734490,-8.506997,-3.039923,-0.8664977,3,walking
1519421734495,-8.382527,-2.972901,-0.99096704,3,walking
1519421734501,-8.401677,-2.8963046,-1.5941644,3,walking
1519421734508,-8.143164,-2.647366,-1.2782038,3,walking
1519421734513,-7.5591154,-2.2739582,-0.63670826,3,walking
1519421734517,-7.3006024,-2.0250196,-0.76117754,3,walking
1519421734521,-7.156984,-1.5750152,-0.98139244,3,walking
1519421734526,-7.137835,-1.5271424,-1.0962871,3,walking
1519421734530,-7.12826,-1.5750152,-1.14416,3,walking
1519421734535,-7.0708127,-1.5271424,-1.1537346,3,walking
1519421734540,-6.9176197,-1.4218222,-1.1345854,3,walking
1519421734546,-6.821874,-1.3356512,-1.0962871,3,walking
1519421734551,-6.745278,-1.2494801,-1.0579889,3,walking
1519421734556,-6.678256,-1.1824582,-1.1154363,3,walking
1519421734561,-6.5537868,-1.2494801,-1.2303311,3,walking
1519421734566,-6.6016593,-1.2782038,-1.2590547,3,walking
1519421734570,-6.544212,-1.3260766,-1.2590547,3,walking
1519421734575,-6.486765,-1.3165021,-1.2782038,3,walking
1519421734581,-6.4676156,-1.4409714,-1.3356512,3,walking
1519421734585,-6.458041,-1.4409714,-1.3739494,3,walking
1519421734591,-6.438892,-1.622888,-1.3548003,3,walking
1519421734596,-6.4484663,-1.709059,-1.3548003,3,walking
1519421734600,-6.4676156,-1.8239537,-1.3260766,3,walking
1519421734605,-6.5059137,-1.8909757,-1.3548003,3,walking
1519421734610,-6.6016593,-2.101616,-1.3930986,3,walking
1519421734616,-6.6208086,-2.1973617,-1.4218222,3,walking
1519421734620,-6.6878304,-2.2931073,-1.383524,3,walking
1519421734626,-6.745278,-2.4175766,-1.3930986,3,walking
1519421734630,-6.8027253,-2.4654493,-1.4122477,3,walking
1519421734635,-6.8888965,-2.5994933,-1.4888442,3,walking
1519421734640,-6.9463434,-2.6377914,-1.5462915,3,walking
1519421734645,-7.003791,-2.647366,-1.5845897,3,walking
1519421734651,-7.0803876,-2.6569405,-1.622888,3,walking
1519421734656,-7.137835,-2.6569405,-1.6324625,3,walking
1519421734662,-7.310177,-2.6760898,-1.6420372,3,walking
1519421734667,-7.310177,-2.6760898,-1.6420372,3,walking
1519421734672,-7.5208173,-2.647366,-1.709059,3,walking
1519421734677,-7.769756,-2.5994933,-1.709059,3,walking
1519421734682,-7.8272033,-2.5516202,-1.7665064,3,walking
1519421734687,-7.9803963,-2.5228968,-1.7569319,3,walking
1519421734692,-8.133589,-2.513322,-1.7377827,3,walking
1519421734697,-8.392102,-2.4845984,-1.7665064,3,walking
1519421734703,-8.516571,-2.4463003,-1.7569319,3,walking
1519421734707,-8.612317,-2.3697038,-1.7377827,3,walking
1519421734713,-8.727212,-2.3026817,-1.7186337,3,walking
1519421734718,-8.7750845,-2.321831,-1.7186337,3,walking
1519421734724,-8.784659,-2.2931073,-1.7282082,3,walking
1519421734728,-8.784659,-2.2931073,-1.7282082,3,walking
1519421734734,-8.746361,-2.254809,-1.7569319,3,walking
1519421734744,-8.621892,-2.1207652,-1.8048047,3,walking
1519421734750,-8.4686985,-2.0633178,-1.8718265,3,walking
1519421734756,-8.4686985,-2.0633178,-1.8718265,3,walking
1519421734760,-8.372953,-2.034594,-1.8335283,3,walking
1519421734765,-8.363379,-2.0441687,-1.8526775,3,walking
1519421734770,-8.411251,-2.0920415,-1.8335283,3,walking
1519421734776,-8.545295,-2.1973617,-1.7282082,3,walking
1519421734780,-8.583593,-2.2356598,-1.6420372,3,walking
1519421734786,-8.641041,-2.2643836,-1.6037389,3,walking
1519421734790,-8.851681,-2.254809,-1.383524,3,walking
1519421734796,-9.033598,-2.2835326,-1.3069274,3,walking
1519421734801,-9.20594,-2.3026817,-1.2399056,3,walking
1519421734806,-9.3878565,-2.321831,-1.14416,3,walking
1519421734811,-9.85701,-2.3888528,-1.1345854,3,walking
1519421734816,-10.096374,-2.3984275,-1.0962871,3,walking
1519421734822,-10.680422,-2.4463003,-1.0962871,3,walking
1519421734826,-10.680422,-2.4463003,-1.0962871,3,walking
1519421734834,-11.532558,-2.561195,-1.2111819,3,walking
1519421734840,-11.867668,-2.6186423,-1.2973529,3,walking
1519421734845,-11.867668,-2.6186423,-1.2973529,3,walking
1519421734850,-12.135756,-2.580344,-1.4792696,3,walking
1519421734855,-12.183628,-2.494173,-1.6037389,3,walking
1519421734860,-12.2410755,-2.3888528,-1.6899099,3,walking
1519421734865,-12.2410755,-2.101616,-2.0250196,3,walking
1519421734870,-12.183628,-2.0058703,-2.1207652,3,walking
1519421734875,-12.135756,-1.8814012,-2.1399143,3,walking
1519421734880,-11.992137,-1.79523,-2.254809,3,walking
1519421734885,-11.628304,-1.6420372,-2.3888528,3,walking
1519421734890,-11.484685,-1.6611862,-2.4654493,3,walking
1519421734895,-11.293194,-1.6707608,-2.513322,3,walking
1519421734900,-11.101703,-1.622888,-2.494173,3,walking
1519421734905,-10.862339,-1.4409714,-2.7239625,3,walking
1519421734910,-10.919786,-1.3069274,-2.9633265,3,walking
1519421734915,-11.1208515,-1.2111819,-3.1835413,3,walking
1519421734920,-12.154904,-1.1250108,-3.4707782,3,walking
1519421734925,-12.90172,-1.2590547,-3.3750327,3,walking
1519421734930,-13.591088,-1.5079932,-3.1069448,3,walking
1519421734937,-14.213435,-2.3792782,-2.149489,3,walking
1519421734941,-14.242159,-2.9250283,-1.7473572,3,walking
1519421734945,-14.155988,-3.5090764,-1.2303311,3,walking
1519421734950,-13.763431,-4.322914,-0.5218136,3,walking
1519421734955,-13.591088,-4.610151,-0.28244954,3,walking
1519421734988,-10.996383,-3.8729098,-1.0388398,3,walking
1519421734993,-10.651698,-3.1835413,-1.4218222,3,walking
1519421734997,-10.651698,-3.1835413,-1.4218222,3,walking
1519421735002,-10.5080805,-2.360129,-1.79523,3,walking
1519421735006,-10.5080805,-2.360129,-1.79523,3,walking
1519421735011,-10.546378,-1.6611862,-2.1782124,3,walking
1519421735015,-10.71872,-1.3643749,-2.3792782,3,walking
1519421735020,-10.804892,-1.1728836,-2.4654493,3,walking
1519421735025,-10.958084,-1.0771381,-2.5228968,3,walking
1519421735030,-11.408089,-0.8473486,-2.6090677,3,walking
1519421735036,-11.590006,-0.7324539,-2.647366,3,walking
1519421735040,-11.647452,-0.70373017,-2.6090677,3,walking
1519421735046,-11.59958,-0.6750065,-2.513322,3,walking
1519421735051,-11.49426,-0.6271337,-2.408002,3,walking
1519421735056,-11.36979,-0.69415563,-2.2452345,3,walking
1519421735061,-11.360216,-0.8186249,-2.1782124,3,walking
1519421735066,-11.350641,-0.8760723,-2.0728924,3,walking
1519421735072,-11.26447,-1.2016073,-1.9675722,3,walking
1519421735077,-11.245321,-1.3643749,-1.9388485,3,walking
1519421735082,-11.293194,-1.4888442,-1.929274,3,walking
1519421735087,-11.398514,-1.7186337,-1.8335283,3,walking
1519421735092,-11.436812,-1.8814012,-1.8718265,3,walking
1519421735097,-11.475111,-1.9962958,-1.9388485,3,walking
1519421735102,-11.618729,-2.2452345,-2.0824668,3,walking
1519421735107,-11.7336235,-2.3505547,-2.168638,3,walking
1519421735112,-11.781497,-2.34098,-2.2165108,3,walking
1519421735123,-11.532558,-2.408002,-2.2643836,3,walking
1519421735127,-11.38894,-2.427151,-2.2452345,3,walking
1519421735133,-11.226172,-2.513322,-2.2069361,3,walking
1519421735138,-10.92936,-2.5037475,-2.1207652,3,walking
1519421735143,-10.900637,-2.408002,-1.9867213,3,walking
1519421735148,-10.728295,-2.4845984,-2.2069361,3,walking
1519421735153,-10.2016945,-2.5516202,-2.494173,3,walking
1519421735158,-10.153821,-2.6090677,-2.1973617,3,walking
1519421735163,-10.249567,-2.4463003,-2.0824668,3,walking
1519421735168,-10.230418,-2.1782124,-1.9388485,3,walking
1519421735174,-9.876159,-1.8048047,-1.6707608,3,walking
1519421735178,-9.818711,-1.5271424,-1.6133134,3,walking
1519421735184,-9.770839,-1.383524,-1.5271424,3,walking
1519421735189,-9.6942425,-1.0292653,-1.2782038,3,walking
1519421735195,-9.608071,-0.8760723,-1.2111819,3,walking
1519421735200,-9.445304,-0.69415563,-1.3260766,3,walking
1519421735205,-9.445304,-0.69415563,-1.3260766,3,walking
1519421735210,-9.330409,-0.33032233,-1.0675635,3,walking
1519421735215,-9.301685,-0.27287498,-1.1154363,3,walking
1519421735220,-9.024023,-0.56011176,-1.4984187,3,walking
1519421735225,-9.014449,-0.6558574,-1.4313968,3,walking
1519421735230,-9.014449,-0.63670826,-1.3739494,3,walking
1519421735235,-9.033598,-0.5888355,-1.3643749,3,walking
1519421735241,-9.014449,-0.6750065,-1.6516117,3,walking
1519421735246,-9.024023,-0.85692316,-1.7856555,3,walking
1519421735251,-9.110194,-1.2686293,-1.948423,3,walking
1519421735256,-9.091045,-1.4505459,-2.0058703,3,walking
1519421735261,-9.0814705,-1.5079932,-2.0728924,3,walking
1519421735266,-8.9761505,-1.5941644,-2.254809,3,walking
1519421735271,-8.889979,-1.6037389,-2.2356598,3,walking
1519421735276,-8.861256,-1.6611862,-2.2835326,3,walking
1519421735282,-8.7750845,-1.776081,-2.2643836,3,walking
1519421735287,-8.727212,-2.149489,-2.494173,3,walking
1519421735292,-8.679339,-2.3122563,-2.580344,3,walking
1519421735302,-8.277207,-2.7431116,-2.6377914,3,walking
1519421735307,-8.143164,-2.8101335,-2.6856642,3,walking
1519421735311,-7.9325233,-2.867581,-2.714388,3,walking
1519421735316,-7.7793303,-2.9537518,-2.647366,3,walking
1519421735320,-7.616563,-3.0494976,-2.6760898,3,walking
1519421735324,-7.511243,-3.0016246,-2.6569405,3,walking
1519421735329,-7.434646,-3.0303483,-2.6760898,3,walking
1519421735335,-7.396348,-3.020774,-2.7814097,3,walking
1519421735344,-7.2240057,-2.9824755,-2.800559,3,walking
1519421735349,-7.156984,-2.9250283,-2.7909844,3,walking
1519421735354,-7.0325146,-2.819708,-2.7048132,3,walking
1519421735359,-6.975067,-2.7814097,-2.714388,3,walking
1519421735365,-6.936769,-2.714388,-2.714388,3,walking
1519421735369,-6.7261286,-2.666515,-2.6282167,3,walking
1519421735374,-6.630383,-2.647366,-2.5228968,3,walking
1519421735379,-6.5346375,-2.6282167,-2.475024,3,walking
1519421735384,-6.4484663,-2.6090677,-2.4367256,3,walking
1519421735389,-6.1995277,-2.5324712,-2.2931073,3,walking
1519421735394,-6.0846334,-2.5228968,-2.2165108,3,walking
1519421735399,-5.8165455,-2.4463003,-2.1111906,3,walking
1519421735404,-5.7782474,-2.3792782,-2.0537431,3,walking
1519421735409,-5.653778,-2.360129,-1.9962958,3,walking
1519421735415,-5.567607,-2.3026817,-1.9196993,3,walking
1519421735419,-5.605905,-2.1782124,-1.8909757,3,walking
1519421735425,-5.586756,-2.015445,-1.8239537,3,walking
1519421735434,-5.797396,-1.8431029,-1.8239537,3,walking
1519421735439,-6.094208,-1.709059,-1.8335283,3,walking
1519421735444,-6.2761245,-1.6611862,-1.8814012,3,walking
1519421735449,-6.5059137,-1.622888,-1.9101248,3,walking
1519421735456,-6.8601727,-1.5367169,-1.9388485,3,walking
1519421735461,-7.042089,-1.5271424,-1.9579976,3,walking
1519421735465,-7.310177,-1.5175679,-1.9579976,3,walking
1519421735469,-7.5303917,-1.5079932,-1.9388485,3,walking
1519421735474,-7.769756,-1.5175679,-1.929274,3,walking
1519421735479,-8.028269,-1.6037389,-1.7856555,3,walking
1519421735484,-8.200611,-1.6803354,-1.776081,3,walking
1519421735489,-8.296356,-1.7569319,-1.776081,3,walking
1519421735494,-8.4686985,-1.862252,-1.6324625,3,walking
1519421735499,-8.516571,-1.929274,-1.6037389,3,walking
1519421735504,-8.535721,-1.9675722,-1.5654407,3,walking
1519421735509,-8.516571,-2.0250196,-1.4601204,3,walking
1519421735514,-8.506997,-2.0537431,-1.4122477,3,walking
1519421735518,-8.535721,-2.0250196,-1.3739494,3,walking
1519421735524,-8.535721,-2.0250196,-1.383524,3,walking
1519421735529,-8.516571,-2.0250196,-1.3260766,3,walking
1519421735534,-8.631466,-2.015445,-1.4505459,3,walking
1519421735539,-8.727212,-2.015445,-1.4888442,3,walking
1519421735544,-8.784659,-2.0633178,-1.4505459,3,walking
1519421735549,-8.851681,-2.1303396,-1.4984187,3,walking
1519421735554,-9.110194,-2.1782124,-1.3930986,3,walking
1519421735559,-9.20594,-2.2643836,-1.3069274,3,walking
1519421735564,-9.320834,-2.3888528,-1.2111819,3,walking
1519421735569,-9.579348,-2.580344,-0.93351966,3,walking
1519421735574,-9.703817,-2.6090677,-0.78990126,3,walking
1519421735579,-9.818711,-2.666515,-0.63670826,3,walking
1519421735583,-10.19212,-2.819708,-0.39734426,3,walking
1519421735589,-10.412334,-2.867581,-0.25372586,3,walking
1519421735594,-10.6134,-2.8771553,-0.13883112,3,walking
1519421735599,-11.28362,-2.7431116,-0.110107444,3,walking
1519421735604,-11.810221,-2.6282167,-0.27287498,3,walking
1519421735608,-11.810221,-2.6282167,-0.27287498,3,walking
1519421735611,-13.294277,-2.3026817,-1.0196906,3,walking
1519421735621,-14.605992,-2.3026817,-1.6324625,3,walking
1519421735627,-14.692163,-2.5037475,-1.9962958,3,walking
1519421735632,-14.20386,-2.5324712,-2.187787,3,walking
1519421735641,-12.815549,-2.6377914,-2.408002,3,walking
1519421735645,-12.174053,-2.6282167,-2.2739582,3,walking
1519421735669,-10.000628,-3.1165195,-1.383524,3,walking
1519421735675,-9.225089,-3.4037561,-0.91437054,3,walking
1519421735679,-9.014449,-3.3367343,-0.78990126,3,walking
1519421735684,-8.928278,-3.193116,-0.71330476,3,walking
1519421735689,-8.957002,-2.9441774,-0.6845811,3,walking
1519421735695,-9.397431,-2.2356598,-0.70373017,3,walking
1519421735703,-10.172971,-1.6037389,-0.85692316,3,walking
1519421735708,-10.642124,-1.3930986,-1.0101161,3,walking
1519421735713,-11.82937,-1.0484143,-1.3548003,3,walking
1519421735720,-12.930444,-0.9526688,-1.4888442,3,walking
1519421735726,-13.409172,-0.93351966,-1.6420372,3,walking
1519421735731,-13.840027,-0.8186249,-1.7665064,3,walking
1519421735736,-14.290031,-0.7324539,-1.9867213,3,walking
1519421735772,-13.619812,-0.8760723,-2.8101335,3,walking
1519421735781,-13.064487,-1.1537346,-2.972901,3,walking
1519421735789,-12.480439,-1.5367169,-2.9920502,3,walking
1519421735795,-12.480439,-1.5367169,-2.9920502,3,walking
1519421735799,-11.752773,-1.7282082,-2.6569405,3,walking
1519421735804,-11.38894,-1.6516117,-2.408002,3,walking
1519421735808,-10.986808,-1.5558661,-2.101616,3,walking
1519421735817,-9.885734,-1.6803354,-1.2877784,3,walking
1519421735822,-9.684668,-1.8335283,-1.1250108,3,walking
1519421735826,-9.598496,-1.862252,-0.92394507,3,walking
1519421735830,-9.435729,-2.0250196,-0.8186249,3,walking
1519421735835,-9.435729,-2.0250196,-0.8186249,3,walking
1519421735839,-9.0814705,-2.2643836,-0.69415563,3,walking
1519421735870,-6.745278,-2.494173,-0.30159867,3,walking
1519421735879,-6.486765,-2.5037475,-0.42606795,3,walking
1519421735887,-6.6495323,-2.5228968,-0.69415563,3,walking
1519421735895,-6.7261286,-2.3122563,-0.8856468,3,walking
1519421735903,-6.486765,-2.4367256,-1.0771381,3,walking
1519421735908,-6.5729356,-2.4463003,-1.3452257,3,walking
1519421735914,-6.9271946,-2.3697038,-1.7473572,3,walking
1519421735919,-6.8793216,-2.4463003,-1.8431029,3,walking
1519421735923,-6.764427,-2.4845984,-1.948423,3,walking
1519421735928,-6.7740016,-2.5324712,-2.0633178,3,walking
1519421735934,-6.7357035,-2.580344,-2.0920415,3,walking
1519421735938,-6.716554,-2.666515,-2.0824668,3,walking
1519421735943,-6.6591067,-2.7622607,-2.015445,3,walking
1519421735948,-6.5825105,-2.8101335,-1.9579976,3,walking
1519421735954,-6.5346375,-2.8580062,-1.9388485,3,walking
1519421735959,-6.5537868,-2.9346027,-1.9196993,3,walking
1519421735963,-6.5346375,-3.1069448,-1.7665064,3,walking
1519421735969,-6.611234,-3.1452432,-1.6899099,3,walking
1519421735974,-6.6878304,-3.1452432,-1.4505459,3,walking
1519421735979,-6.764427,-3.212265,-1.3930986,3,walking
1519421735983,-7.0133657,-3.2697124,-1.3165021,3,walking
1519421735989,-7.1091113,-3.346309,-1.1920328,3,walking
1519421735994,-7.1091113,-3.346309,-1.1920328,3,walking
1519421735998,-7.2718787,-3.2697124,-1.1058618,3,walking
1519421736004,-7.2910275,-3.173967,-1.1250108,3,walking
1519421736009,-7.35805,-2.905879,-1.1728836,3,walking
1519421736014,-7.35805,-2.905879,-1.1728836,3,walking
1519421736018,-7.434646,-2.666515,-1.2399056,3,walking
1519421736024,-7.4442205,-2.580344,-1.1824582,3,walking
1519421736029,-7.4920936,-2.5037475,-1.1633091,3,walking
1519421736034,-7.6069884,-2.3122563,-1.2399056,3,walking
1519421736039,-7.7506065,-2.3026817,-1.383524,3,walking
1519421736044,-7.8272033,-2.34098,-1.5654407,3,walking
1519421736049,-7.8846507,-2.2356598,-1.2494801,3,walking
1519421736054,-7.894225,-2.1590633,-1.1250108,3,walking
1519421736059,-7.855927,-2.0633178,-0.98139244,3,walking
1519421736065,-8.00912,-2.015445,-0.91437054,3,walking
1519421736070,-8.229335,-2.0728924,-1.0484143,3,walking
1519421736075,-8.545295,-2.168638,-0.90479594,3,walking
1519421736080,-8.755936,-2.2356598,-0.9718179,3,walking
1519421736085,-8.889979,-2.2643836,-0.91437054,3,walking
1519421736091,-9.20594,-2.3314054,-1.0867126,3,walking
1519421736095,-9.320834,-2.3026817,-1.0867126,3,walking
1519421736100,-9.474028,-2.2835326,-1.0005416,3,walking
1519421736111,-9.96233,-2.149489,-1.0579889,3,walking
1519421736116,-10.144247,-2.0920415,-1.0388398,3,walking
1519421736121,-10.345312,-2.1207652,-1.0962871,3,walking
1519421736131,-10.958084,-2.0728924,-1.1154363,3,walking
1519421736136,-11.197449,-2.0633178,-1.0579889,3,walking
1519421736141,-11.561282,-2.1207652,-1.0579889,3,walking
1519421736146,-11.791071,-2.1207652,-1.0579889,3,walking
1519421736152,-12.001712,-2.1782124,-1.0101161,3,walking
1519421736157,-12.221927,-2.168638,-0.9430942,3,walking
1519421736162,-12.576185,-2.3026817,-0.92394507,3,walking
1519421736167,-12.719804,-2.360129,-0.9430942,3,walking
1519421736172,-12.8538475,-2.4367256,-0.91437054,3,walking
1519421736177,-13.02619,-2.4845984,-0.78032666,3,walking
1519421736182,-13.045339,-2.513322,-0.8186249,3,walking
1519421736187,-13.045339,-2.5228968,-0.8186249,3,walking
1519421736193,-13.045339,-2.4845984,-0.8473486,3,walking
1519421736198,-12.834699,-2.3888528,-0.92394507,3,walking
1519421736204,-12.700654,-2.2931073,-0.92394507,3,walking
1519421736210,-12.470865,-2.101616,-1.1250108,3,walking
1519421736220,-12.011286,-1.7377827,-1.3930986,3,walking
1519421736225,-11.905966,-1.6707608,-1.5654407,3,walking
1519421736229,-11.72405,-1.5558661,-1.6611862,3,walking
1519421736234,-11.561282,-1.5271424,-1.6420372,3,walking
1519421736239,-11.436812,-1.4601204,-1.622888,3,walking
1519421736244,-11.245321,-1.4026731,-1.709059,3,walking
1519421736249,-11.341067,-1.3356512,-1.8814012,3,walking
1519421736254,-11.561282,-1.3356512,-2.1207652,3,walking
1519421736260,-12.384694,-1.4218222,-2.3314054,3,walking
1519421736264,-12.8538475,-1.5750152,-2.2835326,3,walking
1519421736270,-13.418746,-2.1590633,-1.6994845,3,walking
1519421736277,-13.380448,-2.4845984,-1.3260766,3,walking
1519421736281,-13.255979,-2.800559,-1.1824582,3,walking
1519421736328,-9.493176,-2.4367256,-1.948423,3,walking
1519421736333,-9.378282,-2.2165108,-2.1782124,3,walking
1519421736338,-9.330409,-1.9867213,-2.3505547,3,walking
1519421736343,-9.378282,-1.5654407,-2.6090677,3,walking
1519421736348,-9.474028,-1.4122477,-2.7622607,3,walking
1519421736353,-9.62722,-1.3165021,-2.8580062,3,walking
1519421736358,-10.096374,-1.2686293,-2.8580062,3,walking
1519421736364,-10.259142,-1.4409714,-2.752686,3,walking
1519421736368,-10.709146,-1.79523,-2.5994933,3,walking
1519421736373,-10.709146,-1.79523,-2.5994933,3,walking
1519421736378,-11.130426,-2.168638,-2.3697038,3,walking
1519421736383,-11.312344,-2.3792782,-2.2739582,3,walking
1519421736388,-11.628304,-2.8292825,-2.0824668,3,walking
1519421736393,-11.628304,-2.8292825,-2.0824668,3,walking
1519421736398,-11.72405,-3.0686467,-1.8431029,3,walking
1519421736403,-11.800646,-3.2505634,-1.8814012,3,walking
1519421736408,-11.915541,-3.365458,-2.0250196,3,walking
1519421736413,-12.174053,-3.384607,-2.1590633,3,walking
1519421736418,-12.2410755,-3.3080106,-2.2069361,3,walking
1519421736423,-12.212352,-3.2409887,-2.3122563,3,walking
1519421736428,-12.001712,-3.1643922,-2.5037475,3,walking
1519421736433,-11.896391,-3.1643922,-2.5516202,3,walking
1519421736438,-11.800646,-3.0973704,-2.6856642,3,walking
1519421736443,-11.7336235,-2.972901,-2.714388,3,walking
1519421736448,-11.503835,-2.9441774,-2.8292825,3,walking
1519421736453,-11.436812,-2.9250283,-3.0494976,3,walking
1519421736458,-11.293194,-2.7814097,-3.3558834,3,walking
1519421736463,-11.293194,-2.7814097,-3.3558834,3,walking
1519421736468,-11.254896,-2.3888528,-3.3080106,3,walking
1519421736473,-11.092129,-2.1207652,-3.1548176,3,walking
1519421736478,-10.661273,-1.929274,-2.647366,3,walking
1519421736483,-10.661273,-1.929274,-2.647366,3,walking
1519421736489,-10.938935,-2.149489,-2.7048132,3,walking
1519421736494,-10.910212,-2.34098,-2.6760898,3,walking
1519421736498,-10.986808,-2.3984275,-2.752686,3,walking
1519421736503,-10.871913,-2.254809,-2.6377914,3,walking
1519421736508,-10.699572,-1.9005502,-2.3026817,3,walking
1519421736513,-10.345312,-1.5462915,-1.8335283,3,walking
1519421736517,-10.163396,-1.1058618,-1.6803354,3,walking
1519421736523,-10.125097,-1.2494801,-1.6707608,3,walking
1519421736528,-10.2016945,-1.2494801,-1.4984187,3,walking
1519421736533,-10.364462,-1.3069274,-1.3930986,3,walking
1519421736538,-9.904882,-1.3548003,-1.3165021,3,walking
1519421736544,-9.742115,-1.1920328,-1.2494801,3,walking
1519421736548,-9.54105,-1.0196906,-1.4026731,3,walking
1519421736553,-9.54105,-1.0196906,-1.4026731,3,walking
1519421736557,-9.2825365,-1.2016073,-1.622888,3,walking
1519421736563,-9.167642,-1.3930986,-1.776081,3,walking
1519421736568,-9.158067,-1.5750152,-2.0250196,3,walking
1519421736573,-9.158067,-1.5750152,-2.0250196,3,walking
1519421736579,-8.784659,-1.6133134,-2.3122563,3,walking
1519421736584,-8.478273,-1.6037389,-2.3314054,3,walking
1519421736589,-8.382527,-1.6037389,-2.3697038,3,walking
1519421736593,-8.32508,-1.7569319,-2.427151,3,walking
1519421736598,-8.334655,-1.8431029,-2.5707695,3,walking
1519421736603,-8.382527,-1.9579976,-2.6377914,3,walking
1519421736608,-8.401677,-2.0728924,-2.6856642,3,walking
1519421736613,-8.363379,-2.0824668,-2.819708,3,walking
1519421736618,-8.34423,-2.1111906,-2.867581,3,walking
1519421736623,-8.32508,-2.1399143,-2.8580062,3,walking
1519421736628,-8.334655,-2.2356598,-2.972901,3,walking
1519421736633,-8.305931,-2.3122563,-3.0016246,3,walking
1519421736638,-8.32508,-2.3697038,-2.9633265,3,walking
1519421736643,-8.2676325,-2.427151,-3.0303483,3,walking
1519421736647,-8.1623125,-2.4558747,-2.9154537,3,walking
1519421736653,-8.076141,-2.4845984,-2.9250283,3,walking
1519421736658,-7.8367777,-2.475024,-2.7909844,3,walking
1519421736663,-7.8367777,-2.475024,-2.7909844,3,walking
1519421736669,-7.702734,-2.427151,-2.7622607,3,walking
1519421736673,-7.5208173,-2.475024,-2.7239625,3,walking
1519421736678,-7.4154973,-2.3984275,-2.6760898,3,walking
1519421736682,-7.176133,-2.34098,-2.647366,3,walking
1519421736688,-7.0612383,-2.3505547,-2.6377914,3,walking
1519421736693,-7.0708127,-2.2739582,-2.6856642,3,walking
1519421736698,-6.850598,-2.149489,-2.7048132,3,walking
1519421736703,-6.7548523,-2.1207652,-2.647366,3,walking
1519421736708,-6.639958,-2.0441687,-2.647366,3,walking
1519421736713,-6.544212,-1.9962958,-2.6569405,3,walking
1519421736718,-6.3622956,-1.8335283,-2.6282167,3,walking
1519421736723,-6.3144226,-1.7569319,-2.580344,3,walking
1519421736728,-6.2761245,-1.6707608,-2.5037475,3,walking
1519421736733,-6.2761245,-1.6707608,-2.5037475,3,walking
1519421736738,-6.2282515,-1.5750152,-2.4654493,3,walking
1519421736743,-6.2282515,-1.5845897,-2.4845984,3,walking
1519421736748,-6.180379,-1.5654407,-2.4367256,3,walking
1519421736753,-6.180379,-1.5654407,-2.4367256,3,walking
1519421736758,-6.2952733,-1.5654407,-2.4463003,3,walking
1519421736763,-6.4676156,-1.6707608,-2.475024,3,walking
1519421736769,-6.5537868,-1.709059,-2.5707695,3,walking
1519421736774,-6.7069798,-1.7282082,-2.5228968,3,walking
1519421736778,-6.8888965,-1.8814012,-2.561195,3,walking
1519421736784,-7.02294,-1.9771467,-2.561195,3,walking
1519421736789,-7.089962,-2.0250196,-2.494173,3,walking
1519421736794,-7.195282,-2.2356598,-2.4845984,3,walking
1519421736799,-7.3197513,-2.2739582,-2.4558747,3,walking
1519421736804,-7.4059224,-2.34098,-2.4175766,3,walking
1519421736809,-7.46337,-2.5994933,-2.2165108,3,walking
1519421736814,-7.5399666,-2.666515,-2.2643836,3,walking
1519421736820,-7.635712,-2.7431116,-2.3026817,3,walking
1519421736830,-7.6740103,-2.9154537,-2.149489,3,walking
1519421736835,-7.6835847,-2.9154537,-2.0728924,3,walking
1519421736840,-7.741032,-2.867581,-1.9962958,3,walking
1519421736850,-7.7793303,-2.8388572,-1.622888,3,walking
1519421736855,-7.7793303,-2.8101335,-1.5079932,3,walking
1519421736861,-7.9133744,-2.8101335,-1.3069274,3,walking
1519421736865,-7.9803963,-2.8388572,-1.2207564,3,walking
1519421736871,-8.047418,-2.905879,-1.1633091,3,walking
1519421736876,-8.104865,-3.0303483,-0.92394507,3,walking
1519421736881,-8.095291,-3.0686467,-0.8090504,3,walking
1519421736886,-8.133589,-3.1069448,-0.69415563,3,walking
1519421736891,-8.191036,-3.1548176,-0.56011176,3,walking
1519421736896,-8.32508,-3.1548176,-0.47394073,3,walking
1519421736901,-8.870831,-3.0494976,-0.49308985,3,walking
1519421736906,-9.359133,-2.9250283,-0.59841,3,walking
1519421736914,-10.814466,-2.561195,-1.1058618,3,walking
1519421736919,-12.135756,-2.5324712,-1.383524,3,walking
1519421736927,-12.700654,-2.8484318,-1.3739494,3,walking
1519421736932,-12.700654,-2.8484318,-1.3739494,3,walking
1519421736938,-12.5474615,-3.0973704,-1.3069274,3,walking
1519421736944,-12.46129,-3.078221,-1.2303311,3,walking
1519421736949,-12.384694,-3.0016246,-1.1345854,3,walking
1519421736954,-12.202777,-2.88673,-1.0101161,3,walking
1519421736958,-11.771922,-2.6760898,-1.0579889,3,walking
1519421736978,-9.933606,-2.408002,-0.92394507,3,walking
1519421736983,-9.933606,-2.408002,-0.92394507,3,walking
1519421736988,-9.579348,-2.0441687,-1.1250108,3,walking
1519421736993,-9.5219,-1.8431029,-1.2782038,3,walking
1519421736998,-9.818711,-1.3548003,-1.6420372,3,walking
1519421737002,-9.818711,-1.3548003,-1.6420372,3,walking
1519421737007,-10.71872,-0.7994758,-2.015445,3,walking
1519421737012,-11.245321,-0.56968635,-2.0920415,3,walking
1519421737018,-12.67193,-0.20585304,-2.427151,3,walking
1519421737024,-12.67193,-0.20585304,-2.427151,3,walking
1519421737029,-14.625141,-0.2441513,-2.4654493,3,walking
1519421737034,-15.113443,-0.40691882,-2.4654493,3,walking
1519421737038,-15.381532,-0.59841,-2.4463003,3,walking
1519421737048,-15.764514,-1.0484143,-2.321831,3,walking
1519421737052,-15.793238,-1.1920328,-2.2069361,3,walking
1519421737057,-15.592172,-1.4984187,-1.9675722,3,walking
1519421737063,-15.391106,-1.5750152,-1.862252,3,walking
1519421737067,-15.142167,-1.6133134,-1.8431029,3,walking
1519421737072,-14.759185,-1.6994845,-1.7856555,3,walking
1519421737077,-13.907049,-1.8048047,-1.7282082,3,walking
1519421737084,-13.102786,-1.7282082,-2.0058703,3,walking
1519421737089,-12.748528,-1.7377827,-2.101616,3,walking
1519421737093,-12.748528,-1.7377827,-2.101616,3,walking
1519421737140,-8.679339,-1.622888,-1.0867126,3,walking
1519421737148,-8.478273,-1.6611862,-0.91437054,3,walking
1519421737155,-8.411251,-1.6516117,-0.8760723,3,walking
1519421737162,-8.334655,-1.709059,-0.9430942,3,walking
1519421737167,-8.23891,-1.862252,-0.8281995,3,walking
1519421737172,-8.152739,-1.9867213,-0.6845811,3,walking
1519421737177,-8.076141,-2.3792782,-1.0101161,3,walking
1519421737182,-8.076141,-2.3792782,-1.0101161,3,walking
1519421737187,-8.085716,-2.733537,-1.1250108,3,walking
1519421737192,-7.9899707,-2.8292825,-1.1345854,3,walking
1519421737197,-7.664436,-3.2601378,-1.4218222,3,walking
1519421737202,-7.664436,-3.2601378,-1.4218222,3,walking
1519421737208,-7.2335806,-3.6431203,-1.3260766,3,walking
1519421737213,-7.195282,-3.5760984,-1.4313968,3,walking
1519421737218,-7.137835,-3.5282254,-1.4218222,3,walking
1519421737224,-7.0325146,-3.451629,-1.4888442,3,walking
1519421737228,-6.975067,-3.4229054,-1.383524,3,walking
1519421737233,-6.8888965,-3.4803526,-1.4026731,3,walking
1519421737237,-6.7931504,-3.4133308,-1.3260766,3,walking
1519421737243,-6.8122997,-3.4229054,-1.2399056,3,walking
1519421737248,-6.9463434,-3.2026904,-1.0962871,3,walking
1519421737254,-6.869747,-3.193116,-1.0005416,3,walking
1519421737259,-7.003791,-3.212265,-0.8281995,3,walking
1519421737264,-7.0612383,-3.173967,-0.751603,3,walking
1519421737269,-7.1665583,-3.212265,-0.63670826,3,walking
1519421737279,-7.3389006,-3.1452432,-0.37819514,3,walking
1519421737284,-7.3771987,-3.126094,-0.2920241,3,walking
1519421737289,-7.4537954,-3.078221,-0.28244954,3,walking
1519421737300,-7.6835847,-2.9154537,-0.17712937,3,walking
1519421737305,-7.769756,-2.905879,-0.13883112,3,walking
1519421737310,-7.999545,-2.7048132,-0.09095833,3,walking
1519421737315,-8.076141,-2.6090677,-0.062234644,3,walking
1519421737320,-8.124015,-2.5420458,-0.03351096,3,walking
1519421737325,-8.363379,-2.408002,-0.043085523,3,walking
1519421737330,-8.439975,-2.3314054,-0.11968201,3,walking
1519421737335,-8.583593,-2.2739582,-0.10053288,3,walking
1519421737341,-8.679339,-2.1973617,-0.20585304,3,walking
1519421737346,-8.755936,-2.101616,-0.26330042,3,walking
1519421737351,-8.822957,-2.0920415,-0.33032233,3,walking
1519421737356,-8.889979,-2.0441687,-0.37819514,3,walking
1519421737361,-8.909128,-2.015445,-0.3877697,3,walking
1519421737366,-9.014449,-1.8239537,-0.40691882,3,walking
1519421737371,-9.071896,-1.7377827,-0.36862057,3,walking
1519421737377,-9.0814705,-1.7282082,-0.42606795,3,walking
1519421737382,-9.0814705,-1.7282082,-0.42606795,3,walking
1519421737388,-9.359133,-1.776081,-0.63670826,3,walking
1519421737393,-9.330409,-1.7282082,-0.59841,3,walking
1519421737398,-9.2825365,-1.7473572,-0.5888355,3,walking
1519421737403,-9.225089,-1.7856555,-0.63670826,3,walking
1519421737408,-9.215514,-1.8431029,-0.5888355,3,walking
1519421737413,-9.225089,-1.9005502,-0.5505372,3,walking
1519421737418,-9.2825365,-1.9579976,-0.5888355,3,walking
1519421737423,-9.349558,-2.015445,-0.6558574,3,walking
1519421737429,-9.368708,-2.0250196,-0.6079846,3,walking
1519421737434,-9.3878565,-2.0058703,-0.56968635,3,walking
1519421737439,-9.454879,-2.101616,-0.5218136,3,walking
1519421737444,-9.531475,-2.0920415,-0.47394073,3,walking
1519421737449,-9.684668,-2.1303396,-0.42606795,3,walking
1519421737460,-10.220843,-2.1590633,-0.37819514,3,walking
1519421737464,-10.450633,-2.187787,-0.46436617,3,walking
1519421737469,-10.680422,-2.2452345,-0.56011176,3,walking
1519421737478,-11.484685,-2.2452345,-0.6271337,3,walking
1519421737482,-11.484685,-2.2452345,-0.6271337,3,walking
1519421737487,-11.819795,-2.2260852,-0.69415563,3,walking
1519421737492,-11.819795,-2.2260852,-0.69415563,3,walking
1519421737497,-12.059159,-2.1207652,-0.90479594,3,walking
1519421737502,-12.097457,-2.0824668,-1.0388398,3,walking
1519421737507,-12.2410755,-1.9388485,-1.2207564,3,walking
1519421737512,-12.25065,-1.8431029,-1.2973529,3,walking
1519421737516,-12.202777,-1.8048047,-1.4409714,3,walking
1519421737521,-12.164479,-1.7473572,-1.5654407,3,walking
1519421737525,-12.126181,-1.6803354,-1.7186337,3,walking
1519421737529,-12.059159,-1.622888,-1.9101248,3,walking
1519421737534,-11.982562,-1.5941644,-2.0058703,3,walking
1519421737538,-11.867668,-1.5271424,-2.1111906,3,walking
1519421737542,-11.867668,-1.5271424,-2.1111906,3,walking
1519421737548,-11.637878,-1.4984187,-2.3697038,3,walking
1519421737552,-11.542132,-1.4505459,-2.4367256,3,walking
1519421737557,-11.522984,-1.4409714,-2.5899186,3,walking
1519421737562,-11.551707,-1.3356512,-2.8388572,3,walking
1519421737567,-12.126181,-1.1633091,-3.365458,3,walking
1519421737572,-12.624058,-1.1728836,-3.5760984,3,walking
1519421737579,-13.571939,-1.3165021,-3.5282254,3,walking
1519421737588,-14.002794,-1.8526775,-2.8963046,3,walking
1519421737592,-13.983645,-2.2643836,-2.6090677,3,walking
1519421737597,-13.983645,-2.2643836,-2.6090677,3,walking
1519421737602,-13.792154,-3.4420545,-1.8814012,3,walking
1519421737607,-13.610238,-3.671844,-1.6803354,3,walking
1519421737612,-13.351725,-3.8824842,-1.4888442,3,walking
1519421737629,-11.685751,-3.6622694,-1.6516117,3,walking
1519421737640,-10.891063,-2.8292825,-2.2643836,3,walking
1519421737645,-10.584677,-2.5899186,-2.4175766,3,walking
1519421737650,-10.345312,-2.3026817,-2.5420458,3,walking
1519421737655,-9.866585,-1.7856555,-2.5994933,3,walking
1519421737659,-9.675094,-1.5271424,-2.6186423,3,walking
1519421737664,-9.5219,-1.2686293,-2.6569405,3,walking
1519421737669,-9.426155,-0.9718179,-2.7048132,3,walking
1519421737675,-9.435729,-0.46436617,-2.819708,3,walking
1519421737680,-9.454879,-0.3111732,-2.8484318,3,walking
1519421737689,-9.617646,-0.10053288,-2.819708,3,walking
1519421737695,-9.799562,-0.05266008,-2.8388572,3,walking
1519421737700,-10.010203,-0.081383765,-2.7622607,3,walking
1519421737705,-10.268716,-0.2920241,-2.7718353,3,walking
1519421737710,-10.431483,-0.54096264,-2.800559,3,walking
1519421737715,-10.594251,-0.78990126,-2.8484318,3,walking
1519421737719,-10.757019,-1.0005416,-2.867581,3,walking
1519421737729,-11.025106,-1.6899099,-3.0494976,3,walking
1519421737734,-11.140001,-1.9962958,-3.039923,3,walking
1519421737738,-11.38894,-2.2356598,-3.0686467,3,walking
1519421737749,-11.886817,-2.9633265,-3.2697124,3,walking
1519421737754,-11.867668,-3.0494976,-3.2026904,3,walking
1519421737760,-11.800646,-2.905879,-3.173967,3,walking
1519421737765,-11.647452,-2.3314054,-3.0973704,3,walking
1519421737769,-11.436812,-1.9771467,-2.9920502,3,walking
1519421737779,-11.235746,-1.929274,-3.5569491,3,walking
1519421737785,-11.168725,-1.9196993,-3.6431203,3,walking
1519421737789,-10.967659,-2.0058703,-3.690993,3,walking
1519421737799,-10.058076,-1.6994845,-3.5090764,3,walking
1519421737804,-9.684668,-1.4601204,-3.3271596,3,walking
1519421737809,-9.493176,-1.4313968,-3.3558834,3,walking
1519421737814,-9.167642,-1.1728836,-3.0877957,3,walking
1519421737820,-8.736787,-1.2016073,-3.0016246,3,walking
1519421737825,-8.650616,-0.9622433,-2.7909844,3,walking
1519421737829,-8.497422,-0.6271337,-2.513322,3,walking
1519421737838,-8.21976,-0.359046,-2.3314054,3,walking
1519421737844,-8.353804,-0.54096264,-2.3122563,3,walking
1519421737849,-8.459125,-0.78032666,-2.0824668,3,walking
1519421737855,-8.277207,-0.78990126,-2.0920415,3,walking
1519421737860,-8.248484,-0.665432,-2.0537431,3,walking
1519421737865,-8.171887,-0.56968635,-2.0441687,3,walking
1519421737870,-8.018694,-0.5888355,-1.9196993,3,walking
1519421737875,-8.00912,-0.7228793,-1.9005502,3,walking
1519421737881,-7.9708214,-0.91437054,-1.9867213,3,walking
1519421737885,-8.018694,-1.3452257,-2.0250196,3,walking
1519421737890,-8.066567,-1.5558661,-2.1399143,3,walking
1519421737895,-8.085716,-1.7473572,-2.2835326,3,walking
1519421737899,-8.1623125,-1.8431029,-2.4654493,3,walking
1519421737904,-7.9708214,-1.9675722,-2.4558747,3,walking
1519421737909,-7.875076,-1.9962958,-2.475024,3,walking
1519421737915,-7.7506065,-2.0441687,-2.5037475,3,walking
1519421737920,-7.693159,-2.0633178,-2.580344,3,walking
1519421737925,-7.6835847,-2.1303396,-2.6282167,3,walking
1519421737930,-7.6740103,-2.1590633,-2.714388,3,walking
1519421737935,-7.7314577,-2.34098,-2.88673,3,walking
1519421737940,-7.7314577,-2.34098,-2.88673,3,walking
1519421737945,-7.702734,-2.4558747,-3.0303483,3,walking
1519421737951,-7.654861,-2.4845984,-3.020774,3,walking
1519421737955,-7.5591154,-2.494173,-3.0016246,3,walking
1519421737961,-7.5303917,-2.4558747,-2.9824755,3,walking
1519421737965,-7.511243,-2.4175766,-2.9250283,3,walking
1519421737971,-7.5399666,-2.34098,-2.905879,3,walking
1519421737976,-7.482519,-2.2069361,-2.7909844,3,walking
1519421737984,-7.434646,-1.9962958,-2.714388,3,walking
1519421737989,-7.35805,-1.8909757,-2.6090677,3,walking
1519421737994,-7.2718787,-1.7665064,-2.513322,3,walking
1519421737999,-7.2240057,-1.6803354,-2.5037475,3,walking
1519421738004,-7.195282,-1.6420372,-2.4175766,3,walking
1519421738009,-7.1186857,-1.5654407,-2.3984275,3,walking
1519421738019,-6.9463434,-1.4122477,-2.2452345,3,walking
1519421738024,-6.869747,-1.4313968,-2.1973617,3,walking
1519421738029,-6.9176197,-1.383524,-2.2069361,3,walking
1519421738034,-6.9654927,-1.3643749,-2.2452345,3,walking
1519421738040,-6.898471,-1.4218222,-2.2260852,3,walking
1519421738044,-6.7931504,-1.5175679,-2.2356598,3,walking
1519421738050,-6.716554,-1.5845897,-2.1973617,3,walking
1519421738055,-6.611234,-1.6899099,-2.1782124,3,walking
1519421738060,-6.5729356,-1.79523,-2.1399143,3,walking
1519421738064,-6.438892,-1.9867213,-2.0633178,3,walking
1519421738069,-6.4484663,-2.0633178,-1.9962958,3,walking
1519421738074,-6.3814445,-2.1303396,-1.9771467,3,walking
1519421738080,-6.391019,-2.187787,-1.9579976,3,walking
1519421738084,-6.544212,-2.321831,-1.8239537,3,walking
1519421738089,-6.611234,-2.360129,-1.8048047,3,walking
1519421738094,-6.8027253,-2.3984275,-1.79523,3,walking
1519421738099,-6.975067,-2.427151,-1.7569319,3,walking
1519421738104,-7.3771987,-2.4845984,-1.6133134,3,walking
1519421738110,-7.5208173,-2.5037475,-1.5845897,3,walking
1519421738114,-7.721883,-2.5037475,-1.5462915,3,walking
1519421738120,-7.8655014,-2.561195,-1.4984187,3,walking
1519421738124,-8.296356,-2.6282167,-1.5271424,3,walking
1519421738129,-8.497422,-2.6186423,-1.4792696,3,walking
1519421738134,-8.66019,-2.647366,-1.4888442,3,walking
1519421738139,-9.004874,-2.5707695,-1.3643749,3,walking
1519421738146,-9.138918,-2.5228968,-1.383524,3,walking
1519421738153,-9.368708,-2.4463003,-1.3356512,3,walking
1519421738158,-9.569773,-2.360129,-1.2782038,3,walking
1519421738164,-9.703817,-2.321831,-1.3165021,3,walking
1519421738168,-9.85701,-2.2931073,-1.3356512,3,walking
1519421738178,-10.335738,-2.2452345,-1.383524,3,walking
1519421738183,-10.536804,-2.2356598,-1.3930986,3,walking
1519421738189,-10.728295,-2.2260852,-1.3548003,3,walking
1519421738198,-11.216598,-2.2835326,-1.1250108,3,walking
1519421738203,-11.36979,-2.3122563,-1.0101161,3,walking
1519421738208,-11.49426,-2.3314054,-0.83777404,3,walking
1519421738214,-11.647452,-2.3792782,-0.46436617,3,walking
1519421738219,-11.7049,-2.3888528,-0.3398969,3,walking
1519421738228,-11.819795,-2.513322,-0.043085523,3,walking
1519421738234,-11.752773,-2.5420458,0.22500217,3,walking
1519421738239,-11.695326,-2.561195,0.3398969,3,walking
1519421738248,-11.38894,-2.408002,0.5888355,3,walking
1519421738253,-11.28362,-2.3026817,0.665432,3,walking
1519421738259,-11.082554,-2.149489,0.6750065,3,walking
1519421738264,-10.967659,-1.79523,0.6750065,3,walking
1519421738268,-11.025106,-1.4601204,0.5505372,3,walking
1519421738273,-11.331492,-1.1824582,0.3877697,3,walking
1519421738278,-11.896391,-0.77075213,0.03351096,3,walking
1519421738288,-13.926198,0.2441513,-1.776081,3,walking
1519421738294,-14.357054,0.512239,-2.3314054,3,walking
1519421738301,-14.462374,0.8473486,-2.7718353,3,walking
1519421738306,-13.13151,0.7228793,-2.1207652,3,walking
1519421738313,-12.394268,0.44521707,-1.9388485,3,walking
1519421738352,-7.137835,-1.8909757,-0.751603,3,walking
1519421738360,-6.630383,-1.8048047,-0.63670826,3,walking
1519421738368,-6.7069798,-1.79523,-0.6271337,3,walking
1519421738376,-7.875076,-2.0058703,-1.0867126,3,walking
1519421738383,-8.430401,-2.1303396,-1.2303311,3,walking
1519421738388,-8.880404,-2.360129,-1.3260766,3,walking
1519421738394,-9.636795,-2.647366,-1.3260766,3,walking
1519421738399,-9.96233,-2.8771553,-1.2207564,3,walking
1519421738403,-10.29744,-3.0111992,-1.1345854,3,walking
1519421738408,-10.6134,-3.2409887,-1.14416,3,walking
1519421738413,-11.044255,-3.518651,-1.1728836,3,walking
1519421738417,-11.953838,-4.131423,-1.4026731,3,walking
1519421738423,-12.375119,-4.658024,-1.4026731,3,walking
1519421738429,-12.327247,-4.811217,-1.3356512,3,walking
1519421738434,-12.183628,-4.887813,-1.2877784,3,walking
1519421738438,-11.972988,-4.811217,-1.2973529,3,walking
1519421738513,-8.7750845,-1.7282082,-1.1250108,3,walking
1519421738518,-8.698488,-1.7377827,-1.1633091,3,walking
1519421738523,-8.708063,-1.6133134,-1.1154363,3,walking
1519421738528,-8.679339,-1.6037389,-1.14416,3,walking
1519421738533,-8.487848,-1.8048047,-1.1824582,3,walking
1519421738538,-8.411251,-1.9388485,-1.2207564,3,walking
1519421738543,-8.32508,-2.1207652,-1.2782038,3,walking
1519421738547,-8.23891,-2.3697038,-1.3260766,3,walking
1519421738557,-8.258059,-2.6952388,-1.2303311,3,walking
1519421738563,-8.248484,-2.819708,-1.3260766,3,walking
1519421738567,-8.23891,-2.9154537,-1.3260766,3,walking
1519421738574,-8.1623125,-3.1452432,-1.2399056,3,walking
1519421738578,-8.133589,-3.2697124,-1.2303311,3,walking
1519421738583,-8.047418,-3.365458,-1.2111819,3,walking
1519421738587,-7.9420977,-3.4803526,-1.1728836,3,walking
1519421738593,-7.7984796,-3.5569491,-1.1728836,3,walking
1519421738598,-7.7314577,-3.6143966,-1.1345854,3,walking
1519421738607,-7.501668,-3.604822,-1.0771381,3,walking
1519421738613,-7.329326,-3.5665238,-1.0579889,3,walking
1519421738617,-7.176133,-3.5090764,-1.0484143,3,walking
1519421738627,-6.936769,-3.3941817,-0.9622433,3,walking
1519421738632,-6.850598,-3.3175852,-0.9622433,3,walking
1519421738637,-6.783576,-3.193116,-0.9622433,3,walking
1519421738647,-6.611234,-2.9537518,-1.0292653,3,walking
1519421738652,-6.5729356,-2.8484318,-1.0196906,3,walking
1519421738657,-6.5729356,-2.6952388,-1.0388398,3,walking
1519421738663,-6.544212,-2.561195,-0.8952214,3,walking
1519421738668,-6.4963393,-2.5228968,-0.8664977,3,walking
1519421738673,-6.410168,-2.5037475,-0.7228793,3,walking
1519421738679,-6.333572,-2.5324712,-0.64628285,3,walking
1519421738684,-6.2378263,-2.5899186,-0.30159867,3,walking
1519421738688,-6.2474008,-2.6952388,-0.16755481,3,walking
1519421738693,-6.285699,-2.733537,-0.0718092,3,walking
1519421738697,-6.4963393,-2.7718353,0.09095833,3,walking
1519421738703,-6.5729356,-2.7718353,0.13883112,3,walking
1519421738708,-6.7548523,-2.7239625,0.20585304,3,walking
1519421738717,-7.2910275,-2.360129,0.11968201,3,walking
1519421738723,-7.4537954,-2.2452345,0.10053288,3,walking
1519421738728,-7.654861,-2.168638,0.00478728,3,walking
1519421738734,-7.999545,-2.0058703,-0.18670394,3,walking
1519421738739,-8.248484,-1.9101248,-0.2441513,3,walking
1519421738744,-8.459125,-1.7856555,-0.39734426,3,walking
1519421738749,-8.698488,-1.6707608,-0.512239,3,walking
1519421738753,-9.244238,-1.5845897,-0.69415563,3,walking
1519421738757,-9.569773,-1.5175679,-0.7994758,3,walking
1519421738762,-9.85701,-1.5079932,-0.8281995,3,walking
1519421738768,-10.077225,-1.4984187,-0.83777404,3,walking
1519421738773,-10.546378,-1.4792696,-0.83777404,3,walking
1519421738778,-10.71872,-1.4984187,-0.8281995,3,walking
1519421738783,-11.092129,-1.6037389,-0.8664977,3,walking
1519421738788,-11.28362,-1.6420372,-0.83777404,3,walking
1519421738793,-11.475111,-1.6707608,-0.91437054,3,walking
1519421738799,-11.685751,-1.6994845,-0.99096704,3,walking
1519421738804,-12.020861,-1.7377827,-1.1250108,3,walking
1519421738809,-12.269799,-1.7186337,-1.1728836,3,walking
1519421738814,-12.662356,-1.7282082,-1.3643749,3,walking
1519421738819,-12.662356,-1.7282082,-1.3643749,3,walking
1519421738824,-12.968742,-1.6803354,-1.4601204,3,walking
1519421738829,-13.102786,-1.6611862,-1.4792696,3,walking
1519421738834,-13.141085,-1.622888,-1.4026731,3,walking
1519421738839,-13.169807,-1.5845897,-1.383524,3,walking
1519421738845,-13.141085,-1.4888442,-1.2877784,3,walking
1519421738849,-13.074062,-1.469695,-1.2111819,3,walking
1519421738855,-13.074062,-1.3548003,-1.1824582,3,walking
1519421738859,-12.882571,-1.0579889,-1.0101161,3,walking
1519421738865,-12.576185,-0.8664977,-0.98139244,3,walking
1519421738870,-12.3463955,-0.85692316,-1.0005416,3,walking
1519421738875,-12.116607,-0.8186249,-1.0005416,3,walking
1519421738880,-11.905966,-0.7994758,-0.99096704,3,walking
1519421738885,-11.637878,-0.8856468,-1.0484143,3,walking
1519421738892,-11.082554,-1.0484143,-1.4313968,3,walking
1519421738898,-11.082554,-1.1345854,-1.79523,3,walking
1519421738903,-11.302769,-1.0771381,-2.0633178,3,walking
1519421738908,-11.7049,-1.0101161,-2.3792782,3,walking
1519421738913,-12.643207,-1.2590547,-2.8292825,3,walking
1519421738918,-13.035764,-1.4792696,-2.8388572,3,walking
1519421738927,-13.035764,-2.2739582,-2.5228968,3,walking
1519421738933,-12.490014,-3.173967,-1.9675722,3,walking
1519421738937,-12.221927,-3.5282254,-1.709059,3,walking
1519421738942,-11.925115,-3.8824842,-1.4313968,3,walking
1519421738986,-8.382527,-3.0111992,-1.2973529,3,walking
1519421738994,-8.430401,-2.7909844,-1.4313968,3,walking
1519421739001,-9.0814705,-2.0728924,-1.9101248,3,walking
1519421739007,-9.493176,-1.948423,-2.0728924,3,walking
1519421739011,-9.96233,-1.862252,-2.149489,3,walking
1519421739016,-10.479357,-1.8143792,-2.321831,3,walking
1519421739023,-11.465536,-1.929274,-2.5516202,3,walking
1519421739027,-11.838944,-2.0728924,-2.561195,3,walking
1519421739075,-12.384694,-3.3175852,-1.2303311,3,walking
1519421739084,-12.174053,-3.1069448,-1.2016073,3,walking
1519421739092,-12.011286,-3.020774,-1.2207564,3,walking
1519421739097,-11.800646,-3.039923,-1.2590547,3,walking
1519421739101,-11.580431,-2.905879,-1.1537346,3,walking
1519421739106,-11.302769,-2.7048132,-1.0771381,3,walking
1519421739112,-10.776168,-2.2643836,-1.0675635,3,walking
1519421739117,-10.5080805,-2.0824668,-1.0771381,3,walking
1519421739126,-10.115523,-1.8814012,-1.1058618,3,walking
1519421739132,-9.876159,-1.709059,-1.1920328,3,walking
1519421739137,-9.713391,-1.5941644,-1.2303311,3,walking
1519421739146,-9.426155,-1.4122477,-1.1250108,3,walking
1519421739152,-9.215514,-1.4218222,-1.3930986,3,walking
1519421739157,-8.995299,-1.5462915,-1.4026731,3,walking
1519421739166,-8.755936,-1.5750152,-1.4026731,3,walking
1519421739172,-8.631466,-1.6516117,-1.4505459,3,walking
1519421739177,-8.478273,-1.7569319,-1.5558661,3,walking
1519421739182,-8.21976,-1.9962958,-1.6516117,3,walking
1519421739187,-8.076141,-2.1207652,-1.622888,3,walking
1519421739192,-7.9516726,-2.187787,-1.6037389,3,walking
1519421739197,-7.808054,-2.2739582,-1.6133134,3,walking
1519421739202,-7.587839,-2.4367256,-1.6324625,3,walking
1519421739207,-7.482519,-2.561195,-1.6611862,3,walking
1519421739213,-7.4059224,-2.6760898,-1.6994845,3,walking
1519421739217,-7.4059224,-2.6760898,-1.6994845,3,walking
1519421739222,-7.281453,-2.7239625,-1.776081,3,walking
1519421739227,-7.2527294,-2.7239625,-1.7856555,3,walking
1519421739236,-7.204857,-2.7431116,-1.948423,3,walking
1519421739242,-7.2144313,-2.733537,-2.0920415,3,walking
1519421739247,-7.2144313,-2.733537,-2.1111906,3,walking
1519421739257,-7.2718787,-2.6856642,-2.2931073,3,walking
1519421739262,-7.329326,-2.666515,-2.3505547,3,walking
1519421739267,-7.35805,-2.5994933,-2.3792782,3,walking
1519421739273,-7.3197513,-2.5707695,-2.3314054,3,walking
1519421739277,-7.329326,-2.4845984,-2.2643836,3,walking
1519421739286,-7.3389006,-2.3888528,-2.2069361,3,walking
1519421739292,-7.348475,-2.3026817,-2.0537431,3,walking
1519421739297,-7.3389006,-2.2643836,-2.034594,3,walking
1519421739306,-7.2718787,-2.2069361,-1.9005502,3,walking
1519421739312,-7.1474094,-2.1207652,-1.79523,3,walking
1519421739318,-7.0995364,-2.1111906,-1.7569319,3,walking
1519421739323,-6.9463434,-2.0920415,-1.6324625,3,walking
1519421739328,-6.9463434,-2.0920415,-1.6324625,3,walking
1519421739333,-6.7548523,-2.015445,-1.5654407,3,walking
1519421739337,-6.7069798,-2.015445,-1.5271424,3,walking
1519421739341,-6.515488,-1.9196993,-1.4792696,3,walking
1519421739346,-6.4676156,-1.862252,-1.4984187,3,walking
1519421739352,-6.4005938,-1.8048047,-1.4984187,3,walking
1519421739357,-6.3144226,-1.7473572,-1.6037389,3,walking
1519421739362,-6.2761245,-1.6611862,-1.7282082,3,walking
1519421739367,-6.285699,-1.6324625,-1.8431029,3,walking
1519421739372,-6.2761245,-1.622888,-1.9101248,3,walking
1519421739377,-6.2761245,-1.6133134,-2.0250196,3,walking
1519421739382,-6.2761245,-1.6037389,-2.149489,3,walking
1519421739386,-6.2378263,-1.6516117,-2.2260852,3,walking
1519421739391,-6.2378263,-1.7377827,-2.321831,3,walking
1519421739396,-6.2474008,-1.8143792,-2.408002,3,walking
1519421739402,-6.391019,-1.9675722,-2.4845984,3,walking
1519421739407,-6.4484663,-2.0537431,-2.5420458,3,walking
1519421739411,-6.5825105,-2.1111906,-2.5707695,3,walking
1519421739417,-6.697405,-2.2739582,-2.6090677,3,walking
1519421739422,-7.02294,-2.5324712,-2.4558747,3,walking
1519421739427,-7.2623043,-2.6186423,-2.4367256,3,walking
1519421739432,-7.7793303,-2.88673,-2.2835326,3,walking
1519421739437,-8.00912,-2.9633265,-2.2260852,3,walking
1519421739441,-8.248484,-3.1548176,-2.0633178,3,walking
1519421739446,-8.420826,-3.2984362,-1.9771467,3,walking
1519421739451,-8.736787,-3.6431203,-1.6803354,3,walking
1519421739457,-8.918703,-3.777164,-1.5271424,3,walking
1519421739462,-9.110194,-3.8346114,-1.4313968,3,walking
1519421739467,-9.215514,-3.8729098,-1.3069274,3,walking
1519421739472,-9.579348,-3.7867386,-1.14416,3,walking
1519421739477,-9.770839,-3.6622694,-1.14416,3,walking
1519421739481,-9.914457,-3.5760984,-1.0867126,3,walking
1519421739486,-10.019777,-3.518651,-1.0484143,3,walking
1519421739492,-10.144247,-3.2697124,-1.0579889,3,walking
1519421739497,-10.211268,-3.1452432,-1.0484143,3,walking
1519421739502,-10.40276,-2.8963046,-0.9430942,3,walking
1519421739507,-10.40276,-2.8963046,-0.9430942,3,walking
1519421739512,-10.565528,-2.7048132,-0.6845811,3,walking
1519421739518,-10.651698,-2.5994933,-0.5313881,3,walking
1519421739523,-10.785743,-2.427151,-0.20585304,3,walking
1519421739528,-10.814466,-2.3697038,-0.014361841,3,walking
1519421739533,-10.814466,-2.2643836,0.18670394,3,walking
1519421739538,-10.814466,-2.2165108,0.28244954,3,walking
1519421739543,-10.986808,-1.9867213,0.4356425,3,walking
1519421739547,-10.986808,-1.9196993,0.47394073,3,walking
1519421739554,-10.94851,-1.7377827,0.6271337,3,walking
1519421739558,-10.94851,-1.7377827,0.6271337,3,walking
1519421739563,-10.852764,-1.5941644,0.63670826,3,walking
1519421739567,-10.747444,-1.5271424,0.76117754,3,walking
1519421739572,-10.852764,-1.4122477,0.7228793,3,walking
1519421739576,-11.245321,-1.14416,0.59841,3,walking
1519421739581,-11.925115,-0.78032666,0.40691882,3,walking
1519421739584,-12.815549,-0.47394073,-0.081383765,3,walking
1519421739588,-13.744282,-0.22500217,-0.6271337,3,walking
1519421739593,-15.199615,0.05266008,-1.9771467,3,walking
1519421739597,-15.199615,0.05266008,-1.9771467,3,walking
1519421739605,-14.558119,0.14840569,-2.34098,3,walking
1519421739611,-12.940019,-0.10053288,-1.6803354,3,walking
1519421739616,-12.279374,-0.36862057,-1.6707608,3,walking
1519421739621,-11.752773,-0.61755913,-1.6324625,3,walking
1519421739626,-11.28362,-0.8856468,-1.5750152,3,walking
1519421739631,-10.287866,-1.3643749,-1.3643749,3,walking
1519421739636,-9.828286,-1.5845897,-1.3643749,3,walking
1519421739655,-7.9899707,-2.1303396,-1.1728836,3,walking
1519421739660,-7.7984796,-2.1111906,-1.2111819,3,walking
1519421739666,-7.7123084,-2.1399143,-1.3260766,3,walking
1519421739671,-8.076141,-2.0728924,-1.4409714,3,walking
1519421739677,-8.411251,-2.0441687,-1.5558661,3,walking
1519421739681,-8.937852,-2.0633178,-1.5845897,3,walking
1519421739686,-9.426155,-2.1399143,-1.6899099,3,walking
1519421739690,-9.991054,-2.2643836,-1.6516117,3,walking
1519421739694,-11.005958,-2.5420458,-1.4409714,3,walking
1519421739700,-11.4272375,-2.800559,-1.2686293,3,walking
1519421739705,-11.82937,-3.0686467,-1.1728836,3,walking
1519421739711,-12.480439,-3.671844,-0.92394507,3,walking
1519421739716,-12.6527815,-3.9686553,-0.78990126,3,walking
1519421739721,-12.815549,-4.4090853,-0.46436617,3,walking
1519421739753,-11.111278,-3.5569491,-0.76117754,3,walking
1519421739761,-10.488931,-3.0111992,-0.99096704,3,walking
1519421739782,-9.378282,-1.79523,-1.3739494,3,walking
1519421739787,-9.167642,-1.6516117,-1.3930986,3,walking
1519421739791,-8.842107,-1.4218222,-1.3739494,3,walking
1519421739796,-8.755936,-1.3356512,-1.3643749,3,walking
1519421739801,-8.631466,-1.2590547,-1.3548003,3,walking
1519421739822,-7.9708214,-0.93351966,-1.2877784,3,walking
1519421739831,-7.8176284,-1.1537346,-1.2207564,3,walking
1519421739838,-7.808054,-1.2973529,-1.2207564,3,walking
1519421739845,-7.769756,-1.6133134,-1.1250108,3,walking
1519421739851,-7.7984796,-1.7282082,-1.1537346,3,walking
1519421739855,-7.769756,-1.9675722,-0.9622433,3,walking
1519421739860,-7.6740103,-2.034594,-0.8281995,3,walking
1519421739865,-7.616563,-2.1303396,-0.71330476,3,walking
1519421739871,-7.3867736,-2.2165108,-0.5792609,3,walking
1519421739876,-7.329326,-2.2931073,-0.49308985,3,walking
1519421739881,-7.204857,-2.321831,-0.22500217,3,walking
1519421739886,-7.0995364,-2.427151,-0.16755481,3,walking
1519421739891,-7.0708127,-2.5994933,-0.14840569,3,walking
1519421739896,-7.137835,-2.752686,-0.13883112,3,walking
1519421739901,-7.176133,-2.9537518,-0.15798025,3,walking
1519421739906,-7.1665583,-2.9920502,-0.110107444,3,walking
1519421739910,-7.1665583,-3.039923,-0.15798025,3,walking
1519421739915,-7.1474094,-3.078221,-0.2154276,3,walking
1519421739921,-7.2623043,-3.1069448,-0.359046,3,walking
1519421739926,-7.35805,-3.059072,-0.40691882,3,walking
1519421739931,-7.4154973,-2.9824755,-0.49308985,3,walking
1519421739937,-7.4154973,-2.9824755,-0.49308985,3,walking
1519421739941,-7.4729443,-2.8963046,-0.64628285,3,walking
1519421739947,-7.587839,-2.88673,-0.71330476,3,walking
1519421739952,-7.7314577,-2.8388572,-0.70373017,3,walking
1519421739956,-7.7314577,-2.8388572,-0.70373017,3,walking
1519421739961,-7.961247,-2.7431116,-0.7420284,3,walking
1519421739967,-8.076141,-2.666515,-0.7228793,3,walking
1519421739971,-8.248484,-2.5037475,-0.6558574,3,walking
1519421739977,-8.248484,-2.5037475,-0.6558574,3,walking
1519421739981,-8.315506,-2.3314054,-0.54096264,3,walking
1519421739986,-8.372953,-2.2452345,-0.4835153,3,walking
1519421739991,-8.545295,-2.1111906,-0.33032233,3,walking
1519421739997,-8.612317,-2.034594,-0.36862057,3,walking
1519421740001,-8.66019,-2.0633178,-0.37819514,3,walking
1519421740007,-8.746361,-1.948423,-0.3398969,3,walking
1519421740012,-8.842107,-1.8526775,-0.3111732,3,walking
1519421740017,-8.928278,-1.8335283,-0.39734426,3,walking
1519421740022,-9.024023,-1.776081,-0.36862057,3,walking
1519421740027,-9.024023,-1.776081,-0.36862057,3,walking
1519421740032,-9.110194,-1.7569319,-0.36862057,3,walking
1519421740036,-9.20594,-1.7665064,-0.39734426,3,walking
1519421740044,-9.253813,-1.8431029,-0.39734426,3,walking
1519421740051,-9.215514,-1.8909757,-0.34947145,3,walking
1519421740056,-9.234664,-1.8526775,-0.37819514,3,walking
1519421740060,-9.215514,-1.8814012,-0.33032233,3,walking
1519421740066,-9.215514,-1.8814012,-0.33032233,3,walking
1519421740070,-9.20594,-1.9005502,-0.26330042,3,walking
1519421740076,-9.18679,-1.9196993,-0.26330042,3,walking
1519421740081,-9.177217,-1.929274,-0.16755481,3,walking
1519421740086,-9.196365,-1.948423,-0.110107444,3,walking
1519421740090,-9.138918,-1.929274,-0.0718092,3,walking
1519421740096,-9.18679,-1.9388485,-0.023936402,3,walking
1519421740101,-9.272962,-1.8909757,-0.05266008,3,walking
1519421740106,-9.397431,-1.8526775,-0.0718092,3,walking
1519421740111,-9.550624,-1.7856555,-0.110107444,3,walking
1519421740116,-9.732541,-1.776081,-0.2154276,3,walking
1519421740121,-10.172971,-1.7377827,-0.2920241,3,walking
1519421740126,-10.393186,-1.79523,-0.33032233,3,walking
1519421740131,-10.958084,-1.948423,-0.359046,3,walking
1519421740136,-10.958084,-1.948423,-0.359046,3,walking
1519421740141,-11.350641,-2.1399143,-0.37819514,3,walking
1519421740149,-11.618729,-2.2931073,-0.37819514,3,walking
1519421740154,-11.7049,-2.3697038,-0.37819514,3,walking
1519421740160,-11.695326,-2.3697038,-0.44521707,3,walking
1519421740166,-11.628304,-2.4175766,-0.4835153,3,walking
1519421740171,-11.408089,-2.408002,-0.54096264,3,walking
1519421740176,-11.302769,-2.3888528,-0.59841,3,walking
1519421740181,-11.235746,-2.4175766,-0.6750065,3,walking
1519421740186,-11.130426,-2.4367256,-0.7324539,3,walking
1519421740191,-10.852764,-2.3697038,-0.8473486,3,walking
1519421740196,-10.71872,-2.360129,-0.90479594,3,walking
1519421740201,-10.383611,-2.34098,-1.0292653,3,walking
1519421740207,-10.220843,-2.34098,-1.0962871,3,walking
1519421740212,-10.048501,-2.3792782,-1.1250108,3,walking
1519421740217,-10.000628,-2.4175766,-1.1920328,3,walking
1519421740222,-10.105948,-2.427151,-1.5079932,3,walking
1519421740227,-10.383611,-2.427151,-1.8431029,3,walking
1519421740232,-11.561282,-2.3792782,-2.3122563,3,walking
1519421740237,-12.174053,-2.408002,-2.3314054,3,walking
1519421740245,-12.710229,-2.6282167,-2.168638,3,walking
1519421740250,-13.169807,-3.2505634,-1.3069274,3,walking
1519421740256,-13.208106,-3.7292912,-0.90479594,3,walking
1519421740260,-12.892146,-4.696322,-0.014361841,3,walking
1519421740265,-12.58576,-5.0601554,0.45479164,3,walking
1519421740298,-9.991054,-4.763344,0.63670826,3,walking
1519421740304,-10.038927,-4.1122737,-0.14840569,3,walking
1519421740311,-10.431483,-3.3175852,-1.1633091,3,walking
1519421740319,-10.94851,-2.4367256,-2.1399143,3,walking
1519421740326,-11.293194,-2.0058703,-2.6569405,3,walking
1519421740330,-12.078308,-1.2399056,-3.690993,3,walking
1519421740335,-12.078308,-1.2399056,-3.690993,3,walking
1519421740342,-13.208106,-0.63670826,-4.5239797,3,walking
1519421740347,-13.638962,-0.45479164,-4.782493,3,walking
1519421740351,-14.165563,-0.3111732,-5.0314317,3,walking
1519421740394,-12.308098,-1.4505459,-2.9346027,3,walking
1519421740402,-11.781497,-1.7665064,-2.360129,3,walking
1519421740410,-11.216598,-2.1399143,-1.8814012,3,walking
1519421740416,-11.044255,-2.2356598,-1.6994845,3,walking
1519421740420,-10.814466,-2.3314054,-1.5941644,3,walking
1519421740425,-10.488931,-2.4654493,-1.3356512,3,walking
1519421740430,-10.058076,-2.5324712,-1.0484143,3,walking
1519421740435,-9.837861,-2.580344,-0.9622433,3,walking
1519421740440,-9.445304,-2.513322,-0.8760723,3,walking
1519421740445,-9.378282,-2.4558747,-0.9526688,3,walking
1519421740449,-9.31126,-2.427151,-1.0675635,3,walking
1519421740455,-9.253813,-2.3888528,-1.1920328,3,walking
1519421740460,-9.158067,-2.2835326,-1.3165021,3,walking
1519421740465,-8.966576,-2.1303396,-1.6324625,3,walking
1519421740470,-8.6697645,-2.0250196,-1.862252,3,walking
1519421740475,-8.6697645,-2.0250196,-1.862252,3,walking
1519421740480,-8.497422,-1.9771467,-1.948423,3,walking
1519421740484,-8.181462,-1.9388485,-2.1207652,3,walking
1519421740490,-8.047418,-1.8909757,-2.2260852,3,walking
1519421740495,-7.9420977,-1.862252,-2.2739582,3,walking
1519421740500,-7.855927,-1.8431029,-2.3697038,3,walking
1519421740506,-7.788905,-1.862252,-2.427151,3,walking
1519421740510,-7.654861,-1.7665064,-2.3792782,3,walking
1519421740516,-7.654861,-1.7665064,-2.3792782,3,walking
1519421740521,-7.6069884,-1.776081,-2.4367256,3,walking
1519421740526,-7.635712,-1.8048047,-2.5420458,3,walking
1519421740531,-7.664436,-1.8143792,-2.580344,3,walking
1519421740536,-7.6740103,-1.79523,-2.6569405,3,walking
1519421740540,-7.702734,-1.776081,-2.714388,3,walking
1519421740545,-7.6452866,-1.7282082,-2.6760898,3,walking
1519421740550,-7.5974135,-1.6803354,-2.6760898,3,walking
1519421740555,-7.56869,-1.6133134,-2.6569405,3,walking
1519421740559,-7.511243,-1.5750152,-2.6377914,3,walking
1519421740564,-7.5208173,-1.5750152,-2.580344,3,walking
1519421740569,-7.482519,-1.5271424,-2.5707695,3,walking
1519421740575,-7.4537954,-1.4218222,-2.5037475,3,walking
1519421740580,-7.396348,-1.3643749,-2.4845984,3,walking
1519421740585,-7.35805,-1.3356512,-2.3888528,3,walking
1519421740590,-7.2718787,-1.3069274,-2.3984275,3,walking
1519421740594,-7.2335806,-1.2877784,-2.3697038,3,walking
1519421740599,-7.176133,-1.1728836,-2.321831,3,walking
1519421740604,-7.1665583,-1.1824582,-2.2835326,3,walking
1519421740609,-7.0803876,-1.1250108,-2.2643836,3,walking
1519421740614,-7.0133657,-1.0962871,-2.3026817,3,walking
1519421740619,-6.850598,-1.1058618,-2.2356598,3,walking
1519421740624,-6.8027253,-1.14416,-2.2739582,3,walking
1519421740629,-6.7357035,-1.2303311,-2.254809,3,walking
1519421740635,-6.7069798,-1.2207564,-2.254809,3,walking
1519421740639,-6.668681,-1.3260766,-2.2931073,3,walking
1519421740644,-6.6591067,-1.4026731,-2.2452345,3,walking
1519421740649,-6.6591067,-1.4409714,-2.2835326,3,walking
1519421740654,-6.668681,-1.5271424,-2.2835326,3,walking
1519421740659,-6.678256,-1.6037389,-2.2931073,3,walking
1519421740664,-6.7261286,-1.6899099,-2.2643836,3,walking
1519421740670,-6.678256,-1.7473572,-2.254809,3,walking
1519421740674,-6.630383,-1.8143792,-2.2260852,3,walking
1519421740679,-6.563361,-1.8814012,-2.2643836,3,walking
1519421740684,-6.525063,-1.9388485,-2.2165108,3,walking
1519421740689,-6.458041,-1.9388485,-2.2356598,3,walking
1519421740694,-6.4197426,-1.9579976,-2.149489,3,walking
1519421740699,-6.3144226,-1.9771467,-2.0920415,3,walking
1519421740705,-6.323997,-1.9675722,-2.034594,3,walking
1519421740709,-6.3431463,-1.9579976,-1.9867213,3,walking
1519421740714,-6.37187,-1.9675722,-1.9579976,3,walking
1519421740719,-6.4293175,-1.9675722,-1.948423,3,walking
1519421740725,-6.515488,-1.9867213,-1.9867213,3,walking
1519421740730,-6.7548523,-2.015445,-1.9962958,3,walking
1519421740735,-6.8888965,-2.0633178,-1.9867213,3,walking
1519421740740,-7.1665583,-2.1303396,-1.9579976,3,walking
1519421740745,-7.1665583,-2.1303396,-1.9579976,3,walking
1519421740749,-7.3197513,-2.149489,-1.9196993,3,walking
1519421740754,-7.7314577,-2.3122563,-1.9771467,3,walking
1519421740759,-7.9803963,-2.4175766,-1.9867213,3,walking
1519421740764,-8.171887,-2.4654493,-1.9771467,3,walking
1519421740769,-8.506997,-2.5228968,-1.8718265,3,walking
1519421740774,-8.641041,-2.513322,-1.8143792,3,walking
1519421740779,-8.784659,-2.513322,-1.7186337,3,walking
1519421740784,-8.918703,-2.494173,-1.6899099,3,walking
1519421740789,-9.138918,-2.4175766,-1.5750152,3,walking
1519421740795,-9.234664,-2.3984275,-1.5367169,3,walking
1519421740799,-9.29211,-2.3888528,-1.4888442,3,walking
1519421740804,-9.474028,-2.2931073,-1.4122477,3,walking
1519421740809,-9.579348,-2.187787,-1.3260766,3,walking
1519421740814,-9.703817,-2.1111906,-1.2782038,3,walking
1519421740821,-10.000628,-2.0537431,-1.1824582,3,walking
1519421740827,-10.105948,-2.0537431,-1.1058618,3,walking
1519421740832,-10.345312,-2.0250196,-0.9526688,3,walking
1519421740837,-10.469782,-2.0728924,-0.8281995,3,walking
1519421740842,-10.651698,-2.1111906,-0.49308985,3,walking
1519421740847,-10.689997,-2.1303396,-0.23457673,3,walking
1519421740851,-10.785743,-2.1782124,-0.014361841,3,walking
1519421740856,-10.776168,-2.168638,0.20585304,3,walking
1519421740860,-10.814466,-2.187787,0.359046,3,walking
1519421740864,-10.871913,-2.187787,0.49308985,3,walking
1519421740869,-11.034681,-2.0728924,0.46436617,3,walking
1519421740874,-11.034681,-2.0728924,0.46436617,3,walking
1519421740879,-11.216598,-1.9101248,0.4164934,3,walking
1519421740885,-11.293194,-1.7665064,0.30159867,3,walking
1519421740889,-11.293194,-1.622888,0.25372586,3,walking
1519421740895,-11.293194,-1.622888,0.25372586,3,walking
1519421740899,-12.375119,-0.8952214,-0.6079846,3,walking
1519421740905,-13.150659,-0.6079846,-1.2399056,3,walking
1519421740911,-14.969825,-0.19627848,-2.5994933,3,walking
1519421740916,-15.6113205,-0.12925656,-3.1452432,3,walking
1519421740920,-15.869834,-0.10053288,-3.4612036,3,walking
1519421740924,-15.697492,-0.17712937,-3.518651,3,walking
1519421740963,-10.038927,-2.8388572,-0.7994758,3,walking
1519421740972,-9.167642,-3.126094,-0.50266445,3,walking
1519421740980,-8.459125,-3.2601378,-0.27287498,3,walking
1519421740987,-8.00912,-3.039923,-0.16755481,3,walking
1519421740992,-8.124015,-2.867581,-0.23457673,3,walking
1519421740996,-8.497422,-2.8484318,-0.37819514,3,walking
1519421741001,-9.2825365,-2.666515,-0.751603,3,walking
1519421741005,-10.144247,-2.5707695,-0.9718179,3,walking
1519421741014,-11.49426,-2.6569405,-1.2494801,3,walking
1519421741040,-14.060242,-3.384607,-1.6611862,3,walking
1519421741047,-13.916624,-3.4420545,-1.7186337,3,walking
1519421741054,-13.686834,-3.3941817,-1.709059,3,walking
1519421741058,-13.016615,-3.1069448,-1.6994845,3,walking
1519421741063,-12.6527815,-2.9154537,-1.7473572,3,walking
1519421741072,-11.838944,-2.4654493,-1.8239537,3,walking
1519421741081,-10.498506,-1.5845897,-1.8718265,3,walking
1519421741125,-7.9899707,-1.2590547,-1.2399056,3,walking
1519421741134,-7.855927,-1.5175679,-1.2016073,3,walking
1519421741141,-7.7601814,-1.6324625,-1.1537346,3,walking
1519421741147,-7.5974135,-1.7473572,-1.1250108,3,walking
1519421741152,-7.2527294,-1.9005502,-0.98139244,3,walking
1519421741156,-7.1091113,-2.0058703,-1.0101161,3,walking
1519421741160,-6.9654927,-1.9962958,-0.9526688,3,walking
1519421741165,-6.9654927,-1.9962958,-0.9526688,3,walking
1519421741169,-6.764427,-2.1782124,-1.0388398,3,walking
1519421741174,-6.7357035,-2.2260852,-1.0867126,3,walking
1519421741178,-6.7740016,-2.3314054,-1.0962871,3,walking
1519421741183,-6.697405,-2.4558747,-1.1824582,3,walking
1519421741189,-6.697405,-2.4367256,-1.1154363,3,walking
1519421741194,-6.6208086,-2.4367256,-1.1154363,3,walking
1519421741199,-6.4963393,-2.5420458,-1.1058618,3,walking
1519421741203,-6.4484663,-2.5899186,-1.1154363,3,walking
1519421741209,-6.4197426,-2.6569405,-1.1345854,3,walking
1519421741214,-6.458041,-2.6952388,-1.1537346,3,walking
1519421741219,-6.4676156,-2.800559,-1.1154363,3,walking
1519421741224,-6.525063,-2.8771553,-1.0771381,3,walking
1519421741229,-6.5537868,-2.9824755,-1.0675635,3,walking
1519421741234,-6.5537868,-2.9824755,-1.0675635,3,walking
1519421741238,-6.592085,-3.1069448,-1.0675635,3,walking
1519421741244,-6.668681,-3.1452432,-1.0484143,3,walking
1519421741249,-6.7357035,-3.2026904,-1.0771381,3,walking
1519421741254,-6.7357035,-3.2026904,-1.0771381,3,walking
1519421741259,-6.975067,-3.1452432,-1.0675635,3,walking
1519421741264,-7.042089,-3.1165195,-1.0388398,3,walking
1519421741269,-7.176133,-3.0877957,-1.0292653,3,walking
1519421741273,-7.35805,-2.9154537,-1.0771381,3,walking
1519421741279,-7.4537954,-2.8101335,-1.0292653,3,walking
1519421741284,-7.702734,-2.6377914,-0.98139244,3,walking
1519421741290,-7.8176284,-2.5516202,-0.98139244,3,walking
1519421741295,-7.9420977,-2.475024,-0.9622433,3,walking
1519421741300,-8.229335,-2.3122563,-0.92394507,3,walking
1519421741304,-8.353804,-2.2643836,-0.92394507,3,walking
1519421741310,-8.497422,-2.2643836,-0.8760723,3,walking
1519421741315,-8.621892,-2.2452345,-0.8664977,3,walking
1519421741319,-8.708063,-2.1973617,-0.8473486,3,walking
1519421741325,-8.918703,-2.2165108,-0.78990126,3,walking
1519421741330,-9.167642,-2.2165108,-0.665432,3,walking
1519421741336,-9.272962,-2.2069361,-0.6845811,3,walking
1519421741341,-9.359133,-2.187787,-0.69415563,3,walking
1519421741351,-9.445304,-1.9962958,-0.61755913,3,walking
1519421741356,-9.41658,-1.9867213,-0.63670826,3,walking
1519421741361,-9.3878565,-1.8814012,-0.64628285,3,walking
1519421741366,-9.301685,-1.7856555,-0.665432,3,walking
1519421741371,-9.215514,-1.7569319,-0.63670826,3,walking
1519421741376,-9.158067,-1.6420372,-0.63670826,3,walking
1519421741382,-9.004874,-1.3739494,-0.7228793,3,walking
1519421741387,-8.870831,-1.2686293,-0.78032666,3,walking
1519421741392,-8.803808,-1.1250108,-0.78032666,3,walking
1519421741397,-8.650616,-1.0005416,-0.8281995,3,walking
1519421741402,-8.650616,-0.98139244,-0.92394507,3,walking
1519421741407,-8.679339,-0.90479594,-0.9622433,3,walking
1519421741412,-8.736787,-0.90479594,-1.0579889,3,walking
1519421741417,-8.813383,-0.93351966,-1.1154363,3,walking
1519421741423,-9.052747,-0.9430942,-1.1824582,3,walking
1519421741427,-9.20594,-0.98139244,-1.1728836,3,walking
1519421741433,-9.320834,-1.0005416,-1.14416,3,walking
1519421741437,-9.320834,-1.0005416,-1.14416,3,walking
1519421741443,-9.761265,-1.1058618,-1.1920328,3,walking
1519421741448,-10.096374,-1.3452257,-1.1824582,3,walking
1519421741453,-10.096374,-1.3452257,-1.1824582,3,walking
1519421741459,-10.364462,-1.6133134,-1.2207564,3,walking
1519421741464,-10.498506,-1.7665064,-1.2973529,3,walking
1519421741468,-10.584677,-1.9101248,-1.3260766,3,walking
1519421741473,-10.699572,-2.1399143,-1.4792696,3,walking
1519421741478,-10.709146,-2.2165108,-1.5367169,3,walking
1519421741483,-10.757019,-2.2835326,-1.6324625,3,walking
1519421741488,-10.795317,-2.2643836,-1.8239537,3,walking
1519421741494,-10.82404,-2.2165108,-1.9005502,3,walking
1519421741498,-10.737869,-2.1973617,-1.9771467,3,walking
1519421741503,-10.670848,-2.101616,-2.0728924,3,walking
1519421741508,-10.450633,-2.0537431,-2.1399143,3,walking
1519421741514,-10.278291,-2.0058703,-2.2069361,3,walking
1519421741518,-9.943181,-1.9388485,-2.1782124,3,walking
1519421741523,-9.943181,-1.9388485,-2.1782124,3,walking
1519421741528,-9.636795,-1.9101248,-2.1399143,3,walking
1519421741534,-9.5219,-1.8718265,-2.168638,3,walking
1519421741538,-9.349558,-1.8909757,-2.1303396,3,walking
1519421741543,-9.349558,-1.8909757,-2.1303396,3,walking
1519421741549,-8.842107,-1.9579976,-2.149489,3,walking
1519421741555,-8.832532,-1.9962958,-2.1782124,3,walking
1519421741560,-8.937852,-1.9101248,-2.3888528,3,walking
1519421741565,-9.158067,-1.7665064,-2.6856642,3,walking
1519421741569,-10.488931,-1.4122477,-3.7101421,3,walking
1519421741574,-10.488931,-1.4122477,-3.7101421,3,walking
1519421741579,-12.451715,-1.2207564,-4.016528,3,walking
1519421741593,-13.725132,-2.0250196,-3.0111992,3,walking
1519421741599,-13.571939,-3.0973704,-1.9005502,3,walking
1519421741603,-13.409172,-3.6335456,-1.3356512,3,walking
1519421741608,-13.016615,-4.543129,-0.25372586,3,walking
1519421741613,-13.016615,-4.543129,-0.25372586,3,walking
1519421741618,-12.604909,-4.916537,0.3111732,3,walking
1519421741624,-12.260224,-4.9069624,0.5313881,3,walking
1519421741628,-11.657027,-4.351638,0.32074776,3,walking
1519421741633,-11.657027,-4.351638,0.32074776,3,walking
1519421741638,-11.101703,-3.690993,-0.34947145,3,walking
1519421741643,-10.919786,-3.2505634,-0.71330476,3,walking
1519421741648,-10.94851,-2.8292825,-1.0675635,3,walking
1519421741653,-11.341067,-1.8239537,-2.0250196,3,walking
1519421741658,-11.695326,-1.3356512,-2.5037475,3,walking
1519421741663,-12.164479,-0.8090504,-2.9920502,3,walking
1519421741668,-12.604909,-0.3877697,-3.518651,3,walking
1519421741674,-13.533641,0.32074776,-4.3133397,3,walking
1519421741678,-13.926198,0.56011176,-4.5527034,3,walking
1519421741683,-14.155988,0.6845811,-4.7250457,3,walking
1519421741688,-14.299606,0.64628285,-4.7058964,3,walking
1519421741693,-14.232584,0.4835153,-4.619725,3,walking
1519421741698,-13.897474,-0.12925656,-4.3612123,3,walking
1519421741703,-13.897474,-0.12925656,-4.3612123,3,walking
1519421741709,-13.725132,-0.47394073,-3.7675896,3,walking
1519421741714,-13.495343,-0.5505372,-3.5090764,3,walking
1519421741718,-13.102786,-0.6845811,-3.3271596,3,walking
1519421741723,-13.102786,-0.6845811,-3.3271596,3,walking
1519421741729,-11.886817,-0.93351966,-2.408002,3,walking
1519421741734,-11.542132,-0.9526688,-2.1782124,3,walking
1519421741738,-11.226172,-1.0101161,-2.0537431,3,walking
1519421741743,-10.450633,-1.0675635,-1.7473572,3,walking
1519421741748,-9.732541,-1.0292653,-1.383524,3,walking
1519421741754,-9.732541,-1.0292653,-1.383524,3,walking
1519421741758,-9.225089,-0.8856468,-1.2686293,3,walking
1519421741764,-9.129343,-0.6750065,-1.2973529,3,walking
1519421741768,-8.947427,-0.512239,-1.2399056,3,walking
1519421741773,-8.698488,-0.40691882,-1.2782038,3,walking
1519421741778,-8.047418,-0.3398969,-1.4122477,3,walking
1519421741783,-7.7984796,-0.26330042,-1.4984187,3,walking
1519421741788,-7.2910275,-0.12925656,-1.3739494,3,walking
1519421741793,-7.2910275,-0.12925656,-1.3739494,3,walking
1519421741799,-6.936769,0.5505372,-0.8952214,3,walking
1519421741805,-6.7261286,0.63670826,-0.9718179,3,walking
1519421741810,-6.7069798,0.69415563,-1.1345854,3,walking
1519421741820,-6.630383,-0.18670394,-1.469695,3,walking
1519421741824,-6.5825105,-0.40691882,-1.5079932,3,walking
1519421741829,-6.563361,-0.5792609,-1.4984187,3,walking
1519421741833,-6.563361,-0.665432,-1.5079932,3,walking
1519421741839,-6.5825105,-0.7228793,-1.6037389,3,walking
1519421741844,-6.7740016,-0.8473486,-1.5462915,3,walking
1519421741850,-6.936769,-0.98139244,-1.5941644,3,walking
1519421741855,-7.243155,-1.1633091,-1.709059,3,walking
1519421741860,-7.4154973,-1.2590547,-1.8143792,3,walking
1519421741865,-7.4154973,-1.2590547,-1.8143792,3,walking
1519421741870,-7.8272033,-1.4601204,-1.948423,3,walking
1519421741875,-8.00912,-1.5558661,-2.034594,3,walking
1519421741880,-8.258059,-1.6899099,-2.2165108,3,walking
1519421741890,-8.822957,-1.8718265,-2.5228968,3,walking
1519421741895,-8.947427,-1.8431029,-2.4654493,3,walking
1519421741901,-9.014449,-1.8335283,-2.5420458,3,walking
1519421741911,-9.138918,-1.709059,-2.494173,3,walking
1519421741916,-9.148493,-1.6133134,-2.513322,3,walking
1519421741921,-9.024023,-1.383524,-2.4558747,3,walking
1519421741926,-8.937852,-1.2016073,-2.4558747,3,walking
1519421741931,-8.765511,-1.0292653,-2.3984275,3,walking
1519421741936,-8.688913,-0.9622433,-2.3888528,3,walking
1519421741941,-8.439975,-0.78990126,-2.2452345,3,walking
1519421741945,-8.372953,-0.78032666,-2.2643836,3,walking
1519421741949,-8.334655,-0.7420284,-2.2739582,3,walking
1519421741954,-8.200611,-0.7420284,-2.1303396,3,walking
1519421741959,-7.9708214,-0.76117754,-2.0441687,3,walking
1519421741964,-7.9420977,-0.7420284,-1.9675722,3,walking
1519421741970,-7.8846507,-0.7324539,-1.9675722,3,walking
1519421741980,-7.7601814,-0.93351966,-1.862252,3,walking
1519421741985,-7.769756,-0.98139244,-1.8431029,3,walking
1519421741990,-7.7984796,-1.0867126,-1.9005502,3,walking
1519421742001,-7.8176284,-1.3356512,-2.034594,3,walking
1519421742006,-7.788905,-1.4218222,-2.015445,3,walking
1519421742011,-7.808054,-1.5367169,-2.1111906,3,walking
1519421742016,-7.7601814,-1.5654407,-2.101616,3,walking
1519421742021,-7.721883,-1.5654407,-2.0537431,3,walking
1519421742026,-7.6069884,-1.5462915,-2.0250196,3,walking
1519421742032,-7.501668,-1.5845897,-2.0058703,3,walking
1519421742037,-7.4250717,-1.6037389,-1.9579976,3,walking
1519421742042,-7.3676243,-1.622888,-1.9675722,3,walking
1519421742047,-7.310177,-1.6803354,-1.9005502,3,walking
1519421742052,-7.2144313,-1.709059,-1.8909757,3,walking
1519421742057,-7.2240057,-1.6899099,-1.9101248,3,walking
1519421742063,-7.2240057,-1.6899099,-1.9101248,3,walking
1519421742068,-7.3006024,-1.6803354,-1.929274,3,walking
1519421742073,-7.3676243,-1.6516117,-1.9196993,3,walking
1519421742078,-7.511243,-1.6420372,-1.9101248,3,walking
1519421742082,-7.511243,-1.6420372,-1.9101248,3,walking
1519421742088,-7.693159,-1.5654407,-1.8526775,3,walking
1519421742093,-7.7601814,-1.5175679,-1.8909757,3,walking
1519421742098,-8.056993,-1.3165021,-1.8909757,3,walking
1519421742104,-8.143164,-1.2494801,-1.9579976,3,walking
1519421742109,-8.55487,-1.1920328,-1.9771467,3,walking
1519421742116,-8.755936,-1.2016073,-1.9962958,3,walking
1519421742122,-9.110194,-1.2494801,-1.929274,3,walking
1519421742127,-9.330409,-1.3452257,-1.8431029,3,walking
1519421742132,-9.483603,-1.383524,-1.862252,3,walking
1519421742137,-9.483603,-1.383524,-1.862252,3,walking
1519421742142,-9.952756,-1.6707608,-1.6420372,3,walking
1519421742147,-10.125097,-1.862252,-1.4984187,3,walking
1519421742152,-10.125097,-1.862252,-1.4984187,3,walking
1519421742158,-10.316589,-2.101616,-1.2782038,3,walking
1519421742165,-10.29744,-2.187787,-1.2399056,3,walking
1519421742171,-10.307014,-2.2260852,-1.1920328,3,walking
1519421742176,-10.345312,-2.2260852,-1.2016073,3,walking
1519421742181,-10.335738,-2.187787,-1.1250108,3,walking
1519421742186,-10.374036,-2.0920415,-1.1154363,3,walking
1519421742191,-10.622974,-1.8814012,-1.3643749,3,walking
1519421742197,-10.92936,-1.6899099,-1.5271424,3,walking
1519421742202,-11.465536,-1.4218222,-1.8718265,3,walking
1519421742207,-12.183628,-1.14416,-2.3314054,3,walking
1519421742213,-13.840027,-0.78032666,-3.2026904,3,walking
1519421742220,-14.816632,-0.751603,-3.5952475,3,walking
1519421742231,-14.290031,-1.5175679,-3.0016246,3,walking
1519421742235,-14.041093,-1.7665064,-2.714388,3,walking
1519421742241,-13.725132,-2.015445,-2.34098,3,walking
1519421742246,-13.083637,-2.4654493,-1.7282082,3,walking
1519421742251,-12.6527815,-2.7431116,-1.3452257,3,walking
1519421742272,-11.312344,-3.212265,-0.56011176,3,walking
1519421742277,-11.149575,-3.2984362,-0.63670826,3,walking
1519421742281,-10.919786,-3.346309,-0.7228793,3,walking
1519421742286,-10.622974,-3.1835413,-0.7420284,3,walking
1519421742291,-10.488931,-3.020774,-0.83777404,3,walking
1519421742300,-10.728295,-2.647366,-1.0675635,3,walking
1519421742306,-10.996383,-2.5228968,-1.2399056,3,walking
1519421742310,-11.350641,-2.3792782,-1.469695,3,walking
1519421742315,-11.762347,-2.2931073,-1.7282082,3,walking
1519421742320,-12.394268,-2.187787,-2.0537431,3,walking
1519421742325,-12.643207,-2.1590633,-2.2165108,3,walking
1519421742329,-12.805975,-2.0824668,-2.3122563,3,walking
1519421742340,-12.968742,-1.7282082,-2.561195,3,walking
1519421742345,-12.997466,-1.4792696,-2.5994933,3,walking
1519421742350,-12.9591675,-1.1824582,-2.6952388,3,walking
1519421742355,-12.930444,-0.64628285,-2.7814097,3,walking
1519421742360,-12.825124,-0.30159867,-2.7622607,3,walking
1519421742365,-12.719804,-0.05266008,-2.7239625,3,walking
1519421742371,-12.56661,0.19627848,-2.6282167,3,walking
1519421742375,-12.068733,0.3877697,-2.5420458,3,walking
1519421742381,-11.781497,0.37819514,-2.4845984,3,walking
1519421742386,-11.092129,0.09095833,-2.1590633,3,walking
1519421742391,-10.833615,-0.023936402,-1.9962958,3,walking
1519421742396,-10.555953,-0.11968201,-1.8814012,3,walking
1519421742401,-10.354887,-0.18670394,-1.7473572,3,walking
1519421742406,-9.761265,-0.2441513,-1.5079932,3,walking
1519421742411,-9.474028,-0.2441513,-1.469695,3,walking
1519421742416,-9.177217,-0.33032233,-1.4026731,3,walking
1519421742421,-8.909128,-0.4164934,-1.4026731,3,walking
1519421742425,-8.2676325,-0.5888355,-1.2399056,3,walking
1519421742430,-7.999545,-0.69415563,-1.2399056,3,walking
1519421742435,-7.702734,-0.76117754,-1.2399056,3,walking
1519421742440,-7.4729443,-0.8664977,-1.2399056,3,walking
1519421742449,-6.8793216,-0.8473486,-1.3069274,3,walking
1519421742454,-6.630383,-0.93351966,-1.2207564,3,walking
1519421742459,-6.410168,-0.98139244,-1.2494801,3,walking
1519421742466,-6.094208,-1.2016073,-1.1537346,3,walking
1519421742470,-5.9027166,-1.3930986,-1.2207564,3,walking
1519421742479,-5.7208,-1.8143792,-1.2590547,3,walking
1519421742485,-5.634629,-1.9101248,-1.2782038,3,walking
1519421742490,-5.5484576,-1.9771467,-1.1920328,3,walking
1519421742500,-5.3952646,-2.0250196,-1.1920328,3,walking
1519421742505,-5.4718614,-1.9675722,-1.2111819,3,walking
1519421742510,-5.49101,-1.9579976,-1.2782038,3,walking
1519421742515,-5.605905,-1.9771467,-1.3548003,3,walking
1519421742520,-5.6250544,-2.034594,-1.383524,3,walking
1519421742525,-5.682502,-2.0441687,-1.4313968,3,walking
1519421742529,-5.759098,-2.0633178,-1.4792696,3,walking
1519421742539,-6.113357,-2.168638,-1.6899099,3,walking
1519421742544,-6.2665496,-2.1782124,-1.6994845,3,walking
1519421742549,-6.47719,-2.187787,-1.7282082,3,walking
1519421742555,-6.8122997,-2.2643836,-1.9005502,3,walking
1519421742561,-6.984642,-2.321831,-1.948423,3,walking
1519421742566,-7.396348,-2.4845984,-1.9101248,3,walking
1519421742571,-7.5208173,-2.5707695,-1.862252,3,walking
1519421742576,-7.693159,-2.5994933,-1.8909757,3,walking
1519421742580,-7.769756,-2.6186423,-1.8239537,3,walking
1519421742589,-8.124015,-2.714388,-1.79523,3,walking
1519421742595,-8.124015,-2.7048132,-1.5175679,3,walking
1519421742599,-8.1623125,-2.666515,-1.2111819,3,walking
1519421742608,-7.9708214,-2.3505547,-0.8090504,3,walking
1519421742614,-7.9899707,-2.2069361,-0.76117754,3,walking
1519421742620,-7.9516726,-2.1399143,-0.751603,3,walking
1519421742625,-7.7984796,-2.0920415,-0.50266445,3,walking
1519421742629,-7.7123084,-2.1111906,-0.37819514,3,walking
1519421742639,-7.6069884,-2.1973617,-0.4835153,3,walking
1519421742645,-7.4920936,-2.3984275,-0.33032233,3,walking
1519421742650,-7.664436,-2.4463003,-0.4835153,3,walking
1519421742658,-7.702734,-2.5994933,-0.64628285,3,walking
1519421742665,-7.5591154,-2.6856642,-0.30159867,3,walking
1519421742669,-7.616563,-2.6282167,-0.34947145,3,walking
1519421742674,-7.8176284,-2.6856642,-0.665432,3,walking
1519421742679,-8.229335,-2.800559,-0.8473486,3,walking
1519421742685,-8.506997,-2.8963046,-1.14416,3,walking
1519421742689,-8.6697645,-2.8963046,-1.4122477,3,walking
1519421742698,-8.34423,-2.6569405,-1.0675635,3,walking
1519421742704,-8.870831,-2.3888528,-1.3165021,3,walking
1519421742709,-9.253813,-2.2356598,-1.383524,3,walking
1519421742720,-9.742115,-2.4367256,-1.3165021,3,walking
1519421742724,-9.924032,-2.4367256,-1.3356512,3,walking
1519421742729,-10.0868,-2.4175766,-1.3643749,3,walking
1519421742735,-10.2016945,-2.3984275,-1.2399056,3,walking
1519421742739,-10.239992,-2.3984275,-1.1824582,3,walking
1519421742748,-10.326163,-2.408002,-1.1154363,3,walking
1519421742755,-10.6134,-2.408002,-1.1920328,3,walking
1519421742759,-10.689997,-2.427151,-1.1537346,3,walking
1519421742768,-10.938935,-2.4367256,-1.1154363,3,walking
1519421742774,-11.187874,-2.427151,-1.14416,3,walking
1519421742779,-11.245321,-2.4463003,-1.0484143,3,walking
1519421742788,-11.7049,-2.408002,-0.71330476,3,walking
1519421742794,-11.771922,-2.4175766,-0.61755913,3,walking
1519421742799,-11.877242,-2.4654493,-0.4835153,3,walking
1519421742808,-12.107032,-2.4558747,-0.512239,3,walking
1519421742814,-12.068733,-2.3984275,-0.5313881,3,walking
1519421742818,-12.030436,-2.3314054,-0.54096264,3,walking
1519421742825,-11.972988,-2.149489,-0.70373017,3,walking
1519421742829,-11.886817,-2.1303396,-0.751603,3,walking
1519421742839,-11.848518,-2.034594,-0.98139244,3,walking
1519421742844,-11.82937,-1.9005502,-1.2111819,3,walking
1519421742849,-11.905966,-1.709059,-1.4313968,3,walking
1519421742858,-12.633633,-1.4218222,-2.0441687,3,walking
1519421742865,-13.859177,-1.2494801,-2.34098,3,walking
1519421742869,-14.347479,-1.2877784,-2.3314054,3,walking
1519421742917,-11.321918,-3.126094,-0.37819514,3,walking
1519421742925,-10.852764,-2.9346027,-0.54096264,3,walking
1519421742935,-9.837861,-2.2260852,-1.0388398,3,walking
1519421742941,-9.617646,-2.0058703,-1.3548003,3,walking
1519421742945,-9.5219,-1.3930986,-1.8048047,3,walking
1519421742950,-9.531475,-1.0771381,-2.015445,3,walking
1519421742955,-9.598496,-0.8473486,-2.2165108,3,walking
1519421742987,-12.107032,-0.47394073,-2.800559,3,walking
1519421742994,-12.480439,-0.83777404,-2.5037475,3,walking
1519421742999,-12.509163,-1.0196906,-2.408002,3,walking
1519421743004,-12.288948,-1.383524,-2.2165108,3,walking
1519421743010,-12.154904,-1.5271424,-2.1303396,3,walking
1519421743015,-11.905966,-1.6324625,-2.0441687,3,walking
1519421743019,-11.685751,-1.6994845,-1.9579976,3,walking
1519421743024,-11.168725,-1.7377827,-1.8048047,3,walking
1519421743029,-10.82404,-1.709059,-1.7665064,3,walking
1519421743034,-10.431483,-1.6133134,-1.7377827,3,walking
1519421743039,-10.29744,-1.5654407,-1.7665064,3,walking
1519421743044,-10.125097,-1.4409714,-1.8143792,3,walking
1519421743049,-9.98148,-1.3260766,-1.9196993,3,walking
1519421743054,-9.866585,-1.0005416,-2.1399143,3,walking
1519421743059,-9.75169,-0.83777404,-2.2356598,3,walking
1519421743064,-9.655944,-0.6845811,-2.360129,3,walking
1519421743070,-9.579348,-0.63670826,-2.4175766,3,walking
1519421743075,-9.512326,-0.71330476,-2.475024,3,walking
1519421743080,-9.550624,-0.7324539,-2.3888528,3,walking
1519421743085,-9.579348,-0.69415563,-2.3026817,3,walking
1519421743090,-9.62722,-0.7228793,-2.254809,3,walking
1519421743095,-9.722966,-0.8952214,-2.4463003,3,walking
1519421743100,-9.770839,-1.0292653,-2.5228968,3,walking
1519421743105,-9.636795,-1.2686293,-2.580344,3,walking
1519421743110,-9.636795,-1.2686293,-2.580344,3,walking
1519421743115,-9.225089,-1.0867126,-2.3505547,3,walking
1519421743120,-9.071896,-0.85692316,-2.2260852,3,walking
1519421743125,-8.880404,-0.4835153,-2.168638,3,walking
1519421743130,-8.765511,-0.34947145,-2.034594,3,walking
1519421743135,-8.6697645,-0.32074776,-1.9771467,3,walking
1519421743140,-8.583593,-0.3877697,-2.0441687,3,walking
1519421743146,-8.00912,-0.4164934,-1.862252,3,walking
1519421743151,-7.788905,-0.46436617,-1.6899099,3,walking
1519421743156,-7.5782647,-0.47394073,-1.7569319,3,walking
1519421743164,-6.8601727,-0.54096264,-1.7473572,3,walking
1519421743169,-6.678256,-0.54096264,-1.6803354,3,walking
1519421743174,-6.6016593,-0.59841,-1.709059,3,walking
1519421743179,-6.639958,-0.665432,-1.8335283,3,walking
1519421743184,-6.7548523,-0.91437054,-2.0537431,3,walking
1519421743189,-6.764427,-1.0962871,-2.0728924,3,walking
1519421743195,-6.8122997,-1.2303311,-2.149489,3,walking
1519421743199,-6.831449,-1.3452257,-2.187787,3,walking
1519421743204,-6.9942164,-1.5462915,-2.2931073,3,walking
1519421743209,-7.1474094,-1.6516117,-2.3888528,3,walking
1519421743219,-7.5208173,-1.9196993,-2.5516202,3,walking
1519421743223,-7.587839,-2.0250196,-2.5994933,3,walking
1519421743229,-7.6835847,-2.101616,-2.6377914,3,walking
1519421743234,-7.8655014,-2.1590633,-2.6090677,3,walking
1519421743239,-7.9133744,-2.2165108,-2.5994933,3,walking
1519421743244,-8.018694,-2.1973617,-2.6282167,3,walking
1519421743249,-8.066567,-2.187787,-2.5899186,3,walking
1519421743254,-8.353804,-2.0824668,-2.5516202,3,walking
1519421743259,-8.439975,-2.0250196,-2.5037475,3,walking
1519421743263,-8.487848,-1.9005502,-2.4463003,3,walking
1519421743268,-8.459125,-1.79523,-2.4558747,3,walking
1519421743274,-8.420826,-1.622888,-2.3026817,3,walking
1519421743279,-8.334655,-1.5367169,-2.2931073,3,walking
1519421743284,-8.315506,-1.4601204,-2.2931073,3,walking
1519421743290,-8.277207,-1.4218222,-2.2356598,3,walking
1519421743295,-8.258059,-1.3260766,-2.2165108,3,walking
1519421743300,-8.23891,-1.2782038,-2.1399143,3,walking
1519421743305,-8.181462,-1.2111819,-2.101616,3,walking
1519421743310,-8.1623125,-1.1920328,-2.101616,3,walking
1519421743315,-8.124015,-1.14416,-2.0824668,3,walking
1519421743320,-8.11444,-1.1824582,-2.0441687,3,walking
1519421743324,-7.961247,-1.1250108,-2.0441687,3,walking
1519421743328,-7.9420977,-1.14416,-2.0250196,3,walking
1519421743333,-7.9420977,-1.14416,-2.0250196,3,walking
1519421743337,-7.8272033,-1.14416,-2.0633178,3,walking
1519421743344,-7.788905,-1.2016073,-2.1111906,3,walking
1519421743348,-7.7793303,-1.2016073,-2.1590633,3,walking
1519421743353,-7.7793303,-1.2016073,-2.1590633,3,walking
1519421743357,-7.8176284,-1.3069274,-2.187787,3,walking
1519421743364,-7.8655014,-1.4122477,-2.2260852,3,walking
1519421743368,-7.9516726,-1.5079932,-2.2835326,3,walking
1519421743378,-8.171887,-1.6037389,-2.360129,3,walking
1519421743383,-8.382527,-1.7282082,-2.3697038,3,walking
1519421743388,-8.401677,-1.79523,-2.321831,3,walking
1519421743393,-8.650616,-1.9388485,-2.3026817,3,walking
1519421743399,-8.717637,-1.9771467,-2.2835326,3,walking
1519421743403,-8.784659,-2.0058703,-2.2739582,3,walking
1519421743409,-8.813383,-2.0250196,-2.2452345,3,walking
1519421743416,-8.889979,-2.101616,-2.2069361,3,walking
1519421743421,-8.889979,-2.1399143,-2.1303396,3,walking
1519421743426,-8.947427,-2.1399143,-2.1111906,3,walking
1519421743431,-9.014449,-2.1303396,-2.149489,3,walking
1519421743436,-9.033598,-2.1207652,-2.1303396,3,walking
1519421743443,-9.20594,-2.0441687,-2.3026817,3,walking
1519421743448,-9.263388,-2.034594,-2.3122563,3,walking
1519421743453,-9.359133,-1.9962958,-2.408002,3,walking
1519421743458,-9.41658,-1.9771467,-2.4463003,3,walking
1519421743463,-9.445304,-1.9675722,-2.4654493,3,walking
1519421743468,-9.5219,-1.948423,-2.427151,3,walking
1519421743473,-9.550624,-1.9771467,-2.4463003,3,walking
1519421743478,-9.560199,-1.9771467,-2.34098,3,walking
1519421743487,-9.579348,-2.0633178,-2.1973617,3,walking
1519421743493,-9.608071,-2.254809,-1.9962958,3,walking
1519421743498,-9.608071,-2.3314054,-1.8909757,3,walking
1519421743507,-9.684668,-2.5899186,-1.5175679,3,walking
1519421743513,-9.684668,-2.5899186,-1.5175679,3,walking
1519421743517,-9.809137,-2.6760898,-1.3548003,3,walking
1519421743523,-9.971905,-2.647366,-1.3069274,3,walking
1519421743529,-10.239992,-2.561195,-1.3069274,3,walking
1519421743533,-10.709146,-2.408002,-1.4601204,3,walking
1519421743539,-11.408089,-2.187787,-1.7282082,3,walking
1519421743544,-13.016615,-1.8718265,-2.3792782,3,walking
1519421743551,-13.859177,-1.8048047,-2.6282167,3,walking
1519421743557,-15.027272,-1.9005502,-3.078221,3,walking
1519421743564,-15.103869,-2.149489,-2.819708,3,walking
1519421743569,-14.864505,-2.3026817,-2.5707695,3,walking
1519421743610,-9.263388,-3.059072,-0.22500217,3,walking
1519421743615,-8.755936,-3.0494976,-0.22500217,3,walking
1519421743628,-7.204857,-2.2931073,-0.09095833,3,walking
1519421743633,-6.984642,-1.6037389,-0.27287498,3,walking
1519421743638,-7.1091113,-1.3643749,-0.39734426,3,walking
1519421743643,-7.3676243,-1.2016073,-0.5505372,3,walking
1519421743647,-7.846352,-1.0771381,-0.77075213,3,walking
1519421743653,-9.330409,-0.7420284,-1.2973529,3,walking
1519421743658,-10.077225,-0.5218136,-1.4122477,3,walking
1519421743662,-10.747444,-0.4835153,-1.5845897,3,walking
1519421743667,-11.312344,-0.46436617,-1.622888,3,walking
1519421743673,-12.260224,-0.78990126,-1.6994845,3,walking
1519421743678,-12.6527815,-1.0388398,-1.7473572,3,walking
1519421743682,-12.968742,-1.2782038,-1.7856555,3,walking
1519421743687,-13.246405,-1.6707608,-1.929274,3,walking
1519421743693,-13.217681,-1.7377827,-1.9771467,3,walking
1519421743699,-13.074062,-1.7569319,-2.101616,3,walking
1519421743704,-12.710229,-1.8431029,-2.4654493,3,walking
1519421743708,-12.499589,-1.8718265,-2.7048132,3,walking
1519421743713,-12.288948,-1.8814012,-2.867581,3,walking
1519421743717,-12.001712,-1.8909757,-2.9920502,3,walking
1519421743723,-11.341067,-1.9675722,-3.0877957,3,walking
1519421743728,-10.967659,-2.0058703,-3.059072,3,walking
1519421743737,-10.326163,-2.1111906,-2.8963046,3,walking
1519421743743,-10.038927,-2.1590633,-2.7622607,3,walking
1519421743748,-9.8953085,-2.0728924,-2.5994933,3,walking
1519421743756,-9.703817,-1.9867213,-2.2643836,3,walking
1519421743763,-9.330409,-1.9196993,-1.9771467,3,walking
1519421743768,-9.0814705,-1.9101248,-1.8814012,3,walking
1519421743777,-8.44955,-1.9388485,-1.5271424,3,walking
1519421743783,-8.210186,-1.9101248,-1.5175679,3,walking
1519421743787,-8.085716,-1.929274,-1.4888442,3,walking
1519421743793,-7.702734,-1.9771467,-1.2494801,3,walking
1519421743798,-7.587839,-2.0250196,-1.1250108,3,walking
1519421743803,-7.4250717,-1.9962958,-1.0962871,3,walking
1519421743808,-7.243155,-1.9579976,-1.0388398,3,walking
1519421743813,-7.003791,-1.8909757,-0.99096704,3,walking
1519421743818,-6.850598,-1.862252,-0.99096704,3,walking
1519421743827,-6.7069798,-1.8335283,-1.0101161,3,walking
1519421743833,-6.6016593,-1.8048047,-1.1345854,3,walking
1519421743837,-6.563361,-1.79523,-1.2111819,3,walking
1519421743847,-6.544212,-1.7856555,-1.4409714,3,walking
1519421743853,-6.592085,-1.8814012,-1.6324625,3,walking
1519421743858,-6.611234,-1.9196993,-1.7377827,3,walking
1519421743863,-6.716554,-2.015445,-1.8909757,3,walking
1519421743868,-6.8410234,-2.0824668,-1.9579976,3,walking
1519421743873,-6.9176197,-2.1207652,-2.0058703,3,walking
1519421743878,-6.975067,-2.1303396,-1.9579976,3,walking
1519421743883,-7.1091113,-2.1782124,-1.9771467,3,walking
1519421743887,-7.1665583,-2.2452345,-1.9388485,3,walking
1519421743892,-7.2527294,-2.2452345,-1.862252,3,walking
1519421743898,-7.310177,-2.2931073,-1.8239537,3,walking
1519421743903,-7.3389006,-2.4175766,-1.6324625,3,walking
1519421743908,-7.4154973,-2.4175766,-1.5941644,3,walking
1519421743913,-7.4920936,-2.4463003,-1.5271424,3,walking
1519421743918,-7.4920936,-2.4463003,-1.5271424,3,walking
1519421743922,-7.5974135,-2.3888528,-1.383524,3,walking
1519421743927,-7.664436,-2.3026817,-1.3548003,3,walking
1519421743937,-7.7123084,-2.101616,-1.2782038,3,walking
1519421743943,-7.808054,-1.929274,-1.2782038,3,walking
1519421743948,-7.855927,-1.8909757,-1.2590547,3,walking
1519421743954,-8.00912,-1.8335283,-1.2590547,3,walking
1519421743959,-8.104865,-1.8143792,-1.2494801,3,walking
1519421743964,-8.143164,-1.7377827,-1.2590547,3,walking
1519421743969,-8.21976,-1.5750152,-1.1154363,3,walking
1519421743974,-8.229335,-1.5750152,-1.1058618,3,walking
1519421743978,-8.277207,-1.4984187,-1.0867126,3,walking
1519421743982,-8.23891,-1.4505459,-1.0675635,3,walking
1519421743987,-8.248484,-1.4026731,-0.9718179,3,walking
1519421743993,-8.191036,-1.2973529,-0.8856468,3,walking
1519421743997,-8.124015,-1.2016073,-0.83777404,3,walking
1519421744002,-8.076141,-1.14416,-0.76117754,3,walking
1519421744007,-8.037844,-1.0388398,-0.6845811,3,walking
1519421744012,-7.9325233,-0.92394507,-0.64628285,3,walking
1519421744017,-7.846352,-0.90479594,-0.63670826,3,walking
1519421744022,-7.846352,-0.90479594,-0.61755913,3,walking
1519421744027,-7.846352,-0.8664977,-0.5888355,3,walking
1519421744032,-7.7793303,-0.8281995,-0.63670826,3,walking
1519421744038,-7.7793303,-0.8090504,-0.665432,3,walking
1519421744042,-7.8272033,-0.751603,-0.7420284,3,walking
1519421744047,-7.894225,-0.71330476,-0.77075213,3,walking
1519421744052,-7.9325233,-0.6750065,-0.8281995,3,walking
1519421744057,-8.066567,-0.6750065,-0.8664977,3,walking
1519421744062,-8.305931,-0.7228793,-0.9430942,3,walking
1519421744067,-8.430401,-0.7324539,-1.0292653,3,walking
1519421744071,-8.602742,-0.78990126,-1.0867126,3,walking
1519421744076,-8.7750845,-0.8856468,-1.1920328,3,walking
1519421744082,-9.177217,-1.0484143,-1.3930986,3,walking
1519421744088,-9.378282,-1.0962871,-1.4122477,3,walking
1519421744093,-9.636795,-1.383524,-1.5845897,3,walking
1519421744098,-9.636795,-1.383524,-1.5845897,3,walking
1519421744104,-9.904882,-1.6516117,-1.6133134,3,walking
1519421744108,-10.048501,-1.8526775,-1.6516117,3,walking
1519421744116,-10.326163,-2.168638,-1.6994845,3,walking
1519421744122,-10.594251,-2.3792782,-1.7377827,3,walking
1519421744128,-10.728295,-2.5037475,-1.7665064,3,walking
1519421744133,-10.94851,-2.6760898,-1.79523,3,walking
1519421744139,-11.082554,-2.6760898,-1.7665064,3,walking
1519421744143,-11.197449,-2.714388,-1.6994845,3,walking
1519421744148,-11.446387,-2.5899186,-1.7569319,3,walking
1519421744154,-11.532558,-2.5324712,-1.7473572,3,walking
1519421744159,-11.7049,-2.427151,-1.709059,3,walking
1519421744164,-12.011286,-2.2260852,-1.7186337,3,walking
1519421744169,-12.135756,-2.0728924,-1.6037389,3,walking
1519421744174,-12.221927,-1.8909757,-1.5079932,3,walking
1519421744179,-12.298523,-1.6994845,-1.383524,3,walking
1519421744184,-12.46129,-1.3739494,-1.3930986,3,walking
1519421744189,-12.470865,-1.2111819,-1.3643749,3,walking
1519421744193,-12.403843,-1.0388398,-1.2686293,3,walking
1519421744198,-12.298523,-0.98139244,-1.3165021,3,walking
1519421744202,-12.174053,-0.91437054,-1.383524,3,walking
1519421744206,-12.001712,-0.8856468,-1.3548003,3,walking
1519421744212,-11.59958,-0.7324539,-1.5367169,3,walking
1519421744217,-11.446387,-0.69415563,-1.5845897,3,walking
1519421744222,-11.455961,-0.45479164,-2.1207652,3,walking
1519421744227,-11.666602,-0.34947145,-2.4463003,3,walking
1519421744232,-12.049584,-0.28244954,-2.7814097,3,walking
1519421744238,-12.518738,-0.28244954,-3.0494976,3,walking
1519421744243,-13.351725,-0.6845811,-3.3367343,3,walking
1519421744249,-13.591088,-1.1250108,-3.173967,3,walking
1519421744254,-13.658111,-2.0920415,-2.5037475,3,walking
1519421744258,-13.658111,-2.0920415,-2.5037475,3,walking
1519421744302,-10.94851,-3.8824842,-1.2111819,3,walking
1519421744310,-10.82404,-3.0877957,-1.776081,3,walking
1519421744318,-10.82404,-2.7718353,-1.9005502,3,walking
1519421744324,-10.871913,-2.168638,-2.1399143,3,walking
1519421744329,-10.881488,-1.9962958,-2.168638,3,walking
1519421744334,-10.996383,-1.7282082,-2.2739582,3,walking
1519421744338,-11.149575,-1.5079932,-2.3792782,3,walking
1519421744342,-11.436812,-1.2207564,-2.561195,3,walking
1519421744347,-11.618729,-1.0484143,-2.6186423,3,walking
1519421744352,-12.001712,-0.76117754,-2.8292825,3,walking
1519421744357,-12.068733,-0.7228793,-2.88673,3,walking
1519421744366,-12.174053,-0.5888355,-3.0111992,3,walking
1519421744372,-12.030436,-0.6845811,-3.0877957,3,walking
1519421744377,-11.972988,-0.76117754,-3.078221,3,walking
1519421744382,-11.944264,-0.8952214,-3.039923,3,walking
1519421744387,-11.944264,-0.8952214,-3.039923,3,walking
1519421744391,-11.82937,-1.0005416,-2.9824755,3,walking
1519421744396,-11.695326,-1.0771381,-2.8580062,3,walking
1519421744402,-11.293194,-1.1154363,-2.6282167,3,walking
1519421744408,-11.130426,-1.1345854,-2.475024,3,walking
1519421744413,-10.900637,-1.1537346,-2.1973617,3,walking
1519421744418,-10.757019,-1.2686293,-2.0824668,3,walking
1519421744423,-10.421909,-1.4792696,-1.776081,3,walking
1519421744428,-10.19212,-1.5654407,-1.6516117,3,walking
1519421744433,-9.703817,-1.7377827,-1.4409714,3,walking
1519421744438,-9.5219,-1.8048047,-1.383524,3,walking
1519421744444,-9.301685,-1.8526775,-1.2111819,3,walking
1519421744448,-9.167642,-1.948423,-1.1920328,3,walking
1519421744454,-9.129343,-2.321831,-1.5654407,3,walking
1519421744459,-8.937852,-2.427151,-1.6037389,3,walking
1519421744464,-8.621892,-2.2452345,-1.4313968,3,walking
1519421744469,-8.478273,-2.015445,-1.2686293,3,walking
1519421744474,-8.248484,-1.8239537,-1.0579889,3,walking
1519421744484,-8.286782,-1.6803354,-1.5462915,3,walking
1519421744489,-8.277207,-1.709059,-1.5941644,3,walking
1519421744495,-8.23891,-1.7569319,-1.4792696,3,walking
1519421744499,-8.085716,-1.6420372,-1.7377827,3,walking
1519421744505,-8.037844,-1.5941644,-1.7856555,3,walking
1519421744510,-7.961247,-1.5175679,-1.7377827,3,walking
1519421744515,-7.8176284,-1.4505459,-1.6611862,3,walking
1519421744521,-7.7314577,-1.4313968,-1.6611862,3,walking
1519421744526,-7.5974135,-1.4792696,-1.6994845,3,walking
1519421744532,-7.549541,-1.5271424,-1.9388485,3,walking
1519421744537,-7.549541,-1.5271424,-2.0728924,3,walking
1519421744542,-7.4729443,-1.5271424,-2.2165108,3,walking
1519421744547,-7.4250717,-1.5558661,-2.3122563,3,walking
1519421744553,-7.3771987,-1.5750152,-2.427151,3,walking
1519421744557,-7.348475,-1.5654407,-2.494173,3,walking
1519421744562,-7.3771987,-1.4792696,-2.5899186,3,walking
1519421744567,-7.3771987,-1.4792696,-2.5899186,3,walking
1519421744572,-7.4154973,-1.2877784,-2.6377914,3,walking
1519421744578,-7.3867736,-1.0005416,-2.666515,3,walking
1519421744583,-7.4537954,-0.9718179,-2.6952388,3,walking
1519421744593,-7.5782647,-1.0579889,-2.8771553,3,walking
1519421744598,-7.693159,-1.1824582,-2.9537518,3,walking
1519421744604,-7.7984796,-1.2782038,-2.972901,3,walking
1519421744608,-7.788905,-1.3452257,-2.9346027,3,walking
1519421744612,-7.769756,-1.4122477,-2.9441774,3,walking
1519421744617,-7.7984796,-1.5079932,-2.88673,3,walking
1519421744621,-7.7793303,-1.6133134,-2.7909844,3,walking
1519421744626,-7.693159,-1.8814012,-2.513322,3,walking
1519421744630,-7.721883,-2.0441687,-2.4845984,3,walking
1519421744635,-7.693159,-2.1973617,-2.360129,3,walking
1519421744641,-7.616563,-2.561195,-2.149489,3,walking
1519421744646,-7.5974135,-2.6856642,-2.0728924,3,walking
1519421744651,-7.5974135,-2.8484318,-2.015445,3,walking
1519421744656,-7.511243,-2.905879,-1.9579976,3,walking
1519421744661,-7.4154973,-3.0303483,-1.8335283,3,walking
1519421744666,-7.3389006,-3.0303483,-1.8048047,3,walking
1519421744671,-7.3006024,-2.9824755,-1.7665064,3,walking
1519421744676,-7.2623043,-2.9250283,-1.79523,3,walking
1519421744681,-7.2910275,-2.752686,-1.8718265,3,walking
1519421744686,-7.2335806,-2.6760898,-1.929274,3,walking
1519421744691,-7.089962,-2.4845984,-2.0633178,3,walking
1519421744695,-7.042089,-2.4367256,-2.0824668,3,walking
1519421744701,-6.9463434,-2.3505547,-2.1111906,3,walking
1519421744706,-6.9559183,-2.2835326,-2.1111906,3,walking
1519421744711,-6.9654927,-2.1399143,-2.1782124,3,walking
1519421744716,-6.9942164,-2.101616,-2.2165108,3,walking
1519421744721,-7.0612383,-2.0250196,-2.2069361,3,walking
1519421744726,-7.137835,-1.9579976,-2.2069361,3,walking
1519421744731,-7.2527294,-1.929274,-2.1782124,3,walking
1519421744735,-7.549541,-1.8526775,-2.1973617,3,walking
1519421744741,-7.7123084,-1.8335283,-2.2452345,3,walking
1519421744746,-7.9325233,-1.8526775,-2.2452345,3,walking
1519421744751,-8.200611,-1.862252,-2.2739582,3,walking
1519421744756,-8.334655,-1.9005502,-2.254809,3,walking
1519421744761,-8.535721,-1.9388485,-2.3122563,3,walking
1519421744766,-8.736787,-1.9771467,-2.3026817,3,walking
1519421744771,-9.0814705,-2.1303396,-2.3697038,3,walking
1519421744776,-9.18679,-2.1973617,-2.3984275,3,walking
1519421744781,-9.20594,-2.321831,-2.3888528,3,walking
1519421744786,-9.148493,-2.513322,-2.254809,3,walking
1519421744790,-9.119769,-2.5899186,-2.0920415,3,walking
1519421744796,-9.100619,-2.6282167,-2.015445,3,walking
1519421744801,-9.033598,-2.6377914,-1.9388485,3,walking
1519421744806,-9.033598,-2.5228968,-1.8239537,3,walking
1519421744810,-9.014449,-2.4175766,-1.8526775,3,walking
1519421744815,-9.043172,-2.3122563,-1.9005502,3,walking
1519421744821,-9.033598,-2.2069361,-1.9675722,3,walking
1519421744825,-9.0814705,-2.0824668,-2.149489,3,walking
1519421744831,-9.052747,-1.9196993,-2.2356598,3,walking
1519421744836,-9.052747,-1.9196993,-2.2356598,3,walking
1519421744841,-9.062322,-1.8143792,-2.1303396,3,walking
1519421744847,-9.138918,-1.79523,-2.0920415,3,walking
1519421744852,-9.215514,-1.79523,-1.948423,3,walking
1519421744857,-9.225089,-1.8814012,-1.7856555,3,walking
1519421744862,-9.31126,-1.929274,-1.6707608,3,walking
1519421744867,-9.368708,-2.168638,-1.2590547,3,walking
1519421744873,-9.445304,-2.2739582,-1.0962871,3,walking
1519421744877,-9.483603,-2.475024,-0.9526688,3,walking
1519421744882,-9.6942425,-2.819708,-0.76117754,3,walking
1519421744888,-9.809137,-2.972901,-0.59841,3,walking
1519421744893,-9.876159,-3.1165195,-0.49308985,3,walking
1519421744898,-9.933606,-3.193116,-0.3877697,3,walking
1519421744903,-10.230418,-3.1643922,-0.39734426,3,walking
1519421744908,-10.575102,-3.059072,-0.5313881,3,walking
1519421744914,-11.791071,-2.6856642,-0.98139244,3,walking
1519421744918,-12.480439,-2.5228968,-1.3739494,3,walking
1519421744924,-13.141085,-2.4175766,-1.776081,3,walking
1519421744933,-13.820878,-2.3888528,-2.3026817,3,walking
1519421744938,-13.4666195,-2.3505547,-2.1973617,3,walking
1519421744983,-10.29744,-2.3888528,-1.2303311,3,walking
1519421744991,-9.904882,-2.3888528,-0.9622433,3,walking
1519421744999,-9.876159,-2.360129,-0.8473486,3,walking
1519421745007,-10.058076,-2.1590633,-0.78990126,3,walking
1519421745014,-10.278291,-2.101616,-0.70373017,3,walking
1519421745023,-10.938935,-1.8909757,-0.76117754,3,walking
1519421745027,-11.810221,-1.9388485,-0.83777404,3,walking
1519421745032,-12.202777,-2.034594,-0.8760723,3,walking
1519421745037,-12.202777,-2.034594,-0.8760723,3,walking
1519421745043,-13.208106,-2.2739582,-1.1250108,3,walking
1519421745047,-13.370873,-2.408002,-1.1824582,3,walking
1519421745052,-13.514492,-2.427151,-1.3069274,3,walking
1519421745095,-12.020861,-1.6516117,-2.2356598,3,walking
1519421745103,-11.408089,-1.383524,-2.034594,3,walking
1519421745111,-10.728295,-1.1345854,-1.7569319,3,walking
1519421745116,-10.412334,-0.98139244,-1.5845897,3,walking
1519421745120,-9.85701,-0.6558574,-1.4409714,3,walking
1519421745125,-9.85701,-0.6558574,-1.4409714,3,walking
1519421745130,-9.62722,-0.5218136,-1.3930986,3,walking
1519421745136,-9.215514,-0.32074776,-1.3452257,3,walking
1519421745140,-8.736787,-0.30159867,-1.2973529,3,walking
1519421745145,-8.516571,-0.34947145,-1.3452257,3,walking
1519421745150,-8.277207,-0.3877697,-1.3356512,3,walking
1519421745155,-8.037844,-0.45479164,-1.4122477,3,walking
1519421745160,-7.635712,-0.69415563,-1.4409714,3,walking
1519421745165,-7.482519,-0.85692316,-1.4984187,3,walking
1519421745170,-7.3389006,-0.99096704,-1.4888442,3,walking
1519421745175,-7.2144313,-1.2016073,-1.469695,3,walking
1519421745180,-7.0995364,-1.4313968,-1.5271424,3,walking
1519421745185,-6.975067,-1.8526775,-1.6324625,3,walking
1519421745190,-6.9559183,-2.0441687,-1.6994845,3,walking
1519421745195,-6.8793216,-2.254809,-1.6707608,3,walking
1519421745200,-6.783576,-2.5516202,-1.6611862,3,walking
1519421745205,-6.7261286,-2.666515,-1.6994845,3,walking
1519421745210,-6.7261286,-2.9154537,-1.7473572,3,walking
1519421745215,-6.7261286,-2.9154537,-1.7473572,3,walking
1519421745220,-6.7740016,-2.8963046,-1.709059,3,walking
1519421745226,-6.7740016,-2.88673,-1.6899099,3,walking
1519421745230,-6.745278,-2.7814097,-1.6803354,3,walking
1519421745235,-6.697405,-2.6856642,-1.6037389,3,walking
1519421745240,-6.7069798,-2.7239625,-1.6803354,3,walking
1519421745246,-6.7548523,-2.6569405,-1.6899099,3,walking
1519421745251,-6.8122997,-2.6186423,-1.7377827,3,walking
1519421745256,-6.8122997,-2.5516202,-1.7473572,3,walking
1519421745261,-6.9271946,-2.5228968,-1.7569319,3,walking
1519421745266,-6.9271946,-2.5228968,-1.7569319,3,walking
1519421745272,-7.1091113,-2.4558747,-1.7665064,3,walking
1519421745277,-7.2144313,-2.4463003,-1.8335283,3,walking
1519421745282,-7.2527294,-2.4175766,-1.8431029,3,walking
1519421745287,-7.2910275,-2.3792782,-1.8526775,3,walking
1519421745292,-7.3006024,-2.3122563,-1.7856555,3,walking
1519421745297,-7.396348,-2.187787,-1.7665064,3,walking
1519421745302,-7.46337,-2.187787,-1.7473572,3,walking
1519421745313,-7.6261373,-2.2165108,-1.6324625,3,walking
1519421745317,-7.6740103,-2.254809,-1.6324625,3,walking
1519421745323,-7.654861,-2.254809,-1.5175679,3,walking
1519421745333,-7.788905,-2.1399143,-1.3548003,3,walking
1519421745338,-7.8846507,-2.1303396,-1.2686293,3,walking
1519421745343,-7.9516726,-2.101616,-1.0771381,3,walking
1519421745348,-7.9803963,-2.101616,-0.98139244,3,walking
1519421745354,-8.018694,-2.0537431,-0.93351966,3,walking
1519421745358,-7.9325233,-2.0633178,-0.8186249,3,walking
1519421745364,-7.9516726,-2.0920415,-0.70373017,3,walking
1519421745368,-7.9420977,-2.1207652,-0.665432,3,walking
1519421745374,-7.9420977,-2.1399143,-0.6845811,3,walking
1519421745380,-7.9420977,-2.168638,-0.665432,3,walking
1519421745385,-7.9420977,-2.1399143,-0.6750065,3,walking
1519421745390,-7.9708214,-2.0824668,-0.71330476,3,walking
1519421745396,-7.9708214,-2.0824668,-0.71330476,3,walking
1519421745400,-7.9803963,-1.9675722,-0.751603,3,walking
1519421745406,-8.018694,-1.9005502,-0.8090504,3,walking
1519421745410,-8.076141,-1.929274,-0.8281995,3,walking
1519421745416,-8.258059,-1.8909757,-1.0579889,3,walking
1519421745421,-8.44955,-1.8431029,-1.14416,3,walking
1519421745426,-8.44955,-1.8431029,-1.14416,3,walking
1519421745431,-8.526146,-1.8526775,-1.2399056,3,walking
1519421745435,-8.612317,-1.79523,-1.2877784,3,walking
1519421745441,-8.679339,-1.8143792,-1.3165021,3,walking
1519421745446,-8.813383,-1.79523,-1.3165021,3,walking
1519421745451,-8.870831,-1.862252,-1.3739494,3,walking
1519421745456,-8.937852,-1.929274,-1.3069274,3,walking
1519421745462,-8.995299,-2.0441687,-1.3165021,3,walking
1519421745466,-9.043172,-2.0920415,-1.2973529,3,walking
1519421745472,-9.071896,-2.1207652,-1.1154363,3,walking
1519421745477,-9.2825365,-2.187787,-1.1633091,3,walking
1519421745482,-9.426155,-2.2069361,-1.14416,3,walking
1519421745494,-9.98148,-2.2835326,-1.1537346,3,walking
1519421745499,-10.230418,-2.3026817,-1.1154363,3,walking
1519421745504,-10.469782,-2.321831,-1.1920328,3,walking
1519421745510,-10.986808,-2.408002,-1.1633091,3,walking
1519421745515,-11.274045,-2.4463003,-1.1250108,3,walking
1519421745521,-11.72405,-2.580344,-1.1058618,3,walking
1519421745526,-11.9346895,-2.6186423,-1.0867126,3,walking
1519421745531,-12.279374,-2.5994933,-1.2303311,3,walking
1519421745536,-12.365545,-2.561195,-1.2877784,3,walking
1519421745541,-12.432567,-2.5037475,-1.3356512,3,walking
1519421745546,-12.432567,-2.427151,-1.4409714,3,walking
1519421745550,-12.422992,-2.2260852,-1.8048047,3,walking
1519421745555,-12.422992,-2.2260852,-1.8048047,3,walking
1519421745560,-12.145329,-1.948423,-2.0250196,3,walking
1519421745564,-11.972988,-1.8143792,-2.1207652,3,walking
1519421745570,-11.666602,-1.5271424,-2.3505547,3,walking
1519421745575,-11.666602,-1.5271424,-2.3505547,3,walking
1519421745579,-11.590006,-1.4218222,-2.5228968,3,walking
1519421745585,-11.7049,-1.1250108,-2.9441774,3,walking
1519421745589,-12.059159,-0.93351966,-3.2697124,3,walking
1519421745594,-12.509163,-0.78990126,-3.5473747,3,walking
1519421745601,-13.437896,-0.7324539,-3.5952475,3,walking
1519421745605,-13.648536,-0.93351966,-3.3941817,3,walking
1519421745610,-13.476193,-1.5750152,-2.7431116,3,walking
1519421745652,-11.092129,-4.131423,-0.78990126,3,walking
1519421745657,-10.594251,-3.9016335,-1.0101161,3,walking
1519421745662,-10.374036,-3.758015,-1.1824582,3,walking
1519421745671,-9.991054,-3.3941817,-1.4984187,3,walking
1519421745675,-9.933606,-3.1356685,-1.6707608,3,walking
1519421745679,-9.96233,-2.88673,-1.8335283,3,walking
1519421745685,-10.000628,-2.6569405,-2.0537431,3,walking
1519421745690,-10.40276,-2.0537431,-2.5228968,3,walking
1519421745695,-10.642124,-1.8143792,-2.714388,3,walking
1519421745700,-10.881488,-1.6133134,-2.8771553,3,walking
1519421745704,-11.465536,-1.2877784,-3.1452432,3,walking
1519421745710,-11.781497,-1.2303311,-3.2697124,3,walking
1519421745715,-12.154904,-1.1633091,-3.4133308,3,walking
1519421745719,-12.595334,-1.1537346,-3.6622694,3,walking
1519421745724,-12.700654,-1.0771381,-3.6622694,3,walking
1519421745730,-12.700654,-1.0962871,-3.6622694,3,walking
1519421745735,-12.67193,-1.1154363,-3.6622694,3,walking
1519421745739,-12.576185,-1.1728836,-3.5856729,3,walking
1519421745745,-12.509163,-1.1824582,-3.5760984,3,walking
1519421745750,-12.442142,-1.2686293,-3.4707782,3,walking
1519421745755,-12.442142,-1.2686293,-3.4707782,3,walking
1519421745760,-12.154904,-1.2590547,-3.384607,3,walking
1519421745765,-11.963413,-1.2111819,-3.3080106,3,walking
1519421745769,-11.542132,-1.3165021,-3.3750327,3,walking
1519421745775,-11.542132,-1.3165021,-3.3750327,3,walking
1519421745779,-11.207023,-1.383524,-3.5282254,3,walking
1519421745785,-11.092129,-1.4218222,-3.5665238,3,walking
1519421745789,-10.498506,-1.3739494,-3.231414,3,walking
1519421745794,-10.172971,-1.2877784,-3.0686467,3,walking
1519421745800,-9.866585,-1.0484143,-2.867581,3,walking
1519421745805,-9.5889225,-0.90479594,-2.5324712,3,walking
1519421745809,-9.474028,-0.7420284,-2.360129,3,walking
1519421745815,-9.20594,-0.54096264,-1.8526775,3,walking
1519421745819,-9.167642,-0.54096264,-1.8431029,3,walking
1519421745825,-9.18679,-0.7420284,-1.9867213,3,walking
1519421745831,-9.2825365,-1.0388398,-2.2931073,3,walking
1519421745835,-9.2825365,-1.3643749,-2.666515,3,walking
1519421745840,-9.272962,-1.5845897,-2.714388,3,walking
1519421745846,-8.832532,-1.6037389,-2.513322,3,walking
1519421745851,-8.564445,-1.4122477,-2.513322,3,walking
1519421745855,-8.459125,-1.1824582,-2.3888528,3,walking
1519421745860,-8.23891,-0.7994758,-2.3026817,3,walking
1519421745864,-8.23891,-0.7994758,-2.3026817,3,walking
1519421745869,-7.961247,-0.63670826,-1.9675722,3,walking
1519421745874,-7.9037995,-0.26330042,-1.6707608,3,walking
1519421745879,-7.8272033,-0.28244954,-1.8718265,3,walking
1519421745884,-7.8272033,-0.28244954,-1.8718265,3,walking
1519421745890,-7.6261373,-0.8952214,-2.3026817,3,walking
1519421745895,-7.6835847,-1.1537346,-2.8484318,3,walking
1519421745900,-7.5208173,-1.0962871,-2.7622607,3,walking
1519421745905,-7.310177,-1.0196906,-2.6952388,3,walking
1519421745910,-7.348475,-0.78032666,-2.561195,3,walking
1519421745915,-7.35805,-0.77075213,-2.3984275,3,walking
1519421745920,-7.35805,-0.83777404,-2.2835326,3,walking
1519421745925,-7.4059224,-0.9430942,-2.2260852,3,walking
1519421745929,-7.4537954,-1.0771381,-2.2739582,3,walking
1519421745934,-7.5782647,-1.2303311,-2.3888528,3,walking
1519421745939,-7.7123084,-1.5367169,-2.513322,3,walking
1519421745945,-7.7314577,-1.7186337,-2.5707695,3,walking
1519421745949,-7.875076,-1.929274,-2.6282167,3,walking
1519421745955,-8.076141,-2.2452345,-2.733537,3,walking
1519421745960,-8.21976,-2.3122563,-2.733537,3,walking
1519421745965,-8.248484,-2.254809,-2.7622607,3,walking
1519421745970,-8.181462,-2.2069361,-2.714388,3,walking
1519421745981,-8.1623125,-1.7665064,-2.6186423,3,walking
1519421745986,-8.229335,-1.6707608,-2.580344,3,walking
1519421745991,-8.248484,-1.6324625,-2.580344,3,walking
1519421745996,-8.277207,-1.6516117,-2.6090677,3,walking
1519421746001,-8.315506,-1.709059,-2.800559,3,walking
1519421746006,-8.401677,-1.7377827,-2.8963046,3,walking
1519421746011,-8.439975,-1.7856555,-3.020774,3,walking
1519421746016,-8.478273,-1.7186337,-3.0111992,3,walking
1519421746021,-8.439975,-1.6707608,-3.020774,3,walking
1519421746026,-8.430401,-1.5941644,-2.9250283,3,walking
1519421746031,-8.363379,-1.4505459,-2.88673,3,walking
1519421746036,-8.296356,-1.4218222,-2.88673,3,walking
1519421746041,-8.277207,-1.4313968,-2.8484318,3,walking
1519421746049,-8.104865,-1.4505459,-2.6569405,3,walking
1519421746054,-7.961247,-1.5271424,-2.6282167,3,walking
1519421746059,-7.769756,-1.5941644,-2.561195,3,walking
1519421746064,-7.769756,-1.5941644,-2.561195,3,walking
1519421746069,-7.3676243,-1.7377827,-2.2643836,3,walking
1519421746075,-7.1665583,-1.8526775,-2.2260852,3,walking
1519421746080,-7.051664,-1.9196993,-2.2069361,3,walking
1519421746085,-6.9080453,-1.9962958,-2.168638,3,walking
1519421746090,-6.7069798,-2.1111906,-2.1111906,3,walking
1519421746095,-6.6495323,-2.1399143,-2.1782124,3,walking
1519421746100,-6.639958,-2.1399143,-2.2069361,3,walking
1519421746105,-6.6495323,-2.1590633,-2.3026817,3,walking
1519421746110,-6.7740016,-2.1303396,-2.3984275,3,walking
1519421746115,-6.8793216,-2.1111906,-2.4175766,3,walking
1519421746120,-6.9942164,-2.0824668,-2.4463003,3,walking
1519421746125,-7.2527294,-2.034594,-2.5228968,3,walking
1519421746130,-7.4059224,-1.9867213,-2.5228968,3,walking
1519421746135,-7.5399666,-1.9771467,-2.561195,3,walking
1519421746141,-7.9133744,-1.9196993,-2.513322,3,walking
1519421746147,-8.037844,-1.948423,-2.4845984,3,walking
1519421746153,-8.21976,-1.9675722,-2.4175766,3,walking
1519421746158,-8.430401,-2.0441687,-2.1973617,3,walking
1519421746163,-8.506997,-2.0633178,-2.149489,3,walking
1519421746168,-8.698488,-2.1207652,-2.0441687,3,walking
1519421746173,-8.7750845,-2.101616,-2.015445,3,walking
1519421746179,-8.7750845,-2.1303396,-1.9005502,3,walking
1519421746185,-8.784659,-2.1111906,-1.8814012,3,walking
1519421746190,-8.7750845,-2.0824668,-1.8335283,3,walking
1519421746195,-8.727212,-2.0824668,-1.862252,3,walking
1519421746199,-8.736787,-2.0824668,-1.862252,3,walking
1519421746204,-8.698488,-2.0633178,-1.8814012,3,walking
1519421746209,-8.727212,-1.9675722,-2.015445,3,walking
1519421746215,-8.736787,-1.9579976,-2.015445,3,walking
1519421746219,-8.688913,-1.9579976,-2.0728924,3,walking
1519421746225,-8.736787,-1.9771467,-2.0824668,3,walking
1519421746230,-8.765511,-2.168638,-1.9196993,3,walking
1519421746235,-8.822957,-2.321831,-1.79523,3,walking
1519421746240,-8.899554,-2.475024,-1.6611862,3,walking
1519421746244,-8.899554,-2.475024,-1.6611862,3,walking
1519421746250,-9.20594,-2.8101335,-1.3452257,3,walking
1519421746255,-9.598496,-3.0973704,-1.0101161,3,walking
1519421746260,-9.799562,-3.231414,-0.8473486,3,walking
1519421746265,-10.010203,-3.3271596,-0.6750065,3,walking
1519421746270,-10.393186,-3.4803526,-0.44521707,3,walking
1519421746275,-10.651698,-3.5282254,-0.44521707,3,walking
1519421746279,-11.044255,-3.4803526,-0.42606795,3,walking
1519421746284,-11.580431,-3.3558834,-0.512239,3,walking
1519421746293,-13.00704,-3.0494976,-1.0388398,3,walking
1519421746299,-14.471948,-2.752686,-1.8239537,3,walking
1519421746304,-14.950676,-2.5994933,-2.1399143,3,walking
1519421746309,-14.921952,-2.3314054,-2.2356598,3,walking
1519421746345,-10.259142,-1.3356512,-1.1250108,3,walking
1519421746354,-9.665519,-1.1633091,-1.0292653,3,walking
1519421746361,-8.516571,-1.0484143,-0.9526688,3,walking
1519421746373,-7.482519,-0.9526688,-0.8952214,3,walking
1519421746378,-7.3867736,-0.8856468,-0.8952214,3,walking
1519421746383,-7.5399666,-0.8090504,-0.9718179,3,walking
1519421746423,-15.228338,-2.4845984,-1.79523,3,walking
1519421746432,-15.228338,-2.6090677,-1.8048047,3,walking
1519421746440,-14.854931,-2.580344,-1.8718265,3,walking
1519421746447,-14.050668,-2.3697038,-2.1207652,3,walking
1519421746452,-13.610238,-2.2260852,-2.2739582,3,walking
1519421746461,-12.193203,-1.5845897,-2.580344,3,walking
1519421746499,-8.813383,-1.2686293,-1.9101248,3,walking
1519421746506,-8.392102,-1.3548003,-1.79523,3,walking
1519421746513,-8.392102,-1.3548003,-1.79523,3,walking
1519421746519,-7.961247,-1.4888442,-1.7186337,3,walking
1519421746524,-7.8176284,-1.6324625,-1.7282082,3,walking
1519421746529,-7.635712,-1.9005502,-1.8048047,3,walking
1519421746534,-7.635712,-1.9005502,-1.8048047,3,walking
1519421746539,-7.482519,-2.168638,-1.7569319,3,walking
1519421746544,-7.482519,-2.168638,-1.7569319,3,walking
1519421746548,-7.3197513,-2.1782124,-1.6324625,3,walking
1519421746554,-7.2144313,-2.0441687,-1.5271424,3,walking
1519421746559,-6.9463434,-2.149489,-1.6133134,3,walking
1519421746566,-6.9463434,-2.2165108,-1.6420372,3,walking
1519421746572,-6.8410234,-2.2356598,-1.4984187,3,walking
1519421746576,-6.6878304,-2.3122563,-1.4888442,3,walking
1519421746581,-6.525063,-2.34098,-1.4984187,3,walking
1519421746591,-6.3144226,-2.3984275,-1.5462915,3,walking
1519421746596,-6.2761245,-2.4175766,-1.5079932,3,walking
1519421746601,-6.2091026,-2.3888528,-1.5367169,3,walking
1519421746611,-6.180379,-2.360129,-1.6611862,3,walking
1519421746616,-6.180379,-2.360129,-1.7282082,3,walking
1519421746621,-6.256975,-2.360129,-1.7473572,3,walking
1519421746631,-6.4197426,-2.34098,-1.8335283,3,walking
1519421746640,-6.7548523,-2.3792782,-1.948423,3,walking
1519421746647,-6.898471,-2.3792782,-1.8909757,3,walking
1519421746651,-7.042089,-2.408002,-1.8526775,3,walking
1519421746660,-7.434646,-2.3888528,-1.7282082,3,walking
1519421746666,-7.5208173,-2.34098,-1.6803354,3,walking
1519421746671,-7.635712,-2.3122563,-1.6037389,3,walking
1519421746676,-7.855927,-2.3026817,-1.4888442,3,walking
1519421746682,-7.9133744,-2.3122563,-1.4409714,3,walking
1519421746686,-7.9899707,-2.321831,-1.4122477,3,walking
1519421746691,-8.047418,-2.3314054,-1.3548003,3,walking
1519421746700,-8.104865,-2.3505547,-1.2590547,3,walking
1519421746706,-8.133589,-2.2739582,-1.1920328,3,walking
1519421746710,-8.124015,-2.2356598,-1.1537346,3,walking
1519421746717,-8.152739,-2.187787,-1.1250108,3,walking
1519421746721,-8.23891,-2.1590633,-1.1250108,3,walking
1519421746730,-8.315506,-2.0633178,-1.0962871,3,walking
1519421746737,-8.420826,-1.9675722,-1.0771381,3,walking
1519421746741,-8.516571,-1.9101248,-1.0771381,3,walking
1519421746746,-8.526146,-1.8718265,-1.0292653,3,walking
1519421746751,-8.535721,-1.8526775,-0.98139244,3,walking
1519421746756,-8.5740185,-1.8239537,-0.92394507,3,walking
1519421746761,-8.602742,-1.79523,-0.9622433,3,walking
1519421746766,-8.6697645,-1.7473572,-0.8664977,3,walking
1519421746772,-8.698488,-1.776081,-0.8856468,3,walking
1519421746776,-8.7750845,-1.7569319,-0.9526688,3,walking
1519421746782,-8.842107,-1.6899099,-0.99096704,3,walking
1519421746786,-9.014449,-1.6037389,-1.0101161,3,walking
1519421746791,-9.0814705,-1.5271424,-1.0771381,3,walking
1519421746795,-9.225089,-1.4792696,-1.14416,3,walking
1519421746800,-9.349558,-1.3930986,-1.1824582,3,walking
1519421746807,-9.684668,-1.3452257,-1.3069274,3,walking
1519421746811,-9.866585,-1.2782038,-1.3069274,3,walking
1519421746820,-10.211268,-1.2590547,-1.3930986,3,walking
1519421746826,-10.335738,-1.3356512,-1.3548003,3,walking
1519421746831,-10.498506,-1.3739494,-1.3069274,3,walking
1519421746840,-10.670848,-1.4984187,-1.1824582,3,walking
1519421746846,-10.728295,-1.5367169,-1.2207564,3,walking
1519421746850,-10.795317,-1.5750152,-1.2399056,3,walking
1519421746860,-10.986808,-1.776081,-1.3643749,3,walking
1519421746866,-11.072979,-1.8431029,-1.4313968,3,walking
1519421746871,-11.082554,-1.8814012,-1.4888442,3,walking
1519421746876,-11.072979,-1.9675722,-1.469695,3,walking
1519421746881,-10.977234,-1.929274,-1.4601204,3,walking
1519421746886,-10.92936,-1.8909757,-1.4122477,3,walking
1519421746891,-10.862339,-1.8814012,-1.3739494,3,walking
1519421746896,-10.747444,-1.8814012,-1.3356512,3,walking
1519421746901,-10.709146,-1.8814012,-1.2877784,3,walking
1519421746907,-10.661273,-1.8718265,-1.3548003,3,walking
1519421746912,-10.632549,-1.8431029,-1.4026731,3,walking
1519421746917,-10.594251,-1.8048047,-1.4409714,3,walking
1519421746922,-10.517654,-1.8143792,-1.4888442,3,walking
1519421746927,-10.460207,-1.79523,-1.5367169,3,walking
1519421746932,-10.364462,-1.6899099,-1.5462915,3,walking
1519421746937,-10.268716,-1.6324625,-1.5941644,3,walking
1519421746943,-10.172971,-1.622888,-1.6324625,3,walking
1519421746948,-9.991054,-1.5175679,-1.6899099,3,walking
1519421746953,-9.866585,-1.5271424,-1.709059,3,walking
1519421746958,-9.914457,-1.5462915,-1.7665064,3,walking
1519421746965,-10.737869,-1.5558661,-2.4654493,3,walking
1519421746971,-11.302769,-1.5941644,-2.8771553,3,walking
1519421746975,-12.049584,-1.6994845,-3.1643922,3,walking
1519421746981,-12.738953,-1.8526775,-3.2888615,3,walking
1519421746988,-13.524067,-2.5324712,-3.039923,3,walking
1519421746995,-13.629387,-3.4133308,-2.494173,3,walking
1519421747000,-13.457045,-3.844186,-2.1303396,3,walking
1519421747040,-9.991054,-3.4707782,-1.4505459,3,walking
1519421747048,-9.579348,-2.9250283,-1.709059,3,walking
1519421747056,-9.29211,-2.3792782,-1.929274,3,walking
1519421747064,-9.349558,-1.8718265,-2.0537431,3,walking
1519421747072,-9.474028,-1.6324625,-2.1303396,3,walking
1519421747077,-9.904882,-1.2207564,-2.3792782,3,walking
1519421747081,-10.172971,-1.0579889,-2.4845984,3,walking
1519421747086,-10.469782,-0.91437054,-2.5899186,3,walking
1519421747090,-10.766593,-0.76117754,-2.6090677,3,walking
1519421747096,-11.197449,-0.6845811,-2.5707695,3,walking
1519421747101,-11.465536,-0.78990126,-2.5707695,3,walking
1519421747109,-11.867668,-1.0484143,-2.5994933,3,walking
1519421747116,-12.183628,-1.3930986,-2.5707695,3,walking
1519421747121,-12.336822,-1.5558661,-2.6090677,3,walking
1519421747126,-12.394268,-1.8814012,-2.5707695,3,walking
1519421747132,-12.413418,-2.0633178,-2.561195,3,walking
1519421747137,-12.288948,-2.3505547,-2.5228968,3,walking
1519421747142,-12.288948,-2.3505547,-2.5228968,3,walking
1519421747147,-12.116607,-2.752686,-2.5324712,3,walking
1519421747152,-12.059159,-2.8388572,-2.5516202,3,walking
1519421747157,-12.011286,-2.867581,-2.580344,3,walking
1519421747161,-11.858093,-2.8484318,-2.5994933,3,walking
1519421747166,-11.350641,-2.819708,-2.513322,3,walking
1519421747171,-11.130426,-2.7622607,-2.4463003,3,walking
1519421747176,-10.900637,-2.7048132,-2.321831,3,walking
1519421747181,-10.871913,-2.5899186,-2.3026817,3,walking
1519421747186,-10.785743,-2.4175766,-2.1590633,3,walking
1519421747191,-10.71872,-2.4367256,-2.1590633,3,walking
1519421747196,-10.5080805,-2.3888528,-1.9579976,3,walking
1519421747201,-10.354887,-2.321831,-1.8526775,3,walking
1519421747206,-10.249567,-2.3122563,-1.8048047,3,walking
1519421747212,-10.134672,-2.360129,-1.8048047,3,walking
1519421747217,-9.828286,-2.4654493,-1.8431029,3,walking
1519421747222,-9.732541,-2.4845984,-1.8431029,3,walking
1519421747227,-9.703817,-2.34098,-1.6707608,3,walking
1519421747232,-9.703817,-2.34098,-1.6707608,3,walking
1519421747238,-9.167642,-1.9388485,-1.3260766,3,walking
1519421747245,-8.813383,-1.5175679,-0.8856468,3,walking
1519421747250,-8.66019,-1.469695,-1.2494801,3,walking
1519421747256,-8.382527,-1.3739494,-0.7994758,3,walking
1519421747261,-8.506997,-1.5367169,-0.93351966,3,walking
1519421747266,-8.497422,-1.4792696,-1.3069274,3,walking
1519421747272,-8.497422,-1.4792696,-1.3069274,3,walking
1519421747277,-8.171887,-1.1920328,-1.2494801,3,walking
1519421747282,-8.11444,-1.0484143,-1.3165021,3,walking
1519421747287,-8.018694,-0.8952214,-1.4313968,3,walking
1519421747292,-8.028269,-0.83777404,-1.5367169,3,walking
1519421747297,-7.9708214,-0.8186249,-1.6324625,3,walking
1519421747302,-7.9708214,-0.8186249,-1.6324625,3,walking
1519421747308,-7.961247,-0.76117754,-1.6803354,3,walking
1519421747313,-7.9803963,-0.8090504,-1.7856555,3,walking
1519421747318,-7.9708214,-0.78032666,-1.7856555,3,walking
1519421747325,-7.9037995,-0.9622433,-1.9101248,3,walking
1519421747330,-7.894225,-1.0484143,-1.9962958,3,walking
1519421747335,-7.922949,-1.14416,-2.0441687,3,walking
1519421747341,-7.9133744,-1.2782038,-2.0920415,3,walking
1519421747345,-7.7793303,-1.4122477,-2.0537431,3,walking
1519421747351,-7.7123084,-1.4409714,-2.0728924,3,walking
1519421747356,-7.664436,-1.4505459,-2.1207652,3,walking
1519421747361,-7.5591154,-1.5367169,-2.101616,3,walking
1519421747366,-7.4154973,-1.7282082,-1.9867213,3,walking
1519421747371,-7.3771987,-1.8048047,-2.015445,3,walking
1519421747376,-7.1857076,-2.0920415,-1.8143792,3,walking
1519421747381,-7.1186857,-2.1590633,-1.776081,3,walking
1519421747386,-7.0612383,-2.2931073,-1.7473572,3,walking
1519421747392,-7.0133657,-2.360129,-1.6611862,3,walking
1519421747397,-6.9559183,-2.580344,-1.7473572,3,walking
1519421747401,-6.850598,-2.6856642,-1.6899099,3,walking
1519421747405,-6.783576,-2.7718353,-1.6611862,3,walking
1519421747410,-6.678256,-2.8484318,-1.6707608,3,walking
1519421747419,-6.630383,-2.9346027,-1.7569319,3,walking
1519421747425,-6.639958,-2.9441774,-1.776081,3,walking
1519421747429,-6.639958,-2.972901,-1.8431029,3,walking
1519421747435,-6.6208086,-3.0111992,-1.8814012,3,walking
1519421747440,-6.6208086,-3.0111992,-1.8048047,3,walking
1519421747449,-6.630383,-2.972901,-1.8526775,3,walking
1519421747455,-6.630383,-2.9633265,-1.8526775,3,walking
1519421747460,-6.6495323,-2.9346027,-1.7856555,3,walking
1519421747469,-6.6591067,-2.752686,-1.6803354,3,walking
1519421747475,-6.7069798,-2.6569405,-1.5941644,3,walking
1519421747480,-6.7357035,-2.580344,-1.6420372,3,walking
1519421747485,-6.8027253,-2.4175766,-1.5654407,3,walking
1519421747490,-6.9080453,-2.321831,-1.5941644,3,walking
1519421747495,-6.9654927,-2.3026817,-1.6420372,3,walking
1519421747500,-7.1091113,-2.2835326,-1.6707608,3,walking
1519421747509,-7.5399666,-2.168638,-1.7569319,3,walking
1519421747514,-7.721883,-2.0920415,-1.7569319,3,walking
1519421747519,-7.8846507,-2.015445,-1.7856555,3,walking
1519421747525,-8.181462,-1.9101248,-1.776081,3,walking
1519421747530,-8.353804,-1.8718265,-1.79523,3,walking
1519421747539,-8.746361,-1.7856555,-1.8718265,3,walking
1519421747545,-9.091045,-1.7569319,-1.9675722,3,walking
1519421747550,-9.301685,-1.7473572,-1.9962958,3,walking
1519421747555,-9.483603,-1.7665064,-2.0058703,3,walking
1519421747559,-9.799562,-1.8239537,-1.9867213,3,walking
1519421747565,-9.924032,-1.862252,-1.948423,3,walking
1519421747570,-10.010203,-1.929274,-1.9675722,3,walking
1519421747575,-10.077225,-2.0250196,-1.8431029,3,walking
1519421747581,-10.058076,-2.0537431,-1.7665064,3,walking
1519421747587,-10.038927,-2.1207652,-1.6994845,3,walking
1519421747592,-9.98148,-2.1303396,-1.6420372,3,walking
1519421747596,-9.85701,-2.1399143,-1.4409714,3,walking
1519421747600,-9.780414,-2.1782124,-1.4026731,3,walking
1519421747605,-9.675094,-2.2165108,-1.3548003,3,walking
1519421747611,-9.665519,-2.2452345,-1.2686293,3,walking
1519421747615,-9.579348,-2.3505547,-1.2399056,3,walking
1519421747621,-9.569773,-2.4175766,-1.2303311,3,walking
1519421747625,-9.502751,-2.475024,-1.1537346,3,walking
1519421747631,-9.483603,-2.5228968,-1.1250108,3,walking
1519421747636,-9.531475,-2.5516202,-1.0962871,3,walking
1519421747641,-9.665519,-2.5420458,-1.1154363,3,walking
1519421747646,-10.249567,-2.3888528,-1.383524,3,walking
1519421747651,-10.71872,-2.2835326,-1.5941644,3,walking
1519421747656,-11.207023,-2.254809,-1.776081,3,walking
1519421747661,-11.714475,-2.2356598,-1.9867213,3,walking
1519421747667,-12.56661,-2.2931073,-2.2356598,3,walking
1519421747689,-12.767676,-2.7718353,-2.0920415,3,walking
1519421747694,-12.67193,-2.7622607,-2.0728924,3,walking
1519421747699,-12.528313,-2.7622607,-1.9196993,3,walking
1519421747705,-12.087883,-2.8292825,-1.709059,3,walking
1519421747709,-11.791071,-2.905879,-1.5175679,3,walking
1519421747719,-11.15915,-3.039923,-1.1633091,3,walking
1519421747725,-10.498506,-3.0111992,-0.9430942,3,walking
1519421747729,-10.182545,-3.0016246,-0.8664977,3,walking
1519421747738,-9.770839,-2.8101335,-0.7420284,3,walking
1519421747745,-9.502751,-2.6282167,-0.7228793,3,walking
1519421747749,-9.435729,-2.5324712,-0.7324539,3,walking
1519421747759,-9.713391,-2.2931073,-0.92394507,3,walking
1519421747764,-9.904882,-2.254809,-0.9718179,3,walking
1519421747771,-10.249567,-2.0920415,-1.14416,3,walking
1519421747776,-11.015532,-1.9675722,-1.6420372,3,walking
1519421747780,-11.398514,-1.8814012,-1.9196993,3,walking
1519421747788,-12.336822,-1.6994845,-2.561195,3,walking
1519421747827,-13.112361,-0.7994758,-3.9686553,3,walking
1519421747837,-12.58576,-0.6845811,-3.825037,3,walking
1519421747846,-11.168725,-0.6271337,-3.2697124,3,walking
1519421747851,-10.757019,-0.6750065,-3.020774,3,walking
1519421747855,-10.374036,-0.6845811,-2.8484318,3,walking
1519421747899,-8.028269,-0.5505372,-1.1537346,3,walking
1519421747907,-7.5303917,-0.9718179,-0.91437054,3,walking
1519421747915,-7.4729443,-1.2207564,-1.0484143,3,walking
1519421747926,-7.3197513,-2.1782124,-1.3260766,3,walking
1519421747931,-7.051664,-2.4558747,-1.2494801,3,walking
1519421747936,-6.4005938,-2.7431116,-0.9718179,3,walking
1519421747941,-6.2761245,-2.7431116,-0.8952214,3,walking
1519421747946,-6.218677,-2.800559,-0.8856468,3,walking
1519421747951,-6.256975,-3.3175852,-1.2111819,3,walking
1519421747955,-6.3144226,-3.499502,-1.1633091,3,walking
1519421747959,-6.333572,-3.6814184,-1.2494801,3,walking
1519421747964,-6.37187,-3.671844,-1.2590547,3,walking
1519421747969,-6.3814445,-3.6526947,-1.2782038,3,walking
1519421747974,-6.410168,-3.5090764,-1.3548003,3,walking
1519421747980,-6.515488,-3.4803526,-1.4218222,3,walking
1519421747985,-6.630383,-3.4037561,-1.4984187,3,walking
1519421747990,-6.7357035,-3.4037561,-1.4409714,3,walking
1519421747995,-6.9942164,-3.2792869,-1.5271424,3,walking
1519421748000,-7.0708127,-3.2505634,-1.5079932,3,walking
1519421748005,-7.2910275,-3.1069448,-1.469695,3,walking
1519421748009,-7.2910275,-3.1069448,-1.469695,3,walking
1519421748014,-7.434646,-2.9346027,-1.3643749,3,walking
1519421748018,-7.549541,-2.867581,-1.2399056,3,walking
1519421748027,-7.7314577,-2.7239625,-1.1345854,3,walking
1519421748034,-7.922949,-2.7048132,-1.0196906,3,walking
1519421748039,-8.037844,-2.7048132,-0.9718179,3,walking
1519421748044,-8.191036,-2.6186423,-0.91437054,3,walking
1519421748049,-8.2676325,-2.5899186,-0.8186249,3,walking
1519421748054,-8.382527,-2.5516202,-0.71330476,3,walking
1519421748058,-8.459125,-2.513322,-0.69415563,3,walking
1519421748064,-8.698488,-2.427151,-0.6558574,3,walking
1519421748069,-8.698488,-2.3505547,-0.5218136,3,walking
1519421748074,-8.727212,-2.2739582,-0.4835153,3,walking
1519421748078,-8.803808,-2.168638,-0.39734426,3,walking
1519421748084,-8.899554,-1.9101248,-0.23457673,3,walking
1519421748089,-8.9761505,-1.8909757,-0.2154276,3,walking
1519421748094,-9.110194,-1.8143792,-0.2441513,3,walking
1519421748100,-9.110194,-1.8143792,-0.2441513,3,walking
1519421748104,-9.20594,-1.7377827,-0.16755481,3,walking
1519421748109,-9.234664,-1.709059,-0.12925656,3,walking
1519421748113,-9.253813,-1.6133134,-0.19627848,3,walking
1519421748118,-9.272962,-1.4601204,-0.15798025,3,walking
1519421748124,-9.263388,-1.3739494,-0.10053288,3,walking
1519421748129,-9.339984,-1.3548003,-0.23457673,3,walking
1519421748134,-9.3878565,-1.3548003,-0.16755481,3,walking
1519421748138,-9.41658,-1.4218222,-0.2441513,3,walking
1519421748144,-9.426155,-1.5175679,-0.23457673,3,walking
1519421748149,-9.3878565,-1.5367169,-0.2154276,3,walking
1519421748154,-9.330409,-1.6516117,-0.36862057,3,walking
1519421748159,-9.378282,-1.6994845,-0.36862057,3,walking
1519421748164,-9.339984,-1.776081,-0.40691882,3,walking
1519421748169,-9.349558,-1.8239537,-0.47394073,3,walking
1519421748174,-9.3878565,-1.8526775,-0.5888355,3,walking
1519421748178,-9.3878565,-1.8814012,-0.64628285,3,walking
1519421748188,-9.483603,-1.8239537,-0.78990126,3,walking
1519421748194,-9.560199,-1.8143792,-0.8760723,3,walking
1519421748199,-9.550624,-1.8431029,-0.91437054,3,walking
1519421748203,-9.598496,-1.862252,-0.8856468,3,walking
1519421748208,-9.684668,-1.9771467,-0.9430942,3,walking
1519421748214,-9.761265,-2.0250196,-0.8664977,3,walking
1519421748219,-9.75169,-2.0537431,-0.83777404,3,walking
1519421748224,-9.761265,-2.101616,-0.751603,3,walking
1519421748228,-9.799562,-2.187787,-0.7228793,3,walking
1519421748233,-9.828286,-2.2452345,-0.751603,3,walking
1519421748237,-9.924032,-2.2452345,-0.751603,3,walking
1519421748244,-9.96233,-2.2356598,-0.78990126,3,walking
1519421748249,-10.058076,-2.2260852,-0.8186249,3,walking
1519421748253,-10.125097,-2.2069361,-0.8281995,3,walking
1519421748258,-10.211268,-2.2260852,-0.8856468,3,walking
1519421748263,-10.450633,-2.2739582,-0.92394507,3,walking
1519421748269,-10.527229,-2.3122563,-0.8952214,3,walking
1519421748274,-10.622974,-2.3888528,-0.9430942,3,walking
1519421748279,-10.699572,-2.427151,-0.91437054,3,walking
1519421748284,-10.814466,-2.4845984,-0.8952214,3,walking
1519421748288,-10.843189,-2.5324712,-0.83777404,3,walking
1519421748293,-10.881488,-2.475024,-0.78032666,3,walking
1519421748297,-10.92936,-2.3984275,-0.76117754,3,walking
1519421748304,-10.881488,-2.1590633,-0.751603,3,walking
1519421748308,-10.919786,-2.0537431,-0.78990126,3,walking
1519421748313,-10.92936,-1.8239537,-0.90479594,3,walking
1519421748318,-10.94851,-1.6707608,-0.9622433,3,walking
1519421748323,-10.910212,-1.5271424,-0.98139244,3,walking
1519421748327,-10.795317,-1.3930986,-1.0484143,3,walking
1519421748333,-10.795317,-1.0579889,-1.3548003,3,walking
1519421748338,-10.92936,-0.93351966,-1.6037389,3,walking
1519421748343,-11.28362,-0.77075213,-1.9675722,3,walking
1519421748347,-11.800646,-0.63670826,-2.3792782,3,walking
1519421748357,-13.840027,-1.0675635,-2.905879,3,walking
1519421748362,-14.347479,-1.4984187,-2.7048132,3,walking
1519421748368,-14.673014,-2.0441687,-2.3505547,3,walking
1519421748373,-14.826207,-3.2697124,-1.7473572,3,walking
1519421748378,-14.76876,-3.7675896,-1.4218222,3,walking
1519421748409,-12.193203,-4.5910015,-1.2207564,3,walking
1519421748417,-11.570856,-4.131423,-1.469695,3,walking
1519421748425,-10.852764,-3.4899273,-1.8909757,3,walking
1519421748433,-10.670848,-2.9920502,-2.2069361,3,walking
1519421748441,-10.689997,-2.360129,-2.513322,3,walking
1519421748447,-10.680422,-2.1111906,-2.494173,3,walking
1519421748452,-10.670848,-1.8526775,-2.561195,3,walking
1519421748458,-10.776168,-1.6707608,-2.6186423,3,walking
1519421748463,-10.852764,-1.5845897,-2.6952388,3,walking
1519421748468,-11.341067,-1.4505459,-2.9154537,3,walking
1519421748477,-11.82937,-1.3643749,-3.0877957,3,walking
1519421748483,-11.877242,-1.3548003,-2.905879,3,walking
1519421748489,-11.848518,-1.4313968,-2.8484318,3,walking
1519421748494,-11.944264,-1.5367169,-2.7814097,3,walking
1519421748499,-12.135756,-1.5462915,-2.7431116,3,walking
1519421748504,-12.298523,-1.6611862,-2.8101335,3,walking
1519421748509,-12.490014,-1.7569319,-2.7909844,3,walking
1519421748514,-12.681505,-1.9579976,-2.819708,3,walking
1519421748519,-12.67193,-2.149489,-2.867581,3,walking
1519421748524,-12.67193,-2.3697038,-2.9920502,3,walking
1519421748529,-12.69108,-2.6856642,-3.2792869,3,walking
1519421748533,-12.69108,-3.1643922,-3.5473747,3,walking
1519421748538,-12.834699,-4.5910015,-3.911208,3,walking
1519421748542,-12.968742,-5.538883,-4.131423,3,walking
1519421748548,-13.035764,-6.515488,-4.275041,3,walking
1519421748555,-13.275128,-8.516571,-4.2080193,3,walking
1519421748560,-13.275128,-8.516571,-4.2080193,3,walking
1519421748566,-13.284702,-8.506997,-3.911208,3,walking
1519421748607,-12.135756,-2.0537431,-1.0101161,3,walking
1519421748616,-11.72405,-1.5271424,-0.99096704,3,walking
1519421748623,-11.350641,-1.5175679,-0.9622433,3,walking
1519421748628,-11.140001,-1.7665064,-0.9526688,3,walking
1519421748633,-10.527229,-2.8292825,-0.77075213,3,walking
1519421748638,-10.527229,-2.8292825,-0.77075213,3,walking
1519421748643,-10.058076,-4.150572,-0.91437054,3,walking
1519421748648,-9.943181,-4.8973875,-0.99096704,3,walking
1519421748653,-9.713391,-5.644203,-1.0196906,3,walking
1519421748657,-9.512326,-6.4197426,-1.1920328,3,walking
1519421748663,-9.225089,-7.511243,-1.4218222,3,walking
1519421748667,-9.014449,-7.7984796,-1.6133134,3,walking
1519421748673,-8.918703,-7.8176284,-1.6994845,3,walking
1519421748677,-8.593168,-7.35805,-1.6611862,3,walking
1519421748683,-8.439975,-6.9271946,-1.6899099,3,walking
1519421748688,-8.487848,-6.3144226,-1.6324625,3,walking
1519421748692,-8.258059,-5.17505,-1.2973529,3,walking
1519421748697,-8.047418,-4.6388745,-0.99096704,3,walking
1519421748702,-7.922949,-4.0644007,-0.7324539,3,walking
1519421748707,-7.7793303,-3.451629,-0.49308985,3,walking
1519421748712,-7.6069884,-2.427151,0.00478728,3,walking
1519421748718,-7.3389006,-2.0058703,0.33032233,3,walking
1519421748722,-7.2910275,-1.6803354,0.5218136,3,walking
1519421748727,-7.1186857,-1.383524,0.69415563,3,walking
1519421748732,-6.8410234,-1.2494801,0.92394507,3,walking
1519421748737,-6.611234,-1.1250108,1.2016073,3,walking
1519421748742,-6.410168,-1.14416,1.2590547,3,walking
1519421748747,-6.2952733,-1.2782038,1.2590547,3,walking
1519421748752,-5.960164,-1.622888,1.1250108,3,walking
1519421748757,-5.7782474,-1.8814012,1.0388398,3,walking
1519421748762,-5.634629,-2.0441687,0.9430942,3,walking
1519421748767,-5.261221,-2.3122563,0.7420284,3,walking
1519421748772,-5.2037735,-2.321831,0.6750065,3,walking
1519421748777,-5.0505805,-2.427151,0.64628285,3,walking
1519421748783,-4.8303657,-2.5516202,0.5792609,3,walking
1519421748787,-4.8303657,-2.5516202,0.54096264,3,walking
1519421748792,-4.7058964,-2.561195,0.56968635,3,walking
1519421748797,-4.6771727,-2.4845984,0.5313881,3,walking
1519421748802,-4.543129,-2.34098,0.61755913,3,walking
1519421748807,-4.169721,-1.9579976,0.7324539,3,walking
1519421748811,-4.169721,-1.9579976,0.7324539,3,walking
1519421748817,-3.9016335,-1.6037389,0.9430942,3,walking
1519421748822,-3.777164,-1.1154363,1.1154363,3,walking
1519421748827,-3.758015,-0.90479594,1.2494801,3,walking
1519421748832,-3.690993,-0.6750065,1.4122477,3,walking
1519421748837,-3.6526947,-0.4835153,1.5271424,3,walking
1519421748842,-3.5569491,-0.17712937,1.7282082,3,walking
1519421748847,-3.499502,-0.05266008,1.8718265,3,walking
1519421748852,-3.4707782,0.00478728,1.929274,3,walking
1519421748857,-3.4324799,0.014361841,1.9867213,3,walking
1519421748862,-3.4133308,-0.023936402,1.9579976,3,walking
1519421748867,-3.384607,-0.03351096,1.9388485,3,walking
1519421748872,-3.3750327,-0.043085523,1.9867213,3,walking
1519421748877,-3.4324799,0.023936402,1.9675722,3,walking
1519421748882,-3.451629,0.0718092,1.9579976,3,walking
1519421748887,-3.4133308,0.110107444,1.9101248,3,walking
1519421748892,-3.5282254,0.12925656,1.8718265,3,walking
1519421748897,-3.6143966,0.0718092,1.862252,3,walking
1519421748901,-3.7005677,0.0,1.8431029,3,walking
1519421748906,-3.7963133,-0.12925656,1.79523,3,walking
1519421748912,-3.930357,-0.27287498,1.6899099,3,walking
1519421748917,-4.1601467,-0.7420284,1.4313968,3,walking
1519421748922,-4.275041,-1.0005416,1.2590547,3,walking
1519421748927,-4.4856815,-1.2016073,1.14416,3,walking
1519421748932,-4.849515,-1.4026731,1.1537346,3,walking
1519421748938,-5.0314317,-1.3452257,1.2111819,3,walking
1519421748943,-5.366541,-1.0101161,1.3548003,3,walking
1519421748948,-5.366541,-1.0101161,1.3548003,3,walking
1519421748953,-5.653778,-0.54096264,1.5845897,3,walking
1519421748958,-5.759098,-0.34947145,1.6994845,3,walking
1519421748964,-6.017611,-0.12925656,1.8526775,3,walking
1519421748969,-6.151655,-0.0718092,1.929274,3,walking
1519421748974,-6.4005938,-0.043085523,2.034594,3,walking
1519421748979,-6.486765,-0.09095833,2.1782124,3,walking
1519421748984,-6.592085,-0.19627848,2.254809,3,walking
1519421748989,-6.6495323,-0.359046,2.2260852,3,walking
1519421748995,-7.051664,-0.8760723,2.0058703,3,walking
1519421748999,-7.3676243,-1.2973529,1.9388485,3,walking
1519421749005,-8.104865,-2.2356598,2.0633178,3,walking
1519421749009,-8.650616,-2.6186423,2.2739582,3,walking
1519421749015,-9.167642,-3.020774,2.6090677,3,walking
1519421749027,-10.986808,-3.911208,4.1888704,3,walking
1519421749033,-11.819795,-3.9495063,4.658024,3,walking
1519421749038,-12.576185,-4.016528,5.108028,3,walking
1519421749042,-14.108115,-4.131423,5.845269,3,walking
1519421749079,-14.184711,-2.9154537,7.137835,3,walking
1519421749108,-9.512326,-1.9388485,3.039923,3,walking
1519421749115,-8.746361,-1.8431029,2.5899186,3,walking
1519421749119,-7.3771987,-1.4409714,1.9101248,3,walking
1519421749124,-6.8888965,-1.2494801,1.5845897,3,walking
1519421749128,-6.8888965,-1.2494801,1.5845897,3,walking
1519421749145,-7.702734,-1.4505459,0.110107444,3,walking
1519421749149,-8.248484,-1.5558661,0.42606795,3,walking
1519421749154,-8.957002,-1.9388485,1.1058618,3,walking
1519421749158,-8.957002,-1.9388485,1.1058618,3,walking
1519421749163,-10.259142,-2.360129,2.2165108,3,walking
1519421749168,-10.833615,-2.6090677,2.7239625,3,walking
1519421749188,-13.112361,-2.5228968,3.5760984,3,walking
1519421749193,-13.600663,-2.2260852,3.3175852,3,walking
1519421749198,-13.705983,-2.1111906,2.9346027,3,walking
1519421749227,-14.155988,-2.1303396,-0.359046,3,walking
1519421749232,-13.801729,-1.2782038,-0.77075213,3,walking
1519421749238,-13.543216,-0.8090504,-0.6558574,3,walking
1519421749243,-13.13151,-0.37819514,-0.751603,3,walking
1519421749247,-12.930444,-0.062234644,-0.8952214,3,walking
1519421749256,-12.183628,0.5505372,-0.8664977,3,walking
1519421749261,-11.944264,0.61755913,-1.0675635,3,walking
1519421749266,-11.752773,0.4835153,-1.3165021,3,walking
1519421749272,-11.542132,0.081383765,-1.5750152,3,walking
1519421749276,-11.398514,-0.043085523,-1.7473572,3,walking
1519421749305,-9.703817,-0.98139244,-2.3122563,3,walking
1519421749310,-9.512326,-1.2111819,-2.752686,3,walking
1519421749315,-9.426155,-1.4409714,-3.039923,3,walking
1519421749320,-9.454879,-1.6133134,-3.4229054,3,walking
1519421749325,-9.531475,-1.8431029,-3.6335456,3,walking
1519421749334,-9.301685,-2.800559,-4.169721,3,walking
1519421749338,-9.043172,-3.212265,-4.1888704,3,walking
1519421749343,-8.851681,-3.5856729,-4.169721,3,walking
1519421749347,-8.727212,-3.9207826,-4.121848,3,walking
1519421749352,-8.66019,-4.198445,-4.0931244,3,walking
1519421749356,-8.621892,-4.456958,-4.045252,3,walking
1519421749361,-8.593168,-4.6867476,-3.9878044,3,walking
1519421749366,-8.4686985,-5.06973,-3.7963133,3,walking
1519421749372,-8.420826,-5.2133484,-3.6431203,3,walking
1519421749376,-8.420826,-5.328243,-3.451629,3,walking
1519421749381,-8.286782,-5.452712,-3.212265,3,walking
1519421749386,-8.191036,-5.49101,-2.972901,3,walking
1519421749391,-8.037844,-5.3378177,-2.6090677,3,walking
1519421749397,-8.037844,-5.3378177,-2.6090677,3,walking
1519421749401,-7.8655014,-4.993133,-2.2260852,3,walking
1519421749407,-7.788905,-4.7537694,-2.0441687,3,walking
1519421749412,-7.501668,-4.342063,-1.7665064,3,walking
1519421749417,-7.501668,-4.342063,-1.7665064,3,walking
1519421749421,-7.3867736,-3.911208,-1.5654407,3,walking
1519421749427,-7.348475,-3.7484405,-1.4409714,3,walking
1519421749431,-7.3197513,-3.5760984,-1.4122477,3,walking
1519421749437,-7.1186857,-3.451629,-1.3165021,3,walking
1519421749442,-7.003791,-3.5569491,-1.2303311,3,walking
1519421749447,-6.9463434,-3.5952475,-1.1345854,3,walking
1519421749453,-7.003791,-3.5569491,-0.9430942,3,walking
1519421749457,-7.02294,-3.499502,-0.8952214,3,walking
1519421749462,-7.02294,-3.6814184,-0.8090504,3,walking
1519421749467,-7.0325146,-3.825037,-0.76117754,3,walking
1519421749473,-7.0995364,-4.016528,-0.7324539,3,walking
1519421749478,-7.1857076,-4.3133397,-0.59841,3,walking
1519421749483,-7.2623043,-4.342063,-0.56968635,3,walking
1519421749488,-7.329326,-4.4090853,-0.56011176,3,walking
1519421749493,-7.4729443,-4.476107,-0.56011176,3,walking
1519421749498,-7.5782647,-4.456958,-0.50266445,3,walking
1519421749503,-7.693159,-4.4473834,-0.54096264,3,walking
1519421749514,-8.085716,-4.322914,-0.64628285,3,walking
1519421749518,-8.200611,-4.2463174,-0.61755913,3,walking
1519421749524,-8.248484,-4.2080193,-0.61755913,3,walking
1519421749528,-8.372953,-4.1026993,-0.63670826,3,walking
1519421749534,-8.497422,-3.9399316,-0.6558574,3,walking
1519421749538,-8.602742,-3.8729098,-0.6845811,3,walking
1519421749543,-8.679339,-3.8154624,-0.665432,3,walking
1519421749547,-8.755936,-3.7867386,-0.61755913,3,walking
1519421749551,-8.889979,-3.8058877,-0.5792609,3,walking
1519421749556,-9.033598,-3.7675896,-0.61755913,3,walking
1519421749561,-9.20594,-3.777164,-0.56011176,3,walking
1519421749566,-9.531475,-3.825037,-0.45479164,3,walking
1519421749571,-9.914457,-3.777164,-0.32074776,3,walking
1519421749576,-9.914457,-3.777164,-0.32074776,3,walking
1519421749581,-10.287866,-3.6143966,-0.28244954,3,walking
1519421749587,-10.5080805,-3.4899273,-0.25372586,3,walking
1519421749591,-11.034681,-3.3558834,-0.3111732,3,walking
1519421749596,-11.034681,-3.3558834,-0.3111732,3,walking
1519421749601,-11.618729,-3.3558834,-0.40691882,3,walking
1519421749606,-12.020861,-3.4324799,-0.4835153,3,walking
1519421749611,-12.662356,-3.518651,-0.5313881,3,walking
1519421749616,-12.90172,-3.5569491,-0.46436617,3,walking
1519421749621,-13.13151,-3.5760984,-0.4835153,3,walking
1519421749626,-13.351725,-3.5856729,-0.4835153,3,walking
1519421749631,-13.504917,-3.5378,-0.512239,3,walking
1519421749636,-13.533641,-3.4037561,-0.42606795,3,walking
1519421749641,-13.581514,-3.3080106,-0.40691882,3,walking
1519421749646,-13.619812,-3.1356685,-0.3111732,3,walking
1519421749651,-13.485768,-2.5324712,-0.27287498,3,walking
1519421749656,-13.390023,-2.1782124,-0.27287498,3,walking
1519421749661,-13.23683,-1.3260766,-0.39734426,3,walking
1519421749666,-13.23683,-1.3260766,-0.39734426,3,walking
1519421749671,-13.045339,-0.61755913,-0.5218136,3,walking
1519421749677,-12.9591675,-0.37819514,-0.54096264,3,walking
1519421749681,-12.815549,-0.16755481,-0.5505372,3,walking
1519421749687,-12.56661,0.18670394,-0.5888355,3,walking
1519421749692,-12.336822,0.37819514,-0.50266445,3,walking
1519421749697,-12.059159,0.47394073,-0.46436617,3,walking
1519421749701,-11.714475,0.56011176,-0.4356425,3,walking
1519421749706,-11.072979,0.5792609,-0.40691882,3,walking
1519421749712,-10.766593,0.50266445,-0.3398969,3,walking
1519421749717,-10.661273,0.4356425,-0.40691882,3,walking
1519421749721,-10.728295,0.27287498,-1.0101161,3,walking
1519421749726,-11.044255,0.12925656,-1.5654407,3,walking
1519421749730,-11.59958,-0.09095833,-2.1590633,3,walking
1519421749734,-12.394268,-0.4835153,-2.408002,3,walking
1519421749743,-14.0793915,-1.6899099,-2.2739582,3,walking
1519421749748,-14.577269,-3.5282254,-1.4409714,3,walking
1519421749753,-14.395351,-4.456958,-0.8952214,3,walking
1519421749757,-14.012369,-5.3186684,-0.47394073,3,walking
1519421749761,-13.533641,-5.9314404,-0.17712937,3,walking
1519421749766,-13.083637,-6.1899533,-0.05266008,3,walking
1519421749771,-12.097457,-5.8548436,-0.12925656,3,walking
1519421749776,-12.097457,-5.8548436,-0.12925656,3,walking
1519421749780,-11.312344,-4.7537694,-0.32074776,3,walking
1519421749786,-11.005958,-4.0931244,-0.45479164,3,walking
1519421749790,-10.479357,-2.819708,-0.6750065,3,walking
1519421749796,-10.479357,-2.819708,-0.6750065,3,walking
1519421749801,-10.058076,-1.8048047,-0.83777404,3,walking
1519421749806,-9.98148,-1.383524,-0.9526688,3,walking
1519421749811,-9.98148,-1.0101161,-1.1345854,3,walking
1519421749816,-10.316589,-0.50266445,-1.4026731,3,walking
1519421749821,-10.661273,-0.40691882,-1.5654407,3,walking
1519421749826,-11.092129,-0.39734426,-1.6611862,3,walking
1519421749830,-11.657027,-0.42606795,-1.7569319,3,walking
1519421749836,-12.7964,-0.71330476,-1.8718265,3,walking
1519421749841,-13.878325,-1.3643749,-2.0824668,3,walking
1519421749846,-13.878325,-1.3643749,-2.0824668,3,walking
1519421749850,-14.366628,-1.7377827,-2.2069361,3,walking
1519421749856,-14.893229,-2.3792782,-2.2835326,3,walking
1519421749861,-15.5060005,-2.4654493,-2.0920415,3,walking
1519421749866,-15.5060005,-2.4654493,-2.0920415,3,walking
1519421749870,-16.061325,-2.752686,-2.5420458,3,walking
1519421749876,-16.19537,-3.059072,-2.9537518,3,walking
1519421749880,-16.15707,-3.451629,-3.6431203,3,walking
1519421749885,-16.15707,-3.451629,-3.6431203,3,walking
1519421749891,-15.573023,-3.4612036,-3.9878044,3,walking
1519421749896,-15.276211,-3.3558834,-4.1122737,3,walking
1519421749901,-14.893229,-3.173967,-4.3324885,3,walking
1519421749906,-13.99322,-3.2505634,-4.476107,3,walking
1519421749911,-13.303852,-3.844186,-4.811217,3,walking
1519421749916,-13.303852,-3.844186,-4.811217,3,walking
1519421749920,-12.997466,-4.2558923,-5.06973,3,walking
1519421749926,-12.279374,-5.002708,-5.3569665,3,walking
1519421749937,-12.049584,-6.3527207,-6.065484,3,walking
1519421749941,-11.848518,-6.8122997,-6.3144226,3,walking
1519421749946,-12.0400095,-7.0612383,-6.304848,3,walking
1519421749950,-12.365545,-7.2240057,-5.8644185,3,walking
1519421749956,-12.442142,-7.3389006,-5.6633525,3,walking
1519421749961,-12.604909,-7.12826,-5.28037,3,walking
1519421749965,-12.777251,-6.8122997,-5.06973,3,walking
1519421749971,-12.767676,-6.4484663,-4.8303657,3,walking
1519421749975,-12.604909,-6.180379,-4.504831,3,walking
1519421749980,-12.231501,-5.9314404,-4.0548263,3,walking
1519421749983,-12.145329,-6.017611,-4.016528,3,walking
1519421749989,-12.154904,-6.2665496,-4.1409974,3,walking
1519421749994,-12.183628,-6.9654927,-4.9739842,3,walking
1519421749998,-12.269799,-7.281453,-5.567607,3,walking
1519421750003,-12.308098,-7.56869,-6.2474008,3,walking
1519421750007,-12.35597,-7.7793303,-6.764427,3,walking
1519421750011,-12.403843,-7.9037995,-6.9654927,3,walking
1519421750016,-12.490014,-7.8846507,-7.2335806,3,walking
1519421750021,-12.767676,-7.2623043,-7.4250717,3,walking
1519421750040,-13.23683,-5.366541,-4.169721,3,walking
1519421750045,-13.23683,-5.366541,-4.169721,3,walking
1519421750086,-12.7964,-4.342063,0.78990126,3,walking
1519421750091,-12.6527815,-4.2463174,0.9526688,3,walking
1519421750096,-12.279374,-4.2941904,1.3165021,3,walking
1519421750100,-11.752773,-4.0356774,1.7186337,3,walking
1519421750106,-11.522984,-3.758015,1.776081,3,walking
1519421750110,-11.082554,-3.5378,1.862252,3,walking
1519421750116,-10.680422,-3.3367343,1.8526775,3,walking
1519421750120,-10.105948,-3.0016246,2.1303396,3,walking
1519421750128,-9.2825365,-2.5324712,2.513322,3,walking
1519421750132,-8.861256,-2.254809,2.5037475,3,walking
1519421750141,-8.00912,-1.6707608,2.7431116,3,walking
1519421750145,-7.3771987,-1.469695,2.2165108,3,walking
1519421750178,-4.5527034,-1.2686293,2.7718353,3,walking
1519421750183,-4.389936,-1.2207564,2.819708,3,walking
1519421750192,-4.121848,-1.1154363,2.972901,3,walking
1519421750196,-4.0644007,-0.99096704,3.1069448,3,walking
1519421750200,-4.0931244,-0.85692316,3.2792869,3,walking
1519421750205,-4.08355,-0.59841,3.4707782,3,walking
1519421750210,-3.9782298,-0.3111732,3.5760984,3,walking
1519421750216,-3.8346114,0.42606795,3.518651,3,walking
1519421750221,-3.758015,0.7420284,3.4707782,3,walking
1519421750225,-3.518651,0.90479594,3.5090764,3,walking
1519421750230,-3.078221,1.0962871,3.7101421,3,walking
1519421750235,-2.9154537,1.1058618,3.8824842,3,walking
1519421750240,-2.6282167,1.0962871,4.0548263,3,walking
1519421750245,-2.6282167,1.0962871,4.0548263,3,walking
1519421750251,-2.101616,1.1058618,4.1792955,3,walking
1519421750256,-1.8526775,1.1824582,4.236743,3,walking
1519421750260,-1.6420372,1.2877784,4.284616,3,walking
1519421750265,-1.1920328,1.3739494,4.3803616,3,walking
1519421750270,-1.0675635,1.4218222,4.4473834,3,walking
1519421750275,-0.92394507,1.3356512,4.619725,3,walking
1519421750280,-0.8856468,0.9718179,5.021857,3,walking
1519421750286,-1.0388398,0.7420284,5.222923,3,walking
1519421750291,-1.5845897,0.4164934,6.0463347,3,walking
1519421750295,-1.5845897,0.4164934,6.0463347,3,walking
1519421750300,-0.9430942,0.2920241,5.8548436,3,walking
1519421750306,-0.9622433,0.45479164,6.285699,3,walking
1519421750310,-1.0675635,0.8186249,6.486765,3,walking
1519421750315,-0.99096704,1.14416,6.6016593,3,walking
1519421750321,-0.54096264,1.4792696,6.7069798,3,walking
1519421750326,-0.47394073,1.3930986,6.6208086,3,walking
1519421750331,-0.47394073,1.3930986,6.6208086,3,walking
1519421750335,-0.47394073,1.3930986,6.6208086,3,walking
1519421750341,-0.512239,1.1920328,6.936769,3,walking
1519421750345,-0.61755913,1.1824582,7.12826,3,walking
1519421750350,-0.78032666,1.0675635,7.434646,3,walking
1519421750355,-0.8090504,0.92394507,7.5782647,3,walking
1519421750360,-0.8760723,0.8090504,7.664436,3,walking
1519421750365,-0.98139244,0.7420284,7.7793303,3,walking
1519421750370,-1.1633091,0.8856468,7.8846507,3,walking
1519421750376,-1.1633091,1.1345854,7.8176284,3,walking
1519421750380,-0.9430942,1.6324625,7.6069884,3,walking
1519421750385,-0.9430942,1.6324625,7.6069884,3,walking
1519421750390,-0.6079846,1.9579976,7.3771987,3,walking
1519421750396,-0.42606795,1.9962958,7.195282,3,walking
1519421750400,-0.10053288,1.9867213,7.2527294,3,walking
1519421750405,-0.10053288,1.9867213,7.2527294,3,walking
1519421750410,-0.40691882,1.709059,7.664436,3,walking
1519421750415,-0.69415563,1.6324625,7.846352,3,walking
1519421750420,-1.0962871,1.6133134,7.788905,3,walking
1519421750425,-1.0962871,1.6133134,7.788905,3,walking
1519421750430,-1.0388398,1.4313968,7.501668,3,walking
1519421750435,-1.1154363,1.2303311,7.329326,3,walking
1519421750440,-1.2303311,0.9622433,7.0133657,3,walking
1519421750445,-1.2303311,0.9622433,7.0133657,3,walking
1519421750450,-1.4026731,0.10053288,5.806971,3,walking
1519421750455,-1.4026731,-0.12925656,5.347392,3,walking
1519421750460,-1.4601204,-0.45479164,4.581427,3,walking
1519421750466,-1.4026731,-0.5792609,4.2558923,3,walking
1519421750470,-1.383524,-0.71330476,3.7675896,3,walking
1519421750477,-1.4505459,-0.7420284,3.5952475,3,walking
1519421750481,-1.5367169,-0.71330476,3.5473747,3,walking
1519421750485,-1.6611862,-0.6558574,3.5282254,3,walking
1519421750490,-1.9005502,-0.30159867,3.8346114,3,walking
1519421750495,-1.9005502,-0.30159867,3.8346114,3,walking
1519421750500,-1.948423,-0.42606795,4.8207912,3,walking
1519421750505,-2.2643836,-0.5792609,5.4048395,3,walking
1519421750510,-3.3175852,-1.14416,6.5729356,3,walking
1519421750515,-3.3175852,-1.14416,6.5729356,3,walking
1519421750521,-4.322914,-1.9005502,7.7314577,3,walking
1519421750528,-5.0601554,-2.580344,8.842107,3,walking
1519421750533,-5.328243,-2.867581,9.330409,3,walking
1519421750542,-5.8931417,-3.5473747,10.795317,3,walking
1519421750548,-6.0367603,-3.7675896,11.149575,3,walking
1519421750555,-6.544212,-4.1409974,11.580431,3,walking
1519421750559,-6.745278,-4.236743,11.685751,3,walking
1519421750563,-6.936769,-4.2558923,11.800646,3,walking
1519421750572,-7.5591154,-3.8537605,12.327247,3,walking
1519421750578,-7.5782647,-3.844186,12.518738,3,walking
1519421750583,-7.5591154,-3.911208,12.69108,3,walking
1519421750592,-7.2144313,-4.303765,13.016615,3,walking
1519421750597,-7.0133657,-4.3612123,12.987891,3,walking
1519421750601,-6.716554,-4.3707867,12.968742,3,walking
1519421750611,-5.692076,-4.284616,12.777251,3,walking
1519421750617,-5.2899446,-4.2654667,12.710229,3,walking
1519421750621,-4.8782387,-4.1888704,12.700654,3,walking
1519421750631,-3.7675896,-3.7963133,12.643207,3,walking
1519421750637,-3.5090764,-3.5569491,12.58576,3,walking
1519421750641,-3.212265,-3.384607,12.58576,3,walking
1519421750648,-2.733537,-2.7431116,12.413418,3,walking
1519421750652,-2.6186423,-2.4175766,12.269799,3,walking
1519421750661,-2.4175766,-1.776081,11.915541,3,walking
1519421750667,-2.2165108,-1.14416,11.360216,3,walking
1519421750671,-2.0824668,-0.83777404,11.044255,3,walking
1519421750677,-2.0824668,-0.83777404,11.044255,3,walking
1519421750681,-1.8909757,-0.4164934,10.354887,3,walking
1519421750687,-1.7856555,-0.18670394,9.684668,3,walking
1519421750691,-1.7377827,-0.14840569,9.349558,3,walking
1519421750697,-1.7377827,-0.14840569,9.349558,3,walking
1519421750701,-1.5941644,-0.14840569,8.688913,3,walking
1519421750707,-1.4505459,-0.17712937,8.124015,3,walking
1519421750711,-1.3739494,-0.2441513,7.8846507,3,walking
1519421750721,-1.0579889,-0.30159867,7.2910275,3,walking
1519421750727,-0.9430942,-0.3398969,7.2144313,3,walking
1519421750731,-0.92394507,-0.34947145,7.0803876,3,walking
1519421750738,-0.78032666,-0.39734426,7.0325146,3,walking
1519421750742,-0.78032666,-0.40691882,6.9559183,3,walking
1519421750751,-0.7994758,-0.42606795,6.9559183,3,walking
1519421750757,-0.70373017,-0.4164934,6.898471,3,walking
1519421750761,-0.7228793,-0.45479164,6.850598,3,walking
1519421750767,-0.7228793,-0.45479164,6.850598,3,walking
1519421750771,-0.8090504,-0.5792609,6.8122997,3,walking
1519421750777,-1.0196906,-0.7228793,6.7357035,3,walking
1519421750781,-1.1250108,-0.6750065,6.6495323,3,walking
1519421750787,-1.1250108,-0.6750065,6.6495323,3,walking
1519421750791,-1.1728836,-0.54096264,6.5346375,3,walking
1519421750797,-1.2973529,-0.49308985,6.4197426,3,walking
1519421750801,-1.4218222,-0.4356425,6.3814445,3,walking
1519421750811,-1.5845897,-0.47394073,6.2474008,3,walking
1519421750817,-1.6037389,-0.47394073,6.2378263,3,walking
1519421750820,-1.6611862,-0.49308985,6.256975,3,walking
1519421750828,-1.6324625,-0.54096264,6.2665496,3,walking
1519421750832,-1.6037389,-0.56011176,6.304848,3,walking
1519421750840,-1.6324625,-0.665432,6.458041,3,walking
1519421750848,-1.6516117,-0.6558574,6.678256,3,walking
1519421750852,-1.6611862,-0.61755913,6.8122997,3,walking
1519421750861,-1.8143792,-0.5218136,7.3006024,3,walking
1519421750867,-1.862252,-0.45479164,7.501668,3,walking
1519421750871,-1.9196993,-0.44521707,7.616563,3,walking
1519421750877,-1.9196993,-0.44521707,7.616563,3,walking
1519421750880,-1.9579976,-0.4835153,7.846352,3,walking
1519421750887,-1.9962958,-0.5313881,7.894225,3,walking
1519421750891,-1.9962958,-0.56011176,7.8176284,3,walking
1519421750901,-1.9579976,-0.44521707,7.7123084,3,walking
1519421750906,-1.9579976,-0.37819514,7.635712,3,walking
1519421750910,-1.948423,-0.32074776,7.5782647,3,walking
1519421750917,-1.9101248,-0.2441513,7.46337,3,walking
1519421750922,-1.8526775,-0.20585304,7.4442205,3,walking
1519421750930,-1.7665064,-0.17712937,7.4442205,3,walking
1519421750937,-1.6707608,-0.18670394,7.35805,3,walking
1519421750941,-1.6037389,-0.20585304,7.3676243,3,walking
1519421750946,-1.5654407,-0.2441513,7.396348,3,walking
1519421750951,-1.4792696,-0.2441513,7.396348,3,walking
1519421750957,-1.383524,-0.22500217,7.511243,3,walking
1519421750961,-1.3165021,-0.2441513,7.56869,3,walking
1519421750970,-1.2303311,-0.28244954,7.7601814,3,walking
1519421750976,-1.2877784,-0.5313881,7.999545,3,walking
1519421750980,-1.4026731,-0.70373017,8.229335,3,walking
1519421750987,-1.6037389,-1.1345854,8.6697645,3,walking
1519421750991,-1.7282082,-1.3165021,8.918703,3,walking
1519421750996,-1.7282082,-1.3165021,8.918703,3,walking
1519421751000,-2.0537431,-1.6611862,9.119769,3,walking
1519421751007,-2.5324712,-1.6707608,9.177217,3,walking
1519421751011,-2.733537,-1.5845897,9.18679,3,walking
1519421751016,-2.9250283,-1.5079932,9.18679,3,walking
1519421751020,-3.059072,-1.3739494,9.263388,3,walking
1519421751027,-3.384607,-1.2686293,9.330409,3,walking
1519421751031,-3.5378,-1.1824582,9.349558,3,walking
1519421751036,-3.6143966,-1.1058618,9.2825365,3,walking
1519421751040,-3.6335456,-1.0484143,9.196365,3,walking
1519421751047,-3.346309,-1.1728836,9.043172,3,walking
1519421751051,-3.059072,-1.3165021,8.822957,3,walking
1519421751060,-2.149489,-1.9196993,8.392102,3,walking
1519421751066,-1.6899099,-2.1782124,8.698488,3,walking
1519421751070,-1.6707608,-2.5420458,9.809137,3,walking
1519421751074,-1.6707608,-2.5420458,9.809137,3,walking
1519421751078,-2.2356598,-3.2792869,11.398514,3,walking
1519421751083,-2.5707695,-3.9207826,12.231501,3,walking
1519421751087,-2.7239625,-4.648449,12.949593,3,walking
1519421751133,-5.634629,-6.333572,13.7730055,3,walking
1519421751137,-5.5580325,-6.256975,13.600663,3,walking
1519421751141,-5.481436,-6.1899533,13.571939,3,walking
1519421751150,-5.28037,-6.0846334,13.6676855,3,walking
1519421751156,-5.2133484,-6.1229315,13.763431,3,walking
1519421751160,-5.222923,-6.3431463,14.155988,3,walking
1519421751167,-5.38569,-6.5346375,14.290031,3,walking
1519421751171,-5.414414,-6.544212,14.20386,3,walking
1519421751176,-5.414414,-6.544212,14.20386,3,walking
1519421751180,-5.414414,-6.410168,13.610238,3,walking
1519421751187,-5.500585,-5.988888,13.083637,3,walking
1519421751191,-5.38569,-5.7303743,12.805975,3,walking
1519421751195,-5.38569,-5.7303743,12.805975,3,walking
1519421751198,-5.194199,-5.2133484,12.049584,3,walking
1519421751206,-4.954835,-4.926111,11.274045,3,walking
1519421751211,-4.73462,-4.8590894,11.015532,3,walking
1519421751221,-4.2175937,-4.476107,10.134672,3,walking
1519421751226,-3.9399316,-4.466532,9.96233,3,walking
1519421751230,-3.758015,-4.4473834,9.75169,3,walking
1519421751257,-3.0016246,-4.2463174,8.679339,3,walking
1519421751263,-2.8771553,-4.1792955,8.583593,3,walking
1519421751267,-2.7622607,-4.0931244,8.583593,3,walking
1519421751271,-2.7718353,-3.8920588,8.44955,3,walking
1519421751277,-2.7718353,-3.6526947,8.085716,3,walking
1519421751281,-2.6856642,-3.7005677,7.9708214,3,walking
1519421751286,-2.6856642,-3.7005677,7.9708214,3,walking
1519421751290,-2.819708,-3.7867386,7.6835847,3,walking
1519421751297,-2.7048132,-3.7963133,7.654861,3,walking
1519421751300,-2.561195,-3.6239712,7.9420977,3,walking
1519421751306,-2.561195,-3.6239712,7.9420977,3,walking
1519421751310,-3.0111992,-3.499502,7.9037995,3,walking
1519421751316,-2.6952388,-3.690993,7.846352,3,walking
1519421751320,-2.6760898,-3.671844,7.8367777,3,walking
1519421751330,-3.0016246,-3.8824842,7.482519,3,walking
1519421751336,-3.1452432,-3.9495063,7.4250717,3,walking
1519421751340,-3.1356685,-3.825037,7.4250717,3,walking
1519421751346,-2.9920502,-3.5665238,7.4250717,3,walking
1519421751351,-2.9633265,-3.4803526,7.4250717,3,walking
1519421751360,-2.8292825,-3.2888615,7.511243,3,walking
1519421751366,-2.8771553,-3.0494976,7.664436,3,walking
1519421751371,-2.8101335,-3.039923,7.56869,3,walking
1519421751380,-2.5707695,-3.126094,7.3676243,3,walking
1519421751386,-2.408002,-2.9633265,7.2527294,3,walking
1519421751391,-2.2835326,-2.9441774,7.042089,3,walking
1519421751400,-2.0250196,-2.8771553,6.630383,3,walking
1519421751406,-1.9867213,-2.752686,6.4197426,3,walking
1519421751410,-1.8526775,-2.7048132,6.2282515,3,walking
1519421751419,-1.6324625,-2.5228968,6.0559096,3,walking
1519421751426,-1.5271424,-2.2739582,6.0367603,3,walking
1519421751429,-1.2207564,-1.9005502,5.912291,3,walking
1519421751436,-1.0388398,-1.6994845,5.835695,3,walking
1519421751440,-0.93351966,-1.5654407,5.8644185,3,walking
1519421751445,-0.85692316,-1.4888442,5.8835673,3,walking
1519421751450,-0.8186249,-1.4313968,5.8931417,3,walking
1519421751456,-0.6845811,-1.3643749,5.82612,3,walking
1519421751461,-0.63670826,-1.3069274,5.845269,3,walking
1519421751465,-0.63670826,-1.3069274,5.845269,3,walking
1519421751470,-0.5792609,-1.3069274,5.7782474,3,walking
1519421751476,-0.47394073,-1.2494801,5.6633525,3,walking
1519421751481,-0.39734426,-1.1728836,5.653778,3,walking
1519421751490,-0.2920241,-0.9718179,5.5771813,3,walking
1519421751496,-0.16755481,-0.78032666,5.462287,3,walking
1519421751501,-0.14840569,-0.7420284,5.5101595,3,walking
1519421751510,-0.09095833,-0.56968635,5.49101,3,walking
1519421751516,-0.13883112,-0.5313881,5.452712,3,walking
1519421751520,-0.17712937,-0.45479164,5.4048395,3,walking
1519421751526,-0.13883112,-0.3398969,5.309094,3,walking
1519421751530,-0.11968201,-0.30159867,5.2420716,3,walking
1519421751535,-0.11968201,-0.30159867,5.2420716,3,walking
1519421751539,-0.11968201,-0.30159867,5.2420716,3,walking
1519421751546,-0.062234644,-0.110107444,4.993133,3,walking
1519421751551,-0.043085523,-0.15798025,4.9452605,3,walking
1519421751556,-0.014361841,-0.13883112,4.9069624,3,walking
1519421751560,0.0,-0.20585304,4.849515,3,walking
1519421751566,-0.043085523,-0.33032233,4.696322,3,walking
1519421751571,-0.081383765,-0.46436617,4.6771727,3,walking
1519421751579,-0.16755481,-0.59841,4.7250457,3,walking
1519421751586,-0.15798025,-0.59841,4.849515,3,walking
1519421751591,-0.17712937,-0.5505372,4.887813,3,walking
1519421751600,-0.0718092,-0.23457673,4.8973875,3,walking
1519421751606,-0.062234644,-0.11968201,4.935686,3,walking
1519421751609,-0.2441513,0.0,4.96441,3,walking
1519421751616,-0.7994758,0.17712937,4.8973875,3,walking
1519421751619,-1.0675635,0.16755481,4.8973875,3,walking
1519421751625,-1.0675635,0.16755481,4.8973875,3,walking
1519421751629,-1.0675635,0.16755481,4.8973875,3,walking
1519421751636,-1.622888,0.28244954,4.5910015,3,walking
1519421751640,-1.6516117,0.34947145,4.4090853,3,walking
1519421751645,-1.6516117,0.34947145,4.4090853,3,walking
1519421751651,-1.6899099,0.512239,4.1792955,3,walking
1519421751656,-1.7377827,0.5792609,3.8537605,3,walking
1519421751660,-1.8143792,0.5792609,3.7675896,3,walking
1519421751665,-1.8239537,0.4835153,3.7675896,3,walking
1519421751670,-1.8239537,0.3111732,3.7388659,3,walking
1519421751676,-2.0441687,-0.14840569,3.3367343,3,walking
1519421751680,-2.3026817,-0.47394073,3.0973704,3,walking
1519421751689,-2.7909844,-1.1154363,2.9537518,3,walking
1519421751695,-3.365458,-1.3165021,2.9537518,3,walking
1519421751700,-3.604822,-1.2207564,2.9537518,3,walking
1519421751706,-4.0261025,-0.78990126,3.059072,3,walking
1519421751711,-4.2175937,-0.5313881,3.0877957,3,walking
1519421751715,-4.4186597,-0.3111732,3.059072,3,walking
1519421751719,-4.73462,-0.05266008,3.059072,3,walking
1519421751726,-5.1846247,0.47394073,3.1356685,3,walking
1519421751730,-5.462287,0.71330476,3.1069448,3,walking
1519421751740,-5.988888,1.2303311,2.7814097,3,walking
1519421751745,-6.113357,1.3548003,2.494173,3,walking
1519421751750,-6.9654927,1.776081,1.4218222,3,walking
1519421751755,-7.6835847,2.168638,0.8664977,3,walking
1519421751759,-8.535721,2.4558747,0.46436617,3,walking
1519421751766,-10.40276,2.5994933,-0.17712937,3,walking
1519421751770,-11.350641,2.4367256,-0.36862057,3,walking
1519421751779,-12.633633,1.776081,-0.5888355,3,walking
1519421751817,-18.330496,-2.5707695,-2.5899186,3,walking
1519421751822,-18.617733,-3.1643922,-2.9441774,3,walking
1519421751835,-19.498592,-4.4186597,-3.5090764,3,walking
1519421751840,-19.603912,-4.5910015,-4.1888704,3,walking
1519421751845,-19.603912,-4.5718527,-4.3707867,3,walking
1519421751849,-19.603912,-4.6867476,-4.7250457,3,walking
1519421751880,-19.603912,-8.401677,-3.078221,3,walking
1519421751885,-19.603912,-9.703817,-1.7377827,3,walking
1519421751890,-19.603912,-10.441058,-1.5941644,3,walking
1519421751895,-19.603912,-10.843189,-1.709059,3,walking
1519421751900,-19.603912,-10.737869,-1.5271424,3,walking
1519421751915,-19.09646,-7.3676243,-3.7388659,3,walking
1519421751920,-17.679426,-5.8835673,-3.4229054,3,walking
1519421751925,-15.419829,-2.321831,-3.9016335,3,walking
1519421751929,-14.730461,-0.19627848,-3.9399316,3,walking
1519421751959,-10.498506,2.9920502,-3.451629,3,walking
1519421751967,-9.943181,1.7569319,-4.1409974,3,walking
1519421751974,-9.6942425,1.469695,-4.236743,3,walking
1519421751986,-8.459125,1.3356512,-3.8346114,3,walking
1519421751991,-8.593168,1.7569319,-3.8920588,3,walking
1519421751996,-8.842107,2.0824668,-4.6005764,3,walking
1519421752000,-9.033598,2.015445,-4.763344,3,walking
1519421752033,-7.846352,-2.3792782,-3.8537605,3,walking
1519421752040,-7.7601814,-3.3271596,-3.3558834,3,walking
1519421752046,-7.741032,-3.777164,-3.1165195,3,walking
1519421752050,-7.7601814,-4.2271686,-2.9633265,3,walking
1519421752055,-7.6261373,-4.7441945,-2.9346027,3,walking
1519421752059,-7.4442205,-5.28037,-2.714388,3,walking
1519421752065,-6.869747,-6.3431463,-2.0633178,3,walking
1519421752069,-6.5537868,-6.7740016,-1.8526775,3,walking
1519421752075,-6.1995277,-7.243155,-1.776081,3,walking
1519421752079,-6.017611,-7.5399666,-1.8239537,3,walking
1519421752085,-5.7782474,-7.875076,-1.8048047,3,walking
1519421752090,-5.538883,-8.181462,-1.7282082,3,walking
1519421752095,-5.529309,-7.9803963,-1.7856555,3,walking
1519421752100,-5.519734,-7.7314577,-1.79523,3,walking
1519421752105,-5.3378177,-7.3197513,-2.1782124,3,walking
1519421752110,-5.2037735,-7.0612383,-2.2260852,3,walking
1519421752118,-5.0601554,-6.678256,-2.6090677,3,walking
1519421752125,-5.0601554,-6.2665496,-2.9250283,3,walking
1519421752130,-4.96441,-5.998462,-2.9824755,3,walking
1519421752135,-4.8590894,-5.7495236,-3.0973704,3,walking
1519421752138,-4.8303657,-5.5101595,-3.193116,3,walking
1519421752145,-4.73462,-4.954835,-3.059072,3,walking
1519421752149,-4.782493,-4.73462,-2.905879,3,walking
1519421752155,-5.0122824,-4.322914,-2.6377914,3,walking
1519421752159,-5.0122824,-4.322914,-2.6377914,3,walking
1519421752164,-5.2420716,-4.121848,-2.3505547,3,walking
1519421752168,-5.4239883,-4.0356774,-2.254809,3,walking
1519421752175,-5.873993,-3.911208,-1.9867213,3,walking
1519421752179,-6.0463347,-3.9207826,-1.8431029,3,walking
1519421752184,-6.1899533,-3.930357,-1.6899099,3,walking
1519421752189,-6.3431463,-3.9207826,-1.5367169,3,walking
1519421752195,-6.5346375,-4.0069537,-1.3739494,3,walking
1519421752199,-6.716554,-4.169721,-0.99096704,3,walking
1519421752203,-6.716554,-4.169721,-0.99096704,3,walking
1519421752208,-6.821874,-4.342063,-0.5792609,3,walking
1519421752215,-7.051664,-4.437809,-0.22500217,3,walking
1519421752218,-7.1857076,-4.504831,-0.05266008,3,walking
1519421752225,-7.348475,-4.581427,0.023936402,3,walking
1519421752229,-7.549541,-4.6005764,0.081383765,3,walking
1519421752234,-7.7793303,-4.6675982,0.16755481,3,walking
1519421752238,-8.21976,-4.7537694,0.27287498,3,walking
1519421752245,-8.641041,-4.954835,0.44521707,3,walking
1519421752249,-8.822957,-5.0505805,0.5218136,3,walking
1519421752254,-8.918703,-5.1271772,0.63670826,3,walking
1519421752258,-9.091045,-5.1654754,0.69415563,3,walking
1519421752264,-9.330409,-5.2037735,0.93351966,3,walking
1519421752268,-9.502751,-5.222923,1.0101161,3,walking
1519421752273,-9.722966,-5.2037735,1.0388398,3,walking
1519421752279,-9.933606,-5.1654754,1.1058618,3,walking
1519421752284,-10.211268,-5.079304,1.0675635,3,walking
1519421752288,-10.517654,-4.954835,1.0867126,3,walking
1519421752293,-10.517654,-4.954835,1.0867126,3,walking
1519421752298,-10.958084,-4.696322,1.0579889,3,walking
1519421752304,-11.28362,-4.5527034,1.2399056,3,walking
1519421752308,-11.7336235,-4.303765,1.6611862,3,walking
1519421752314,-12.107032,-4.1122737,1.948423,3,walking
1519421752319,-12.557036,-3.8729098,2.2643836,3,walking
1519421752323,-13.016615,-3.4420545,2.5707695,3,walking
1519421752326,-13.437896,-2.88673,2.8484318,3,walking
1519421752341,-15.544299,-0.15798025,4.6771727,3,walking
1519421752346,-15.879409,0.42606795,5.2420716,3,walking
1519421752352,-16.19537,1.4601204,5.988888,3,walking
1519421752357,-16.233667,1.8909757,5.941015,3,walking
1519421752361,-16.28154,2.1399143,5.797396,3,walking
1519421752366,-15.975154,1.4026731,5.261221,3,walking
1519421752370,-15.975154,1.4026731,5.261221,3,walking
1519421752374,-15.534724,0.19627848,4.954835,3,walking
1519421752378,-14.682589,-3.365458,4.495256,3,walking
1519421752383,-14.290031,-5.5484576,4.1409974,3,walking
1519421752388,-13.859177,-7.8272033,3.777164,3,walking
1519421752394,-13.591088,-9.8953085,3.4612036,3,walking
1519421752398,-13.294277,-12.6527815,3.0973704,3,walking
1519421752404,-13.409172,-13.3612995,2.7718353,3,walking
1519421752409,-13.504917,-13.840027,2.7814097,3,walking
1519421752414,-14.854931,-14.251733,2.101616,3,walking
1519421752418,-16.358137,-14.175137,1.7569319,3,walking
1519421752424,-18.215601,-13.907049,1.6707608,3,walking
1519421752428,-19.603912,-13.13151,1.8431029,3,walking
1519421752434,-19.603912,-12.681505,1.8814012,3,walking
1519421752439,-19.603912,-12.269799,1.8048047,3,walking
1519421752444,-19.603912,-11.695326,1.4984187,3,walking
1519421752449,-19.603912,-9.924032,1.2494801,3,walking
1519421752453,-19.603912,-9.924032,1.2494801,3,walking
1519421752458,-19.603912,-7.616563,1.4505459,3,walking
1519421752464,-19.603912,-6.4676156,1.6324625,3,walking
1519421752468,-19.603912,-5.433563,1.0675635,3,walking
1519421752473,-19.603912,-5.7208,0.47394073,3,walking
1519421752478,-19.603912,-6.218677,-0.359046,3,walking
1519421752484,-19.603912,-8.11444,-2.3888528,3,walking
1519421752488,-19.603912,-9.18679,-3.2984362,3,walking
1519421752495,-19.603912,-11.05383,-5.2037735,3,walking
1519421752500,-19.603912,-11.05383,-5.2037735,3,walking
1519421752505,-19.603912,-12.25065,-6.4005938,3,walking
1519421752547,-19.603912,-4.7058964,1.2590547,3,walking
1519421752552,-19.603912,-4.2271686,2.1399143,3,walking
1519421752557,-19.603912,-3.9016335,2.5420458,3,walking
1519421752561,-19.603912,-3.8920588,2.7814097,3,walking
1519421752566,-19.594337,-4.4856815,2.321831,3,walking
1519421752570,-19.594337,-4.4856815,2.321831,3,walking
1519421752591,-15.994304,-6.323997,1.0388398,3,walking
1519421752596,-14.673014,-6.764427,0.37819514,3,walking
1519421752629,-9.579348,-3.9207826,-2.1590633,3,walking
1519421752634,-9.20594,-3.4420545,-2.34098,3,walking
1519421752639,-8.755936,-2.9250283,-2.3792782,3,walking
1519421752644,-8.200611,-2.4367256,-2.3984275,3,walking
1519421752665,-5.5580325,-0.49308985,-1.6803354,3,walking
1519421752670,-4.8207912,-0.23457673,-1.6420372,3,walking
1519421752675,-4.581427,-0.18670394,-1.622888,3,walking
1519421752678,-4.581427,-0.18670394,-1.622888,3,walking
1519421752683,-4.0356774,-0.25372586,-1.622888,3,walking
1519421752688,-3.7292912,-0.2441513,-1.5079932,3,walking
1519421752693,-3.4420545,-0.22500217,-1.3643749,3,walking
1519421752698,-3.126094,-0.13883112,-1.1920328,3,walking
1519421752703,-2.5707695,0.081383765,-0.8760723,3,walking
1519421752709,-2.360129,0.110107444,-0.69415563,3,walking
1519421752713,-1.9005502,-0.05266008,-0.32074776,3,walking
1519421752718,-1.7377827,-0.14840569,-0.22500217,3,walking
1519421752723,-1.6803354,-0.2154276,-0.09095833,3,walking
1519421752728,-1.6899099,-0.20585304,-0.023936402,3,walking
1519421752733,-1.7377827,-0.18670394,0.10053288,3,walking
1519421752738,-1.6803354,-0.17712937,0.34947145,3,walking
1519421752743,-1.6803354,-0.17712937,0.34947145,3,walking
1519421752748,-1.5367169,-0.062234644,0.6845811,3,walking
1519421752753,-1.4601204,0.043085523,0.7228793,3,walking
1519421752758,-1.4218222,0.30159867,1.0388398,3,walking
1519421752763,-1.2782038,0.36862057,1.2016073,3,walking
1519421752768,-1.2016073,0.34947145,1.3930986,3,walking
1519421752773,-1.2590547,0.25372586,1.8526775,3,walking
1519421752778,-1.1920328,0.12925656,2.1782124,3,walking
1519421752783,-1.1537346,-0.023936402,2.5037475,3,walking
1519421752788,-1.1537346,-0.15798025,2.867581,3,walking
1519421752793,-1.1824582,-0.27287498,3.690993,3,walking
1519421752799,-1.1345854,-0.2154276,4.0548263,3,walking
1519421752803,-0.93351966,0.043085523,4.5718527,3,walking
1519421752808,-0.77075213,0.15798025,4.772918,3,walking
1519421752813,-0.6558574,0.26330042,5.002708,3,walking
1519421752818,-0.5218136,0.3111732,5.2899446,3,walking
1519421752823,-0.36862057,0.2920241,5.5484576,3,walking
1519421752828,-0.25372586,0.28244954,5.739949,3,walking
1519421752833,-0.26330042,0.32074776,5.739949,3,walking
1519421752838,-0.22500217,0.3877697,5.7303743,3,walking
1519421752843,-0.17712937,0.4356425,5.7495236,3,walking
1519421752848,-0.062234644,0.59841,5.7016506,3,walking
1519421752853,-0.00478728,0.6750065,5.797396,3,walking
1519421752858,-0.05266008,0.69415563,5.8548436,3,walking
1519421752863,-0.3398969,0.665432,5.9027166,3,walking
1519421752868,-0.4356425,0.59841,5.9027166,3,walking
1519421752873,-0.5313881,0.6079846,5.873993,3,walking
1519421752878,-0.61755913,0.6079846,5.873993,3,walking
1519421752883,-0.69415563,0.64628285,5.9697385,3,walking
1519421752888,-0.7228793,0.751603,6.113357,3,walking
1519421752893,-0.71330476,0.7994758,6.2665496,3,walking
1519421752898,-0.78990126,0.9526688,6.630383,3,walking
1519421752903,-0.8186249,1.0484143,6.764427,3,walking
1519421752908,-0.7324539,1.0867126,6.9080453,3,walking
1519421752913,-0.50266445,1.1633091,7.3676243,3,walking
1519421752918,-0.34947145,1.1728836,7.6261373,3,walking
1519421752924,-0.22500217,1.2207564,7.875076,3,walking
1519421752928,-0.11968201,1.2303311,8.11444,3,walking
1519421752933,0.16755481,1.2494801,8.497422,3,walking
1519421752938,0.25372586,1.1824582,8.679339,3,walking
1519421752943,0.359046,1.1154363,8.928278,3,walking
1519421752948,0.4356425,0.9622433,9.110194,3,walking
1519421752953,0.46436617,0.8473486,9.18679,3,walking
1519421752958,0.45479164,0.6845811,9.301685,3,walking
1519421752963,0.45479164,0.63670826,9.320834,3,walking
1519421752968,0.50266445,0.6079846,9.41658,3,walking
1519421752972,0.49308985,0.5505372,9.435729,3,walking
1519421752977,0.37819514,0.5792609,9.464453,3,walking
1519421752980,0.28244954,0.6271337,9.474028,3,walking
1519421752985,0.16755481,0.6750065,9.426155,3,walking
1519421752989,0.11968201,0.7420284,9.397431,3,walking
1519421752993,0.0718092,0.8090504,9.397431,3,walking
1519421752998,0.05266008,0.8473486,9.407005,3,walking
1519421753003,-0.014361841,0.8952214,9.359133,3,walking
1519421753008,-0.03351096,0.78990126,9.2825365,3,walking
1519421753013,-0.00478728,0.6845811,9.272962,3,walking
1519421753018,0.03351096,0.5888355,9.272962,3,walking
1519421753023,0.03351096,0.3877697,9.244238,3,walking
1519421753027,0.05266008,0.37819514,9.234664,3,walking
1519421753033,0.081383765,0.3877697,9.244238,3,walking
1519421753038,0.15798025,0.42606795,9.320834,3,walking
1519421753043,0.28244954,0.4164934,9.31126,3,walking
1519421753047,0.50266445,0.44521707,9.5219,3,walking
1519421753053,0.6558574,0.4356425,9.5889225,3,walking
1519421753057,0.9430942,0.46436617,9.560199,3,walking
1519421753063,1.7473572,0.54096264,9.8953085,3,walking
1519421753068,1.9771467,0.5792609,10.19212,3,walking
1519421753073,1.948423,0.56011176,10.594251,3,walking
1519421753077,0.9718179,0.26330042,11.666602,3,walking
1519421753082,0.9718179,0.26330042,11.666602,3,walking
1519421753085,-0.22500217,-0.46436617,12.614484,3,walking
1519421753092,-0.54096264,-0.8473486,12.968742,3,walking
1519421753097,-0.8952214,-1.3548003,13.275128,3,walking
1519421753101,-1.1250108,-1.4313968,13.255979,3,walking
1519421753105,-1.4409714,-1.4026731,13.093211,3,walking
1519421753109,-1.8335283,-1.2590547,12.7964,3,walking
1519421753114,-2.1973617,-1.0867126,12.442142,3,walking
1519421753118,-2.4558747,-0.9622433,12.0400095,3,walking
1519421753123,-2.5707695,-0.8664977,11.657027,3,walking
1519421753143,-2.0441687,-0.9718179,10.555953,3,walking
1519421753148,-1.9196993,-1.1058618,10.728295,3,walking
1519421753153,-1.8431029,-1.3260766,11.140001,3,walking
1519421753158,-1.709059,-1.4218222,11.331492,3,walking
1519421753163,-1.6420372,-1.5079932,11.561282,3,walking
1519421753168,-1.5367169,-1.6037389,11.781497,3,walking
1519421753172,-1.4984187,-1.6994845,12.068733,3,walking
1519421753178,-1.5367169,-1.709059,12.097457,3,walking
1519421753182,-1.5654407,-1.6133134,12.030436,3,walking
1519421753187,-1.6899099,-1.5462915,11.867668,3,walking
1519421753193,-1.8048047,-1.4601204,11.676176,3,walking
1519421753198,-1.9962958,-1.4026731,11.49426,3,walking
1519421753202,-2.1207652,-1.383524,11.207023,3,walking
1519421753207,-2.321831,-1.5750152,10.488931,3,walking
1519421753213,-2.3888528,-1.6899099,10.182545,3,walking
1519421753217,-2.408002,-1.9101248,9.914457,3,walking
1519421753222,-2.5037475,-2.1207652,9.799562,3,walking
1519421753227,-2.7622607,-2.321831,9.598496,3,walking
1519421753233,-2.8292825,-2.2835326,9.636795,3,walking
1519421753237,-2.7909844,-2.187787,9.713391,3,walking
1519421753243,-2.733537,-1.9675722,9.837861,3,walking
1519421753248,-2.7909844,-1.8814012,9.98148,3,walking
1519421753252,-2.8101335,-1.8718265,10.096374,3,walking
1519421753257,-2.8580062,-1.8909757,10.182545,3,walking
1519421753262,-2.8963046,-2.0250196,10.335738,3,walking
1519421753268,-2.905879,-2.0728924,10.335738,3,walking
1519421753272,-2.8771553,-2.1303396,10.239992,3,walking
1519421753277,-2.8484318,-2.1111906,10.105948,3,walking
1519421753283,-2.7909844,-2.0728924,9.904882,3,walking
1519421753287,-2.733537,-2.015445,9.761265,3,walking
1519421753292,-2.5994933,-1.9388485,9.560199,3,walking
1519421753297,-2.3314054,-1.8526775,9.244238,3,walking
1519421753303,-2.168638,-1.7856555,9.091045,3,walking
1519421753307,-1.9867213,-1.7377827,8.918703,3,walking
1519421753312,-1.6324625,-1.6133134,8.5740185,3,walking
1519421753317,-1.4218222,-1.469695,8.478273,3,walking
1519421753323,-1.1728836,-1.2973529,8.430401,3,walking
1519421753327,-0.9718179,-1.1250108,8.382527,3,walking
1519421753332,-0.5313881,-0.8664977,8.34423,3,walking
1519421753338,-0.4164934,-0.7994758,8.296356,3,walking
1519421753342,-0.17712937,-0.8281995,8.181462,3,walking
1519421753347,-0.17712937,-0.8281995,8.181462,3,walking
1519421753352,-0.09095833,-0.92394507,8.181462,3,walking
1519421753357,-0.081383765,-0.90479594,8.171887,3,walking
1519421753362,-0.15798025,-0.7994758,8.171887,3,walking
1519421753367,-0.2154276,-0.69415563,8.143164,3,walking
1519421753373,-0.27287498,-0.56968635,8.124015,3,walking
1519421753378,-0.36862057,-0.4356425,8.11444,3,walking
1519421753382,-0.4835153,-0.28244954,8.066567,3,walking
1519421753388,-0.5888355,-0.20585304,7.922949,3,walking
1519421753393,-0.64628285,-0.14840569,7.922949,3,walking
1519421753397,-0.71330476,-0.10053288,7.8272033,3,walking
1519421753402,-0.83777404,0.023936402,7.7123084,3,walking
1519421753407,-0.91437054,0.05266008,7.6261373,3,walking
1519421753413,-0.9430942,0.05266008,7.635712,3,walking
1519421753418,-0.9430942,0.110107444,7.6069884,3,walking
1519421753422,-1.0675635,0.014361841,7.4920936,3,walking
1519421753428,-1.1154363,-0.014361841,7.4537954,3,walking
1519421753432,-1.2111819,-0.10053288,7.396348,3,walking
1519421753437,-1.2111819,-0.10053288,7.396348,3,walking
1519421753442,-1.2973529,-0.0718092,7.281453,3,walking
1519421753448,-1.3452257,-0.043085523,7.243155,3,walking
1519421753452,-1.2973529,-0.03351096,7.2623043,3,walking
1519421753457,-1.2207564,-0.043085523,7.2623043,3,walking
1519421753463,-1.2494801,-0.081383765,7.195282,3,walking
1519421753468,-1.2782038,-0.16755481,7.1665583,3,walking
1519421753472,-1.2973529,-0.2441513,7.1186857,3,walking
1519421753478,-1.2494801,-0.20585304,7.0133657,3,walking
1519421753483,-1.2111819,-0.16755481,7.003791,3,walking
1519421753487,-1.2590547,-0.110107444,6.9463434,3,walking
1519421753492,-1.2590547,0.014361841,6.8410234,3,walking
1519421753498,-1.2303311,0.081383765,6.7261286,3,walking
1519421753503,-1.2111819,0.15798025,6.592085,3,walking
1519421753507,-1.2111819,0.15798025,6.592085,3,walking
1519421753512,-1.14416,0.13883112,6.5059137,3,walking
1519421753518,-1.14416,0.12925656,6.544212,3,walking
1519421753522,-1.2590547,0.00478728,6.3431463,3,walking
1519421753527,-1.2590547,0.00478728,6.3431463,3,walking
1519421753532,-1.3643749,-0.18670394,6.170804,3,walking
1519421753537,-1.2973529,-0.30159867,6.065484,3,walking
1519421753542,-1.3260766,-0.5218136,5.988888,3,walking
1519421753548,-1.383524,-0.83777404,5.8931417,3,walking
1519421753553,-1.5271424,-0.9526688,5.787822,3,walking
1519421753558,-1.622888,-0.99096704,5.644203,3,walking
1519421753563,-1.8814012,-1.2016073,5.644203,3,walking
1519421753568,-1.929274,-1.2111819,5.634629,3,walking
1519421753573,-1.8526775,-1.1633091,5.9027166,3,walking
1519421753577,-1.8814012,-1.1633091,6.1229315,3,walking
1519421753582,-1.7473572,-0.9718179,6.745278,3,walking
1519421753588,-1.8431029,-0.8473486,6.936769,3,walking
1519421753592,-1.7856555,-0.78032666,7.195282,3,walking
1519421753597,-1.7282082,-0.76117754,7.46337,3,walking
1519421753602,-1.9675722,-0.7994758,7.7984796,3,walking
1519421753608,-2.034594,-0.9718179,8.085716,3,walking
1519421753612,-2.3505547,-1.4505459,8.679339,3,walking
1519421753617,-2.3505547,-1.4505459,8.679339,3,walking
1519421753622,-2.7048132,-2.168638,9.684668,3,walking
1519421753627,-2.8101335,-2.4845984,10.259142,3,walking
1519421753636,-2.7909844,-2.8388572,11.321918,3,walking
1519421753640,-2.580344,-2.6282167,12.528313,3,walking
1519421753645,-2.187787,-2.6282167,12.872996,3,walking
1519421753651,-1.79523,-2.7718353,12.968742,3,walking
1519421753655,-1.6994845,-2.7622607,12.911295,3,walking
1519421753660,-2.1399143,-2.3792782,13.188957,3,walking
1519421753664,-2.2069361,-2.1399143,13.4666195,3,walking
1519421753668,-2.2069361,-1.8814012,13.811303,3,walking
1519421753673,-2.187787,-1.7282082,13.99322,3,walking
1519421753678,-2.2260852,-1.6324625,14.002794,3,walking
1519421753682,-2.321831,-1.709059,14.050668,3,walking
1519421753687,-2.3792782,-1.9579976,14.002794,3,walking
1519421753697,-2.6856642,-2.427151,13.437896,3,walking
1519421753702,-2.7622607,-2.168638,12.920869,3,walking
1519421753707,-2.7622607,-2.168638,12.920869,3,walking
1519421753712,-2.8484318,-1.622888,12.432567,3,walking
1519421753717,-2.7048132,-1.4026731,12.25065,3,walking
1519421753722,-2.5994933,-1.1633091,12.116607,3,walking
1519421753727,-2.408002,-1.0005416,11.896391,3,walking
1519421753732,-1.929274,-0.665432,11.503835,3,walking
1519421753737,-1.4601204,-0.5313881,11.321918,3,walking
1519421753742,-0.8281995,-0.3877697,11.005958,3,walking
1519421753747,0.4164934,-0.40691882,10.843189,3,walking
1519421753752,0.93351966,-0.99096704,11.513409,3,walking
1519421753758,0.93351966,-0.99096704,11.513409,3,walking
1519421753762,0.47394073,-1.8048047,12.260224,3,walking
1519421753768,0.17712937,-2.1590633,12.58576,3,walking
1519421753775,-0.15798025,-2.4558747,12.700654,3,walking
1519421753780,-0.19627848,-2.5516202,12.748528,3,walking
1519421753785,-0.4835153,-2.7431116,12.710229,3,walking
1519421753827,-2.1111906,-2.408002,9.493176,3,walking
1519421753836,-2.2931073,-2.2260852,9.129343,3,walking
1519421753843,-2.360129,-2.2356598,8.937852,3,walking
1519421753848,-2.4654493,-2.5420458,8.487848,3,walking
1519421753854,-2.5037475,-2.7048132,8.286782,3,walking
1519421753858,-2.4654493,-2.9346027,8.028269,3,walking
1519421753862,-2.3697038,-3.1356685,7.855927,3,walking
1519421753867,-2.3697038,-3.2792869,7.7314577,3,walking
1519421753872,-2.1782124,-3.499502,7.5974135,3,walking
1519421753877,-2.0633178,-3.5473747,7.654861,3,walking
1519421753882,-1.8431029,-3.6239712,7.855927,3,walking
1519421753887,-1.8431029,-3.6239712,7.855927,3,walking
1519421753892,-1.6133134,-3.7963133,8.143164,3,walking
1519421753897,-1.5079932,-3.825037,8.258059,3,walking
1519421753902,-1.383524,-3.9207826,8.34423,3,walking
1519421753907,-1.383524,-3.9207826,8.34423,3,walking
1519421753912,-1.2782038,-4.0356774,8.32508,3,walking
1519421753917,-1.2590547,-3.997379,8.181462,3,walking
1519421753922,-1.2016073,-3.9016335,8.104865,3,walking
1519421753927,-1.0005416,-3.5282254,7.8655014,3,walking
1519421753932,-0.8281995,-3.078221,7.6452866,3,walking
1519421753937,-0.8281995,-3.078221,7.6452866,3,walking
1519421753942,-1.0292653,-2.5516202,7.3676243,3,walking
1519421753948,-1.1345854,-2.3314054,7.156984,3,walking
1519421753953,-1.2782038,-2.168638,7.042089,3,walking
1519421753957,-1.4026731,-2.034594,6.9463434,3,walking
1519421753962,-1.9771467,-1.9005502,6.8601727,3,walking
1519421753967,-2.3026817,-1.9962958,6.7548523,3,walking
1519421753972,-2.819708,-2.1590633,6.6495323,3,walking
1519421753977,-2.819708,-2.1590633,6.6495323,3,walking
1519421753983,-3.3175852,-2.5707695,6.6495323,3,walking
1519421753987,-3.4899273,-2.9250283,6.764427,3,walking
1519421753992,-3.7963133,-3.3750327,6.850598,3,walking
1519421753997,-3.7963133,-3.3750327,6.850598,3,walking
1519421754002,-4.495256,-4.610151,7.2144313,3,walking
1519421754007,-4.811217,-4.7537694,7.204857,3,walking
1519421754012,-5.2516465,-4.5910015,6.9654927,3,walking
1519421754017,-5.38569,-4.3612123,6.7740016,3,walking
1519421754022,-5.452712,-3.6431203,6.3814445,3,walking
1519421754027,-5.452712,-3.6431203,6.3814445,3,walking
1519421754032,-5.3569665,-2.867581,5.979313,3,walking
1519421754038,-5.309094,-2.427151,5.7495236,3,walking
1519421754043,-5.232497,-2.0441687,5.586756,3,walking
1519421754048,-5.002708,-1.4601204,5.194199,3,walking
1519421754054,-4.8973875,-1.1728836,4.9069624,3,walking
1519421754058,-4.772918,-0.92394507,4.73462,3,walking
1519421754062,-4.6771727,-0.71330476,4.4473834,3,walking
1519421754067,-4.6771727,-0.71330476,4.4473834,3,walking
1519421754072,-4.3995104,-0.32074776,3.7675896,3,walking
1519421754077,-4.437809,-0.359046,3.604822,3,walking
1519421754082,-4.476107,-1.3452257,3.8346114,3,walking
1519421754087,-4.476107,-1.3452257,3.8346114,3,walking
1519421754092,-4.6005764,-2.8292825,4.389936,3,walking
1519421754097,-4.7250457,-3.3750327,4.3133397,3,walking
1519421754102,-4.926111,-3.825037,3.997379,3,walking
1519421754107,-5.2037735,-4.236743,3.7005677,3,walking
1519421754112,-5.4048395,-4.2271686,3.6143966,3,walking
1519421754117,-5.519734,-4.1888704,3.5760984,3,walking
1519421754121,-5.672927,-3.8824842,3.7388659,3,walking
1519421754127,-5.7208,-3.6239712,3.6239712,3,walking
1519421754132,-5.7208,-3.3271596,3.690993,3,walking
1519421754136,-5.672927,-3.0016246,3.7197168,3,walking
1519421754141,-5.5580325,-2.3026817,3.8346114,3,walking
1519421754147,-5.538883,-1.9005502,3.8824842,3,walking
1519421754151,-5.414414,-1.1824582,3.8824842,3,walking
1519421754156,-5.414414,-1.1824582,3.8824842,3,walking
1519421754162,-5.414414,-0.47394073,3.9686553,3,walking
1519421754167,-5.462287,-0.110107444,3.8824842,3,walking
1519421754171,-5.4048395,0.17712937,3.6814184,3,walking
1519421754176,-5.4048395,0.17712937,3.6814184,3,walking
1519421754182,-5.481436,0.3111732,3.499502,3,walking
1519421754187,-5.634629,0.14840569,3.4324799,3,walking
1519421754192,-5.979313,-0.4835153,3.4324799,3,walking
1519421754197,-6.113357,-0.9430942,3.3941817,3,walking
1519421754202,-6.486765,-1.622888,3.1069448,3,walking
1519421754207,-6.486765,-1.622888,3.1069448,3,walking
1519421754211,-6.7931504,-2.0250196,2.733537,3,walking
1519421754217,-6.8601727,-2.101616,2.666515,3,walking
1519421754221,-6.9080453,-2.1399143,2.580344,3,walking
1519421754226,-6.869747,-2.2165108,2.4654493,3,walking
1519421754230,-6.8122997,-2.254809,2.321831,3,walking
1519421754235,-6.745278,-2.254809,2.2356598,3,walking
1519421754239,-6.697405,-2.2356598,2.149489,3,walking
1519421754244,-6.611234,-2.187787,2.0537431,3,walking
1519421754254,-6.486765,-2.0441687,1.79523,3,walking
1519421754258,-6.4484663,-1.9771467,1.6803354,3,walking
1519421754264,-6.4197426,-1.9675722,1.5079932,3,walking
1519421754273,-6.323997,-1.8814012,1.0867126,3,walking
1519421754277,-6.323997,-1.8814012,1.0867126,3,walking
1519421754282,-6.2761245,-1.9579976,0.751603,3,walking
1519421754286,-6.2761245,-1.9962958,0.665432,3,walking
1519421754292,-6.486765,-1.9675722,0.4356425,3,walking
1519421754297,-6.486765,-1.9675722,0.4356425,3,walking
1519421754301,-6.668681,-1.8335283,0.2441513,3,walking
1519421754307,-6.6878304,-1.8335283,0.12925656,3,walking
1519421754311,-6.8122997,-1.7569319,-0.081383765,3,walking
1519421754317,-6.8122997,-1.7569319,-0.081383765,3,walking
1519421754322,-7.137835,-1.622888,-0.40691882,3,walking
1519421754326,-7.3389006,-1.5367169,-0.5218136,3,walking
1519421754331,-7.702734,-1.4984187,-0.76117754,3,walking
1519421754336,-7.702734,-1.4984187,-0.76117754,3,walking
1519421754342,-8.229335,-1.5654407,-1.0388398,3,walking
1519421754347,-8.545295,-1.5750152,-1.0962871,3,walking
1519421754352,-8.899554,-1.9101248,-1.2877784,3,walking
1519421754356,-8.899554,-1.9101248,-1.2877784,3,walking
1519421754362,-9.3878565,-2.2165108,-1.4409714,3,walking
1519421754369,-10.058076,-2.5037475,-1.6420372,3,walking
1519421754374,-10.728295,-2.8484318,-2.1207652,3,walking
1519421754378,-11.149575,-3.0494976,-2.254809,3,walking
1519421754383,-11.475111,-3.2888615,-2.3888528,3,walking
1519421754390,-11.848518,-3.5473747,-2.6377914,3,walking
1519421754394,-12.403843,-4.1888704,-2.5420458,3,walking
1519421754400,-12.7964,-4.3803616,-2.6760898,3,walking
1519421754441,-18.79965,-6.132506,-3.173967,3,walking
1519421754449,-19.603912,-6.323997,-3.346309,3,walking
1519421754457,-19.603912,-6.745278,-2.5228968,3,walking
1519421754466,-19.603912,-6.716554,-2.0824668,3,walking
1519421754470,-19.603912,-6.592085,-1.79523,3,walking
1519421754475,-19.603912,-6.458041,-1.5558661,3,walking
1519421754518,-12.221927,-6.544212,-2.6282167,3,walking
1519421754527,-11.293194,-6.8122997,-2.7814097,3,walking
1519421754535,-11.101703,-6.936769,-3.0877957,3,walking
1519421754544,-11.26447,-6.2474008,-4.169721,3,walking
1519421754554,-11.26447,-5.38569,-4.2654667,3,walking
1519421754559,-11.331492,-4.456958,-4.1888704,3,walking
1519421754564,-11.714475,-3.9590807,-4.0931244,3,walking
1519421754595,-13.820878,-1.5175679,-4.131423,3,walking
1519421754604,-13.332576,-1.3643749,-3.8824842,3,walking
1519421754612,-12.107032,-1.1824582,-3.4133308,3,walking
1519421754624,-11.676176,-1.1537346,-3.059072,3,walking
1519421754633,-10.967659,-1.2111819,-2.88673,3,walking
1519421754639,-10.757019,-1.2782038,-2.819708,3,walking
1519421754685,-7.3006024,-0.45479164,-2.475024,3,walking
1519421754694,-6.7548523,-0.70373017,-2.8580062,3,walking
1519421754701,-6.151655,-1.2973529,-3.078221,3,walking
1519421754708,-5.988888,-1.469695,-3.126094,3,walking
1519421754713,-5.82612,-1.6611862,-3.212265,3,walking
1519421754723,-5.3186684,-2.3122563,-2.9920502,3,walking
1519421754728,-5.2420716,-2.4558747,-3.0303483,3,walking
1519421754733,-5.1176023,-2.647366,-2.8771553,3,walking
1519421754739,-5.06973,-3.1548176,-2.7431116,3,walking
1519421754744,-5.06973,-3.4420545,-2.580344,3,walking
1519421754749,-5.146326,-3.6526947,-2.5228968,3,walking
1519421754754,-5.3569665,-4.121848,-2.2643836,3,walking
1519421754759,-5.481436,-4.322914,-2.1590633,3,walking
1519421754765,-5.6154795,-4.5335546,-2.1207652,3,walking
1519421754769,-5.8931417,-4.8590894,-2.149489,3,walking
1519421754774,-6.017611,-4.9739842,-2.0728924,3,walking
1519421754779,-6.132506,-5.0314317,-2.0633178,3,walking
1519421754783,-6.2474008,-5.079304,-1.948423,3,walking
1519421754794,-6.697405,-4.8590894,-1.8526775,3,walking
1519421754798,-6.8027253,-4.782493,-1.8335283,3,walking
1519421754803,-6.850598,-4.648449,-1.776081,3,walking
1519421754813,-7.02294,-4.3612123,-1.5271424,3,walking
1519421754818,-7.0803876,-4.236743,-1.4409714,3,walking
1519421754824,-7.1857076,-4.131423,-1.4313968,3,walking
1519421754829,-7.3676243,-3.8058877,-1.3452257,3,walking
1519421754835,-7.482519,-3.6526947,-1.3548003,3,walking
1519421754839,-7.654861,-3.4037561,-1.2590547,3,walking
1519421754845,-7.741032,-3.346309,-1.1824582,3,walking
1519421754849,-7.7506065,-3.212265,-1.0867126,3,walking
1519421754855,-7.846352,-3.0877957,-1.0005416,3,walking
1519421754860,-8.037844,-2.819708,-0.78990126,3,walking
1519421754865,-8.124015,-2.6856642,-0.71330476,3,walking
1519421754870,-8.334655,-2.34098,-0.28244954,3,walking
1519421754875,-8.334655,-2.34098,-0.28244954,3,walking
1519421754880,-8.526146,-2.0058703,0.14840569,3,walking
1519421754885,-8.631466,-1.948423,0.2920241,3,walking
1519421754890,-8.842107,-1.929274,0.45479164,3,walking
1519421754894,-8.842107,-1.929274,0.45479164,3,walking
1519421754898,-9.0814705,-1.9579976,0.6271337,3,walking
1519421754903,-9.129343,-1.929274,0.665432,3,walking
1519421754908,-9.158067,-1.9388485,0.7324539,3,walking
1519421754914,-9.167642,-1.9196993,0.78032666,3,walking
1519421754919,-9.20594,-1.9005502,0.8090504,3,walking
1519421754924,-9.234664,-1.8909757,0.8090504,3,walking
1519421754929,-9.18679,-1.8239537,0.83777404,3,walking
1519421754935,-9.158067,-1.776081,0.8473486,3,walking
1519421754939,-9.110194,-1.7569319,0.8664977,3,walking
1519421754945,-9.091045,-1.6707608,0.8281995,3,walking
1519421754949,-9.043172,-1.5941644,0.8186249,3,walking
1519421754954,-9.110194,-1.5462915,0.77075213,3,walking
1519421754958,-9.148493,-1.5079932,0.665432,3,walking
1519421754964,-9.244238,-1.4122477,0.5792609,3,walking
1519421754969,-9.41658,-1.3260766,0.44521707,3,walking
1519421754974,-9.5219,-1.3356512,0.2920241,3,walking
1519421754984,-9.780414,-1.3356512,0.17712937,3,walking
1519421754992,-10.125097,-1.5367169,-0.11968201,3,walking
1519421754998,-10.316589,-1.5271424,-0.18670394,3,walking
1519421755003,-10.393186,-1.5750152,-0.20585304,3,walking
1519421755009,-10.699572,-1.7856555,-0.46436617,3,walking
1519421755013,-10.82404,-1.929274,-0.512239,3,walking
1519421755022,-11.408089,-2.0537431,-0.7994758,3,walking
1519421755029,-11.685751,-2.2452345,-1.0484143,3,walking
1519421755034,-11.819795,-2.34098,-1.0867126,3,walking
1519421755042,-12.116607,-2.5994933,-1.0484143,3,walking
1519421755048,-12.212352,-2.647366,-1.0675635,3,walking
1519421755053,-12.260224,-2.7048132,-1.0292653,3,walking
1519421755058,-12.288948,-2.8101335,-0.9526688,3,walking
1519421755063,-12.269799,-2.8101335,-0.8952214,3,walking
1519421755068,-12.231501,-2.819708,-0.85692316,3,walking
1519421755073,-12.135756,-2.733537,-0.8281995,3,walking
1519421755083,-11.762347,-2.5994933,-0.6845811,3,walking
1519421755088,-11.637878,-2.561195,-0.59841,3,walking
1519421755093,-11.49426,-2.4654493,-0.59841,3,walking
1519421755098,-11.168725,-2.34098,-0.64628285,3,walking
1519421755103,-11.015532,-2.2452345,-0.64628285,3,walking
1519421755112,-10.699572,-2.187787,-0.5792609,3,walking
1519421755119,-10.460207,-2.1303396,-0.6558574,3,walking
1519421755123,-10.383611,-2.1303396,-0.77075213,3,walking
1519421755132,-10.881488,-1.8909757,-1.5654407,3,walking
1519421755138,-11.36979,-1.8718265,-1.7665064,3,walking
1519421755143,-11.963413,-1.9005502,-1.8814012,3,walking
1519421755148,-12.863422,-2.321831,-1.6707608,3,walking
1519421755156,-13.035764,-3.126094,-1.2303311,3,walking
1519421755161,-12.911295,-3.5569491,-0.8664977,3,walking
1519421755167,-12.365545,-4.2463174,-0.0718092,3,walking
1519421755208,-10.977234,-4.131423,0.00478728,3,walking
1519421755216,-10.967659,-3.9399316,-0.26330042,3,walking
1519421755224,-11.15915,-3.2409887,-1.0771381,3,walking
1519421755231,-11.551707,-2.647366,-1.6803354,3,walking
1519421755239,-12.078308,-2.1303396,-2.321831,3,walking
1519421755245,-12.288948,-1.9005502,-2.5707695,3,walking
1519421755250,-12.470865,-1.6803354,-2.905879,3,walking
1519421755258,-12.825124,-1.1920328,-3.5378,3,walking
1519421755263,-12.872996,-1.0675635,-3.6239712,3,walking
1519421755272,-12.777251,-0.98139244,-3.7867386,3,walking
1519421755278,-12.6527815,-0.9718179,-3.690993,3,walking
1519421755283,-12.604909,-0.9526688,-3.5665238,3,walking
1519421755293,-12.490014,-0.98139244,-3.5090764,3,walking
1519421755298,-12.327247,-1.1345854,-3.5378,3,walking
1519421755303,-12.145329,-1.3165021,-3.4707782,3,walking
1519421755308,-12.202777,-1.4984187,-3.5282254,3,walking
1519421755314,-12.174053,-1.5654407,-3.4420545,3,walking
1519421755318,-12.145329,-1.5941644,-3.4133308,3,walking
1519421755324,-12.030436,-1.6516117,-3.4037561,3,walking
1519421755329,-11.791071,-1.7856555,-3.4133308,3,walking
1519421755334,-11.743198,-1.7856555,-3.451629,3,walking
1519421755339,-11.714475,-1.7473572,-3.365458,3,walking
1519421755345,-11.570856,-1.7473572,-3.2505634,3,walking
1519421755350,-11.455961,-1.6899099,-3.0973704,3,walking
1519421755355,-11.28362,-1.6899099,-3.0303483,3,walking
1519421755360,-11.072979,-1.6899099,-2.9250283,3,walking
1519421755365,-10.833615,-1.6994845,-2.7909844,3,walking
1519421755370,-10.680422,-1.6516117,-2.7622607,3,walking
1519421755377,-10.584677,-1.6803354,-2.7431116,3,walking
1519421755383,-10.249567,-1.7377827,-2.7239625,3,walking
1519421755388,-9.952756,-1.8814012,-2.5420458,3,walking
1519421755394,-9.85701,-1.9388485,-2.4367256,3,walking
1519421755398,-9.665519,-2.0250196,-2.408002,3,walking
1519421755404,-9.502751,-2.034594,-2.34098,3,walking
1519421755408,-9.368708,-2.0441687,-2.2260852,3,walking
1519421755412,-9.225089,-2.0250196,-2.1399143,3,walking
1519421755422,-9.071896,-2.2069361,-2.360129,3,walking
1519421755427,-9.033598,-2.2260852,-2.427151,3,walking
1519421755432,-8.899554,-2.2069361,-2.4654493,3,walking
1519421755438,-8.631466,-2.0728924,-2.4367256,3,walking
1519421755443,-8.497422,-1.9675722,-2.4654493,3,walking
1519421755447,-8.401677,-1.8048047,-2.5228968,3,walking
1519421755452,-8.296356,-1.8048047,-2.494173,3,walking
1519421755458,-8.181462,-1.6899099,-2.5899186,3,walking
1519421755463,-8.152739,-1.6803354,-2.6377914,3,walking
1519421755472,-7.9803963,-1.6994845,-2.8292825,3,walking
1519421755478,-7.7506065,-1.709059,-2.7814097,3,walking
1519421755483,-7.6452866,-1.6611862,-2.733537,3,walking
1519421755488,-7.5303917,-1.622888,-2.6760898,3,walking
1519421755494,-7.4920936,-1.6899099,-2.6569405,3,walking
1519421755498,-7.4537954,-1.7473572,-2.5994933,3,walking
1519421755503,-7.434646,-1.79523,-2.5707695,3,walking
1519421755512,-7.3006024,-1.8718265,-2.427151,3,walking
1519421755517,-7.204857,-1.8909757,-2.321831,3,walking
1519421755523,-7.1665583,-1.8431029,-2.2931073,3,walking
1519421755528,-7.051664,-1.8431029,-2.1207652,3,walking
1519421755533,-6.9654927,-1.9101248,-2.0441687,3,walking
1519421755538,-6.9463434,-1.9005502,-1.9101248,3,walking
1519421755543,-6.821874,-1.948423,-1.7665064,3,walking
1519421755548,-6.7069798,-1.9675722,-1.5558661,3,walking
1519421755553,-6.6591067,-1.9196993,-1.4601204,3,walking
1519421755557,-6.5537868,-1.9675722,-1.3260766,3,walking
1519421755562,-6.5346375,-1.948423,-1.3069274,3,walking
1519421755568,-6.391019,-2.0058703,-1.0962871,3,walking
1519421755573,-6.3622956,-2.0058703,-1.0101161,3,walking
1519421755581,-6.180379,-2.1111906,-0.78990126,3,walking
1519421755587,-6.103782,-2.168638,-0.7420284,3,walking
1519421755592,-6.027186,-2.187787,-0.751603,3,walking
1519421755601,-5.739949,-2.3314054,-0.63670826,3,walking
1519421755607,-5.7112255,-2.3792782,-0.61755913,3,walking
1519421755612,-5.5771813,-2.4654493,-0.5218136,3,walking
1519421755617,-5.38569,-2.7239625,-0.40691882,3,walking
1519421755622,-5.3186684,-2.8292825,-0.2441513,3,walking
1519421755627,-5.2707953,-2.972901,-0.14840569,3,walking
1519421755631,-5.2133484,-3.1069448,-0.110107444,3,walking
1519421755638,-5.194199,-3.3080106,0.014361841,3,walking
1519421755643,-5.232497,-3.451629,0.11968201,3,walking
1519421755648,-5.2899446,-3.7005677,0.33032233,3,walking
1519421755653,-5.2899446,-3.7005677,0.33032233,3,walking
1519421755658,-5.4239883,-3.8729098,0.50266445,3,walking
1519421755663,-5.452712,-3.9399316,0.61755913,3,walking
1519421755668,-5.6250544,-4.0739756,0.7420284,3,walking
1519421755674,-5.739949,-4.121848,0.7228793,3,walking
1519421755679,-5.7686725,-4.1026993,0.78990126,3,walking
1519421755684,-5.835695,-4.121848,0.85692316,3,walking
1519421755689,-6.065484,-4.131423,0.99096704,3,walking
1519421755694,-6.1229315,-4.1122737,1.0388398,3,walking
1519421755699,-6.218677,-4.0548263,1.0292653,3,walking
1519421755705,-6.458041,-3.9399316,1.1154363,3,walking
1519421755710,-6.592085,-3.9016335,1.1345854,3,walking
1519421755716,-6.869747,-3.7005677,1.0579889,3,walking
1519421755722,-6.936769,-3.6431203,1.0101161,3,walking
1519421755729,-7.204857,-3.5473747,0.9718179,3,walking
1519421755734,-7.434646,-3.4707782,0.8186249,3,walking
1519421755740,-7.5591154,-3.4229054,0.751603,3,walking
1519421755750,-7.9516726,-3.2792869,0.5888355,3,walking
1519421755756,-8.085716,-3.2409887,0.49308985,3,walking
1519421755762,-8.372953,-3.1643922,0.32074776,3,walking
1519421755767,-8.5740185,-3.1452432,0.26330042,3,walking
1519421755772,-8.717637,-3.126094,0.11968201,3,walking
1519421755777,-8.842107,-3.078221,0.062234644,3,walking
1519421755781,-9.177217,-3.078221,-0.110107444,3,walking
1519421755787,-9.31126,-3.078221,-0.2154276,3,walking
1519421755792,-9.454879,-3.039923,-0.33032233,3,walking
1519421755797,-9.6942425,-3.0303483,-0.56968635,3,walking
1519421755803,-9.847435,-3.0303483,-0.76117754,3,walking
1519421755807,-9.914457,-3.0494976,-0.77075213,3,walking
1519421755813,-9.971905,-3.0494976,-0.78032666,3,walking
1519421755817,-10.115523,-3.1643922,-0.8090504,3,walking
1519421755823,-10.134672,-3.2218397,-0.83777404,3,walking
1519421755828,-10.19212,-3.3175852,-0.8664977,3,walking
1519421755833,-10.19212,-3.3175852,-0.8664977,3,walking
1519421755838,-10.239992,-3.4229054,-0.8090504,3,walking
1519421755843,-10.249567,-3.4612036,-0.76117754,3,walking
1519421755848,-10.527229,-3.518651,-0.64628285,3,walking
1519421755854,-10.680422,-3.5473747,-0.56011176,3,walking
1519421755858,-10.871913,-3.5760984,-0.512239,3,walking
1519421755864,-11.216598,-3.5378,-0.5792609,3,walking
1519421755869,-12.298523,-3.1643922,-1.0388398,3,walking
1519421755874,-13.074062,-2.9250283,-1.3930986,3,walking
1519421755882,-15.08472,-2.5707695,-2.2260852,3,walking
1519421755887,-16.501755,-2.7048132,-2.34098,3,walking
1519421755891,-16.5975,-2.972901,-2.3026817,3,walking
1519421755934,-11.542132,-3.9590807,-2.647366,3,walking
1519421755942,-10.804892,-4.2463174,-2.972901,3,walking
1519421755971,-9.675094,-4.2558923,-3.193116,3,walking
1519421755977,-10.029352,-4.342063,-2.8771553,3,walking
1519421755982,-10.316589,-4.389936,-2.6856642,3,walking
1519421755986,-10.642124,-4.476107,-2.6186423,3,walking
1519421755991,-11.082554,-4.5718527,-2.714388,3,walking
1519421755997,-12.0400095,-4.476107,-2.9537518,3,walking
1519421756002,-12.336822,-4.3707867,-2.972901,3,walking
1519421756006,-12.375119,-4.284616,-2.9633265,3,walking
1519421756011,-12.3463955,-4.121848,-2.88673,3,walking
1519421756017,-12.164479,-3.4420545,-2.9537518,3,walking
1519421756021,-11.992137,-3.0016246,-2.972901,3,walking
1519421756030,-11.628304,-2.2356598,-3.126094,3,walking
1519421756037,-11.044255,-1.4218222,-3.3558834,3,walking
1519421756041,-10.852764,-0.9622433,-3.499502,3,walking
1519421756048,-10.479357,-0.09095833,-3.9495063,3,walking
1519421756053,-10.249567,0.2920241,-4.1122737,3,walking
1519421756057,-10.115523,0.61755913,-4.322914,3,walking
1519421756061,-10.010203,0.8186249,-4.543129,3,walking
1519421756067,-9.885734,1.0101161,-4.658024,3,walking
1519421756071,-9.7899885,0.8760723,-4.648449,3,walking
1519421756076,-9.665519,0.59841,-4.495256,3,walking
1519421756080,-9.5219,0.22500217,-4.4186597,3,walking
1519421756086,-9.244238,-0.63670826,-4.1601467,3,walking
1519421756091,-9.071896,-1.0484143,-4.0356774,3,walking
1519421756096,-8.985725,-1.4984187,-3.8824842,3,walking
1519421756101,-8.842107,-1.9005502,-3.758015,3,walking
1519421756107,-8.5740185,-2.580344,-3.4324799,3,walking
1519421756113,-8.372953,-2.800559,-3.2218397,3,walking
1519421756117,-7.9516726,-3.1356685,-2.9346027,3,walking
1519421756122,-7.9516726,-3.1356685,-2.9346027,3,walking
1519421756127,-7.5782647,-3.384607,-2.7431116,3,walking
1519421756131,-7.4729443,-3.3941817,-2.714388,3,walking
1519421756137,-7.329326,-3.384607,-2.6186423,3,walking
1519421756141,-7.2910275,-3.346309,-2.5228968,3,walking
1519421756146,-7.2718787,-3.2218397,-2.5324712,3,walking
1519421756151,-7.2144313,-3.0973704,-2.513322,3,walking
1519421756157,-7.137835,-2.905879,-2.408002,3,walking
1519421756162,-7.1186857,-2.8388572,-2.3122563,3,walking
1519421756167,-7.089962,-2.800559,-2.2069361,3,walking
1519421756172,-7.02294,-2.7048132,-2.0441687,3,walking
1519421756177,-6.9654927,-2.5420458,-1.776081,3,walking
1519421756181,-6.9942164,-2.513322,-1.6324625,3,walking
1519421756185,-7.0133657,-2.427151,-1.5845897,3,walking
1519421756190,-7.0612383,-2.4463003,-1.4601204,3,walking
1519421756197,-7.1186857,-2.475024,-1.2303311,3,walking
1519421756203,-7.1665583,-2.4845984,-1.0962871,3,walking
1519421756207,-7.2623043,-2.4654493,-0.8664977,3,walking
1519421756212,-7.2623043,-2.4654493,-0.8664977,3,walking
1519421756217,-7.35805,-2.5228968,-0.6271337,3,walking
1519421756222,-7.434646,-2.5228968,-0.6079846,3,walking
1519421756227,-7.616563,-2.6090677,-0.512239,3,walking
1519421756233,-7.6452866,-2.647366,-0.4356425,3,walking
1519421756237,-7.7984796,-2.7048132,-0.45479164,3,walking
1519421756241,-7.846352,-2.714388,-0.42606795,3,walking
1519421756246,-8.047418,-2.752686,-0.4164934,3,walking
1519421756251,-8.133589,-2.7622607,-0.40691882,3,walking
1519421756256,-8.1623125,-2.8388572,-0.36862057,3,walking
1519421756261,-8.210186,-2.905879,-0.3877697,3,walking
1519421756266,-8.305931,-2.9824755,-0.33032233,3,walking
1519421756272,-8.34423,-3.0016246,-0.2920241,3,walking
1519421756277,-8.430401,-3.0016246,-0.28244954,3,walking
1519421756282,-8.487848,-3.0494976,-0.23457673,3,walking
1519421756287,-8.564445,-3.1069448,-0.11968201,3,walking
1519421756292,-8.679339,-3.126094,-0.09095833,3,walking
1519421756297,-8.832532,-3.173967,0.043085523,3,walking
1519421756302,-8.832532,-3.173967,0.043085523,3,walking
1519421756307,-8.947427,-3.193116,0.2154276,3,walking
1519421756312,-9.091045,-3.173967,0.26330042,3,walking
1519421756317,-9.339984,-2.972901,0.3398969,3,walking
1519421756322,-9.397431,-2.8580062,0.3111732,3,walking
1519421756327,-9.464453,-2.6952388,0.40691882,3,walking
1519421756332,-9.531475,-2.5324712,0.4835153,3,walking
1519421756338,-9.684668,-2.2739582,0.5218136,3,walking
1519421756342,-9.684668,-2.0633178,0.5888355,3,walking
1519421756347,-9.703817,-1.9675722,0.6079846,3,walking
1519421756353,-9.780414,-1.6994845,0.63670826,3,walking
1519421756358,-9.684668,-1.6037389,0.6558574,3,walking
1519421756363,-9.617646,-1.6133134,0.70373017,3,walking
1519421756368,-9.550624,-1.4888442,0.7228793,3,walking
1519421756373,-9.636795,-1.4026731,0.7228793,3,walking
1519421756378,-9.483603,-1.4026731,0.7228793,3,walking
1519421756383,-9.435729,-1.3643749,0.7420284,3,walking
1519421756388,-9.426155,-1.3739494,0.70373017,3,walking
1519421756399,-9.301685,-1.5462915,0.77075213,3,walking
1519421756404,-9.320834,-1.5750152,0.7994758,3,walking
1519421756409,-9.29211,-1.6707608,0.8281995,3,walking
1519421756414,-9.320834,-1.8814012,0.90479594,3,walking
1519421756419,-9.397431,-1.9196993,0.8760723,3,walking
1519421756425,-9.445304,-2.015445,0.92394507,3,walking
1519421756431,-9.636795,-2.2165108,0.91437054,3,walking
1519421756436,-9.722966,-2.3314054,0.90479594,3,walking
1519421756441,-9.7899885,-2.4558747,0.8090504,3,walking
1519421756446,-10.06765,-2.6186423,0.665432,3,walking
1519421756452,-10.239992,-2.714388,0.5218136,3,walking
1519421756456,-10.642124,-2.7814097,0.2920241,3,walking
1519421756462,-10.642124,-2.7814097,0.2920241,3,walking
1519421756467,-11.130426,-2.8580062,0.03351096,3,walking
1519421756472,-11.350641,-2.8771553,-0.043085523,3,walking
1519421756476,-11.82937,-3.0016246,-0.20585304,3,walking
1519421756481,-11.82937,-3.0016246,-0.20585304,3,walking
1519421756486,-12.269799,-3.039923,-0.22500217,3,walking
1519421756491,-12.403843,-3.0686467,-0.23457673,3,walking
1519421756496,-12.528313,-3.0303483,-0.2154276,3,walking
1519421756501,-12.518738,-2.9537518,-0.20585304,3,walking
1519421756505,-12.499589,-2.8580062,-0.27287498,3,walking
1519421756510,-12.509163,-2.6952388,-0.2920241,3,walking
1519421756516,-12.451715,-2.360129,-0.36862057,3,walking
1519421756520,-12.403843,-2.2356598,-0.40691882,3,walking
1519421756525,-12.365545,-2.0920415,-0.40691882,3,walking
1519421756530,-12.317672,-1.9962958,-0.46436617,3,walking
1519421756536,-12.212352,-1.9005502,-0.44521707,3,walking
1519421756540,-11.972988,-1.7665064,-0.56011176,3,walking
1519421756545,-11.82937,-1.6994845,-0.5792609,3,walking
1519421756550,-11.72405,-1.5845897,-0.6079846,3,walking
1519421756556,-11.4272375,-1.4792696,-0.6750065,3,walking
1519421756561,-11.26447,-1.4313968,-0.69415563,3,walking
1519421756566,-11.072979,-1.4505459,-0.8090504,3,walking
1519421756572,-11.072979,-1.4505459,-0.8090504,3,walking
1519421756576,-11.274045,-1.5845897,-1.2303311,3,walking
1519421756582,-11.666602,-1.622888,-1.4409714,3,walking
1519421756587,-12.758101,-1.8718265,-1.6707608,3,walking
1519421756592,-13.169807,-2.1782124,-1.5558661,3,walking
1519421756599,-13.380448,-3.1069448,-0.8090504,3,walking
1519421756606,-12.911295,-4.08355,-0.081383765,3,walking
1519421756611,-12.576185,-4.504831,0.18670394,3,walking
1519421756652,-11.762347,-4.6293,-0.8856468,3,walking
1519421756660,-11.771922,-4.437809,-1.1250108,3,walking
1519421756667,-11.771922,-3.7197168,-1.709059,3,walking
1519421756674,-11.714475,-3.5665238,-1.862252,3,walking
1519421756679,-11.676176,-3.4324799,-1.9388485,3,walking
1519421756683,-11.647452,-3.3175852,-2.0058703,3,walking
1519421756688,-11.49426,-3.0877957,-2.1303396,3,walking
1519421756692,-11.321918,-3.020774,-2.1399143,3,walking
1519421756697,-11.216598,-2.9346027,-2.2165108,3,walking
1519421756701,-11.178299,-2.8292825,-2.1973617,3,walking
1519421756705,-11.168725,-2.7239625,-2.1782124,3,walking
1519421756710,-11.168725,-2.6952388,-2.1973617,3,walking
1519421756715,-11.245321,-2.6952388,-2.2356598,3,walking
1519421756720,-11.503835,-2.5994933,-2.168638,3,walking
1519421756724,-11.590006,-2.561195,-2.1303396,3,walking
1519421756730,-11.7336235,-2.6090677,-2.0920415,3,walking
1519421756735,-11.858093,-2.7718353,-2.1399143,3,walking
1519421756740,-12.269799,-3.2697124,-2.2069361,3,walking
1519421756745,-12.480439,-3.5665238,-2.101616,3,walking
1519421756749,-12.729378,-3.8824842,-2.0728924,3,walking
1519421756755,-13.284702,-4.5335546,-2.1207652,3,walking
1519421756760,-13.533641,-4.868664,-2.2643836,3,walking
1519421756767,-13.945347,-5.586756,-2.752686,3,walking
1519421756772,-14.165563,-5.9314404,-3.039923,3,walking
1519421756777,-14.567694,-6.2761245,-3.4229054,3,walking
1519421756820,-16.032602,-5.787822,-4.3612123,3,walking
1519421756828,-15.774088,-5.787822,-4.3133397,3,walking
1519421756836,-15.63047,-5.912291,-4.0644007,3,walking
1519421756844,-15.180466,-6.2474008,-3.5473747,3,walking
1519421756848,-14.682589,-6.6495323,-2.8101335,3,walking
1519421756853,-14.366628,-6.764427,-2.3697038,3,walking
1519421756857,-14.09854,-6.8793216,-2.0824668,3,walking
1519421756866,-13.44747,-7.2240057,-1.5079932,3,walking
1519421756871,-13.121935,-7.4729443,-1.2303311,3,walking
1519421756875,-12.729378,-8.056993,-0.85692316,3,walking
1519421756880,-12.56661,-8.277207,-0.8473486,3,walking
1519421756885,-12.260224,-8.545295,-0.69415563,3,walking
1519421756890,-12.078308,-8.746361,-0.6558574,3,walking
1519421756895,-11.867668,-8.842107,-0.71330476,3,walking
1519421756900,-11.341067,-8.851681,-0.8664977,3,walking
1519421756904,-11.111278,-8.870831,-0.9622433,3,walking
1519421756909,-10.71872,-8.947427,-0.9622433,3,walking
1519421756915,-10.536804,-8.889979,-1.0579889,3,walking
1519421756920,-10.0868,-8.506997,-1.3452257,3,walking
1519421756924,-9.799562,-8.191036,-1.5750152,3,walking
1519421756929,-9.349558,-7.9325233,-1.6994845,3,walking
1519421756936,-8.497422,-7.4154973,-1.8048047,3,walking
1519421756940,-8.018694,-7.156984,-1.6994845,3,walking
1519421756945,-7.137835,-6.5059137,-1.7186337,3,walking
1519421756997,-2.427151,-4.2654667,-0.69415563,3,walking
1519421757002,-2.2739582,-4.275041,-0.56968635,3,walking
1519421757007,-2.1207652,-4.1409974,-0.512239,3,walking
1519421757011,-1.8718265,-4.0069537,-0.49308985,3,walking
1519421757017,-1.6324625,-3.5952475,-0.33032233,3,walking
1519421757021,-1.6324625,-3.5952475,-0.33032233,3,walking
1519421757025,-1.6899099,-3.126094,-0.11968201,3,walking
1519421757030,-1.709059,-2.7814097,0.014361841,3,walking
1519421757035,-1.7186337,-2.015445,-0.09095833,3,walking
1519421757040,-1.7186337,-2.015445,-0.09095833,3,walking
1519421757045,-1.8143792,-1.6994845,-0.043085523,3,walking
1519421757049,-2.0058703,-0.9430942,0.16755481,3,walking
1519421757055,-2.0441687,-0.2441513,0.12925656,3,walking
1519421757059,-1.948423,-0.014361841,0.26330042,3,walking
1519421757065,-1.8431029,0.062234644,0.3398969,3,walking
1519421757070,-1.6707608,0.20585304,0.40691882,3,walking
1519421757074,-1.6133134,0.062234644,0.46436617,3,walking
1519421757079,-1.5941644,-0.19627848,0.56011176,3,walking
1519421757084,-1.4601204,-0.4835153,0.6750065,3,walking
1519421757089,-1.4888442,-0.8281995,0.71330476,3,walking
1519421757095,-1.2399056,-1.7473572,1.1920328,3,walking
1519421757100,-1.0579889,-2.254809,1.3452257,3,walking
1519421757105,-0.8473486,-2.7909844,1.4601204,3,walking
1519421757109,-0.64628285,-3.4899273,1.862252,3,walking
1519421757115,0.014361841,-5.988888,2.0633178,3,walking
1519421757120,-0.23457673,-6.525063,1.8239537,3,walking
1519421757125,-1.7186337,-6.438892,4.2463174,3,walking
1519421757140,0.19627848,-4.5239797,4.801642,3,walking
1519421757145,-0.023936402,-3.1835413,3.8346114,3,walking
1519421757149,-0.00478728,-3.4707782,4.0261025,3,walking
1519421757155,0.16755481,-4.4473834,4.428234,3,walking
1519421757160,0.37819514,-5.462287,4.7920675,3,walking
1519421757164,0.32074776,-6.3144226,4.456958,3,walking
1519421757185,0.00478728,-7.6069884,3.825037,3,walking
1519421757191,0.18670394,-8.6697645,4.0739756,3,walking
1519421757198,0.32074776,-8.995299,4.1601467,3,walking
1519421757222,1.5750152,-8.171887,4.5239797,3,walking
1519421757227,1.8143792,-8.171887,4.466532,3,walking
1519421757231,2.0920415,-8.564445,4.198445,3,walking
1519421757258,2.7814097,-10.010203,3.7197168,3,walking
1519421757262,3.0877957,-10.172971,3.5569491,3,walking
1519421757268,3.3941817,-10.2016945,3.5090764,3,walking
1519421757277,4.121848,-10.441058,3.346309,3,walking
1519421757281,4.6675982,-11.101703,3.1356685,3,walking
1519421757286,4.6293,-11.532558,3.078221,3,walking
1519421757290,4.6293,-11.532558,3.078221,3,walking
1519421757295,3.825037,-12.135756,3.193116,3,walking
1519421757299,3.173967,-12.221927,3.1069448,3,walking
1519421757304,2.6282167,-12.164479,3.1165195,3,walking
1519421757308,2.1782124,-12.107032,3.1165195,3,walking
1519421757317,1.3739494,-12.212352,3.126094,3,walking
1519421757321,0.6271337,-12.3463955,3.2505634,3,walking
1519421757326,0.4164934,-12.3463955,3.3750327,3,walking
1519421757330,0.28244954,-12.3463955,3.4803526,3,walking
1519421757334,0.23457673,-12.202777,3.5665238,3,walking
1519421757339,0.14840569,-11.944264,3.5952475,3,walking
1519421757344,0.00478728,-11.38894,3.604822,3,walking
1519421757349,0.014361841,-11.178299,3.6526947,3,walking
1519421757354,0.10053288,-10.996383,3.671844,3,walking
1519421757359,0.23457673,-10.891063,3.7388659,3,walking
1519421757364,0.4356425,-10.776168,3.8058877,3,walking
1519421757369,0.8473486,-10.517654,3.911208,3,walking
1519421757374,1.0196906,-10.488931,3.8920588,3,walking
1519421757379,1.1824582,-10.632549,3.825037,3,walking
1519421757384,1.3069274,-11.235746,3.6431203,3,walking
1519421757389,1.2782038,-11.503835,3.4899273,3,walking
1519421757394,1.1824582,-11.618729,3.3175852,3,walking
1519421757398,1.0867126,-11.637878,3.1356685,3,walking
1519421757404,0.78990126,-11.542132,2.6856642,3,walking
1519421757408,0.6079846,-11.417664,2.494173,3,walking
1519421757414,0.4356425,-11.341067,2.3697038,3,walking
1519421757419,0.2920241,-11.197449,2.2356598,3,walking
1519421757424,-0.09095833,-10.891063,2.015445,3,walking
1519421757429,-0.20585304,-10.833615,1.8526775,3,walking
1519421757434,-0.359046,-10.728295,1.7282082,3,walking
1519421757439,-0.5888355,-10.699572,1.6037389,3,walking
1519421757443,-0.5888355,-10.699572,1.6037389,3,walking
1519421757449,-0.7324539,-10.460207,1.6994845,3,walking
1519421757454,-0.7228793,-9.971905,1.948423,3,walking
1519421757458,-0.6845811,-9.675094,2.101616,3,walking
1519421757464,-0.5792609,-9.397431,2.321831,3,walking
1519421757469,-0.46436617,-9.225089,2.5420458,3,walking
1519421757474,-0.28244954,-9.043172,2.6377914,3,walking
1519421757478,0.043085523,-8.842107,2.9154537,3,walking
1519421757484,0.16755481,-8.755936,3.059072,3,walking
1519421757489,0.32074776,-8.708063,3.1069448,3,walking
1519421757494,0.49308985,-8.650616,2.8484318,3,walking
1519421757499,0.4835153,-8.784659,3.0303483,3,walking
1519421757504,0.4356425,-8.947427,3.2601378,3,walking
1519421757509,0.4356425,-8.947427,3.2601378,3,walking
1519421757514,0.8664977,-9.167642,2.9537518,3,walking
1519421757519,1.0675635,-9.378282,2.8484318,3,walking
1519421757524,1.3356512,-9.5889225,2.513322,3,walking
1519421757529,1.4218222,-9.598496,2.3888528,3,walking
1519421757534,1.469695,-9.5219,2.2835326,3,walking
1519421757539,1.5558661,-9.445304,2.187787,3,walking
1519421757544,1.622888,-9.320834,2.0920415,3,walking
1519421757549,1.8335283,-8.928278,2.0728924,3,walking
1519421757554,1.9101248,-8.736787,2.0058703,3,walking
1519421757559,1.9962958,-8.478273,2.0824668,3,walking
1519421757564,1.9101248,-7.961247,2.2356598,3,walking
1519421757569,1.9005502,-7.7506065,2.3314054,3,walking
1519421757574,1.7569319,-7.3771987,2.5037475,3,walking
1519421757579,1.7569319,-7.3771987,2.5037475,3,walking
1519421757584,1.6707608,-7.137835,2.647366,3,walking
1519421757589,1.6133134,-7.0325146,2.714388,3,walking
1519421757594,1.5462915,-6.9176197,2.8101335,3,walking
1519421757599,1.5367169,-6.898471,2.8484318,3,walking
1519421757604,1.4792696,-6.697405,3.0303483,3,walking
1519421757609,1.469695,-6.630383,3.0686467,3,walking
1519421757614,1.4218222,-6.486765,3.193116,3,walking
1519421757619,1.4218222,-6.4484663,3.3271596,3,walking
1519421757624,1.3930986,-6.4197426,3.4324799,3,walking
1519421757629,1.3260766,-6.4197426,3.5090764,3,walking
1519421757635,1.2973529,-6.4293175,3.6622694,3,walking
1519421757640,1.3069274,-6.4293175,3.758015,3,walking
1519421757645,1.2877784,-6.486765,3.7867386,3,walking
1519421757650,1.2877784,-6.486765,3.7867386,3,walking
1519421757655,1.3548003,-6.639958,3.8824842,3,walking
1519421757660,1.2973529,-6.783576,3.7867386,3,walking
1519421757665,1.2973529,-6.783576,3.7867386,3,walking
1519421757669,1.3356512,-6.821874,3.825037,3,walking
1519421757674,1.3069274,-6.821874,3.9878044,3,walking
1519421757679,1.3069274,-6.821874,4.0931244,3,walking
1519421757684,1.2877784,-6.764427,4.1888704,3,walking
1519421757689,1.2782038,-6.821874,4.2080193,3,walking
1519421757694,1.3260766,-6.8793216,4.2463174,3,walking
1519421757700,1.3165021,-6.9559183,4.169721,3,walking
1519421757705,1.2686293,-6.984642,4.0739756,3,walking
1519421757710,1.2877784,-7.0708127,4.0548263,3,walking
1519421757715,1.3165021,-7.1091113,3.9878044,3,walking
1519421757720,1.3165021,-7.0995364,3.997379,3,walking
1519421757725,1.3069274,-7.137835,3.9399316,3,walking
1519421757730,1.3739494,-7.3197513,3.8920588,3,walking
1519421757736,1.4218222,-7.511243,3.844186,3,walking
1519421757740,1.4505459,-7.7123084,3.8537605,3,walking
1519421757746,1.4888442,-7.8846507,3.8920588,3,walking
1519421757751,1.5079932,-8.056993,3.930357,3,walking
1519421757756,1.5271424,-8.133589,3.9878044,3,walking
1519421757766,1.7282082,-8.171887,4.150572,3,walking
1519421757771,1.7377827,-8.124015,4.131423,3,walking
1519421757776,1.7377827,-8.085716,4.198445,3,walking
1519421757786,1.8814012,-8.076141,4.456958,3,walking
1519421757790,1.948423,-8.066567,4.504831,3,walking
1519421757795,1.9388485,-8.085716,4.5622783,3,walking
1519421757799,1.948423,-8.095291,4.5910015,3,walking
1519421757804,1.9579976,-8.028269,4.6675982,3,walking
1519421757809,1.9675722,-8.018694,4.6771727,3,walking
1519421757814,2.0058703,-7.875076,4.696322,3,walking
1519421757819,1.9962958,-7.808054,4.715471,3,walking
1519421757824,2.0633178,-7.664436,4.811217,3,walking
1519421757830,2.101616,-7.6261373,4.849515,3,walking
1519421757835,2.1590633,-7.587839,4.887813,3,walking
1519421757840,2.2643836,-7.6069884,5.002708,3,walking
1519421757845,2.3026817,-7.654861,5.0505805,3,walking
1519421757849,2.3026817,-7.654861,5.0505805,3,walking
1519421757853,2.4367256,-7.808054,5.17505,3,walking
1519421757859,2.4654493,-7.9420977,5.2037735,3,walking
1519421757863,2.494173,-8.143164,5.194199,3,walking
1519421757870,2.5228968,-8.315506,5.194199,3,walking
1519421757874,2.4654493,-8.880404,4.9452605,3,walking
1519421757879,2.4463003,-9.253813,4.868664,3,walking
1519421757883,2.321831,-9.828286,4.6388745,3,walking
1519421757888,2.321831,-10.000628,4.581427,3,walking
1519421757893,2.2739582,-10.2016945,4.5239797,3,walking
1519421757899,2.2739582,-10.364462,4.476107,3,walking
1519421757904,2.149489,-10.565528,4.3612123,3,walking
1519421757909,2.187787,-10.642124,4.4090853,3,walking
1519421757914,2.1303396,-10.642124,4.476107,3,walking
1519421757919,2.149489,-10.517654,4.581427,3,walking
1519421757925,2.1207652,-10.335738,4.6293,3,walking
1519421757929,2.168638,-10.172971,4.7537694,3,walking
1519421757934,2.2165108,-9.732541,5.021857,3,walking
1519421757939,2.321831,-9.5219,5.17505,3,walking
1519421757945,2.3792782,-9.263388,5.3186684,3,walking
1519421757949,2.5228968,-9.004874,5.452712,3,walking
1519421757953,2.714388,-8.708063,5.567607,3,walking
1519421757958,3.0303483,-8.459125,5.7782474,3,walking
1519421757963,4.0261025,-8.23891,6.1899533,3,walking
1519421757969,4.610151,-8.353804,6.3527207,3,walking
1519421757973,5.3378177,-9.244238,6.783576,3,walking
1519421757978,5.17505,-9.761265,7.02294,3,walking
1519421758006,2.4558747,-10.910212,5.0984535,3,walking
1519421758016,2.475024,-11.848518,4.0931244,3,walking
1519421758020,2.475024,-12.413418,3.5856729,3,walking
1519421758037,2.4845984,-13.840027,2.149489,3,walking
1519421758041,2.475024,-13.715558,2.0537431,3,walking
1519421758046,2.4654493,-13.571939,2.034594,3,walking
1519421758055,2.5994933,-12.202777,2.0728924,3,walking
1519421758060,2.6760898,-11.590006,2.2835326,3,walking
1519421758082,2.475024,-10.0868,2.8292825,3,walking
1519421758087,2.2835326,-10.048501,2.8484318,3,walking
1519421758091,2.0537431,-9.924032,2.9346027,3,walking
1519421758096,1.8814012,-9.75169,2.9346027,3,walking
1519421758100,1.7473572,-9.569773,2.972901,3,walking
1519421758105,1.6899099,-9.464453,2.9920502,3,walking
1519421758145,1.7665064,-9.742115,2.7239625,3,walking
1519421758150,1.776081,-9.665519,2.666515,3,walking
1519421758155,1.79523,-9.655944,2.6377914,3,walking
1519421758164,1.948423,-9.512326,2.4367256,3,walking
1519421758168,2.034594,-9.368708,2.34098,3,walking
1519421758173,2.0250196,-9.272962,2.321831,3,walking
1519421758178,2.0920415,-9.110194,2.34098,3,walking
1519421758184,2.0633178,-8.870831,2.2643836,3,walking
1519421758189,1.9867213,-8.784659,2.3122563,3,walking
1519421758195,1.8526775,-8.631466,2.254809,3,walking
1519421758199,1.8048047,-8.516571,2.2931073,3,walking
1519421758203,1.7569319,-8.4686985,2.2452345,3,walking
1519421758208,1.7186337,-8.363379,2.2069361,3,walking
1519421758213,1.6516117,-8.152739,2.187787,3,walking
1519421758218,1.6324625,-8.056993,2.2069361,3,walking
1519421758223,1.6133134,-7.922949,2.2356598,3,walking
1519421758229,1.469695,-7.7984796,2.3792782,3,walking
1519421758234,1.5079932,-7.693159,2.408002,3,walking
1519421758239,1.4313968,-7.4059224,2.5994933,3,walking
1519421758244,1.4122477,-7.3197513,2.7909844,3,walking
1519421758249,1.3548003,-7.176133,2.9250283,3,walking
1519421758255,1.2782038,-7.0612383,3.2026904,3,walking
1519421758259,1.2590547,-7.0803876,3.212265,3,walking
1519421758265,1.2399056,-7.0708127,3.2792869,3,walking
1519421758269,1.2111819,-7.0612383,3.212265,3,walking
1519421758275,1.3069274,-6.984642,3.1452432,3,walking
1519421758279,1.2686293,-6.9463434,3.0686467,3,walking
1519421758285,1.2973529,-6.898471,3.0303483,3,walking
1519421758290,1.4122477,-6.8888965,3.0111992,3,walking
1519421758295,1.4888442,-6.831449,2.9537518,3,walking
1519421758300,1.5367169,-6.821874,2.819708,3,walking
1519421758305,1.4409714,-6.8793216,2.6952388,3,walking
1519421758310,1.3356512,-6.7740016,2.6952388,3,walking
1519421758315,1.3930986,-6.7069798,2.7048132,3,walking
1519421758324,1.383524,-6.6878304,2.800559,3,walking
1519421758328,1.383524,-6.8027253,2.7909844,3,walking
1519421758333,1.469695,-6.8027253,2.867581,3,walking
1519421758338,1.4409714,-6.850598,2.867581,3,walking
1519421758343,1.5845897,-6.7357035,3.0303483,3,walking
1519421758348,1.6994845,-6.821874,2.972901,3,walking
1519421758353,1.7282082,-6.831449,2.88673,3,walking
1519421758358,1.8718265,-6.9463434,2.8963046,3,walking
1519421758364,2.0250196,-6.9559183,2.8388572,3,walking
1519421758369,2.2739582,-7.12826,2.752686,3,walking
1519421758375,2.3888528,-7.12826,2.752686,3,walking
1519421758379,2.5420458,-7.156984,2.6856642,3,walking
1519421758383,2.5324712,-7.1665583,2.6760898,3,walking
1519421758388,2.6569405,-7.2718787,2.7622607,3,walking
1519421758393,2.9250283,-7.310177,2.800559,3,walking
1519421758398,3.0877957,-7.46337,2.752686,3,walking
1519421758403,3.212265,-7.46337,2.6952388,3,walking
1519421758408,3.212265,-7.46337,2.6952388,3,walking
1519421758413,3.3558834,-7.549541,2.819708,3,walking
1519421758419,3.4133308,-7.6740103,2.819708,3,walking
1519421758424,3.384607,-7.654861,2.800559,3,walking
1519421758429,3.4037561,-7.7793303,2.7718353,3,walking
1519421758434,3.3367343,-7.769756,2.7048132,3,walking
1519421758438,3.3367343,-7.769756,2.7048132,3,walking
1519421758443,3.2888615,-7.7506065,2.7622607,3,walking
1519421758448,3.2792869,-7.4250717,2.819708,3,walking
1519421758453,3.2984362,-7.4154973,3.0494976,3,walking
1519421758458,3.2697124,-7.204857,3.1069448,3,walking
1519421758463,3.2026904,-7.0995364,3.346309,3,walking
1519421758469,3.173967,-6.9463434,3.3175852,3,walking
1519421758473,3.231414,-6.783576,3.4899273,3,walking
1519421758478,3.231414,-6.783576,3.4899273,3,walking
1519421758483,3.231414,-6.898471,3.7388659,3,walking
1519421758488,3.1643922,-6.898471,3.758015,3,walking
1519421758493,3.2984362,-6.8888965,3.9016335,3,walking
1519421758498,3.2984362,-6.8888965,3.9016335,3,walking
1519421758503,3.3271596,-6.7548523,4.0739756,3,walking
1519421758508,3.365458,-6.5825105,4.2080193,3,walking
1519421758513,3.4229054,-6.4963393,4.2941904,3,walking
1519421758518,3.4229054,-6.4963393,4.2941904,3,walking
1519421758523,3.384607,-6.0750585,4.4090853,3,walking
1519421758528,3.4037561,-5.835695,4.322914,3,walking
1519421758534,3.346309,-5.7782474,4.284616,3,walking
1519421758543,3.2888615,-5.605905,4.121848,3,walking
1519421758548,3.3175852,-5.5484576,3.9878044,3,walking
1519421758553,3.2888615,-5.4048395,3.777164,3,walking
1519421758559,3.2792869,-5.3378177,3.7388659,3,walking
1519421758564,3.1356685,-5.17505,3.604822,3,walking
1519421758569,3.0973704,-5.1271772,3.4324799,3,walking
1519421758574,2.9824755,-5.0122824,3.346309,3,walking
1519421758579,2.7814097,-4.9739842,3.1356685,3,walking
1519421758584,2.6856642,-4.9835587,3.0686467,3,walking
1519421758589,2.513322,-4.9452605,2.9824755,3,walking
1519421758595,2.1303396,-4.926111,2.7048132,3,walking
1519421758599,1.9101248,-4.96441,2.5707695,3,walking
1519421758605,1.6707608,-4.96441,2.4558747,3,walking
1519421758615,0.63670826,-5.328243,2.0728924,3,walking
1519421758620,0.2920241,-5.567607,1.948423,3,walking
1519421758625,-0.05266008,-5.759098,1.7856555,3,walking
1519421758630,-0.6558574,-6.410168,1.3548003,3,walking
1519421758635,-0.8760723,-6.8793216,1.0771381,3,walking
1519421758645,-2.0441687,-9.091045,0.014361841,3,walking
1519421758650,-2.5324712,-10.019777,-0.28244954,3,walking
1519421758658,-3.0877957,-11.216598,-0.4835153,3,walking
1519421758663,-3.777164,-13.485768,-1.1728836,3,walking
1519421758668,-3.911208,-14.337904,-1.5750152,3,walking
1519421758673,-4.198445,-15.266637,-2.819708,3,walking
1519421758709,-4.0356774,-8.459125,-3.777164,3,walking
1519421758717,-3.930357,-7.176133,-3.231414,3,walking
1519421758724,-4.322914,-3.758015,-1.9675722,3,walking
1519421758734,-5.021857,-1.7665064,-0.7994758,3,walking
1519421758739,-5.4239883,-1.0196906,-0.23457673,3,walking
1519421758743,-6.458041,1.0675635,0.5313881,3,walking
1519421758748,-6.458041,1.0675635,0.5313881,3,walking
1519421758753,-7.8272033,3.9016335,0.6558574,3,walking
1519421758785,-14.519821,7.9708214,-2.0441687,3,walking
1519421758812,-18.483688,3.758015,-3.7005677,3,walking
1519421758817,-18.42624,3.4420545,-3.7484405,3,walking
1519421758821,-18.292198,2.647366,-3.4324799,3,walking
1519421758849,-19.46987,-3.6431203,-6.898471,3,walking
1519421758854,-19.603912,-4.935686,-7.1474094,3,walking
1519421758858,-19.603912,-4.935686,-7.1474094,3,walking
1519421758879,-18.665606,-10.546378,-6.5346375,3,walking
1519421758884,-17.363466,-11.044255,-4.926111,3,walking
1519421758888,-17.363466,-11.044255,-4.926111,3,walking
1519421758915,-13.591088,-9.263388,-3.2984362,3,walking
1519421758921,-13.217681,-8.937852,-3.499502,3,walking
1519421758926,-12.920869,-8.564445,-3.604822,3,walking
1519421758947,-11.379365,-6.7740016,-3.3271596,3,walking
1519421758951,-10.680422,-5.5101595,-2.8388572,3,walking
1519421758956,-10.278291,-4.954835,-2.6569405,3,walking
1519421758988,-10.747444,-1.3930986,-1.6899099,3,walking
1519421758995,-10.833615,-0.9526688,-1.3643749,3,walking
1519421759002,-10.852764,-0.78990126,-0.78990126,3,walking
1519421759010,-10.82404,-0.70373017,-0.23457673,3,walking
1519421759016,-10.709146,-0.6750065,-0.00478728,3,walking
1519421759020,-10.689997,-0.6271337,0.09095833,3,walking
1519421759025,-10.565528,-0.78032666,0.18670394,3,walking
1519421759030,-10.479357,-1.0196906,0.16755481,3,walking
1519421759035,-10.469782,-1.3260766,0.20585304,3,walking
1519421759044,-10.307014,-2.149489,0.3398969,3,walking
1519421759049,-10.278291,-2.34098,0.27287498,3,walking
1519421759055,-10.239992,-2.561195,0.17712937,3,walking
1519421759064,-9.96233,-3.1069448,0.0,3,walking
1519421759069,-9.837861,-3.3271596,-0.043085523,3,walking
1519421759074,-9.703817,-3.5569491,-0.00478728,3,walking
1519421759084,-9.244238,-4.303765,-0.11968201,3,walking
1519421759089,-9.148493,-4.504831,-0.18670394,3,walking
1519421759094,-9.138918,-4.6675982,-0.27287498,3,walking
1519421759100,-9.004874,-4.868664,-0.56011176,3,walking
1519421759105,-8.928278,-4.916537,-0.6845811,3,walking
1519421759114,-8.727212,-5.021857,-0.9430942,3,walking
1519421759120,-8.708063,-5.0122824,-1.0484143,3,walking
1519421759124,-8.736787,-4.993133,-1.0675635,3,walking
1519421759134,-8.736787,-4.9835587,-1.1154363,3,walking
1519421759139,-8.755936,-4.9835587,-1.0962871,3,walking
1519421759144,-8.7750845,-5.0122824,-1.0579889,3,walking
1519421759154,-8.842107,-4.9739842,-1.0388398,3,walking
1519421759159,-8.889979,-4.935686,-1.0005416,3,walking
1519421759164,-9.004874,-4.868664,-1.0005416,3,walking
1519421759170,-9.253813,-4.6771727,-0.9526688,3,walking
1519421759175,-9.359133,-4.6005764,-0.9526688,3,walking
1519421759184,-9.655944,-4.4090853,-0.93351966,3,walking
1519421759190,-10.029352,-4.236743,-0.83777404,3,walking
1519421759195,-10.2016945,-4.131423,-0.751603,3,walking
1519421759204,-10.967659,-3.8633351,-0.49308985,3,walking
1519421759210,-11.187874,-3.8058877,-0.39734426,3,walking
1519421759214,-11.36979,-3.7005677,-0.30159867,3,walking
1519421759224,-11.819795,-3.5760984,0.09095833,3,walking
1519421759229,-11.9346895,-3.518651,0.16755481,3,walking
1519421759234,-11.953838,-3.384607,0.25372586,3,walking
1519421759244,-11.848518,-2.8484318,0.23457673,3,walking
1519421759249,-11.838944,-2.5516202,0.12925656,3,walking
1519421759254,-11.791071,-2.3026817,-0.023936402,3,walking
1519421759260,-11.810221,-1.8143792,-0.2154276,3,walking
1519421759265,-11.7336235,-1.6324625,-0.359046,3,walking
1519421759270,-11.628304,-1.4026731,-0.50266445,3,walking
1519421759275,-11.484685,-1.2207564,-0.6750065,3,walking
1519421759280,-11.216598,-0.9718179,-1.0388398,3,walking
1519421759285,-11.101703,-0.9622433,-1.2590547,3,walking
1519421759289,-11.092129,-1.0005416,-1.5367169,3,walking
1519421759294,-11.321918,-1.1250108,-2.1590633,3,walking
1519421759300,-11.771922,-1.2111819,-2.494173,3,walking
1519421759305,-12.394268,-1.3069274,-2.6377914,3,walking
1519421759316,-14.0793915,-2.149489,-2.2165108,3,walking
1519421759322,-14.242159,-2.5324712,-1.8335283,3,walking
1519421759372,-11.647452,-2.4367256,-1.0867126,3,walking
1519421759380,-11.475111,-2.2260852,-1.1058618,3,walking
1519421759388,-11.044255,-1.5462915,-1.3452257,3,walking
1519421759396,-10.938935,-1.1058618,-1.5367169,3,walking
1519421759404,-10.986808,-0.7420284,-1.776081,3,walking
1519421759409,-11.082554,-0.61755913,-1.9101248,3,walking
1519421759414,-11.235746,-0.54096264,-1.9962958,3,walking
1519421759423,-11.609155,-0.7228793,-2.3122563,3,walking
1519421759429,-11.647452,-0.8664977,-2.3984275,3,walking
1519421759433,-11.657027,-1.0196906,-2.5324712,3,walking
1519421759440,-11.752773,-1.3356512,-2.7814097,3,walking
1519421759445,-11.743198,-1.4505459,-2.905879,3,walking
1519421759450,-11.72405,-1.6516117,-2.9154537,3,walking
1519421759455,-11.695326,-1.8335283,-3.0111992,3,walking
1519421759460,-11.762347,-2.101616,-3.039923,3,walking
1519421759464,-11.781497,-2.2069361,-3.0111992,3,walking
1519421759474,-11.752773,-2.5899186,-3.0494976,3,walking
1519421759480,-11.7336235,-2.5516202,-3.1548176,3,walking
1519421759485,-11.484685,-2.733537,-3.1165195,3,walking
1519421759490,-11.26447,-3.0494976,-3.231414,3,walking
1519421759496,-11.38894,-3.2792869,-3.3367343,3,walking
1519421759500,-11.302769,-3.3558834,-3.4133308,3,walking
1519421759506,-11.302769,-3.3558834,-3.4133308,3,walking
1519421759511,-10.919786,-2.9154537,-3.1548176,3,walking
1519421759516,-10.843189,-2.6377914,-2.905879,3,walking
1519421759521,-10.843189,-2.4654493,-2.867581,3,walking
1519421759526,-10.833615,-2.733537,-3.0877957,3,walking
1519421759531,-10.785743,-2.7814097,-3.0303483,3,walking
1519421759536,-10.795317,-2.733537,-2.867581,3,walking
1519421759541,-10.747444,-2.714388,-2.6569405,3,walking
1519421759549,-10.450633,-2.321831,-2.561195,3,walking
1519421759555,-10.40276,-2.1111906,-2.427151,3,walking
1519421759560,-10.2016945,-1.8526775,-2.1399143,3,walking
1519421759565,-10.0868,-1.8239537,-2.015445,3,walking
1519421759570,-10.019777,-1.7569319,-1.929274,3,walking
1519421759576,-9.971905,-1.709059,-1.8718265,3,walking
1519421759581,-9.7899885,-1.6994845,-1.8048047,3,walking
1519421759586,-9.655944,-1.622888,-1.776081,3,walking
1519421759591,-9.531475,-1.5558661,-1.8048047,3,walking
1519421759599,-9.339984,-1.5079932,-1.9962958,3,walking
1519421759604,-9.29211,-1.4888442,-2.015445,3,walking
1519421759609,-9.234664,-1.5175679,-2.101616,3,walking
1519421759615,-9.119769,-1.5558661,-2.1782124,3,walking
1519421759619,-8.909128,-1.6707608,-2.3792782,3,walking
1519421759625,-8.794233,-1.7282082,-2.5037475,3,walking
1519421759630,-8.717637,-1.7665064,-2.5899186,3,walking
1519421759635,-8.602742,-1.8143792,-2.5994933,3,walking
1519421759640,-8.34423,-1.8909757,-2.714388,3,walking
1519421759645,-8.248484,-1.9675722,-2.7239625,3,walking
1519421759650,-8.066567,-2.0824668,-2.800559,3,walking
1519421759655,-7.9899707,-2.101616,-2.8580062,3,walking
1519421759660,-7.9516726,-2.149489,-2.8580062,3,walking
1519421759665,-7.855927,-2.1782124,-2.88673,3,walking
1519421759671,-7.769756,-2.254809,-2.9824755,3,walking
1519421759676,-7.7601814,-2.2069361,-2.9537518,3,walking
1519421759681,-7.6740103,-2.187787,-2.9441774,3,walking
1519421759686,-7.6740103,-2.187787,-2.9441774,3,walking
1519421759691,-7.654861,-2.254809,-2.9824755,3,walking
1519421759698,-7.5974135,-2.3122563,-2.9154537,3,walking
1519421759704,-7.654861,-2.3122563,-2.905879,3,walking
1519421759709,-7.616563,-2.2643836,-2.819708,3,walking
1519421759715,-7.5782647,-2.2260852,-2.733537,3,walking
1519421759720,-7.434646,-2.2835326,-2.5899186,3,walking
1519421759725,-7.434646,-2.2835326,-2.5899186,3,walking
1519421759730,-7.434646,-2.360129,-2.4654493,3,walking
1519421759736,-7.4442205,-2.34098,-2.4558747,3,walking
1519421759741,-7.3771987,-2.3888528,-2.360129,3,walking
1519421759746,-7.243155,-2.34098,-2.2452345,3,walking
1519421759750,-7.1091113,-2.2356598,-2.0441687,3,walking
1519421759756,-7.1091113,-2.2356598,-2.0441687,3,walking
1519421759761,-7.003791,-2.1973617,-1.9771467,3,walking
1519421759766,-6.975067,-2.1782124,-1.9771467,3,walking
1519421759771,-6.9271946,-2.2069361,-1.9962958,3,walking
1519421759778,-6.831449,-2.1782124,-1.9962958,3,walking
1519421759784,-6.783576,-2.1590633,-2.0441687,3,walking
1519421759789,-6.783576,-2.1303396,-2.0537431,3,walking
1519421759794,-6.7357035,-2.0920415,-2.0633178,3,walking
1519421759799,-6.7357035,-2.0633178,-2.101616,3,walking
1519421759804,-6.7548523,-2.0250196,-2.1207652,3,walking
1519421759809,-6.7740016,-1.9962958,-2.1303396,3,walking
1519421759815,-6.869747,-2.015445,-2.149489,3,walking
1519421759819,-6.9559183,-2.0250196,-2.1782124,3,walking
1519421759825,-7.051664,-2.0537431,-2.187787,3,walking
1519421759829,-7.12826,-2.1111906,-2.1207652,3,walking
1519421759835,-7.243155,-2.1111906,-2.0824668,3,walking
1519421759840,-7.348475,-2.187787,-2.015445,3,walking
1519421759845,-7.46337,-2.187787,-2.0250196,3,walking
1519421759850,-7.5399666,-2.2643836,-1.9196993,3,walking
1519421759855,-7.616563,-2.2643836,-1.8718265,3,walking
1519421759860,-7.6835847,-2.321831,-1.7856555,3,walking
1519421759865,-7.6835847,-2.321831,-1.7856555,3,walking
1519421759870,-7.741032,-2.3792782,-1.6420372,3,walking
1519421759875,-7.7601814,-2.3792782,-1.6037389,3,walking
1519421759881,-7.721883,-2.3314054,-1.5462915,3,walking
1519421759886,-7.6835847,-2.3888528,-1.4026731,3,walking
1519421759891,-7.5974135,-2.3888528,-1.2973529,3,walking
1519421759896,-7.549541,-2.4463003,-1.2399056,3,walking
1519421759901,-7.5591154,-2.408002,-1.14416,3,walking
1519421759906,-7.549541,-2.4367256,-1.0005416,3,walking
1519421759911,-7.4442205,-2.475024,-0.7324539,3,walking
1519421759918,-7.482519,-2.5324712,-0.56968635,3,walking
1519421759923,-7.4920936,-2.580344,-0.44521707,3,walking
1519421759929,-7.7123084,-2.666515,-0.3111732,3,walking
1519421759935,-7.9325233,-2.6856642,-0.26330042,3,walking
1519421759939,-8.564445,-2.6282167,-0.30159867,3,walking
1519421759945,-8.957002,-2.580344,-0.3877697,3,walking
1519421759949,-9.464453,-2.4558747,-0.4835153,3,walking
1519421759955,-10.019777,-2.3505547,-0.6079846,3,walking
1519421759960,-11.034681,-2.3505547,-0.7228793,3,walking
1519421759968,-11.762347,-2.5228968,-0.70373017,3,walking
1519421759973,-11.953838,-2.6952388,-0.6079846,3,walking
1519421759980,-12.221927,-3.0016246,-0.4356425,3,walking
1519421760039,-9.952756,-3.2505634,1.2877784,3,walking
1519421760043,-10.287866,-3.039923,1.0962871,3,walking
1519421760052,-11.771922,-2.494173,0.4835153,3,walking
1519421760057,-11.771922,-2.494173,0.4835153,3,walking
1519421760060,-12.978316,-2.1782124,-0.2154276,3,walking
1519421760067,-13.677259,-1.9675722,-0.49308985,3,walking
1519421760071,-14.740036,-1.6611862,-0.9430942,3,walking
1519421760077,-15.218764,-1.4888442,-1.1920328,3,walking
1519421760083,-15.553873,-1.2973529,-1.2494801,3,walking
1519421760088,-15.994304,-0.9622433,-1.4888442,3,walking
1519421760093,-15.956005,-0.8090504,-1.5558661,3,walking
1519421760102,-15.687918,-0.54096264,-1.6420372,3,walking
1519421760108,-15.180466,-0.26330042,-1.8431029,3,walking
1519421760113,-14.854931,-0.12925656,-1.862252,3,walking
1519421760122,-14.242159,0.0718092,-2.254809,3,walking
1519421760128,-13.744282,0.18670394,-2.494173,3,walking
1519421760133,-13.4666195,0.23457673,-2.6186423,3,walking
1519421760142,-12.595334,0.20585304,-2.8388572,3,walking
1519421760147,-12.154904,0.13883112,-2.7718353,3,walking
1519421760152,-11.771922,0.062234644,-2.7048132,3,walking
1519421760158,-11.187874,0.03351096,-2.513322,3,walking
1519421760163,-10.958084,0.023936402,-2.427151,3,walking
1519421760167,-10.958084,0.023936402,-2.427151,3,walking
1519421760171,-10.517654,-0.062234644,-2.101616,3,walking
1519421760178,-10.038927,-0.13883112,-1.862252,3,walking
1519421760183,-9.799562,-0.15798025,-1.709059,3,walking
1519421760192,-9.407005,-0.2441513,-1.5845897,3,walking
1519421760198,-9.119769,-0.42606795,-1.4409714,3,walking
1519421760202,-8.937852,-0.5313881,-1.2782038,3,walking
1519421760211,-8.497422,-0.751603,-0.93351966,3,walking
1519421760218,-8.133589,-1.1537346,-0.63670826,3,walking
1519421760223,-7.9803963,-1.3165021,-0.6079846,3,walking
1519421760231,-7.4729443,-2.0920415,-0.34947145,3,walking
1519421760237,-7.2910275,-2.427151,-0.2920241,3,walking
1519421760242,-7.0708127,-2.7048132,-0.30159867,3,walking
1519421760248,-6.7740016,-3.2888615,-0.32074776,3,walking
1519421760253,-6.592085,-3.5090764,-0.25372586,3,walking
1519421760257,-6.592085,-3.5090764,-0.25372586,3,walking
1519421760261,-6.2665496,-3.6814184,-0.25372586,3,walking
1519421760268,-6.027186,-3.8537605,-0.28244954,3,walking
1519421760273,-5.998462,-3.9495063,-0.4356425,3,walking
1519421760278,-5.988888,-4.0069537,-0.5505372,3,walking
1519421760282,-6.017611,-4.0261025,-0.64628285,3,walking
1519421760288,-5.8835673,-4.1026993,-0.8281995,3,walking
1519421760293,-5.8931417,-3.9782298,-0.99096704,3,walking
1519421760302,-5.692076,-3.8537605,-1.2590547,3,walking
1519421760308,-5.6633525,-3.8729098,-1.2686293,3,walking
1519421760313,-5.672927,-3.8729098,-1.3739494,3,walking
1519421760319,-5.873993,-3.7675896,-1.5367169,3,walking
1519421760324,-5.941015,-3.7101421,-1.5558661,3,walking
1519421760329,-6.017611,-3.5760984,-1.5558661,3,walking
1519421760334,-5.988888,-3.3271596,-1.469695,3,walking
1519421760340,-5.960164,-3.2026904,-1.3643749,3,walking
1519421760344,-5.9697385,-3.0303483,-1.2494801,3,walking
1519421760350,-6.027186,-2.905879,-1.2111819,3,walking
1519421760355,-6.2282515,-2.7048132,-1.2111819,3,walking
1519421760359,-6.3814445,-2.6186423,-1.1920328,3,walking
1519421760364,-6.5537868,-2.5516202,-1.1058618,3,walking
1519421760368,-6.639958,-2.4558747,-1.0579889,3,walking
1519421760373,-6.745278,-2.4175766,-1.0388398,3,walking
1519421760378,-7.0133657,-2.408002,-1.0196906,3,walking
1519421760384,-7.195282,-2.34098,-0.98139244,3,walking
1519421760389,-7.5208173,-2.3122563,-0.93351966,3,walking
1519421760394,-7.549541,-2.3026817,-0.8760723,3,walking
1519421760398,-7.702734,-2.2739582,-0.8664977,3,walking
1519421760404,-7.8176284,-2.2739582,-0.8664977,3,walking
1519421760409,-8.066567,-2.1303396,-0.8760723,3,walking
1519421760414,-8.210186,-2.0728924,-0.8856468,3,walking
1519421760418,-8.353804,-2.015445,-0.85692316,3,walking
1519421760423,-8.4686985,-1.9579976,-0.8664977,3,walking
1519421760428,-8.746361,-1.8048047,-1.0005416,3,walking
1519421760433,-8.909128,-1.7569319,-1.0675635,3,walking
1519421760438,-9.043172,-1.6803354,-1.0675635,3,walking
1519421760443,-9.215514,-1.6516117,-1.1345854,3,walking
1519421760448,-9.5889225,-1.6133134,-1.2782038,3,walking
1519421760454,-9.713391,-1.5941644,-1.3643749,3,walking
1519421760458,-9.943181,-1.622888,-1.383524,3,walking
1519421760464,-9.943181,-1.622888,-1.383524,3,walking
1519421760469,-10.096374,-1.7569319,-1.383524,3,walking
1519421760474,-10.2016945,-1.7856555,-1.3452257,3,walking
1519421760478,-10.326163,-2.015445,-1.2877784,3,walking
1519421760483,-10.326163,-2.015445,-1.2877784,3,walking
1519421760488,-10.40276,-2.168638,-1.2782038,3,walking
1519421760493,-10.40276,-2.2931073,-1.2494801,3,walking
1519421760498,-10.575102,-2.3314054,-1.2399056,3,walking
1519421760502,-10.632549,-2.360129,-1.2590547,3,walking
1519421760507,-10.661273,-2.3314054,-1.2686293,3,walking
1519421760512,-10.785743,-2.3314054,-1.2303311,3,walking
1519421760518,-11.082554,-2.2835326,-1.2590547,3,walking
1519421760522,-11.274045,-2.3122563,-1.1824582,3,walking
1519421760527,-11.4272375,-2.321831,-1.1728836,3,walking
1519421760532,-11.628304,-2.34098,-1.0771381,3,walking
1519421760537,-11.9346895,-2.3888528,-0.98139244,3,walking
1519421760542,-12.0400095,-2.4463003,-0.93351966,3,walking
1519421760547,-12.183628,-2.4845984,-0.9526688,3,walking
1519421760551,-12.288948,-2.6186423,-0.9622433,3,walking
1519421760558,-12.56661,-2.561195,-1.0196906,3,walking
1519421760562,-12.56661,-2.5228968,-1.0292653,3,walking
1519421760571,-12.537887,-2.427151,-1.2782038,3,walking
1519421760577,-12.442142,-2.3888528,-1.3548003,3,walking
1519421760582,-12.183628,-2.2260852,-1.4313968,3,walking
1519421760587,-11.896391,-1.9675722,-1.5654407,3,walking
1519421760593,-11.695326,-1.9005502,-1.5941644,3,walking
1519421760598,-11.475111,-1.7665064,-1.6707608,3,walking
1519421760604,-11.321918,-1.6803354,-1.6803354,3,walking
1519421760609,-10.996383,-1.6037389,-1.7377827,3,walking
1519421760614,-10.938935,-1.5750152,-1.8335283,3,walking
1519421760619,-10.996383,-1.5558661,-2.101616,3,walking
1519421760624,-10.996383,-1.5558661,-2.101616,3,walking
1519421760628,-11.685751,-1.6133134,-2.360129,3,walking
1519421760633,-12.154904,-1.7282082,-2.3505547,3,walking
1519421760637,-12.557036,-1.9771467,-2.2452345,3,walking
1519421760644,-12.997466,-2.6760898,-1.5941644,3,walking
1519421760648,-13.016615,-3.0494976,-1.2494801,3,walking
1519421760653,-12.968742,-3.451629,-0.76117754,3,walking
1519421760657,-12.7964,-3.8346114,-0.3877697,3,walking
1519421760661,-12.595334,-4.1122737,-0.10053288,3,walking
1519421760696,-9.636795,-2.9824755,-0.25372586,3,walking
1519421760704,-9.445304,-2.6952388,-0.4356425,3,walking
1519421760712,-9.272962,-1.929274,-0.9718179,3,walking
1519421760719,-9.474028,-1.5462915,-1.4409714,3,walking
1519421760725,-9.474028,-1.5462915,-1.4409714,3,walking
1519421760730,-9.876159,-1.2877784,-1.8526775,3,walking
1519421760739,-10.594251,-1.2016073,-2.254809,3,walking
1519421760744,-10.900637,-1.1920328,-2.3984275,3,walking
1519421760748,-11.542132,-1.4313968,-2.6856642,3,walking
1519421760753,-11.542132,-1.4313968,-2.6856642,3,walking
1519421760757,-11.972988,-1.7569319,-2.752686,3,walking
1519421760761,-12.097457,-1.929274,-2.666515,3,walking
1519421760767,-12.384694,-2.1782124,-2.561195,3,walking
1519421760772,-12.480439,-2.2931073,-2.513322,3,walking
1519421760776,-12.643207,-2.3984275,-2.5037475,3,walking
1519421760781,-12.786825,-2.5516202,-2.4175766,3,walking
1519421760787,-12.882571,-2.6377914,-2.427151,3,walking
1519421760792,-13.045339,-2.8771553,-2.3505547,3,walking
1519421760797,-13.093211,-3.0016246,-2.3888528,3,walking
1519421760802,-13.074062,-3.0877957,-2.3505547,3,walking
1519421760807,-13.13151,-3.1452432,-2.2931073,3,walking
1519421760812,-13.02619,-3.0877957,-2.1590633,3,walking
1519421760817,-12.968742,-2.9824755,-2.1207652,3,walking
1519421760822,-12.863422,-2.88673,-2.0441687,3,walking
1519421760827,-12.614484,-2.7048132,-1.9771467,3,walking
1519421760832,-12.490014,-2.647366,-1.9388485,3,walking
1519421760836,-12.35597,-2.5707695,-1.9005502,3,walking
1519421760841,-12.221927,-2.513322,-1.9388485,3,walking
1519421760847,-11.82937,-2.3314054,-1.9388485,3,walking
1519421760852,-11.609155,-2.2165108,-1.9867213,3,walking
1519421760857,-11.063405,-2.0441687,-2.1399143,3,walking
1519421760862,-10.71872,-1.9771467,-2.1399143,3,walking
1519421760866,-10.498506,-1.7473572,-1.9962958,3,walking
1519421760871,-10.259142,-1.6611862,-1.7473572,3,walking
1519421760877,-10.0868,-1.7282082,-1.8526775,3,walking
1519421760881,-10.010203,-1.8526775,-1.9962958,3,walking
1519421760886,-9.914457,-1.79523,-1.9962958,3,walking
1519421760891,-9.809137,-1.6899099,-1.8814012,3,walking
1519421760896,-9.62722,-1.5175679,-1.8335283,3,walking
1519421760901,-9.129343,-1.2877784,-1.6133134,3,walking
1519421760906,-8.861256,-1.2782038,-1.5558661,3,walking
1519421760911,-8.755936,-1.3260766,-1.5654407,3,walking
1519421760917,-8.7750845,-1.6037389,-1.5558661,3,walking
1519421760921,-8.784659,-1.5941644,-1.622888,3,walking
1519421760931,-8.66019,-1.6516117,-1.776081,3,walking
1519421760937,-8.516571,-1.79523,-2.0250196,3,walking
1519421760942,-8.497422,-1.79523,-2.0824668,3,walking
1519421760947,-8.497422,-1.7282082,-2.0920415,3,walking
1519421760953,-8.411251,-1.7473572,-2.1303396,3,walking
1519421760961,-8.478273,-1.8526775,-2.34098,3,walking
1519421760967,-8.506997,-1.9101248,-2.4558747,3,walking
1519421760971,-8.487848,-1.948423,-2.513322,3,walking
1519421760976,-8.497422,-1.9388485,-2.5994933,3,walking
1519421760981,-8.478273,-1.9771467,-2.6856642,3,walking
1519421760986,-8.478273,-1.9675722,-2.7431116,3,walking
1519421760991,-8.535721,-1.9771467,-2.88673,3,walking
1519421760996,-8.55487,-1.9675722,-2.9250283,3,walking
1519421761001,-8.602742,-1.948423,-3.020774,3,walking
1519421761007,-8.526146,-2.015445,-3.0303483,3,walking
1519421761011,-8.497422,-2.0058703,-3.0016246,3,walking
1519421761020,-8.2676325,-2.0824668,-2.9346027,3,walking
1519421761026,-8.152739,-2.0728924,-2.9154537,3,walking
1519421761032,-8.037844,-2.0250196,-2.8580062,3,walking
1519421761037,-7.8272033,-2.0633178,-2.819708,3,walking
1519421761042,-7.693159,-2.015445,-2.7622607,3,walking
1519421761047,-7.6069884,-2.0250196,-2.6760898,3,walking
1519421761051,-7.482519,-2.034594,-2.6760898,3,walking
1519421761056,-7.35805,-2.015445,-2.5994933,3,walking
1519421761061,-7.243155,-2.0250196,-2.5707695,3,walking
1519421761066,-7.156984,-1.9867213,-2.5228968,3,walking
1519421761071,-7.051664,-2.0441687,-2.4845984,3,walking
1519421761076,-6.975067,-2.015445,-2.4463003,3,walking
1519421761081,-6.8793216,-2.0441687,-2.360129,3,walking
1519421761085,-6.831449,-2.0441687,-2.2835326,3,walking
1519421761090,-6.850598,-2.101616,-2.2452345,3,walking
1519421761096,-6.850598,-2.1111906,-2.187787,3,walking
1519421761101,-6.7740016,-2.187787,-2.1303396,3,walking
1519421761106,-6.745278,-2.2739582,-2.1782124,3,walking
1519421761111,-6.783576,-2.2452345,-2.1303396,3,walking
1519421761116,-6.7357035,-2.3122563,-2.0824668,3,walking
1519421761122,-6.8601727,-2.3122563,-2.168638,3,walking
1519421761126,-6.9080453,-2.34098,-2.0824668,3,walking
1519421761131,-6.9559183,-2.360129,-2.0633178,3,walking
1519421761136,-7.089962,-2.4463003,-2.034594,3,walking
1519421761141,-7.051664,-2.513322,-1.9675722,3,walking
1519421761146,-7.0995364,-2.5994933,-1.8909757,3,walking
1519421761151,-7.1474094,-2.647366,-1.8335283,3,walking
1519421761156,-7.195282,-2.647366,-1.8431029,3,walking
1519421761161,-7.2527294,-2.6760898,-1.8143792,3,walking
1519421761166,-7.2527294,-2.7431116,-1.7569319,3,walking
1519421761171,-7.3676243,-2.752686,-1.7377827,3,walking
1519421761175,-7.4250717,-2.7622607,-1.7186337,3,walking
1519421761180,-7.482519,-2.7718353,-1.6420372,3,walking
1519421761186,-7.7123084,-2.6186423,-1.6133134,3,walking
1519421761191,-7.8176284,-2.5707695,-1.6516117,3,walking
1519421761196,-7.9803963,-2.4845984,-1.6420372,3,walking
1519421761201,-8.095291,-2.3984275,-1.6803354,3,walking
1519421761206,-8.296356,-2.254809,-1.6707608,3,walking
1519421761210,-8.392102,-2.2069361,-1.6611862,3,walking
1519421761216,-8.401677,-2.101616,-1.6611862,3,walking
1519421761221,-8.478273,-2.0633178,-1.6899099,3,walking
1519421761226,-8.5740185,-1.9867213,-1.6803354,3,walking
1519421761231,-8.621892,-1.9388485,-1.622888,3,walking
1519421761236,-8.688913,-1.8718265,-1.5462915,3,walking
1519421761240,-8.717637,-1.8814012,-1.469695,3,walking
1519421761246,-8.794233,-1.8814012,-1.3739494,3,walking
1519421761251,-8.765511,-1.9196993,-1.1920328,3,walking
1519421761256,-8.746361,-1.9579976,-1.0484143,3,walking
1519421761264,-8.679339,-2.1303396,-0.5218136,3,walking
1519421761268,-8.708063,-2.187787,-0.3877697,3,walking
1519421761273,-8.736787,-2.2739582,-0.27287498,3,walking
1519421761277,-8.803808,-2.321831,-0.19627848,3,walking
1519421761281,-8.928278,-2.4175766,-0.11968201,3,walking
1519421761286,-9.0814705,-2.3792782,-0.11968201,3,walking
1519421761291,-9.31126,-2.3888528,-0.19627848,3,walking
1519421761296,-9.636795,-2.2739582,-0.27287498,3,walking
1519421761300,-10.5080805,-2.034594,-0.6079846,3,walking
1519421761305,-11.072979,-1.9771467,-0.8281995,3,walking
1519421761310,-11.532558,-2.034594,-0.99096704,3,walking
1519421761316,-12.164479,-2.3314054,-1.14416,3,walking
1519421761321,-12.183628,-2.4463003,-1.0579889,3,walking
1519421761326,-11.953838,-2.5994933,-0.91437054,3,walking
1519421761330,-11.7049,-2.7239625,-0.8281995,3,walking
1519421761335,-11.59958,-2.6760898,-0.751603,3,walking
1519421761368,-10.230418,-2.6856642,-0.5888355,3,walking
1519421761375,-10.125097,-2.5994933,-0.6558574,3,walking
1519421761383,-10.287866,-2.4558747,-0.8186249,3,walking
1519421761391,-10.431483,-2.34098,-0.83777404,3,walking
1519421761396,-10.689997,-2.2069361,-0.9430942,3,walking
1519421761400,-11.025106,-2.0728924,-1.0675635,3,walking
1519421761406,-12.011286,-1.8526775,-1.2399056,3,walking
1519421761410,-12.537887,-1.7473572,-1.3643749,3,walking
1519421761415,-13.00704,-1.776081,-1.4409714,3,walking
1519421761422,-13.945347,-1.8526775,-1.5462915,3,walking
1519421761426,-14.337904,-1.9005502,-1.469695,3,walking
1519421761431,-14.586843,-1.9579976,-1.5462915,3,walking
1519421761474,-13.44747,-1.6611862,-2.2643836,3,walking
1519421761483,-12.643207,-1.622888,-2.4558747,3,walking
1519421761491,-12.107032,-1.7569319,-2.475024,3,walking
1519421761498,-11.810221,-1.6899099,-2.34098,3,walking
1519421761505,-11.484685,-1.6899099,-2.2452345,3,walking
1519421761509,-10.996383,-1.6611862,-2.034594,3,walking
1519421761514,-10.287866,-1.4984187,-1.4888442,3,walking
1519421761521,-10.058076,-1.3739494,-1.3165021,3,walking
1519421761525,-9.732541,-1.3260766,-1.1537346,3,walking
1519421761530,-9.608071,-1.3452257,-1.1537346,3,walking
1519421761572,-7.4920936,-1.5941644,-0.8856468,3,walking
1519421761580,-6.936769,-1.6611862,-0.7420284,3,walking
1519421761587,-6.592085,-1.709059,-0.78032666,3,walking
1519421761594,-6.4484663,-1.79523,-0.77075213,3,walking
1519421761599,-6.304848,-1.8814012,-0.77075213,3,walking
1519421761603,-6.2282515,-1.9675722,-0.7994758,3,walking
1519421761608,-6.0559096,-2.2069361,-0.8186249,3,walking
1519421761612,-5.998462,-2.3888528,-0.83777404,3,walking
1519421761617,-5.9697385,-2.5420458,-0.8760723,3,walking
1519421761621,-5.8835673,-2.733537,-0.9430942,3,walking
1519421761630,-5.998462,-3.020774,-1.0867126,3,walking
1519421761635,-6.094208,-3.2026904,-1.2016073,3,walking
1519421761640,-6.1229315,-3.2505634,-1.2207564,3,walking
1519421761646,-6.1612296,-3.2601378,-1.3165021,3,walking
1519421761651,-6.170804,-3.2601378,-1.3260766,3,walking
1519421761655,-6.170804,-3.2601378,-1.3260766,3,walking
1519421761660,-6.47719,-3.2697124,-1.5845897,3,walking
1519421761665,-6.5729356,-3.2888615,-1.6133134,3,walking
1519421761670,-6.6878304,-3.2984362,-1.6994845,3,walking
1519421761675,-6.8888965,-3.2984362,-1.6420372,3,walking
1519421761681,-6.975067,-3.3175852,-1.622888,3,walking
1519421761685,-7.1186857,-3.2984362,-1.5558661,3,walking
1519421761690,-7.1857076,-3.3558834,-1.5367169,3,walking
1519421761695,-7.35805,-3.3558834,-1.4026731,3,walking
1519421761700,-7.4537954,-3.365458,-1.3069274,3,walking
1519421761705,-7.56869,-3.3271596,-1.1824582,3,walking
1519421761710,-7.721883,-3.2697124,-0.9718179,3,walking
1519421761715,-7.808054,-3.2409887,-0.8664977,3,walking
1519421761720,-7.8655014,-3.193116,-0.78032666,3,walking
1519421761725,-8.037844,-3.0877957,-0.665432,3,walking
1519421761730,-8.095291,-3.039923,-0.56011176,3,walking
1519421761736,-8.229335,-2.9346027,-0.46436617,3,walking
1519421761741,-8.353804,-2.8484318,-0.40691882,3,walking
1519421761746,-8.430401,-2.7814097,-0.359046,3,walking
1519421761751,-8.602742,-2.666515,-0.34947145,3,walking
1519421761757,-8.688913,-2.5899186,-0.28244954,3,walking
1519421761761,-8.746361,-2.5707695,-0.25372586,3,walking
1519421761767,-8.842107,-2.5516202,-0.2441513,3,walking
1519421761771,-8.937852,-2.475024,-0.14840569,3,walking
1519421761777,-9.052747,-2.3984275,-0.18670394,3,walking
1519421761787,-9.31126,-2.0920415,-0.22500217,3,walking
1519421761792,-9.41658,-1.9962958,-0.26330042,3,walking
1519421761797,-9.502751,-1.9101248,-0.30159867,3,walking
1519421761802,-9.598496,-1.8143792,-0.39734426,3,walking
1519421761807,-9.770839,-1.622888,-0.56968635,3,walking
1519421761813,-9.847435,-1.5271424,-0.59841,3,walking
1519421761818,-9.952756,-1.4409714,-0.7228793,3,walking
1519421761822,-10.144247,-1.3930986,-0.8760723,3,walking
1519421761828,-10.268716,-1.4122477,-0.8952214,3,walking
1519421761838,-10.699572,-1.6037389,-1.1058618,3,walking
1519421761843,-10.804892,-1.7282082,-1.0292653,3,walking
1519421761848,-10.977234,-1.8718265,-1.0005416,3,walking
1519421761853,-11.350641,-2.0441687,-0.98139244,3,walking
1519421761858,-11.561282,-2.1399143,-0.8952214,3,walking
1519421761863,-11.752773,-2.1782124,-0.8473486,3,walking
1519421761869,-11.925115,-2.2260852,-0.8090504,3,walking
1519421761874,-12.308098,-2.3314054,-0.69415563,3,walking
1519421761879,-12.46129,-2.360129,-0.63670826,3,walking
1519421761884,-12.595334,-2.3888528,-0.5792609,3,walking
1519421761889,-12.863422,-2.4175766,-0.5218136,3,walking
1519421761894,-12.863422,-2.4175766,-0.5218136,3,walking
1519421761899,-12.882571,-2.3792782,-0.45479164,3,walking
1519421761906,-12.758101,-2.187787,-0.45479164,3,walking
1519421761911,-12.518738,-1.8814012,-0.56011176,3,walking
1519421761917,-12.3463955,-1.7282082,-0.6271337,3,walking
1519421761921,-12.221927,-1.5750152,-0.70373017,3,walking
1519421761927,-12.030436,-1.3739494,-0.7994758,3,walking
1519421761932,-11.7336235,-1.1058618,-0.9430942,3,walking
1519421761937,-11.609155,-0.9718179,-1.0292653,3,walking
1519421761947,-11.628304,-0.7228793,-1.5271424,3,walking
1519421761952,-11.838944,-0.6845811,-1.7856555,3,walking
1519421761957,-12.193203,-0.7420284,-2.0824668,3,walking
1519421761966,-13.198531,-1.1920328,-2.3314054,3,walking
1519421761970,-13.677259,-1.5271424,-2.2165108,3,walking
1519421761977,-14.155988,-2.360129,-1.6420372,3,walking
1519421761981,-14.117689,-2.7622607,-1.383524,3,walking
1519421761986,-13.753856,-3.4612036,-0.9718179,3,walking
1519421762029,-11.015532,-2.427151,-1.9675722,3,walking
1519421762037,-10.661273,-2.015445,-2.408002,3,walking
1519421762045,-10.498506,-1.8718265,-2.5228968,3,walking
1519421762053,-10.460207,-1.8048047,-2.5037475,3,walking
1519421762061,-10.335738,-1.7186337,-2.4175766,3,walking
1519421762069,-10.316589,-1.79523,-2.3026817,3,walking
1519421762077,-10.479357,-1.8048047,-2.3505547,3,walking
1519421762084,-10.594251,-1.8909757,-2.2739582,3,walking
1519421762089,-10.661273,-2.0250196,-2.254809,3,walking
1519421762093,-10.757019,-2.101616,-2.2356598,3,walking
1519421762097,-10.910212,-2.1782124,-2.168638,3,walking
1519421762106,-11.15915,-2.321831,-2.101616,3,walking
1519421762111,-11.226172,-2.4367256,-2.0537431,3,walking
1519421762115,-11.321918,-2.666515,-2.0058703,3,walking
1519421762120,-11.321918,-2.666515,-2.0058703,3,walking
1519421762125,-11.417664,-2.9537518,-1.929274,3,walking
1519421762130,-11.647452,-3.1643922,-2.034594,3,walking
1519421762135,-11.877242,-3.3367343,-2.1399143,3,walking
1519421762140,-11.915541,-3.5760984,-2.3314054,3,walking
1519421762145,-11.886817,-3.518651,-2.3314054,3,walking
1519421762150,-11.905966,-3.4037561,-2.34098,3,walking
1519421762154,-11.963413,-3.2505634,-2.2643836,3,walking
1519421762159,-11.972988,-3.2026904,-2.0824668,3,walking
1519421762166,-12.126181,-2.8484318,-2.0633178,3,walking
1519421762170,-12.212352,-2.6760898,-1.9675722,3,walking
1519421762175,-12.260224,-2.5707695,-2.0058703,3,walking
1519421762180,-12.193203,-2.580344,-2.034594,3,walking
1519421762185,-12.020861,-2.6282167,-2.0633178,3,walking
1519421762189,-11.800646,-2.5420458,-2.1399143,3,walking
1519421762195,-11.455961,-2.1207652,-2.0728924,3,walking
1519421762200,-11.245321,-1.9579976,-2.0920415,3,walking
1519421762204,-11.140001,-1.79523,-2.0250196,3,walking
1519421762209,-11.05383,-1.7569319,-1.9771467,3,walking
1519421762214,-10.498506,-1.929274,-1.709059,3,walking
1519421762220,-10.182545,-1.8718265,-1.6133134,3,walking
1519421762224,-10.115523,-1.7186337,-1.5175679,3,walking
1519421762230,-10.038927,-1.5654407,-1.5654407,3,walking
1519421762234,-10.038927,-1.5654407,-1.5654407,3,walking
1519421762239,-9.330409,-1.469695,-1.3930986,3,walking
1519421762244,-9.158067,-1.5079932,-1.3356512,3,walking
1519421762250,-9.014449,-1.6037389,-1.4505459,3,walking
1519421762255,-8.66019,-1.6611862,-1.5462915,3,walking
1519421762260,-8.497422,-1.6803354,-1.4888442,3,walking
1519421762264,-8.258059,-1.7282082,-1.5271424,3,walking
1519421762269,-7.922949,-1.9005502,-1.7377827,3,walking
1519421762275,-7.808054,-2.0058703,-1.8718265,3,walking
1519421762279,-7.721883,-2.1303396,-1.9196993,3,walking
1519421762284,-7.5303917,-2.254809,-2.0824668,3,walking
1519421762290,-7.4442205,-2.2931073,-2.168638,3,walking
1519421762294,-7.3771987,-2.3314054,-2.2260852,3,walking
1519421762299,-7.329326,-2.3026817,-2.254809,3,walking
1519421762305,-7.2527294,-2.3314054,-2.360129,3,walking
1519421762310,-7.2240057,-2.3314054,-2.4175766,3,walking
1519421762315,-7.2144313,-2.3697038,-2.475024,3,walking
1519421762320,-7.2144313,-2.3505547,-2.580344,3,walking
1519421762325,-7.204857,-2.3697038,-2.5516202,3,walking
1519421762329,-7.243155,-2.34098,-2.6282167,3,walking
1519421762334,-7.2144313,-2.3888528,-2.6569405,3,walking
1519421762339,-7.2144313,-2.3888528,-2.6569405,3,walking
1519421762345,-7.2718787,-2.4463003,-2.647366,3,walking
1519421762350,-7.35805,-2.4367256,-2.6856642,3,walking
1519421762356,-7.2910275,-2.475024,-2.5994933,3,walking
1519421762361,-7.2910275,-2.5420458,-2.5707695,3,walking
1519421762365,-7.2527294,-2.494173,-2.5516202,3,walking
1519421762370,-7.176133,-2.5420458,-2.4558747,3,walking
1519421762376,-7.1091113,-2.5420458,-2.4463003,3,walking
1519421762380,-7.12826,-2.5228968,-2.3984275,3,walking
1519421762385,-7.12826,-2.5228968,-2.3984275,3,walking
1519421762390,-6.984642,-2.408002,-2.2835326,3,walking
1519421762395,-7.003791,-2.3314054,-2.34098,3,walking
1519421762400,-6.9080453,-2.254809,-2.2835326,3,walking
1519421762405,-6.869747,-2.1973617,-2.2260852,3,walking
1519421762410,-6.821874,-2.0537431,-2.1973617,3,walking
1519421762415,-6.7931504,-1.9962958,-2.168638,3,walking
1519421762420,-6.8122997,-1.8431029,-2.0920415,3,walking
1519421762425,-6.850598,-1.7569319,-2.149489,3,walking
1519421762436,-6.8888965,-1.6994845,-2.2260852,3,walking
1519421762440,-6.9654927,-1.6516117,-2.2356598,3,walking
1519421762446,-7.0133657,-1.6803354,-2.2931073,3,walking
1519421762451,-7.1665583,-1.6899099,-2.3026817,3,walking
1519421762456,-7.2623043,-1.709059,-2.3888528,3,walking
1519421762461,-7.3389006,-1.7377827,-2.34098,3,walking
1519421762466,-7.3867736,-1.8239537,-2.3792782,3,walking
1519421762471,-7.56869,-1.9771467,-2.321831,3,walking
1519421762476,-7.5974135,-2.0633178,-2.2931073,3,walking
1519421762487,-7.8846507,-2.2069361,-2.034594,3,walking
1519421762491,-7.9708214,-2.2835326,-1.9867213,3,walking
1519421762497,-8.076141,-2.3697038,-1.8526775,3,walking
1519421762507,-8.4686985,-2.6282167,-1.709059,3,walking
1519421762511,-8.602742,-2.6952388,-1.6420372,3,walking
1519421762515,-8.736787,-2.714388,-1.7377827,3,walking
1519421762525,-9.0814705,-2.8292825,-1.6994845,3,walking
1519421762530,-9.0814705,-2.8292825,-1.6994845,3,walking
1519421762535,-9.359133,-2.8101335,-1.6994845,3,walking
1519421762540,-9.483603,-2.7814097,-1.7377827,3,walking
1519421762545,-9.608071,-2.6377914,-1.6611862,3,walking
1519421762549,-9.608071,-2.6377914,-1.6611862,3,walking
1519421762554,-9.608071,-2.6377914,-1.6611862,3,walking
1519421762560,-9.579348,-2.427151,-1.5941644,3,walking
1519421762565,-9.550624,-2.3792782,-1.4505459,3,walking
1519421762570,-9.483603,-2.2931073,-1.2877784,3,walking
1519421762576,-9.407005,-2.2643836,-1.1633091,3,walking
1519421762580,-9.29211,-2.2643836,-0.91437054,3,walking
1519421762586,-9.29211,-2.3122563,-0.69415563,3,walking
1519421762596,-9.244238,-2.3888528,-0.32074776,3,walking
1519421762601,-9.2825365,-2.3984275,-0.20585304,3,walking
1519421762608,-9.368708,-2.3984275,-0.11968201,3,walking
1519421762613,-9.837861,-2.254809,-0.34947145,3,walking
1519421762618,-10.2016945,-2.1399143,-0.5313881,3,walking
1519421762624,-10.71872,-2.0441687,-0.8856468,3,walking
1519421762629,-11.867668,-1.8909757,-1.3930986,3,walking
1519421762635,-12.681505,-1.9771467,-1.7569319,3,walking
1519421762647,-12.279374,-2.4845984,-1.469695,3,walking
1519421762653,-11.925115,-2.6377914,-1.2973529,3,walking
1519421762702,-8.880404,-2.427151,-0.30159867,3,walking
1519421762710,-9.148493,-2.0920415,-0.49308985,3,walking
1519421762718,-9.732541,-1.7569319,-0.7228793,3,walking
1519421762724,-10.766593,-1.4792696,-1.0388398,3,walking
1519421762729,-10.766593,-1.4792696,-1.0388398,3,walking
1519421762734,-11.9346895,-1.3739494,-1.3548003,3,walking
1519421762740,-12.528313,-1.3069274,-1.4122477,3,walking
1519421762745,-13.102786,-1.2590547,-1.4313968,3,walking
1519421762749,-13.638962,-1.3069274,-1.5941644,3,walking
1519421762754,-14.471948,-1.4026731,-1.5462915,3,walking
1519421762792,-13.332576,-1.3930986,-1.4792696,3,walking
1519421762797,-13.141085,-1.2303311,-1.6707608,3,walking
1519421762807,-12.5474615,-0.99096704,-1.9388485,3,walking
1519421762817,-11.714475,-0.9622433,-2.2452345,3,walking
1519421762826,-11.111278,-0.8856468,-2.1207652,3,walking
1519421762830,-10.804892,-0.90479594,-2.1399143,3,walking
1519421762835,-10.632549,-0.9430942,-2.1303396,3,walking
1519421762840,-10.182545,-0.92394507,-1.7665064,3,walking
1519421762845,-9.847435,-0.9718179,-1.5175679,3,walking
1519421762850,-9.378282,-1.1154363,-1.1728836,3,walking
1519421762856,-9.158067,-1.2303311,-1.0484143,3,walking
1519421762866,-8.708063,-1.5462915,-0.665432,3,walking
1519421762870,-8.679339,-1.6420372,-0.665432,3,walking
1519421762876,-8.535721,-1.8239537,-0.7324539,3,walking
1519421762886,-8.133589,-2.513322,-0.6845811,3,walking
1519421762890,-8.133589,-2.513322,-0.6845811,3,walking
1519421762895,-7.8272033,-2.9441774,-0.5792609,3,walking
1519421762904,-7.501668,-3.1548176,-0.47394073,3,walking
1519421762908,-7.348475,-3.173967,-0.4356425,3,walking
1519421762914,-7.0995364,-3.346309,-0.49308985,3,walking
1519421762922,-7.0325146,-3.6335456,-0.64628285,3,walking
1519421762927,-7.051664,-3.7867386,-0.7228793,3,walking
1519421762936,-6.9271946,-4.0069537,-0.9430942,3,walking
1519421762941,-6.898471,-4.0261025,-1.0005416,3,walking
1519421762946,-6.831449,-3.997379,-1.0484143,3,walking
1519421762956,-6.8027253,-3.9495063,-1.0771381,3,walking
1519421762961,-6.869747,-3.930357,-1.2016073,3,walking
1519421762967,-6.9271946,-3.8633351,-1.2111819,3,walking
1519421762972,-6.975067,-3.6335456,-1.2207564,3,walking
1519421762977,-6.984642,-3.5282254,-1.1920328,3,walking
1519421762982,-7.0133657,-3.2218397,-0.99096704,3,walking
1519421762987,-7.0133657,-3.2218397,-0.99096704,3,walking
1519421762992,-7.003791,-2.8771553,-0.8952214,3,walking
1519421762998,-7.0325146,-2.6952388,-0.83777404,3,walking
1519421763003,-7.051664,-2.5037475,-0.78990126,3,walking
1519421763008,-7.089962,-2.168638,-0.6845811,3,walking
1519421763013,-7.0995364,-2.034594,-0.59841,3,walking
1519421763018,-7.0803876,-1.9962958,-0.49308985,3,walking
1519421763023,-7.0803876,-1.9962958,-0.49308985,3,walking
1519421763028,-7.2718787,-1.8431029,-0.32074776,3,walking
1519421763033,-7.3771987,-1.79523,-0.25372586,3,walking
1519421763038,-7.3771987,-1.79523,-0.25372586,3,walking
1519421763043,-7.4442205,-1.7377827,-0.20585304,3,walking
1519421763048,-7.4729443,-1.6803354,-0.15798025,3,walking
1519421763054,-7.482519,-1.6611862,-0.10053288,3,walking
1519421763061,-7.693159,-1.7377827,-0.043085523,3,walking
1519421763066,-7.769756,-1.8335283,-0.10053288,3,walking
1519421763071,-7.855927,-1.8814012,-0.10053288,3,walking
1519421763076,-7.961247,-1.9962958,-0.09095833,3,walking
1519421763081,-8.095291,-2.149489,-0.19627848,3,walking
1519421763086,-8.191036,-2.1973617,-0.2154276,3,walking
1519421763096,-8.286782,-2.321831,-0.26330042,3,walking
1519421763102,-8.430401,-2.3505547,-0.2920241,3,walking
1519421763108,-8.497422,-2.3888528,-0.32074776,3,walking
1519421763113,-8.497422,-2.3888528,-0.32074776,3,walking
1519421763118,-8.755936,-2.34098,-0.46436617,3,walking
1519421763123,-8.947427,-2.2643836,-0.56968635,3,walking
1519421763128,-8.947427,-2.2643836,-0.56968635,3,walking
1519421763134,-9.167642,-2.1590633,-0.6845811,3,walking
1519421763138,-9.253813,-2.1207652,-0.751603,3,walking
1519421763144,-9.3878565,-2.101616,-0.78990126,3,walking
1519421763151,-9.742115,-2.1111906,-0.9430942,3,walking
1519421763156,-9.837861,-2.1590633,-0.98139244,3,walking
1519421763161,-9.924032,-2.2165108,-0.98139244,3,walking
1519421763166,-10.058076,-2.2643836,-0.99096704,3,walking
1519421763171,-10.268716,-2.34098,-0.9718179,3,walking
1519421763177,-10.354887,-2.427151,-0.93351966,3,walking
1519421763181,-10.6134,-2.5324712,-0.9526688,3,walking
1519421763187,-10.6134,-2.5324712,-0.9526688,3,walking
1519421763192,-10.891063,-2.6090677,-0.8952214,3,walking
1519421763196,-10.986808,-2.666515,-0.8473486,3,walking
1519421763201,-11.149575,-2.733537,-0.78990126,3,walking
1519421763206,-11.417664,-2.8388572,-0.71330476,3,walking
1519421763211,-11.570856,-2.867581,-0.665432,3,walking
1519421763217,-11.647452,-2.9154537,-0.5888355,3,walking
1519421763225,-11.743198,-2.88673,-0.4835153,3,walking
1519421763231,-11.781497,-2.8292825,-0.46436617,3,walking
1519421763236,-11.771922,-2.7622607,-0.47394073,3,walking
1519421763245,-11.7049,-2.4367256,-0.6271337,3,walking
1519421763251,-11.72405,-2.34098,-0.69415563,3,walking
1519421763255,-11.676176,-2.2069361,-0.751603,3,walking
1519421763265,-11.503835,-1.9675722,-0.90479594,3,walking
1519421763270,-11.408089,-1.862252,-0.9526688,3,walking
1519421763275,-11.321918,-1.8239537,-1.0388398,3,walking
1519421763281,-11.331492,-1.6516117,-1.3165021,3,walking
1519421763286,-11.513409,-1.6037389,-1.622888,3,walking
1519421763296,-12.69108,-1.5175679,-2.2643836,3,walking
1519421763300,-12.69108,-1.5175679,-2.2643836,3,walking
1519421763303,-13.476193,-2.015445,-2.101616,3,walking
1519421763319,-13.782579,-3.671844,-0.9526688,3,walking
1519421763324,-13.658111,-4.016528,-0.6558574,3,walking
1519421763330,-13.284702,-4.428234,-0.17712937,3,walking
1519421763373,-10.546378,-3.4612036,-1.1345854,3,walking
1519421763382,-10.517654,-3.2409887,-1.4122477,3,walking
1519421763390,-10.900637,-2.3984275,-2.0537431,3,walking
1519421763396,-11.130426,-2.1590633,-2.254809,3,walking
1519421763405,-11.771922,-1.6037389,-2.6377914,3,walking
1519421763411,-11.858093,-1.5654407,-2.6952388,3,walking
1519421763415,-11.944264,-1.4601204,-2.6856642,3,walking
1519421763425,-12.126181,-1.5941644,-2.3505547,3,walking
1519421763430,-12.202777,-1.6420372,-2.2835326,3,walking
1519421763435,-12.269799,-1.6899099,-2.2835326,3,walking
1519421763441,-12.422992,-1.8909757,-2.1590633,3,walking
1519421763447,-12.442142,-2.0058703,-2.1303396,3,walking
1519421763451,-12.470865,-2.3122563,-2.015445,3,walking
1519421763457,-12.470865,-2.3122563,-2.015445,3,walking
1519421763461,-12.384694,-2.5420458,-1.9101248,3,walking
1519421763465,-12.3463955,-2.6090677,-1.7569319,3,walking
1519421763470,-12.336822,-2.7431116,-1.8239537,3,walking
1519421763475,-12.35597,-2.905879,-1.8718265,3,walking
1519421763481,-12.269799,-2.88673,-1.8239537,3,walking
1519421763486,-12.193203,-2.8771553,-1.776081,3,walking
1519421763496,-11.82937,-2.7239625,-1.7377827,3,walking
1519421763500,-11.685751,-2.666515,-1.7665064,3,walking
1519421763506,-11.570856,-2.6377914,-1.7856555,3,walking
1519421763510,-11.360216,-2.5994933,-1.9771467,3,walking
1519421763516,-11.207023,-2.6760898,-2.015445,3,walking
1519421763520,-11.092129,-2.6090677,-2.1399143,3,walking
1519421763525,-10.910212,-2.513322,-2.2452345,3,walking
1519421763531,-10.5080805,-2.408002,-2.4558747,3,walking
1519421763536,-10.278291,-2.3697038,-2.4654493,3,walking
1519421763545,-9.780414,-2.2931073,-2.475024,3,walking
1519421763551,-9.320834,-2.408002,-2.427151,3,walking
1519421763556,-9.0814705,-2.4558747,-2.3505547,3,walking
1519421763561,-8.842107,-2.580344,-2.4558747,3,walking
1519421763566,-8.526146,-2.7622607,-2.5899186,3,walking
1519421763571,-8.392102,-2.8388572,-2.494173,3,walking
1519421763576,-8.248484,-2.88673,-2.5228968,3,walking
1519421763581,-7.9516726,-2.9250283,-2.513322,3,walking
1519421763585,-7.875076,-2.905879,-2.5994933,3,walking
1519421763590,-7.855927,-2.8963046,-2.5899186,3,walking
1519421763595,-7.7984796,-2.8580062,-2.6282167,3,walking
1519421763605,-7.5782647,-2.7718353,-2.6856642,3,walking
1519421763610,-7.46337,-2.7048132,-2.6760898,3,walking
1519421763615,-7.4920936,-2.6856642,-2.733537,3,walking
1519421763621,-7.511243,-2.647366,-2.8580062,3,walking
1519421763626,-7.501668,-2.6090677,-2.8388572,3,walking
1519421763631,-7.5591154,-2.5324712,-2.9250283,3,walking
1519421763636,-7.5591154,-2.5324712,-2.9250283,3,walking
1519421763641,-7.664436,-2.3792782,-3.0303483,3,walking
1519421763647,-7.654861,-2.2835326,-3.0686467,3,walking
1519421763651,-7.664436,-2.0728924,-3.0016246,3,walking
1519421763657,-7.664436,-2.0728924,-3.0016246,3,walking
1519421763661,-7.7793303,-1.929274,-3.039923,3,walking
1519421763667,-7.7601814,-1.8718265,-3.039923,3,walking
1519421763673,-7.721883,-1.7282082,-2.9154537,3,walking
1519421763677,-7.7314577,-1.6803354,-2.88673,3,walking
1519421763682,-7.6835847,-1.622888,-2.8388572,3,walking
1519421763690,-7.721883,-1.4792696,-2.800559,3,walking
1519421763695,-7.7314577,-1.4409714,-2.7048132,3,walking
1519421763700,-7.721883,-1.3930986,-2.647366,3,walking
1519421763705,-7.635712,-1.3643749,-2.5228968,3,walking
1519421763711,-7.587839,-1.3930986,-2.2643836,3,walking
1519421763716,-7.56869,-1.3930986,-2.187787,3,walking
1519421763721,-7.4537954,-1.4122477,-1.9771467,3,walking
1519421763727,-7.4537954,-1.4122477,-1.9771467,3,walking
1519421763732,-7.396348,-1.3930986,-1.8431029,3,walking
1519421763737,-7.348475,-1.383524,-1.7665064,3,walking
1519421763742,-7.348475,-1.3356512,-1.79523,3,walking
1519421763747,-7.2527294,-1.2973529,-1.776081,3,walking
1519421763753,-7.2144313,-1.2877784,-1.8526775,3,walking
1519421763759,-7.1474094,-1.2303311,-1.9196993,3,walking
1519421763765,-6.9463434,-1.1920328,-1.948423,3,walking
1519421763770,-6.869747,-1.1250108,-2.0250196,3,walking
1519421763776,-6.764427,-1.1250108,-2.0537431,3,walking
1519421763780,-6.668681,-1.0675635,-2.1399143,3,walking
1519421763786,-6.592085,-1.0771381,-2.2452345,3,walking
1519421763791,-6.630383,-1.0196906,-2.3792782,3,walking
1519421763796,-6.630383,-1.0196906,-2.3792782,3,walking
1519421763801,-6.7261286,-1.0675635,-2.3888528,3,walking
1519421763806,-6.745278,-1.0771381,-2.3792782,3,walking
1519421763811,-6.831449,-1.2207564,-2.3122563,3,walking
1519421763817,-6.8793216,-1.3069274,-2.2739582,3,walking
1519421763822,-6.9463434,-1.4218222,-2.2356598,3,walking
1519421763827,-7.02294,-1.5462915,-2.2356598,3,walking
1519421763832,-7.089962,-1.7186337,-2.2069361,3,walking
1519421763837,-7.2144313,-1.9867213,-2.1207652,3,walking
1519421763842,-7.4442205,-2.1590633,-2.034594,3,walking
1519421763847,-7.4442205,-2.1590633,-2.034594,3,walking
1519421763853,-7.702734,-2.2835326,-1.9962958,3,walking
1519421763857,-7.8367777,-2.3888528,-1.9771467,3,walking
1519421763862,-7.9899707,-2.4654493,-1.948423,3,walking
1519421763869,-8.430401,-2.6090677,-1.8814012,3,walking
1519421763875,-8.439975,-2.647366,-1.776081,3,walking
1519421763880,-8.4686985,-2.7048132,-1.6803354,3,walking
1519421763885,-8.526146,-2.7048132,-1.5845897,3,walking
1519421763890,-8.612317,-2.7048132,-1.3165021,3,walking
1519421763896,-8.650616,-2.733537,-1.1633091,3,walking
1519421763903,-8.708063,-2.752686,-0.90479594,3,walking
1519421763910,-8.794233,-2.7909844,-0.6558574,3,walking
1519421763915,-8.755936,-2.7909844,-0.54096264,3,walking
1519421763920,-8.688913,-2.800559,-0.15798025,3,walking
1519421763925,-8.688913,-2.800559,-0.15798025,3,walking
1519421763930,-8.736787,-2.7622607,0.20585304,3,walking
1519421763935,-8.784659,-2.752686,0.26330042,3,walking
1519421763939,-8.995299,-2.6856642,0.2920241,3,walking
1519421763944,-9.809137,-2.475024,0.110107444,3,walking
1519421763949,-10.441058,-2.3122563,-0.09095833,3,walking
1519421763954,-11.187874,-2.2069361,-0.39734426,3,walking
1519421763961,-12.46129,-2.187787,-0.93351966,3,walking
1519421763966,-12.863422,-2.2643836,-1.0101161,3,walking
1519421763970,-13.121935,-2.3122563,-1.0771381,3,walking
1519421763974,-13.141085,-2.3984275,-1.14416,3,walking
1519421763980,-12.911295,-2.3697038,-1.1345854,3,walking
1519421764012,-10.757019,-2.2739582,-0.3398969,3,walking
1519421764020,-10.40276,-2.2165108,-0.40691882,3,walking
1519421764028,-10.345312,-2.1207652,-0.39734426,3,walking
1519421764035,-10.412334,-2.0441687,-0.4356425,3,walking
1519421764039,-10.546378,-1.9675722,-0.46436617,3,walking
1519421764044,-10.82404,-1.8718265,-0.5505372,3,walking
1519421764054,-12.2410755,-1.5750152,-0.8664977,3,walking
1519421764058,-12.2410755,-1.5750152,-0.8664977,3,walking
1519421764062,-12.8538475,-1.4888442,-1.0292653,3,walking
1519421764068,-14.184711,-1.4601204,-1.3739494,3,walking
1519421764073,-15.371957,-1.469695,-1.7282082,3,walking
1519421764079,-15.764514,-1.5079932,-1.8814012,3,walking
1519421764083,-16.05175,-1.5079932,-1.9867213,3,walking
1519421764089,-16.15707,-1.5941644,-2.2452345,3,walking
1519421764120,-14.471948,-1.7473572,-2.6282167,3,walking
1519421764128,-13.562365,-1.7282082,-2.6569405,3,walking
1519421764136,-12.8538475,-1.7377827,-2.4367256,3,walking
1519421764144,-12.030436,-1.5558661,-2.168638,3,walking
1519421764151,-11.590006,-1.5367169,-2.0250196,3,walking
1519421764158,-10.71872,-1.7186337,-1.709059,3,walking
1519421764163,-10.421909,-1.5462915,-1.5175679,3,walking
1519421764169,-10.048501,-1.469695,-1.1920328,3,walking
1519421764173,-9.636795,-1.4218222,-0.9718179,3,walking
1519421764179,-9.004874,-1.2590547,-0.8186249,3,walking
1519421764184,-8.851681,-1.2207564,-0.8473486,3,walking
1519421764188,-8.698488,-1.1537346,-0.751603,3,walking
1519421764193,-8.526146,-1.0962871,-0.7228793,3,walking
1519421764199,-8.23891,-1.0579889,-0.8090504,3,walking
1519421764205,-8.047418,-1.0388398,-0.8281995,3,walking
1519421764209,-7.769756,-0.92394507,-0.78032666,3,walking
1519421764214,-7.769756,-0.92394507,-0.78032666,3,walking
1519421764219,-7.5303917,-0.98139244,-0.9526688,3,walking
1519421764224,-7.4537954,-0.9622433,-1.0867126,3,walking
1519421764233,-7.204857,-0.85692316,-1.2111819,3,walking
1519421764239,-6.783576,-0.8473486,-1.3260766,3,walking
1519421764243,-6.6016593,-0.83777404,-1.3739494,3,walking
1519421764249,-6.3622956,-0.9526688,-1.4313968,3,walking
1519421764256,-6.256975,-1.0771381,-1.4505459,3,walking
1519421764260,-6.1229315,-1.1824582,-1.469695,3,walking
1519421764264,-5.950589,-1.3165021,-1.4601204,3,walking
1519421764269,-5.8548436,-1.6037389,-1.6037389,3,walking
1519421764274,-5.787822,-1.7665064,-1.6420372,3,walking
1519421764278,-5.7016506,-1.9388485,-1.6420372,3,walking
1519421764283,-5.7495236,-2.0537431,-1.7569319,3,walking
1519421764289,-5.873993,-2.2739582,-1.9771467,3,walking
1519421764294,-5.8548436,-2.3888528,-1.948423,3,walking
1519421764303,-6.017611,-2.5899186,-2.0633178,3,walking
1519421764309,-6.1420803,-2.8292825,-2.0441687,3,walking
1519421764314,-6.218677,-2.9441774,-1.9962958,3,walking
1519421764319,-6.410168,-3.173967,-1.9867213,3,walking
1519421764324,-6.5537868,-3.2888615,-1.9005502,3,walking
1519421764329,-6.5537868,-3.3558834,-1.862252,3,walking
1519421764333,-6.6495323,-3.4899273,-1.8431029,3,walking
1519421764339,-6.850598,-3.6431203,-1.8431029,3,walking
1519421764344,-6.9271946,-3.6431203,-1.7856555,3,walking
1519421764348,-6.9942164,-3.604822,-1.7569319,3,walking
1519421764353,-7.051664,-3.5473747,-1.7282082,3,walking
1519421764359,-7.195282,-3.4037561,-1.622888,3,walking
1519421764364,-7.281453,-3.2697124,-1.5750152,3,walking
1519421764368,-7.3676243,-3.1356685,-1.5271424,3,walking
1519421764373,-7.434646,-3.0111992,-1.5271424,3,walking
1519421764379,-7.635712,-2.752686,-1.4218222,3,walking
1519421764384,-7.693159,-2.6282167,-1.4026731,3,walking
1519421764393,-7.846352,-2.475024,-1.3165021,3,walking
1519421764399,-8.066567,-2.2643836,-1.2207564,3,walking
1519421764404,-8.171887,-2.1782124,-1.2399056,3,walking
1519421764409,-8.411251,-1.9771467,-1.2303311,3,walking
1519421764415,-8.516571,-1.8431029,-1.1154363,3,walking
1519421764419,-8.621892,-1.776081,-1.14416,3,walking
1519421764425,-8.717637,-1.7186337,-1.1250108,3,walking
1519421764430,-8.966576,-1.5462915,-1.1250108,3,walking
1519421764435,-9.0814705,-1.4984187,-1.1154363,3,walking
1519421764440,-9.253813,-1.4313968,-1.0962871,3,walking
1519421764445,-9.454879,-1.3452257,-1.14416,3,walking
1519421764451,-9.598496,-1.3165021,-1.1154363,3,walking
1519421764456,-9.703817,-1.2686293,-1.1728836,3,walking
1519421764461,-9.770839,-1.3165021,-1.1728836,3,walking
1519421764466,-9.933606,-1.3165021,-1.2399056,3,walking
1519421764471,-10.096374,-1.3356512,-1.1728836,3,walking
1519421764476,-10.096374,-1.3356512,-1.1728836,3,walking
1519421764481,-10.29744,-1.4218222,-1.2111819,3,walking
1519421764491,-10.479357,-1.6133134,-1.0867126,3,walking
1519421764496,-10.546378,-1.7282082,-1.0484143,3,walking
1519421764501,-10.642124,-1.8048047,-0.9622433,3,walking
1519421764506,-10.747444,-1.9196993,-0.90479594,3,walking
1519421764512,-10.996383,-2.0250196,-0.7420284,3,walking
1519421764517,-11.15915,-2.0537431,-0.7228793,3,walking
1519421764522,-11.532558,-2.1303396,-0.5792609,3,walking
1519421764528,-11.762347,-2.168638,-0.5218136,3,walking
1519421764534,-11.963413,-2.2069361,-0.44521707,3,walking
1519421764539,-12.260224,-2.2835326,-0.2920241,3,walking
1519421764544,-12.3463955,-2.321831,-0.2441513,3,walking
1519421764549,-12.432567,-2.3314054,-0.23457673,3,walking
1519421764554,-12.480439,-2.3984275,-0.25372586,3,walking
1519421764561,-12.499589,-2.321831,-0.39734426,3,walking
1519421764566,-12.499589,-2.321831,-0.39734426,3,walking
1519421764572,-12.365545,-2.1399143,-0.71330476,3,walking
1519421764579,-12.221927,-1.8335283,-1.0292653,3,walking
1519421764584,-12.107032,-1.6611862,-1.2111819,3,walking
1519421764589,-11.838944,-1.3452257,-1.5367169,3,walking
1519421764594,-11.657027,-1.2399056,-1.6611862,3,walking
1519421764599,-11.542132,-1.1250108,-1.7377827,3,walking
1519421764604,-11.36979,-1.0005416,-1.9675722,3,walking
1519421764609,-11.216598,-0.8856468,-2.3122563,3,walking
1519421764615,-11.293194,-0.8186249,-2.580344,3,walking
1519421764619,-11.522984,-0.8090504,-2.9250283,3,walking
1519421764625,-12.413418,-0.99096704,-3.2697124,3,walking
1519421764630,-12.987891,-1.1824582,-3.193116,3,walking
1519421764635,-13.4666195,-1.4409714,-2.9346027,3,walking
1519421764642,-13.859177,-2.0824668,-2.0824668,3,walking
1519421764649,-13.571939,-2.9824755,-1.2590547,3,walking
1519421764654,-13.294277,-3.4037561,-0.92394507,3,walking
1519421764659,-12.710229,-3.9878044,-0.3877697,3,walking
1519421764664,-12.710229,-3.9878044,-0.3877697,3,walking
1519421764670,-12.174053,-4.0931244,-0.12925656,3,walking
1519421764675,-11.714475,-3.8537605,-0.2441513,3,walking
1519421764694,-10.910212,-2.8292825,-1.0962871,3,walking
1519421764699,-10.622974,-2.3505547,-1.5079932,3,walking
1519421764704,-10.594251,-2.149489,-1.709059,3,walking
1519421764709,-10.632549,-1.929274,-1.929274,3,walking
1519421764714,-10.785743,-1.6611862,-2.149489,3,walking
1519421764719,-11.187874,-1.2016073,-2.5228968,3,walking
1519421764723,-11.408089,-1.0005416,-2.7431116,3,walking
1519421764727,-11.570856,-0.8664977,-2.905879,3,walking
1519421764733,-11.7336235,-0.8186249,-2.9441774,3,walking
1519421764738,-11.992137,-0.9430942,-2.9824755,3,walking
1519421764743,-12.068733,-1.0675635,-2.9250283,3,walking
1519421764752,-12.164479,-1.3260766,-2.7718353,3,walking
1519421764758,-12.174053,-1.5271424,-2.7718353,3,walking
1519421764763,-12.202777,-1.5941644,-2.6856642,3,walking
1519421764768,-12.174053,-1.7569319,-2.5707695,3,walking
1519421764774,-12.154904,-1.8814012,-2.4558747,3,walking
1519421764779,-12.087883,-1.9579976,-2.3697038,3,walking
1519421764784,-12.030436,-2.101616,-2.321831,3,walking
1519421764789,-11.905966,-2.321831,-2.1207652,3,walking
1519421764794,-11.819795,-2.408002,-2.0537431,3,walking
1519421764799,-11.7336235,-2.5037475,-2.0537431,3,walking
1519421764804,-11.609155,-2.5707695,-2.015445,3,walking
1519421764808,-11.417664,-2.6952388,-2.034594,3,walking
1519421764813,-11.341067,-2.7622607,-2.0537431,3,walking
1519421764817,-11.341067,-2.7622607,-2.0537431,3,walking
1519421764823,-11.254896,-2.8101335,-2.1590633,3,walking
1519421764828,-11.082554,-2.8484318,-2.2356598,3,walking
1519421764834,-11.005958,-2.8580062,-2.2643836,3,walking
1519421764839,-10.766593,-2.9537518,-2.3122563,3,walking
1519421764844,-10.766593,-2.9537518,-2.3122563,3,walking
1519421764849,-10.603826,-2.9633265,-2.4367256,3,walking
1519421764854,-10.268716,-2.8292825,-2.408002,3,walking
1519421764859,-10.029352,-2.7622607,-2.34098,3,walking
1519421764864,-9.876159,-2.6856642,-2.3026817,3,walking
1519421764870,-9.770839,-2.647366,-2.1782124,3,walking
1519421764875,-9.636795,-2.6952388,-2.168638,3,walking
1519421764880,-9.598496,-2.5994933,-2.254809,3,walking
1519421764885,-9.54105,-2.5707695,-2.3122563,3,walking
1519421764890,-9.502751,-2.475024,-2.2643836,3,walking
1519421764895,-9.426155,-2.494173,-2.2165108,3,walking
1519421764900,-9.407005,-2.475024,-2.254809,3,walking
1519421764905,-9.301685,-2.4367256,-2.2931073,3,walking
1519421764911,-9.244238,-2.427151,-2.3314054,3,walking
1519421764915,-9.253813,-2.3984275,-2.360129,3,walking
1519421764921,-9.196365,-2.3122563,-2.3697038,3,walking
1519421764926,-9.196365,-2.3122563,-2.3697038,3,walking
1519421764931,-9.177217,-2.168638,-2.3792782,3,walking
1519421764941,-9.20594,-2.0728924,-2.4845984,3,walking
1519421764946,-9.158067,-2.1207652,-2.5420458,3,walking
1519421764951,-9.158067,-2.0824668,-2.5420458,3,walking
1519421764962,-9.0814705,-2.1111906,-2.647366,3,walking
1519421764968,-8.937852,-2.149489,-2.666515,3,walking
1519421764973,-8.918703,-2.149489,-2.6569405,3,walking
1519421764978,-8.899554,-2.1399143,-2.6856642,3,walking
1519421764984,-8.880404,-2.149489,-2.647366,3,walking
1519421764988,-8.765511,-2.2165108,-2.6377914,3,walking
1519421764994,-8.650616,-2.2452345,-2.666515,3,walking
1519421764999,-8.583593,-2.254809,-2.7431116,3,walking
1519421765004,-8.526146,-2.2835326,-2.7048132,3,walking
1519421765009,-8.411251,-2.3314054,-2.714388,3,walking
1519421765014,-8.382527,-2.360129,-2.7431116,3,walking
1519421765020,-8.248484,-2.4558747,-2.7814097,3,walking
1519421765025,-8.200611,-2.427151,-2.7622607,3,walking
1519421765030,-8.018694,-2.4367256,-2.819708,3,walking
1519421765035,-7.9133744,-2.3984275,-2.819708,3,walking
1519421765040,-7.846352,-2.3888528,-2.8292825,3,walking
1519421765049,-7.664436,-2.3505547,-2.819708,3,walking
1519421765054,-7.5974135,-2.3505547,-2.8292825,3,walking
1519421765058,-7.3197513,-2.3026817,-2.733537,3,walking
1519421765063,-7.2144313,-2.2835326,-2.6856642,3,walking
1519421765068,-7.089962,-2.1782124,-2.6186423,3,walking
1519421765073,-6.9463434,-2.168638,-2.5516202,3,walking
1519421765077,-6.8027253,-2.1399143,-2.5037475,3,walking
1519421765082,-6.5729356,-2.0824668,-2.3505547,3,walking
1519421765087,-6.4484663,-2.0250196,-2.2643836,3,walking
1519421765093,-6.3527207,-1.9675722,-2.2165108,3,walking
1519421765097,-6.2952733,-1.9101248,-2.1111906,3,walking
1519421765103,-6.2091026,-1.8048047,-2.015445,3,walking
1519421765107,-6.2091026,-1.7856555,-2.034594,3,walking
1519421765112,-6.256975,-1.7473572,-2.0250196,3,walking
1519421765118,-6.37187,-1.7282082,-2.0058703,3,walking
1519421765122,-6.47719,-1.7186337,-2.015445,3,walking
1519421765127,-6.7931504,-1.6324625,-2.101616,3,walking
1519421765133,-6.7931504,-1.6324625,-2.101616,3,walking
1519421765138,-7.1857076,-1.5750152,-2.1303396,3,walking
1519421765143,-7.3771987,-1.5462915,-2.1590633,3,walking
1519421765148,-7.721883,-1.622888,-2.187787,3,walking
1519421765153,-7.894225,-1.6611862,-2.168638,3,walking
1519421765158,-8.00912,-1.7377827,-2.0633178,3,walking
1519421765163,-8.076141,-1.7856555,-1.9771467,3,walking
1519421765167,-8.1623125,-1.9771467,-1.7282082,3,walking
1519421765172,-8.171887,-2.1207652,-1.6037389,3,walking
1519421765177,-8.229335,-2.2069361,-1.5654407,3,walking
1519421765182,-8.21976,-2.3026817,-1.4218222,3,walking
1519421765187,-8.229335,-2.3984275,-1.3643749,3,walking
1519421765192,-8.315506,-2.475024,-1.2686293,3,walking
1519421765198,-8.305931,-2.4654493,-1.2590547,3,walking
1519421765203,-8.277207,-2.4654493,-1.2111819,3,walking
1519421765207,-8.34423,-2.3984275,-1.1920328,3,walking
1519421765212,-8.430401,-2.3026817,-1.2111819,3,walking
1519421765217,-8.545295,-2.1303396,-1.3165021,3,walking
1519421765223,-8.545295,-2.1303396,-1.3165021,3,walking
1519421765227,-8.708063,-2.015445,-1.4122477,3,walking
1519421765232,-8.727212,-1.9962958,-1.383524,3,walking
1519421765237,-8.861256,-1.9771467,-1.4313968,3,walking
1519421765243,-8.937852,-2.034594,-1.3930986,3,walking
1519421765247,-8.9761505,-2.101616,-1.2686293,3,walking
1519421765253,-8.947427,-2.1973617,-1.0388398,3,walking
1519421765257,-8.995299,-2.427151,-0.64628285,3,walking
1519421765261,-9.043172,-2.5707695,-0.45479164,3,walking
1519421765267,-9.138918,-2.7239625,-0.28244954,3,walking
1519421765272,-9.244238,-2.9441774,-0.15798025,3,walking
1519421765277,-9.474028,-3.2697124,0.0718092,3,walking
1519421765282,-9.512326,-3.3750327,0.16755481,3,walking
1519421765287,-9.569773,-3.451629,0.27287498,3,walking
1519421765292,-9.617646,-3.4707782,0.34947145,3,walking
1519421765297,-10.000628,-3.3271596,0.20585304,3,walking
1519421765302,-10.278291,-3.1643922,0.043085523,3,walking
1519421765307,-10.766593,-3.020774,-0.20585304,3,walking
1519421765312,-11.341067,-2.8580062,-0.5218136,3,walking
1519421765318,-12.279374,-2.6856642,-1.0484143,3,walking
1519421765323,-12.537887,-2.666515,-1.1537346,3,walking
1519421765328,-12.624058,-2.6090677,-1.2494801,3,walking
1519421765370,-9.091045,-1.3930986,-0.17712937,3,walking
1519421765377,-8.55487,-1.2111819,-0.062234644,3,walking
1519421765385,-8.315506,-1.0962871,-0.03351096,3,walking
1519421765393,-8.401677,-1.0579889,-0.12925656,3,walking
1519421765397,-8.545295,-0.98139244,-0.2441513,3,walking
1519421765401,-8.736787,-0.92394507,-0.23457673,3,walking
1519421765407,-9.483603,-0.91437054,-0.512239,3,walking
1519421765412,-9.924032,-1.0005416,-0.61755913,3,walking
1519421765417,-10.374036,-1.1345854,-0.665432,3,walking
1519421765421,-11.168725,-1.5558661,-0.5313881,3,walking
1519421765427,-11.657027,-1.6803354,-0.5888355,3,walking
1519421765431,-12.078308,-1.8335283,-0.4835153,3,walking
1519421765442,-13.313426,-2.2356598,-0.46436617,3,walking
1519421765447,-13.629387,-2.3888528,-0.4835153,3,walking
1519421765452,-13.926198,-2.5324712,-0.4164934,3,walking
1519421765457,-14.031518,-2.5994933,-0.40691882,3,walking
1519421765494,-12.557036,-1.8143792,-0.92394507,3,walking
1519421765502,-11.905966,-1.5367169,-1.6133134,3,walking
1519421765509,-11.743198,-1.3165021,-1.79523,3,walking
1519421765516,-10.977234,-1.0005416,-1.5558661,3,walking
1519421765520,-10.498506,-0.9718179,-1.3930986,3,walking
1519421765524,-10.19212,-0.91437054,-1.3356512,3,walking
1519421765529,-10.029352,-0.8473486,-1.2303311,3,walking
1519421765535,-9.828286,-0.78990126,-1.1345854,3,walking
1519421765540,-9.617646,-1.0292653,-1.1058618,3,walking
1519421765587,-8.621892,-3.4707782,-1.1728836,3,walking
1519421765592,-8.4686985,-3.6335456,-1.1633091,3,walking
1519421765597,-8.277207,-3.7388659,-1.0867126,3,walking
1519421765603,-8.277207,-3.7388659,-1.0867126,3,walking
1519421765608,-8.124015,-4.08355,-1.0101161,3,walking
1519421765612,-8.085716,-4.198445,-1.0101161,3,walking
1519421765617,-8.047418,-4.342063,-0.9622433,3,walking
1519421765621,-8.018694,-4.6293,-1.0388398,3,walking
1519421765626,-7.9899707,-4.763344,-1.0867126,3,walking
1519421765631,-7.9899707,-4.8207912,-1.0771381,3,walking
1519421765636,-8.124015,-4.916537,-1.1824582,3,walking
1519421765641,-8.124015,-4.8590894,-1.2303311,3,walking
1519421765647,-8.152739,-4.849515,-1.2686293,3,walking
1519421765653,-8.229335,-4.849515,-1.2782038,3,walking
1519421765658,-8.277207,-4.811217,-1.3260766,3,walking
1519421765663,-8.286782,-4.763344,-1.2877784,3,walking
1519421765668,-8.2676325,-4.7058964,-1.2973529,3,walking
1519421765673,-8.258059,-4.6388745,-1.2303311,3,walking
1519421765678,-8.248484,-4.5622783,-1.2016073,3,walking
1519421765683,-8.2676325,-4.322914,-1.1058618,3,walking
1519421765688,-8.334655,-4.1792955,-0.9622433,3,walking
1519421765699,-8.5740185,-3.6431203,-0.71330476,3,walking
1519421765704,-8.583593,-3.5473747,-0.6079846,3,walking
1519421765709,-8.6697645,-3.4229054,-0.49308985,3,walking
1519421765714,-8.727212,-3.3080106,-0.37819514,3,walking
1519421765719,-8.803808,-3.173967,-0.14840569,3,walking
1519421765724,-8.822957,-3.078221,-0.0718092,3,walking
1519421765729,-8.851681,-2.9346027,-0.023936402,3,walking
1519421765734,-8.928278,-2.7622607,0.11968201,3,walking
1519421765739,-8.957002,-2.6760898,0.22500217,3,walking
1519421765743,-8.966576,-2.5994933,0.2920241,3,walking
1519421765748,-8.9761505,-2.513322,0.3111732,3,walking
1519421765752,-8.985725,-2.4175766,0.359046,3,walking
1519421765756,-8.985725,-2.3505547,0.40691882,3,walking
1519421765761,-8.947427,-2.3122563,0.512239,3,walking
1519421765767,-9.138918,-2.1111906,0.3877697,3,walking
1519421765772,-9.20594,-1.9675722,0.37819514,3,walking
1519421765777,-9.244238,-1.7856555,0.33032233,3,walking
1519421765782,-9.244238,-1.7856555,0.33032233,3,walking
1519421765786,-9.320834,-1.3356512,0.0,3,walking
1519421765792,-9.253813,-1.2303311,-0.043085523,3,walking
1519421765796,-9.301685,-1.1537346,-0.13883112,3,walking
1519421765801,-9.330409,-1.2111819,-0.27287498,3,walking
1519421765806,-9.426155,-1.2303311,-0.37819514,3,walking
1519421765811,-9.493176,-1.2877784,-0.4356425,3,walking
1519421765816,-9.579348,-1.3739494,-0.56968635,3,walking
1519421765821,-9.818711,-1.4505459,-0.76117754,3,walking
1519421765827,-10.077225,-1.469695,-0.91437054,3,walking
1519421765832,-10.19212,-1.4984187,-1.0484143,3,walking
1519421765837,-10.268716,-1.5367169,-1.1058618,3,walking
1519421765841,-10.40276,-1.5941644,-1.1537346,3,walking
1519421765846,-10.479357,-1.6803354,-1.2303311,3,walking
1519421765851,-10.527229,-1.776081,-1.2686293,3,walking
1519421765856,-10.632549,-1.8814012,-1.4122477,3,walking
1519421765862,-10.737869,-1.948423,-1.4601204,3,walking
1519421765867,-10.938935,-2.0728924,-1.4792696,3,walking
1519421765871,-10.938935,-2.0728924,-1.4792696,3,walking
1519421765876,-11.149575,-2.168638,-1.383524,3,walking
1519421765882,-11.245321,-2.1973617,-1.3165021,3,walking
1519421765886,-11.312344,-2.2356598,-1.2111819,3,walking
1519421765892,-11.360216,-2.2260852,-1.0196906,3,walking
1519421765896,-11.38894,-2.2069361,-0.93351966,3,walking
1519421765901,-11.350641,-2.2069361,-0.8856468,3,walking
1519421765906,-11.302769,-2.1207652,-0.8281995,3,walking
1519421765911,-11.187874,-2.1303396,-0.85692316,3,walking
1519421765917,-11.092129,-2.0728924,-0.85692316,3,walking
1519421765921,-10.938935,-2.015445,-0.8856468,3,walking
1519421765926,-10.871913,-1.948423,-0.9430942,3,walking
1519421765930,-10.622974,-1.7665064,-1.0771381,3,walking
1519421765937,-10.383611,-1.6516117,-1.1824582,3,walking
1519421765942,-10.287866,-1.622888,-1.3165021,3,walking
1519421765948,-10.230418,-1.5271424,-1.3260766,3,walking
1519421765953,-10.412334,-1.2207564,-1.6803354,3,walking
1519421765957,-10.699572,-1.0675635,-1.9962958,3,walking
1519421765962,-10.699572,-1.0675635,-1.9962958,3,walking
1519421765966,-11.838944,-0.8090504,-2.819708,3,walking
1519421765974,-13.064487,-0.9718179,-3.2409887,3,walking
1519421765979,-13.533641,-1.1345854,-3.1452432,3,walking
1519421765984,-13.820878,-1.8814012,-2.5899186,3,walking
1519421765989,-13.782579,-2.321831,-2.254809,3,walking
1519421765994,-13.811303,-2.7622607,-2.015445,3,walking
1519421766025,-12.212352,-3.7867386,-1.2303311,3,walking
1519421766030,-11.944264,-3.5665238,-1.3069274,3,walking
1519421766034,-11.49426,-3.0494976,-1.6516117,3,walking
1519421766039,-11.293194,-2.800559,-1.709059,3,walking
1519421766044,-11.130426,-2.6377914,-1.8814012,3,walking
1519421766049,-10.967659,-2.3888528,-2.015445,3,walking
1519421766058,-10.881488,-1.7377827,-2.4175766,3,walking
1519421766062,-10.938935,-1.5558661,-2.5228968,3,walking
1519421766067,-10.938935,-1.5558661,-2.5228968,3,walking
1519421766071,-10.938935,-1.5558661,-2.5228968,3,walking
1519421766076,-11.341067,-1.0196906,-2.8484318,3,walking
1519421766081,-11.408089,-0.98139244,-2.8963046,3,walking
1519421766086,-11.513409,-0.93351966,-2.905879,3,walking
1519421766091,-11.695326,-1.0101161,-2.7431116,3,walking
1519421766096,-11.781497,-1.0579889,-2.6856642,3,walking
1519421766101,-11.9346895,-1.1537346,-2.6377914,3,walking
1519421766106,-12.030436,-1.2016073,-2.5899186,3,walking
1519421766111,-12.0400095,-1.3356512,-2.4558747,3,walking
1519421766116,-11.925115,-1.4026731,-2.3697038,3,walking
1519421766121,-11.762347,-1.5079932,-2.360129,3,walking
1519421766126,-11.743198,-1.8909757,-2.4654493,3,walking
1519421766132,-11.810221,-2.0920415,-2.494173,3,walking
1519421766136,-11.848518,-2.3314054,-2.5516202,3,walking
1519421766141,-11.819795,-2.5324712,-2.5324712,3,walking
1519421766146,-11.436812,-2.6377914,-2.3984275,3,walking
1519421766151,-11.274045,-2.6856642,-2.4175766,3,walking
1519421766156,-11.015532,-2.7239625,-2.6090677,3,walking
1519421766161,-11.015532,-2.7239625,-2.6090677,3,walking
1519421766166,-10.642124,-2.8388572,-2.6569405,3,walking
1519421766171,-10.393186,-2.8484318,-2.6952388,3,walking
1519421766176,-10.259142,-2.6856642,-2.647366,3,walking
1519421766181,-10.182545,-2.4463003,-2.475024,3,walking
1519421766186,-10.134672,-2.360129,-2.427151,3,walking
1519421766191,-10.0868,-2.2260852,-1.929274,3,walking
1519421766197,-10.06765,-2.254809,-1.9388485,3,walking
1519421766206,-9.62722,-2.34098,-1.8143792,3,walking
1519421766211,-9.62722,-2.34098,-1.8143792,3,walking
1519421766215,-9.272962,-2.2356598,-1.709059,3,walking
1519421766221,-9.148493,-2.168638,-1.709059,3,walking
1519421766225,-9.043172,-2.1303396,-1.6994845,3,walking
1519421766230,-8.957002,-2.1303396,-1.6611862,3,walking
1519421766236,-8.5740185,-2.2931073,-1.4505459,3,walking
1519421766241,-8.382527,-2.3026817,-1.4218222,3,walking
1519421766245,-8.2676325,-2.168638,-1.5750152,3,walking
1519421766251,-8.191036,-2.1111906,-1.6037389,3,walking
1519421766256,-8.095291,-2.0824668,-1.6994845,3,walking
1519421766261,-8.018694,-2.0537431,-1.8143792,3,walking
1519421766266,-7.9325233,-2.0537431,-1.8526775,3,walking
1519421766271,-7.6452866,-2.1590633,-1.9962958,3,walking
1519421766276,-7.5974135,-2.187787,-2.0728924,3,walking
1519421766281,-7.56869,-2.187787,-2.0920415,3,walking
1519421766285,-7.501668,-2.1782124,-2.2069361,3,walking
1519421766290,-7.5591154,-2.2069361,-2.2931073,3,walking
1519421766296,-7.56869,-2.254809,-2.360129,3,walking
1519421766301,-7.6835847,-2.2452345,-2.427151,3,walking
1519421766306,-7.721883,-2.360129,-2.3888528,3,walking
1519421766311,-7.7984796,-2.3984275,-2.3888528,3,walking
1519421766315,-7.846352,-2.408002,-2.3697038,3,walking
1519421766320,-7.875076,-2.4654493,-2.2835326,3,walking
1519421766326,-7.9708214,-2.4463003,-2.254809,3,walking
1519421766331,-8.018694,-2.4654493,-2.2165108,3,walking
1519421766336,-8.11444,-2.4463003,-2.1973617,3,walking
1519421766340,-8.191036,-2.4463003,-2.1782124,3,walking
1519421766346,-8.133589,-2.5516202,-2.0920415,3,walking
1519421766351,-8.124015,-2.580344,-2.149489,3,walking
1519421766355,-8.00912,-2.5994933,-2.1111906,3,walking
1519421766360,-7.9708214,-2.6377914,-2.0920415,3,walking
1519421766366,-7.9325233,-2.5899186,-2.0728924,3,walking
1519421766371,-7.894225,-2.5899186,-2.1111906,3,walking
1519421766375,-7.894225,-2.5228968,-2.0633178,3,walking
1519421766381,-7.9133744,-2.4654493,-2.168638,3,walking
1519421766386,-7.855927,-2.427151,-2.149489,3,walking
1519421766390,-7.8846507,-2.408002,-2.168638,3,walking
1519421766396,-7.894225,-2.2643836,-2.2260852,3,walking
1519421766401,-7.855927,-2.2069361,-2.2260852,3,walking
1519421766406,-7.7793303,-2.1782124,-2.168638,3,walking
1519421766410,-7.7793303,-2.1782124,-2.168638,3,walking
1519421766416,-7.7601814,-2.187787,-2.2165108,3,walking
1519421766421,-7.8272033,-2.2260852,-2.1303396,3,walking
1519421766425,-7.846352,-2.2260852,-2.1973617,3,walking
1519421766430,-7.846352,-2.2260852,-2.1973617,3,walking
1519421766436,-7.9133744,-2.2452345,-2.2260852,3,walking
1519421766441,-7.894225,-2.254809,-2.187787,3,walking
1519421766445,-7.8846507,-2.2356598,-2.2069361,3,walking
1519421766451,-7.922949,-2.254809,-2.2069361,3,walking
1519421766456,-7.875076,-2.3314054,-2.168638,3,walking
1519421766462,-7.875076,-2.3314054,-2.168638,3,walking
1519421766467,-7.894225,-2.3505547,-2.1590633,3,walking
1519421766471,-7.961247,-2.3697038,-2.187787,3,walking
1519421766476,-8.037844,-2.427151,-2.187787,3,walking
1519421766480,-8.037844,-2.427151,-2.187787,3,walking
1519421766486,-8.133589,-2.4463003,-2.187787,3,walking
1519421766492,-8.200611,-2.5228968,-2.149489,3,walking
1519421766497,-8.296356,-2.5324712,-2.149489,3,walking
1519421766502,-8.296356,-2.5324712,-2.149489,3,walking
1519421766507,-8.44955,-2.5516202,-2.254809,3,walking
1519421766512,-8.439975,-2.580344,-2.2835326,3,walking
1519421766517,-8.401677,-2.6186423,-2.3122563,3,walking
1519421766528,-8.353804,-2.6760898,-2.4463003,3,walking
1519421766533,-8.305931,-2.6856642,-2.475024,3,walking
1519421766538,-8.296356,-2.6760898,-2.513322,3,walking
1519421766545,-8.11444,-2.647366,-2.5228968,3,walking
1519421766550,-7.9803963,-2.6377914,-2.5324712,3,walking
1519421766555,-7.8367777,-2.513322,-2.5420458,3,walking
1519421766561,-7.769756,-2.4654493,-2.5994933,3,walking
1519421766566,-7.6069884,-2.3697038,-2.4845984,3,walking
1519421766571,-7.5591154,-2.3792782,-2.408002,3,walking
1519421766576,-7.5399666,-2.3888528,-2.360129,3,walking
1519421766581,-7.4729443,-2.408002,-2.2069361,3,walking
1519421766586,-7.4729443,-2.408002,-2.2069361,3,walking
1519421766591,-7.482519,-2.4654493,-1.9962958,3,walking
1519421766596,-7.3197513,-2.5994933,-1.4888442,3,walking
1519421766601,-7.281453,-2.6760898,-1.1345854,3,walking
1519421766605,-7.3197513,-2.733537,-0.8856468,3,walking
1519421766610,-7.4250717,-2.8292825,-0.6845811,3,walking
1519421766616,-7.616563,-3.1165195,-0.30159867,3,walking
1519421766620,-7.875076,-3.212265,-0.19627848,3,walking
1519421766625,-8.21976,-3.365458,-0.18670394,3,walking
1519421766630,-8.21976,-3.365458,-0.18670394,3,walking
1519421766636,-10.2016945,-3.231414,-0.30159867,3,walking
1519421766641,-10.622974,-3.2218397,-0.26330042,3,walking
1519421766646,-10.919786,-3.2505634,-0.15798025,3,walking
1519421766651,-11.149575,-3.2792869,-0.062234644,3,walking
1519421766656,-11.417664,-3.3750327,0.014361841,3,walking
1519421766660,-11.417664,-3.3750327,0.014361841,3,walking
1519421766666,-11.455961,-3.3175852,0.15798025,3,walking
1519421766671,-11.379365,-3.0973704,0.32074776,3,walking
1519421766676,-11.379365,-3.0973704,0.32074776,3,walking
1519421766681,-11.101703,-2.8580062,0.46436617,3,walking
1519421766687,-10.661273,-2.5994933,0.47394073,3,walking
1519421766691,-10.412334,-2.4845984,0.45479164,3,walking
1519421766697,-10.259142,-2.3697038,0.2920241,3,walking
1519421766707,-9.85701,-1.9196993,0.062234644,3,walking
1519421766711,-9.85701,-1.9196993,0.062234644,3,walking
1519421766716,-9.933606,-1.5079932,-0.110107444,3,walking
1519421766720,-9.933606,-1.5079932,-0.110107444,3,walking
1519421766726,-10.287866,-1.14416,-0.5313881,3,walking
1519421766730,-10.546378,-0.91437054,-0.6079846,3,walking
1519421766735,-11.207023,-0.6558574,-0.8281995,3,walking
1519421766741,-11.455961,-0.5792609,-0.99096704,3,walking
1519421766746,-11.867668,-0.54096264,-0.98139244,3,walking
1519421766751,-12.58576,-0.6271337,-1.0962871,3,walking
1519421766757,-12.968742,-0.665432,-1.1058618,3,walking
1519421766761,-13.705983,-0.8281995,-1.1920328,3,walking
1519421766769,-14.060242,-0.8473486,-1.2303311,3,walking
1519421766777,-14.634716,-0.99096704,-1.3452257,3,walking
1519421766821,-13.562365,-0.85692316,-2.187787,3,walking
1519421766829,-12.968742,-0.92394507,-2.3122563,3,walking
1519421766836,-12.336822,-1.1345854,-2.360129,3,walking
1519421766844,-11.82937,-1.3356512,-2.3697038,3,walking
1519421766848,-11.484685,-1.4409714,-2.254809,3,walking
1519421766853,-11.245321,-1.5175679,-2.149489,3,walking
1519421766857,-10.94851,-1.5558661,-1.9196993,3,walking
1519421766866,-10.239992,-1.5558661,-1.4313968,3,walking
1519421766871,-9.885734,-1.6611862,-1.2590547,3,walking
1519421766875,-9.579348,-1.8431029,-1.0101161,3,walking
1519421766880,-9.579348,-1.8431029,-1.0101161,3,walking
1519421766886,-9.2825365,-2.2452345,-0.7420284,3,walking
1519421766890,-9.052747,-2.3888528,-0.56968635,3,walking
1519421766895,-8.430401,-2.733537,-0.33032233,3,walking
1519421766900,-8.430401,-2.733537,-0.33032233,3,walking
1519421766905,-8.00912,-2.867581,-0.22500217,3,walking
1519421766912,-7.5782647,-2.88673,0.043085523,3,walking
1519421766917,-7.1474094,-2.9537518,0.0718092,3,walking
1519421766924,-6.9463434,-3.126094,0.00478728,3,walking
1519421766929,-6.9463434,-3.365458,-0.359046,3,walking
1519421766934,-7.0708127,-3.365458,-0.44521707,3,walking
1519421766939,-6.611234,-3.2218397,-0.23457673,3,walking
1519421766944,-6.37187,-3.1069448,-0.3111732,3,walking
1519421766949,-6.1612296,-3.0877957,-0.46436617,3,walking
1519421766954,-6.065484,-3.1548176,-0.665432,3,walking
1519421766960,-6.0367603,-3.1643922,-0.64628285,3,walking
1519421766965,-5.950589,-3.193116,-0.665432,3,walking
1519421766972,-5.9314404,-3.2697124,-1.0867126,3,walking
1519421766978,-5.979313,-3.384607,-1.2303311,3,walking
1519421766982,-6.0367603,-3.3080106,-1.2973529,3,walking
1519421766988,-6.027186,-3.2409887,-1.1633091,3,walking
1519421766993,-5.8931417,-3.1835413,-1.1633091,3,walking
1519421766998,-5.988888,-3.1356685,-1.2782038,3,walking
1519421767003,-6.1229315,-3.059072,-1.2782038,3,walking
1519421767008,-6.323997,-3.0877957,-1.2303311,3,walking
1519421767013,-6.3814445,-3.1165195,-1.0962871,3,walking
1519421767018,-6.486765,-3.078221,-1.0005416,3,walking
1519421767023,-6.678256,-3.0303483,-0.90479594,3,walking
1519421767028,-6.7357035,-3.0016246,-0.7420284,3,walking
1519421767033,-6.831449,-3.0016246,-0.6558574,3,walking
1519421767037,-6.9654927,-2.9250283,-0.5505372,3,walking
1519421767048,-7.4537954,-2.8771553,-0.30159867,3,walking
1519421767053,-7.434646,-2.8101335,-0.22500217,3,walking
1519421767058,-7.5208173,-2.6952388,-0.09095833,3,walking
1519421767063,-7.7123084,-2.5324712,-0.05266008,3,walking
1519421767068,-7.875076,-2.4463003,0.0,3,walking
1519421767073,-8.171887,-2.3697038,-0.014361841,3,walking
1519421767079,-8.171887,-2.3697038,-0.014361841,3,walking
1519421767084,-8.401677,-2.1399143,-0.00478728,3,walking
1519421767089,-8.516571,-2.0058703,0.00478728,3,walking
1519421767094,-8.650616,-1.862252,-0.11968201,3,walking
1519421767099,-8.842107,-1.6516117,-0.22500217,3,walking
1519421767104,-8.909128,-1.5462915,-0.2441513,3,walking
1519421767109,-8.995299,-1.4888442,-0.28244954,3,walking
1519421767114,-8.995299,-1.4888442,-0.28244954,3,walking
1519421767119,-9.349558,-1.3069274,-0.5888355,3,walking
1519421767124,-9.493176,-1.2590547,-0.70373017,3,walking
1519421767132,-9.5889225,-1.3356512,-0.78990126,3,walking
1519421767138,-9.64637,-1.3643749,-0.7994758,3,walking
1519421767143,-9.684668,-1.4505459,-0.8664977,3,walking
1519421767148,-9.742115,-1.469695,-0.85692316,3,walking
1519421767153,-9.8953085,-1.6037389,-1.0675635,3,walking
1519421767158,-9.952756,-1.6611862,-1.0579889,3,walking
1519421767163,-10.019777,-1.8143792,-1.0867126,3,walking
1519421767168,-10.06765,-1.8909757,-1.2111819,3,walking
1519421767174,-10.268716,-1.9962958,-1.2877784,3,walking
1519421767179,-10.230418,-2.0058703,-1.2590547,3,walking
1519421767184,-10.287866,-2.0441687,-1.2016073,3,walking
1519421767189,-10.307014,-2.0250196,-1.2016073,3,walking
1519421767194,-10.316589,-1.9771467,-1.14416,3,walking
1519421767199,-10.40276,-2.034594,-1.2303311,3,walking
1519421767204,-10.40276,-2.034594,-1.2303311,3,walking
1519421767208,-10.804892,-1.9771467,-1.1633091,3,walking
1519421767213,-11.005958,-1.948423,-1.2590547,3,walking
1519421767217,-11.072979,-2.0728924,-1.2782038,3,walking
1519421767227,-11.484685,-2.3026817,-1.1824582,3,walking
1519421767232,-11.59958,-2.3888528,-1.0675635,3,walking
1519421767237,-11.647452,-2.5037475,-0.9718179,3,walking
1519421767247,-11.72405,-2.6856642,-0.665432,3,walking
1519421767252,-11.714475,-2.6569405,-0.54096264,3,walking
1519421767257,-11.771922,-2.5707695,-0.4835153,3,walking
1519421767263,-11.752773,-2.2260852,-0.50266445,3,walking
1519421767268,-11.7049,-2.034594,-0.50266445,3,walking
1519421767273,-11.590006,-1.8814012,-0.4164934,3,walking
1519421767277,-11.455961,-1.5271424,-0.56968635,3,walking
1519421767283,-11.321918,-1.4409714,-0.76117754,3,walking
1519421767287,-11.321918,-1.2590547,-0.83777404,3,walking
1519421767297,-11.36979,-0.9430942,-1.6420372,3,walking
1519421767302,-11.714475,-0.7420284,-2.0728924,3,walking
1519421767307,-12.145329,-0.63670826,-2.5516202,3,walking
1519421767314,-13.179382,-0.751603,-3.1069448,3,walking
1519421767318,-13.648536,-1.0292653,-3.126094,3,walking
1519421767322,-13.878325,-1.4313968,-3.0016246,3,walking
1519421767327,-13.878325,-1.9101248,-2.6856642,3,walking
1519421767337,-13.112361,-3.0877957,-1.6611862,3,walking
1519421767342,-12.738953,-3.2984362,-1.4026731,3,walking
1519421767346,-12.46129,-3.4229054,-1.2399056,3,walking
1519421767353,-11.915541,-3.6239712,-1.0867126,3,walking
1519421767357,-11.628304,-3.671844,-1.0579889,3,walking
1519421767366,-10.986808,-3.6622694,-1.14416,3,walking
1519421767372,-10.536804,-3.5569491,-1.3643749,3,walking
1519421767379,-10.441058,-3.4707782,-1.4505459,3,walking
1519421767384,-10.441058,-3.4707782,-1.4505459,3,walking
1519421767392,-10.546378,-2.9250283,-1.8526775,3,walking
1519421767397,-10.670848,-2.7814097,-1.9388485,3,walking
1519421767406,-10.977234,-2.4463003,-1.9579976,3,walking
1519421767412,-11.1208515,-2.34098,-1.948423,3,walking
1519421767417,-11.408089,-2.3026817,-2.0250196,3,walking
1519421767427,-11.925115,-2.5324712,-2.0058703,3,walking
1519421767431,-12.049584,-2.647366,-1.9771467,3,walking
1519421767437,-12.212352,-2.7431116,-1.9579976,3,walking
1519421767443,-12.260224,-2.733537,-1.8909757,3,walking
1519421767448,-12.202777,-2.7239625,-1.8718265,3,walking
1519421767453,-12.0400095,-2.7048132,-1.7856555,3,walking
1519421767458,-12.020861,-2.6186423,-1.929274,3,walking
1519421767463,-11.925115,-2.580344,-1.948423,3,walking
1519421767467,-11.771922,-2.5324712,-1.9388485,3,walking
1519421767472,-11.657027,-2.4175766,-1.8909757,3,walking
1519421767476,-11.360216,-2.2356598,-1.6707608,3,walking
1519421767482,-11.302769,-2.168638,-1.5654407,3,walking
1519421767487,-11.350641,-2.2739582,-1.6899099,3,walking
1519421767496,-11.187874,-2.6282167,-1.8335283,3,walking
1519421767502,-10.967659,-2.6090677,-1.7473572,3,walking
1519421767507,-10.843189,-2.5899186,-1.8335283,3,walking
1519421767517,-10.431483,-2.360129,-1.6324625,3,walking
1519421767521,-10.326163,-2.254809,-1.5654407,3,walking
1519421767526,-10.278291,-2.1782124,-1.4505459,3,walking
1519421767533,-10.172971,-2.2739582,-1.4409714,3,walking
1519421767538,-10.134672,-2.3314054,-1.3643749,3,walking
1519421767543,-9.971905,-2.4175766,-1.2877784,3,walking
1519421767548,-9.904882,-2.360129,-1.2494801,3,walking
1519421767554,-9.732541,-2.3505547,-1.2303311,3,walking
1519421767559,-9.617646,-2.3792782,-1.2399056,3,walking
1519421767564,-9.2825365,-2.494173,-1.2111819,3,walking
1519421767569,-9.167642,-2.5899186,-1.2399056,3,walking
1519421767575,-9.033598,-2.6282167,-1.3260766,3,walking
1519421767581,-8.679339,-2.5516202,-1.3165021,3,walking
1519421767587,-8.612317,-2.4463003,-1.3165021,3,walking
1519421767592,-8.526146,-2.360129,-1.2782038,3,walking
1519421767597,-8.4686985,-2.3026817,-1.2686293,3,walking
1519421767602,-8.430401,-2.187787,-1.2207564,3,walking
1519421767607,-8.372953,-2.1973617,-1.1824582,3,walking
1519421767613,-8.334655,-2.1590633,-1.1920328,3,walking
1519421767618,-8.334655,-2.1590633,-1.1920328,3,walking
1519421767623,-8.277207,-2.101616,-1.1250108,3,walking
1519421767628,-8.23891,-2.0633178,-1.1154363,3,walking
1519421767633,-8.181462,-1.9962958,-1.2303311,3,walking
1519421767638,-8.191036,-1.9771467,-1.2973529,3,walking
1519421767643,-8.191036,-2.0058703,-1.4218222,3,walking
1519421767648,-8.191036,-1.9962958,-1.5271424,3,walking
1519421767653,-8.152739,-1.9579976,-1.6994845,3,walking
1519421767658,-8.1623125,-1.9579976,-1.776081,3,walking
1519421767663,-8.11444,-2.0250196,-1.8814012,3,walking
1519421767668,-8.037844,-2.0633178,-1.9579976,3,walking
1519421767673,-7.9708214,-2.2165108,-2.0633178,3,walking
1519421767678,-8.018694,-2.2356598,-2.2260852,3,walking
1519421767684,-8.018694,-2.2356598,-2.3697038,3,walking
1519421767691,-7.9325233,-2.2643836,-2.4845984,3,walking
1519421767697,-7.9037995,-2.3026817,-2.5516202,3,walking
1519421767702,-7.875076,-2.2931073,-2.6090677,3,walking
1519421767707,-7.7793303,-2.34098,-2.5707695,3,walking
1519421767712,-7.6835847,-2.3792782,-2.666515,3,walking
1519421767717,-7.6835847,-2.3697038,-2.6760898,3,walking
1519421767722,-7.6261373,-2.3697038,-2.5516202,3,walking
1519421767728,-7.6261373,-2.3697038,-2.5516202,3,walking
1519421767733,-7.5782647,-2.34098,-2.4654493,3,walking
1519421767738,-7.5974135,-2.34098,-2.4367256,3,walking
1519421767743,-7.635712,-2.3122563,-2.3697038,3,walking
1519421767748,-7.6452866,-2.2739582,-2.2931073,3,walking
1519421767753,-7.6069884,-2.1973617,-2.2069361,3,walking
1519421767758,-7.6069884,-2.1973617,-2.2069361,3,walking
1519421767764,-7.4154973,-2.2739582,-2.0633178,3,walking
1519421767769,-7.3006024,-2.3697038,-1.9579976,3,walking
1519421767774,-7.2527294,-2.3697038,-1.8718265,3,walking
1519421767781,-7.02294,-2.4463003,-1.7569319,3,walking
1519421767787,-6.9559183,-2.4558747,-1.7186337,3,walking
1519421767792,-6.9559183,-2.5037475,-1.6899099,3,walking
1519421767797,-6.898471,-2.5228968,-1.6707608,3,walking
1519421767802,-6.7931504,-2.5324712,-1.5941644,3,walking
1519421767807,-6.7357035,-2.5228968,-1.5941644,3,walking
1519421767813,-6.639958,-2.5037475,-1.4505459,3,walking
1519421767818,-6.639958,-2.5037475,-1.4505459,3,walking
1519421767823,-6.639958,-2.3984275,-1.383524,3,walking
1519421767828,-6.592085,-2.3697038,-1.4026731,3,walking
1519421767833,-6.7261286,-2.3122563,-1.2782038,3,walking
1519421767838,-6.821874,-2.2739582,-1.2590547,3,walking
1519421767843,-7.12826,-2.2356598,-1.3356512,3,walking
1519421767848,-7.12826,-2.2356598,-1.3356512,3,walking
1519421767854,-7.4059224,-2.2356598,-1.2782038,3,walking
1519421767858,-7.501668,-2.2739582,-1.2207564,3,walking
1519421767864,-7.6069884,-2.2739582,-1.2111819,3,walking
1519421767871,-7.9325233,-2.2452345,-1.1345854,3,walking
1519421767877,-8.028269,-2.2260852,-1.1345854,3,walking
1519421767882,-8.085716,-2.187787,-1.1633091,3,walking
1519421767889,-8.286782,-2.1590633,-1.1154363,3,walking
1519421767895,-8.372953,-2.0728924,-1.0005416,3,walking
1519421767901,-8.420826,-2.0058703,-0.99096704,3,walking
1519421767907,-8.430401,-1.9388485,-0.91437054,3,walking
1519421767911,-8.411251,-1.862252,-0.8473486,3,walking
1519421767917,-8.392102,-1.8335283,-0.8090504,3,walking
1519421767922,-8.372953,-1.8431029,-0.7324539,3,walking
1519421767927,-8.372953,-1.8143792,-0.6558574,3,walking
1519421767932,-8.439975,-1.8335283,-0.6271337,3,walking
1519421767937,-8.497422,-1.8143792,-0.5505372,3,walking
1519421767946,-8.612317,-1.8239537,-0.26330042,3,walking
1519421767951,-8.5740185,-1.8239537,-0.18670394,3,walking
1519421767955,-8.583593,-1.862252,-0.110107444,3,walking
1519421767962,-8.621892,-1.9579976,-0.043085523,3,walking
1519421767966,-8.6697645,-2.0250196,0.0,3,walking
1519421767976,-8.899554,-2.1782124,0.0,3,walking
1519421767982,-9.2825365,-2.2452345,-0.16755481,3,walking
1519421767987,-9.608071,-2.2260852,-0.28244954,3,walking
1519421767991,-9.991054,-2.168638,-0.44521707,3,walking
1519421767996,-10.498506,-2.149489,-0.69415563,3,walking
1519421768001,-11.714475,-1.9771467,-1.0579889,3,walking
1519421768007,-12.25065,-1.9867213,-1.1633091,3,walking
1519421768014,-12.920869,-2.0728924,-1.0196906,3,walking
1519421768019,-12.940019,-2.1782124,-0.8856468,3,walking
1519421768025,-12.710229,-2.3697038,-0.59841,3,walking
1519421768030,-12.509163,-2.408002,-0.4164934,3,walking
1519421768065,-10.680422,-2.4367256,0.0718092,3,walking
1519421768072,-10.230418,-2.34098,0.03351096,3,walking
1519421768077,-10.019777,-2.2835326,-0.12925656,3,walking
1519421768082,-9.885734,-2.3026817,-0.25372586,3,walking
1519421768087,-9.837861,-2.34098,-0.32074776,3,walking
1519421768091,-9.991054,-2.2452345,-0.46436617,3,walking
1519421768096,-10.077225,-2.1303396,-0.56011176,3,walking
1519421768106,-10.910212,-2.015445,-0.91437054,3,walking
1519421768111,-11.321918,-2.0250196,-1.0005416,3,walking
1519421768116,-11.896391,-2.0537431,-1.14416,3,walking
1519421768121,-12.968742,-2.1590633,-1.5271424,3,walking
1519421768129,-13.7730055,-2.1399143,-1.8814012,3,walking
1519421768135,-13.99322,-2.1111906,-2.015445,3,walking
1519421768141,-14.299606,-2.0728924,-2.3505547,3,walking
1519421768147,-14.366628,-1.9962958,-2.494173,3,walking
1519421768181,-13.0549135,-2.1111906,-3.5282254,3,walking
1519421768185,-12.758101,-2.254809,-3.499502,3,walking
1519421768195,-12.174053,-2.513322,-3.1069448,3,walking
1519421768201,-11.657027,-2.5324712,-2.580344,3,walking
1519421768206,-11.360216,-2.475024,-2.3122563,3,walking
1519421768215,-10.211268,-2.3792782,-1.0579889,3,walking
1519421768222,-9.876159,-2.3697038,-0.751603,3,walking
1519421768226,-9.598496,-2.4367256,-0.45479164,3,walking
1519421768231,-9.138918,-2.666515,-0.0718092,3,walking
1519421768236,-8.947427,-2.800559,0.014361841,3,walking
1519421768274,-7.3197513,-2.8101335,-0.76117754,3,walking
1519421768280,-7.1857076,-2.8388572,-0.98139244,3,walking
1519421768285,-6.9271946,-2.752686,-1.2303311,3,walking
1519421768291,-6.8122997,-2.752686,-1.383524,3,walking
1519421768296,-6.764427,-2.6856642,-1.5271424,3,walking
1519421768305,-6.716554,-2.867581,-1.8431029,3,walking
1519421768310,-6.821874,-2.9154537,-1.9579976,3,walking
1519421768315,-6.9176197,-2.905879,-2.015445,3,walking
1519421768321,-6.975067,-2.9154537,-2.0633178,3,walking
1519421768326,-7.003791,-2.8580062,-2.015445,3,walking
1519421768330,-7.0133657,-2.8388572,-1.9196993,3,walking
1519421768335,-6.984642,-2.7718353,-1.8431029,3,walking
1519421768341,-7.0612383,-2.666515,-1.7186337,3,walking
1519421768345,-7.0325146,-2.6282167,-1.6037389,3,walking
1519421768354,-7.0708127,-2.6377914,-1.5175679,3,walking
1519421768361,-7.1091113,-2.6569405,-1.2399056,3,walking
1519421768366,-7.1186857,-2.647366,-1.14416,3,walking
1519421768371,-7.1857076,-2.6569405,-0.92394507,3,walking
1519421768376,-7.176133,-2.6856642,-0.8952214,3,walking
1519421768381,-7.204857,-2.666515,-0.8186249,3,walking
1519421768386,-7.243155,-2.6186423,-0.8090504,3,walking
1519421768391,-7.310177,-2.6760898,-0.7228793,3,walking
1519421768396,-7.35805,-2.6856642,-0.70373017,3,walking
1519421768400,-7.348475,-2.6856642,-0.7228793,3,walking
1519421768405,-7.4442205,-2.666515,-0.71330476,3,walking
1519421768411,-7.46337,-2.6377914,-0.70373017,3,walking
1519421768416,-7.511243,-2.6282167,-0.7420284,3,walking
1519421768425,-7.587839,-2.5994933,-0.78032666,3,walking
1519421768431,-7.587839,-2.5994933,-0.69415563,3,walking
1519421768436,-7.635712,-2.580344,-0.6558574,3,walking
1519421768441,-7.7314577,-2.5707695,-0.56968635,3,walking
1519421768446,-7.7314577,-2.5707695,-0.56968635,3,walking
1519421768451,-7.8846507,-2.5037475,-0.4835153,3,walking
1519421768457,-7.9037995,-2.4654493,-0.45479164,3,walking
1519421768461,-8.095291,-2.3792782,-0.45479164,3,walking
1519421768466,-8.095291,-2.3792782,-0.45479164,3,walking
1519421768471,-8.286782,-2.321831,-0.45479164,3,walking
1519421768477,-8.420826,-2.2739582,-0.49308985,3,walking
1519421768482,-8.631466,-2.2452345,-0.46436617,3,walking
1519421768487,-8.66019,-2.1973617,-0.47394073,3,walking
1519421768492,-8.784659,-2.0728924,-0.6079846,3,walking
1519421768497,-8.861256,-2.0441687,-0.61755913,3,walking
1519421768502,-8.966576,-2.0058703,-0.70373017,3,walking
1519421768507,-9.0814705,-1.8718265,-0.76117754,3,walking
1519421768512,-9.148493,-1.8526775,-0.8473486,3,walking
1519421768517,-9.148493,-1.8526775,-0.8473486,3,walking
1519421768521,-9.655944,-1.7856555,-1.0196906,3,walking
1519421768526,-9.85701,-1.8048047,-1.0867126,3,walking
1519421768530,-10.077225,-1.8814012,-1.0579889,3,walking
1519421768535,-10.268716,-1.948423,-1.1154363,3,walking
1519421768540,-10.814466,-2.0441687,-1.0962871,3,walking
1519421768545,-11.044255,-2.1399143,-1.0292653,3,walking
1519421768555,-11.590006,-2.2643836,-0.9718179,3,walking
1519421768560,-12.078308,-2.3888528,-0.83777404,3,walking
1519421768566,-12.308098,-2.4558747,-0.6845811,3,walking
1519421768571,-12.662356,-2.5324712,-0.5313881,3,walking
1519421768576,-12.777251,-2.5516202,-0.4356425,3,walking
1519421768581,-12.825124,-2.5707695,-0.4164934,3,walking
1519421768586,-12.863422,-2.5228968,-0.3877697,3,walking
1519421768591,-12.758101,-2.3792782,-0.37819514,3,walking
1519421768597,-12.67193,-2.2452345,-0.4164934,3,walking
1519421768601,-12.557036,-2.0824668,-0.49308985,3,walking
1519421768609,-12.212352,-1.7377827,-0.5792609,3,walking
1519421768614,-11.848518,-1.3739494,-0.6079846,3,walking
1519421768620,-11.637878,-1.2303311,-0.6845811,3,walking
1519421768625,-11.503835,-1.0484143,-0.7324539,3,walking
1519421768630,-11.216598,-0.77075213,-0.7994758,3,walking
1519421768636,-11.05383,-0.6845811,-0.8473486,3,walking
1519421768640,-10.843189,-0.5313881,-1.0484143,3,walking
1519421768646,-10.843189,-0.5313881,-1.0484143,3,walking
1519421768650,-10.871913,-0.33032233,-1.5845897,3,walking
1519421768656,-11.082554,-0.33032233,-1.8814012,3,walking
1519421768660,-11.484685,-0.4164934,-2.0058703,3,walking
1519421768665,-12.442142,-0.8186249,-1.6707608,3,walking
1519421768670,-12.710229,-1.1154363,-1.3452257,3,walking
1519421768677,-12.949593,-1.9675722,-0.98139244,3,walking
1519421768681,-12.940019,-2.427151,-0.76117754,3,walking
1519421768686,-12.863422,-2.8963046,-0.59841,3,walking
1519421768690,-12.777251,-3.2697124,-0.47394073,3,walking
1519421768695,-12.6527815,-3.6431203,-0.4356425,3,walking
1519421768700,-12.403843,-4.1409974,-0.54096264,3,walking
1519421768705,-12.260224,-4.2941904,-0.71330476,3,walking
1519421768709,-12.145329,-4.303765,-0.91437054,3,walking
1519421768728,-11.321918,-4.0356774,-2.0441687,3,walking
1519421768733,-11.015532,-3.7963133,-2.3792782,3,walking
1519421768740,-10.804892,-3.499502,-2.7909844,3,walking
1519421768746,-10.804892,-3.2984362,-2.905879,3,walking
1519421768750,-10.862339,-2.8388572,-3.0686467,3,walking
1519421768756,-10.938935,-2.6186423,-3.020774,3,walking
1519421768760,-11.015532,-2.4175766,-3.039923,3,walking
1519421768764,-11.101703,-2.2452345,-3.0016246,3,walking
1519421768770,-11.417664,-1.9005502,-2.88673,3,walking
1519421768775,-11.484685,-1.7473572,-2.800559,3,walking
1519421768780,-11.513409,-1.5750152,-2.6377914,3,walking
1519421768785,-11.475111,-1.4601204,-2.475024,3,walking
1519421768790,-11.49426,-1.2877784,-2.2643836,3,walking
1519421768795,-11.532558,-1.2207564,-2.2165108,3,walking
1519421768800,-11.647452,-1.1728836,-2.2452345,3,walking
1519421768804,-11.752773,-1.1537346,-2.2356598,3,walking
1519421768810,-11.800646,-1.2016073,-2.0920415,3,walking
1519421768814,-11.886817,-1.2973529,-2.0728924,3,walking
1519421768819,-11.963413,-1.4792696,-2.0824668,3,walking
1519421768824,-12.020861,-1.6899099,-2.0633178,3,walking
1519421768830,-12.097457,-2.0920415,-1.9579976,3,walking
1519421768835,-12.030436,-2.3314054,-1.9771467,3,walking
1519421768844,-11.848518,-2.8292825,-1.9675722,3,walking
1519421768850,-11.695326,-2.9441774,-1.8814012,3,walking
1519421768855,-11.618729,-2.9346027,-1.8335283,3,walking
1519421768860,-11.637878,-3.1356685,-2.187787,3,walking
1519421768865,-11.657027,-3.1165195,-2.4845984,3,walking
1519421768869,-11.666602,-3.1356685,-2.561195,3,walking
1519421768874,-11.503835,-3.0877957,-2.7239625,3,walking
1519421768880,-11.025106,-2.6186423,-2.714388,3,walking
1519421768885,-10.996383,-2.3697038,-2.733537,3,walking
1519421768890,-10.996383,-2.321831,-2.6186423,3,walking
1519421768895,-10.996383,-2.321831,-2.6186423,3,walking
1519421768899,-11.015532,-2.3984275,-2.561195,3,walking
1519421768904,-10.986808,-2.3984275,-2.5707695,3,walking
1519421768913,-10.852764,-2.2165108,-2.5228968,3,walking
1519421768920,-10.795317,-2.187787,-2.5228968,3,walking
1519421768924,-10.747444,-2.168638,-2.408002,3,walking
1519421768930,-10.527229,-2.1399143,-2.1973617,3,walking
1519421768935,-10.527229,-2.1399143,-2.1973617,3,walking
1519421768939,-10.182545,-2.1207652,-2.101616,3,walking
1519421768944,-10.048501,-2.034594,-1.9962958,3,walking
1519421768950,-9.62722,-2.015445,-1.9867213,3,walking
1519421768954,-9.368708,-2.0633178,-1.9388485,3,walking
1519421768959,-9.129343,-2.1303396,-1.9005502,3,walking
1519421768964,-8.9761505,-2.2069361,-1.929274,3,walking
1519421768969,-8.746361,-2.2931073,-1.929274,3,walking
1519421768975,-8.401677,-2.3697038,-1.9675722,3,walking
1519421768979,-8.23891,-2.4463003,-1.948423,3,walking
1519421768985,-8.056993,-2.5516202,-2.0058703,3,walking
1519421768989,-7.7984796,-2.6952388,-2.149489,3,walking
1519421768995,-7.721883,-2.7909844,-2.1399143,3,walking
1519421768999,-7.664436,-2.8771553,-2.2069361,3,walking
1519421769004,-7.693159,-2.8771553,-2.2643836,3,walking
1519421769009,-7.7314577,-2.8580062,-2.34098,3,walking
1519421769014,-7.7506065,-2.8101335,-2.3984275,3,walking
1519421769020,-7.769756,-2.752686,-2.3792782,3,walking
1519421769024,-7.769756,-2.752686,-2.3792782,3,walking
1519421769029,-7.9037995,-2.7718353,-2.4463003,3,walking
1519421769034,-7.9708214,-2.8484318,-2.494173,3,walking
1519421769040,-8.1623125,-2.9537518,-2.580344,3,walking
1519421769045,-8.200611,-2.9824755,-2.5516202,3,walking
1519421769050,-8.258059,-3.0016246,-2.5994933,3,walking
1519421769055,-8.34423,-3.0016246,-2.6377914,3,walking
1519421769059,-8.32508,-2.9824755,-2.6186423,3,walking
1519421769064,-8.334655,-2.905879,-2.5516202,3,walking
1519421769069,-8.382527,-2.8388572,-2.6282167,3,walking
1519421769074,-8.430401,-2.7048132,-2.6377914,3,walking
1519421769079,-8.411251,-2.5516202,-2.6569405,3,walking
1519421769085,-8.34423,-2.494173,-2.647366,3,walking
1519421769094,-8.210186,-2.34098,-2.4558747,3,walking
1519421769099,-8.066567,-2.187787,-2.3697038,3,walking
1519421769104,-7.9133744,-2.149489,-2.2739582,3,walking
1519421769109,-7.7601814,-2.149489,-2.2165108,3,walking
1519421769115,-7.654861,-2.1207652,-2.034594,3,walking
1519421769119,-7.4059224,-2.0824668,-1.79523,3,walking
1519421769124,-7.281453,-2.1207652,-1.5750152,3,walking
1519421769129,-7.051664,-2.0441687,-1.3069274,3,walking
1519421769134,-7.0133657,-2.0250196,-1.2782038,3,walking
1519421769139,-7.003791,-1.9675722,-1.2782038,3,walking
1519421769144,-7.051664,-1.9388485,-1.2973529,3,walking
1519421769149,-7.137835,-1.9005502,-1.3643749,3,walking
1519421769154,-7.2144313,-1.929274,-1.4792696,3,walking
1519421769159,-7.243155,-1.9196993,-1.5367169,3,walking
1519421769164,-7.2910275,-1.9579976,-1.5845897,3,walking
1519421769169,-7.3676243,-1.9867213,-1.6420372,3,walking
1519421769174,-7.434646,-2.0537431,-1.6994845,3,walking
1519421769179,-7.482519,-2.0728924,-1.6899099,3,walking
1519421769184,-7.5303917,-2.1111906,-1.6611862,3,walking
1519421769189,-7.654861,-2.187787,-1.6420372,3,walking
1519421769194,-7.7601814,-2.2260852,-1.6133134,3,walking
1519421769199,-7.922949,-2.2835326,-1.5845897,3,walking
1519421769204,-7.922949,-2.2835326,-1.5845897,3,walking
1519421769209,-8.200611,-2.3314054,-1.5654407,3,walking
1519421769214,-8.286782,-2.34098,-1.6420372,3,walking
1519421769219,-8.44955,-2.3697038,-1.6037389,3,walking
1519421769224,-8.401677,-2.3888528,-1.5941644,3,walking
1519421769229,-8.363379,-2.4463003,-1.5271424,3,walking
1519421769234,-8.32508,-2.427151,-1.5079932,3,walking
1519421769239,-8.258059,-2.3792782,-1.4313968,3,walking
1519421769245,-8.085716,-2.3505547,-1.3165021,3,walking
1519421769249,-7.9037995,-2.321831,-1.2207564,3,walking
1519421769255,-7.8176284,-2.2931073,-1.1250108,3,walking
1519421769259,-7.6069884,-2.2835326,-0.98139244,3,walking
1519421769265,-7.5303917,-2.2356598,-0.8760723,3,walking
1519421769269,-7.396348,-2.34098,-0.76117754,3,walking
1519421769275,-7.396348,-2.34098,-0.76117754,3,walking
1519421769281,-7.2718787,-2.3505547,-0.5888355,3,walking
1519421769285,-7.195282,-2.3505547,-0.2920241,3,walking
1519421769290,-7.12826,-2.360129,-0.10053288,3,walking
1519421769294,-7.12826,-2.360129,-0.10053288,3,walking
1519421769299,-7.2240057,-2.34098,0.20585304,3,walking
1519421769304,-7.4250717,-2.3026817,0.3111732,3,walking
1519421769309,-7.7123084,-2.2069361,0.18670394,3,walking
1519421769313,-8.727212,-1.9962958,-0.16755481,3,walking
1519421769319,-9.31126,-1.9962958,-0.45479164,3,walking
1519421769323,-9.876159,-2.015445,-0.6750065,3,walking
1519421769330,-10.575102,-2.2452345,-1.0388398,3,walking
1519421769335,-10.670848,-2.3984275,-1.0675635,3,walking
1519421769339,-10.555953,-2.5037475,-1.0867126,3,walking
1519421769344,-10.460207,-2.5899186,-1.0292653,3,walking
1519421769349,-10.316589,-2.6282167,-1.0292653,3,walking
1519421769353,-10.163396,-2.6760898,-0.9718179,3,walking
1519421769358,-10.0868,-2.647366,-0.8952214,3,walking
1519421769410,-11.15915,-3.1548176,-0.6558574,3,walking
1519421769415,-11.15915,-3.1548176,-0.6558574,3,walking
1519421769419,-11.963413,-3.173967,-0.5505372,3,walking
1519421769424,-12.557036,-3.193116,-0.50266445,3,walking
1519421769428,-13.00704,-3.2409887,-0.40691882,3,walking
1519421769435,-13.504917,-3.2026904,-0.4164934,3,walking
1519421769439,-14.404926,-3.231414,-0.44521707,3,walking
1519421769444,-14.711312,-3.2409887,-0.56011176,3,walking
1519421769487,-13.792154,-0.665432,-2.2356598,3,walking
1519421769496,-13.418746,-0.27287498,-2.5324712,3,walking
1519421769503,-13.23683,-0.0718092,-2.6282167,3,walking
1519421769508,-13.1602335,0.09095833,-2.7239625,3,walking
1519421769514,-12.815549,0.4835153,-2.6952388,3,walking
1519421769518,-12.509163,0.64628285,-2.6090677,3,walking
1519421769524,-12.202777,0.69415563,-2.4175766,3,walking
1519421769528,-11.848518,0.7420284,-2.254809,3,walking
1519421769533,-11.4272375,0.7324539,-1.8048047,3,walking
1519421769537,-11.274045,0.6271337,-1.6899099,3,walking
1519421769543,-11.092129,0.3111732,-1.6420372,3,walking
1519421769548,-10.958084,0.0,-1.5750152,3,walking
1519421769553,-10.709146,-0.081383765,-1.0292653,3,walking
1519421769559,-10.29744,-0.10053288,-0.69415563,3,walking
1519421769563,-9.876159,-0.023936402,-0.512239,3,walking
1519421769568,-9.062322,-0.359046,-0.2154276,3,walking
1519421769573,-8.851681,-0.7228793,-0.2154276,3,walking
1519421769578,-8.7750845,-1.0867126,-0.15798025,3,walking
1519421769583,-8.7750845,-1.3643749,-0.0718092,3,walking
1519421769588,-8.6697645,-1.79523,-0.05266008,3,walking
1519421769594,-8.526146,-1.9005502,-0.09095833,3,walking
1519421769598,-8.277207,-1.9388485,0.03351096,3,walking
1519421769604,-7.6740103,-2.3314054,0.09095833,3,walking
1519421769609,-7.788905,-2.4845984,-0.081383765,3,walking
1519421769614,-7.6835847,-2.714388,-0.12925656,3,walking
1519421769619,-7.4442205,-3.6335456,-0.33032233,3,walking
1519421769624,-7.3676243,-3.9016335,-0.4356425,3,walking
1519421769633,-7.243155,-3.9782298,-0.32074776,3,walking
1519421769638,-6.984642,-3.9207826,-0.2920241,3,walking
1519421769643,-6.9654927,-3.930357,-0.25372586,3,walking
1519421769648,-6.975067,-3.9878044,-0.40691882,3,walking
1519421769654,-6.975067,-3.9878044,-0.40691882,3,walking
1519421769659,-7.176133,-3.9399316,-0.6271337,3,walking
1519421769664,-7.2335806,-3.8633351,-0.6558574,3,walking
1519421769668,-7.243155,-3.7292912,-0.77075213,3,walking
1519421769673,-7.243155,-3.7292912,-0.77075213,3,walking
1519421769678,-7.3006024,-3.451629,-0.85692316,3,walking
1519421769684,-7.3771987,-3.3558834,-0.85692316,3,walking
1519421769689,-7.56869,-3.126094,-0.8186249,3,walking
1519421769694,-7.616563,-2.972901,-0.751603,3,walking
1519421769699,-7.635712,-2.8771553,-0.7228793,3,walking
1519421769704,-7.769756,-2.6186423,-0.64628285,3,walking
1519421769710,-7.846352,-2.5228968,-0.63670826,3,walking
1519421769715,-7.9133744,-2.4654493,-0.6079846,3,walking
1519421769720,-8.028269,-2.408002,-0.56968635,3,walking
1519421769725,-8.152739,-2.3984275,-0.5505372,3,walking
1519421769729,-8.200611,-2.3792782,-0.54096264,3,walking
1519421769734,-8.2676325,-2.427151,-0.512239,3,walking
1519421769738,-8.32508,-2.3888528,-0.4356425,3,walking
1519421769742,-8.382527,-2.3888528,-0.40691882,3,walking
1519421769748,-8.478273,-2.408002,-0.3111732,3,walking
1519421769754,-8.497422,-2.4463003,-0.26330042,3,walking
1519421769759,-8.506997,-2.4558747,-0.23457673,3,walking
1519421769764,-8.535721,-2.4654493,-0.2154276,3,walking
1519421769769,-8.55487,-2.4654493,-0.19627848,3,walking
1519421769774,-8.545295,-2.475024,-0.14840569,3,walking
1519421769779,-8.545295,-2.4845984,-0.20585304,3,walking
1519421769784,-8.583593,-2.5420458,-0.15798025,3,walking
1519421769789,-8.583593,-2.5994933,-0.20585304,3,walking
1519421769795,-8.5740185,-2.647366,-0.2154276,3,walking
1519421769800,-8.55487,-2.6282167,-0.25372586,3,walking
1519421769805,-8.526146,-2.5994933,-0.26330042,3,walking
1519421769810,-8.564445,-2.5707695,-0.3111732,3,walking
1519421769815,-8.631466,-2.5228968,-0.36862057,3,walking
1519421769820,-8.765511,-2.427151,-0.49308985,3,walking
1519421769825,-8.813383,-2.3697038,-0.59841,3,walking
1519421769830,-8.928278,-2.3026817,-0.665432,3,walking
1519421769840,-9.253813,-2.1303396,-0.8186249,3,walking
1519421769845,-9.2825365,-2.0728924,-0.8760723,3,walking
1519421769850,-9.3878565,-2.0537431,-0.9526688,3,walking
1519421769854,-9.445304,-2.015445,-0.9718179,3,walking
1519421769858,-9.531475,-1.9962958,-0.9622433,3,walking
1519421769863,-9.62722,-2.034594,-1.0005416,3,walking
1519421769868,-9.85701,-2.1207652,-0.9622433,3,walking
1519421769872,-9.85701,-2.1207652,-0.9622433,3,walking
1519421769877,-10.125097,-2.1973617,-0.93351966,3,walking
1519421769883,-10.230418,-2.1973617,-0.92394507,3,walking
1519421769887,-10.517654,-2.2260852,-0.93351966,3,walking
1519421769893,-10.680422,-2.2452345,-0.9718179,3,walking
1519421769898,-10.996383,-2.321831,-0.9622433,3,walking
1519421769904,-10.996383,-2.321831,-0.9622433,3,walking
1519421769908,-11.235746,-2.3888528,-0.92394507,3,walking
1519421769913,-11.408089,-2.3888528,-0.8952214,3,walking
1519421769918,-11.475111,-2.4367256,-0.8760723,3,walking
1519421769923,-11.522984,-2.4654493,-0.85692316,3,walking
1519421769927,-11.570856,-2.3888528,-0.76117754,3,walking
1519421769932,-11.590006,-2.34098,-0.77075213,3,walking
1519421769939,-11.590006,-2.1111906,-0.8090504,3,walking
1519421769945,-11.590006,-2.1111906,-0.8090504,3,walking
1519421769950,-11.475111,-1.7665064,-1.0005416,3,walking
1519421769955,-11.417664,-1.6516117,-1.1250108,3,walking
1519421769960,-11.408089,-1.5750152,-1.2877784,3,walking
1519421769970,-11.226172,-1.4888442,-1.4888442,3,walking
1519421769975,-11.187874,-1.4792696,-1.5558661,3,walking
1519421769980,-11.207023,-1.469695,-1.709059,3,walking
1519421769985,-11.331492,-1.4601204,-1.9101248,3,walking
1519421769991,-11.580431,-1.5079932,-2.1207652,3,walking
1519421769996,-11.972988,-1.5367169,-2.360129,3,walking
1519421770001,-13.074062,-1.7856555,-2.5420458,3,walking
1519421770006,-13.591088,-1.9579976,-2.3697038,3,walking
1519421770014,-13.8879,-2.5899186,-1.7569319,3,walking
1519421770019,-13.926198,-2.9824755,-1.5079932,3,walking
1519421770024,-13.638962,-3.6335456,-1.0388398,3,walking
1519421770029,-13.457045,-3.8633351,-0.92394507,3,walking
1519421770034,-13.227255,-3.9686553,-0.8760723,3,walking
1519421770065,-11.561282,-2.666515,-1.8718265,3,walking
1519421770069,-11.398514,-2.5037475,-2.0537431,3,walking
1519421770074,-11.312344,-2.2452345,-2.1590633,3,walking
1519421770079,-11.187874,-1.7377827,-2.2931073,3,walking
1519421770084,-11.111278,-1.5845897,-2.321831,3,walking
1519421770089,-11.063405,-1.3930986,-2.2643836,3,walking
1519421770093,-11.005958,-1.2782038,-2.168638,3,walking
1519421770097,-10.958084,-1.1633091,-2.0920415,3,walking
1519421770102,-10.804892,-1.0579889,-2.0058703,3,walking
1519421770108,-10.546378,-0.99096704,-1.9962958,3,walking
1519421770113,-10.498506,-0.90479594,-1.9579976,3,walking
1519421770118,-10.469782,-0.83777404,-1.9101248,3,walking
1519421770124,-10.2016945,-0.71330476,-1.862252,3,walking
1519421770129,-9.924032,-0.7420284,-1.79523,3,walking
1519421770134,-9.866585,-0.78990126,-1.7569319,3,walking
1519421770139,-9.885734,-0.8952214,-1.8048047,3,walking
1519421770149,-9.914457,-1.2877784,-1.7856555,3,walking
1519421770154,-9.952756,-1.4313968,-1.7665064,3,walking
1519421770159,-9.933606,-1.5462915,-1.6899099,3,walking
1519421770163,-9.96233,-1.6899099,-1.6324625,3,walking
1519421770168,-10.010203,-1.8526775,-1.5175679,3,walking
1519421770173,-10.038927,-2.0728924,-1.4984187,3,walking
1519421770177,-10.144247,-2.3792782,-1.4601204,3,walking
1519421770182,-10.527229,-2.8101335,-1.383524,3,walking
1519421770187,-10.661273,-2.9250283,-1.2111819,3,walking
1519421770192,-10.737869,-2.9154537,-1.0196906,3,walking
1519421770197,-10.862339,-2.7239625,-0.7324539,3,walking
1519421770202,-10.977234,-2.5420458,-0.69415563,3,walking
1519421770208,-11.101703,-2.3888528,-0.70373017,3,walking
1519421770213,-11.350641,-2.1207652,-0.8664977,3,walking
1519421770218,-11.49426,-2.0824668,-1.0388398,3,walking
1519421770223,-11.542132,-2.034594,-1.1345854,3,walking
1519421770227,-11.561282,-1.8335283,-1.3930986,3,walking
1519421770232,-11.561282,-1.8335283,-1.3930986,3,walking
1519421770237,-11.551707,-1.6420372,-1.6133134,3,walking
1519421770242,-11.532558,-1.6994845,-1.7665064,3,walking
1519421770247,-11.532558,-1.7282082,-2.034594,3,walking
1519421770252,-11.379365,-1.7377827,-2.0537431,3,walking
1519421770258,-11.207023,-1.6324625,-1.9579976,3,walking
1519421770263,-10.891063,-1.79523,-1.9771467,3,walking
1519421770268,-10.737869,-1.9579976,-2.0633178,3,walking
1519421770274,-10.393186,-2.1782124,-2.0633178,3,walking
1519421770279,-10.29744,-2.3122563,-1.9579976,3,walking
1519421770284,-10.125097,-2.360129,-1.9867213,3,walking
1519421770289,-9.943181,-2.4367256,-2.0058703,3,walking
1519421770295,-9.684668,-2.6569405,-2.1303396,3,walking
1519421770300,-9.5889225,-2.819708,-2.1303396,3,walking
1519421770310,-9.359133,-3.384607,-2.168638,3,walking
1519421770315,-9.244238,-3.4420545,-2.1207652,3,walking
1519421770319,-9.091045,-3.5090764,-2.149489,3,walking
1519421770328,-8.947427,-3.3080106,-2.0441687,3,walking
1519421770333,-8.880404,-3.231414,-2.0058703,3,walking
1519421770338,-8.842107,-3.212265,-2.034594,3,walking
1519421770342,-8.813383,-3.2601378,-2.0824668,3,walking
1519421770348,-8.784659,-3.2505634,-2.0920415,3,walking
1519421770353,-8.7750845,-3.231414,-2.0633178,3,walking
1519421770357,-8.813383,-3.1643922,-2.0441687,3,walking
1519421770362,-8.794233,-3.039923,-2.1590633,3,walking
1519421770367,-8.803808,-2.9346027,-2.2643836,3,walking
1519421770372,-8.870831,-2.867581,-2.34098,3,walking
1519421770377,-8.880404,-2.800559,-2.4175766,3,walking
1519421770383,-8.842107,-2.7431116,-2.6090677,3,walking
1519421770387,-8.842107,-2.7048132,-2.6377914,3,walking
1519421770392,-8.832532,-2.6569405,-2.714388,3,walking
1519421770397,-8.813383,-2.6377914,-2.7431116,3,walking
1519421770402,-8.631466,-2.5899186,-2.752686,3,walking
1519421770407,-8.602742,-2.5516202,-2.7718353,3,walking
1519421770412,-8.506997,-2.5324712,-2.819708,3,walking
1519421770417,-8.248484,-2.4845984,-2.7048132,3,walking
1519421770422,-8.171887,-2.494173,-2.6186423,3,walking
1519421770427,-7.9708214,-2.427151,-2.3888528,3,walking
1519421770432,-7.9708214,-2.427151,-2.3888528,3,walking
1519421770437,-7.808054,-2.3026817,-2.1590633,3,walking
1519421770443,-7.693159,-2.1399143,-2.034594,3,walking
1519421770448,-7.56869,-2.101616,-1.948423,3,walking
1519421770453,-7.5303917,-2.0728924,-1.929274,3,walking
1519421770457,-7.46337,-2.015445,-1.8814012,3,walking
1519421770462,-7.4537954,-1.9579976,-1.862252,3,walking
1519421770467,-7.396348,-1.9101248,-1.8048047,3,walking
1519421770472,-7.243155,-1.8718265,-1.6420372,3,walking
1519421770477,-7.1474094,-1.8814012,-1.6420372,3,walking
1519421770482,-7.02294,-1.862252,-1.5750152,3,walking
1519421770487,-6.8601727,-1.8718265,-1.4409714,3,walking
1519421770492,-6.783576,-1.8718265,-1.3452257,3,walking
1519421770497,-6.5346375,-1.8718265,-1.2303311,3,walking
1519421770502,-6.5346375,-1.8718265,-1.2303311,3,walking
1519421770507,-6.2761245,-1.9005502,-1.0484143,3,walking
1519421770512,-6.180379,-1.9101248,-1.0101161,3,walking
1519421770517,-5.8931417,-1.9388485,-0.9526688,3,walking
1519421770522,-5.8931417,-1.9388485,-0.9526688,3,walking
1519421770527,-5.7208,-1.9675722,-0.91437054,3,walking
1519421770533,-5.682502,-1.9101248,-1.0101161,3,walking
1519421770538,-5.7112255,-1.9196993,-1.0579889,3,walking
1519421770543,-5.8165455,-1.8718265,-1.0962871,3,walking
1519421770547,-5.873993,-1.8143792,-1.1345854,3,walking
1519421770552,-6.017611,-1.7856555,-1.1920328,3,walking
1519421770557,-6.113357,-1.776081,-1.2207564,3,walking
1519421770562,-6.410168,-1.7282082,-1.2877784,3,walking
1519421770567,-6.5346375,-1.6707608,-1.2590547,3,walking
1519421770573,-6.8410234,-1.6516117,-1.2877784,3,walking
1519421770578,-6.975067,-1.6611862,-1.2973529,3,walking
1519421770583,-7.243155,-1.6803354,-1.3643749,3,walking
1519421770588,-7.3676243,-1.6899099,-1.3260766,3,walking
1519421770599,-7.6069884,-1.7856555,-1.2973529,3,walking
1519421770604,-7.5782647,-1.8431029,-1.2494801,3,walking
1519421770609,-7.616563,-1.862252,-1.1920328,3,walking
1519421770619,-7.5399666,-1.929274,-0.92394507,3,walking
1519421770624,-7.511243,-1.9579976,-0.8090504,3,walking
1519421770629,-7.4537954,-1.9675722,-0.6845811,3,walking
1519421770634,-7.5399666,-2.034594,-0.6750065,3,walking
1519421770640,-7.616563,-2.1111906,-0.59841,3,walking
1519421770645,-7.654861,-2.1399143,-0.5792609,3,walking
1519421770650,-7.846352,-2.2452345,-0.47394073,3,walking
1519421770655,-8.028269,-2.254809,-0.49308985,3,walking
1519421770660,-8.181462,-2.2643836,-0.5218136,3,walking
1519421770665,-8.392102,-2.3026817,-0.4835153,3,walking
1519421770670,-8.516571,-2.3697038,-0.56011176,3,walking
1519421770675,-8.631466,-2.3792782,-0.5792609,3,walking
1519421770680,-8.7750845,-2.4367256,-0.6271337,3,walking
1519421770685,-9.110194,-2.5324712,-0.7420284,3,walking
1519421770690,-9.29211,-2.5899186,-0.8090504,3,walking
1519421770695,-9.579348,-2.6186423,-0.8090504,3,walking
1519421770701,-9.933606,-2.6090677,-0.8664977,3,walking
1519421770706,-10.94851,-2.5324712,-1.2303311,3,walking
1519421770711,-11.542132,-2.494173,-1.4505459,3,walking
1519421770718,-12.5474615,-2.580344,-1.709059,3,walking
1519421770724,-12.892146,-2.8292825,-1.6707608,3,walking
1519421770729,-12.7964,-2.972901,-1.5367169,3,walking
1519421770739,-12.375119,-3.231414,-1.2494801,3,walking
1519421770744,-12.221927,-3.212265,-1.0962871,3,walking
1519421770771,-11.015532,-3.2888615,-0.8473486,3,walking
1519421770780,-10.871913,-3.0686467,-1.0675635,3,walking
1519421770788,-10.996383,-2.867581,-1.2686293,3,walking
1519421770796,-11.245321,-2.7431116,-1.3930986,3,walking
1519421770803,-12.020861,-2.6090677,-1.6037389,3,walking
1519421770808,-12.518738,-2.5994933,-1.7186337,3,walking
1519421770819,-13.974071,-2.733537,-2.3505547,3,walking
1519421770828,-14.730461,-2.9633265,-2.6090677,3,walking
1519421770872,-14.127264,-2.1207652,-3.3558834,3,walking
1519421770880,-13.897474,-1.862252,-3.4420545,3,walking
1519421770887,-12.758101,-1.1345854,-3.2409887,3,walking
1519421770896,-12.35597,-0.9430942,-3.020774,3,walking
1519421770905,-11.140001,-0.751603,-2.5037475,3,walking
1519421770910,-10.862339,-0.77075213,-2.2643836,3,walking
1519421770914,-10.527229,-0.7228793,-2.0250196,3,walking
1519421770919,-10.048501,-0.5888355,-1.4888442,3,walking
1519421770923,-9.809137,-0.5313881,-1.2686293,3,walking
1519421770958,-7.855927,-1.8335283,-0.5792609,3,walking
1519421770966,-7.8367777,-1.9101248,-0.5792609,3,walking
1519421770974,-7.7123084,-1.929274,-0.6558574,3,walking
1519421770982,-6.898471,-2.0250196,-0.71330476,3,walking
1519421770987,-6.745278,-2.321831,-0.9430942,3,walking
1519421770994,-6.6878304,-3.0303483,-1.4313968,3,walking
1519421770999,-6.668681,-3.3367343,-1.6133134,3,walking
1519421771008,-6.3144226,-3.5282254,-1.4122477,3,walking
1519421771015,-6.0846334,-3.5473747,-1.4026731,3,walking
1519421771019,-5.912291,-3.6431203,-1.4505459,3,walking
1519421771029,-5.988888,-4.016528,-1.4409714,3,walking
1519421771034,-6.151655,-4.131423,-1.4888442,3,walking
1519421771038,-6.304848,-4.1792955,-1.5367169,3,walking
1519421771044,-6.563361,-4.1026993,-1.5558661,3,walking
1519421771049,-6.6016593,-4.0356774,-1.5941644,3,walking
1519421771054,-6.592085,-3.9686553,-1.5654407,3,walking
1519421771058,-6.5825105,-3.930357,-1.5654407,3,walking
1519421771068,-6.7740016,-3.7197168,-1.5558661,3,walking
1519421771074,-6.9080453,-3.6526947,-1.4792696,3,walking
1519421771078,-7.0325146,-3.5856729,-1.4505459,3,walking
1519421771089,-7.329326,-3.346309,-1.2877784,3,walking
1519421771094,-7.4729443,-3.2792869,-1.2399056,3,walking
1519421771099,-7.6835847,-3.078221,-1.0962871,3,walking
1519421771104,-7.769756,-3.020774,-1.0579889,3,walking
1519421771110,-7.9420977,-2.9537518,-1.0292653,3,walking
1519421771114,-8.248484,-2.800559,-0.85692316,3,walking
1519421771120,-8.353804,-2.666515,-0.76117754,3,walking
1519421771125,-8.44955,-2.4654493,-0.56011176,3,walking
1519421771130,-8.55487,-2.2835326,-0.44521707,3,walking
1519421771135,-8.937852,-2.0728924,-0.3877697,3,walking
1519421771140,-9.071896,-2.0250196,-0.2920241,3,walking
1519421771145,-9.445304,-1.948423,-0.3398969,3,walking
1519421771151,-9.445304,-1.948423,-0.3398969,3,walking
1519421771156,-9.5219,-1.8239537,-0.27287498,3,walking
1519421771163,-9.655944,-1.709059,-0.27287498,3,walking
1519421771169,-9.684668,-1.6707608,-0.36862057,3,walking
1519421771174,-9.665519,-1.5367169,-0.3111732,3,walking
1519421771180,-9.675094,-1.4601204,-0.359046,3,walking
1519421771185,-9.608071,-1.3739494,-0.33032233,3,walking
1519421771190,-9.569773,-1.2494801,-0.359046,3,walking
1519421771195,-9.493176,-1.1920328,-0.33032233,3,walking
1519421771200,-9.531475,-1.1728836,-0.4164934,3,walking
1519421771205,-9.502751,-0.93351966,-0.5888355,3,walking
1519421771211,-9.550624,-0.8090504,-0.61755913,3,walking
1519421771215,-9.5219,-0.64628285,-0.77075213,3,walking
1519421771221,-9.5219,-0.64628285,-0.77075213,3,walking
1519421771226,-9.684668,-0.5505372,-1.0484143,3,walking
1519421771231,-9.655944,-0.5792609,-0.99096704,3,walking
1519421771236,-9.655944,-0.70373017,-1.1058618,3,walking
1519421771243,-9.818711,-0.8281995,-1.1537346,3,walking
1519421771248,-9.98148,-0.9718179,-1.0675635,3,walking
1519421771253,-10.019777,-1.0196906,-1.1345854,3,walking
1519421771258,-10.105948,-1.0962871,-1.1728836,3,walking
1519421771268,-10.278291,-1.3548003,-1.1728836,3,walking
1519421771278,-10.517654,-1.6133134,-1.2016073,3,walking
1519421771284,-10.814466,-1.9101248,-1.3739494,3,walking
1519421771289,-10.986808,-2.0728924,-1.3930986,3,walking
1519421771295,-11.197449,-2.3505547,-1.5079932,3,walking
1519421771299,-11.321918,-2.4654493,-1.5079932,3,walking
1519421771304,-11.408089,-2.5228968,-1.5271424,3,walking
1519421771309,-11.522984,-2.5899186,-1.5558661,3,walking
1519421771313,-11.695326,-2.5899186,-1.5367169,3,walking
1519421771319,-11.714475,-2.5228968,-1.4888442,3,walking
1519421771324,-11.762347,-2.4463003,-1.4505459,3,walking
1519421771329,-11.752773,-2.321831,-1.3930986,3,walking
1519421771334,-11.628304,-2.015445,-1.5079932,3,walking
1519421771339,-11.522984,-1.8431029,-1.5271424,3,walking
1519421771343,-11.475111,-1.7282082,-1.6037389,3,walking
1519421771348,-11.36979,-1.6037389,-1.6037389,3,walking
1519421771354,-11.005958,-1.4218222,-1.6516117,3,walking
1519421771358,-10.843189,-1.2590547,-1.7282082,3,walking
1519421771367,-10.517654,-1.0771381,-1.776081,3,walking
1519421771374,-10.134672,-1.0196906,-1.8335283,3,walking
1519421771378,-9.943181,-0.98139244,-1.862252,3,walking
1519421771383,-9.770839,-1.0196906,-1.9388485,3,walking
1519421771389,-9.474028,-1.1728836,-2.0633178,3,walking
1519421771393,-9.3878565,-1.2494801,-2.187787,3,walking
1519421771398,-9.445304,-1.2494801,-2.360129,3,walking
1519421771407,-10.239992,-1.2686293,-3.020774,3,walking
1519421771413,-11.561282,-1.5845897,-3.2026904,3,walking
1519421771445,-12.604909,-5.787822,-1.0101161,3,walking
1519421771450,-12.384694,-5.998462,-0.85692316,3,walking
1519421771455,-12.135756,-6.0080366,-0.8760723,3,walking
1519421771459,-11.915541,-5.8644185,-0.9526688,3,walking
1519421771464,-11.36979,-5.1846247,-1.1250108,3,walking
1519421771468,-11.05383,-4.8590894,-1.3165021,3,walking
1519421771486,-10.421909,-2.972901,-2.513322,3,walking
1519421771493,-10.680422,-2.1207652,-3.0016246,3,walking
1519421771498,-10.862339,-1.7377827,-3.193116,3,walking
1519421771503,-11.101703,-1.383524,-3.3558834,3,walking
1519421771508,-11.331492,-1.0579889,-3.4803526,3,walking
1519421771513,-11.800646,-0.46436617,-3.5760984,3,walking
1519421771519,-11.982562,-0.2920241,-3.6526947,3,walking
1519421771524,-12.174053,-0.17712937,-3.6335456,3,walking
1519421771529,-12.375119,-0.16755481,-3.5760984,3,walking
1519421771534,-12.576185,-0.36862057,-3.384607,3,walking
1519421771539,-12.624058,-0.5313881,-3.173967,3,walking
1519421771544,-12.767676,-0.8760723,-3.0016246,3,walking
1519421771550,-12.825124,-1.0962871,-2.9537518,3,walking
1519421771555,-12.805975,-1.3356512,-2.8388572,3,walking
1519421771559,-12.8538475,-1.5654407,-2.733537,3,walking
1519421771563,-12.920869,-1.8335283,-2.6760898,3,walking
1519421771568,-13.045339,-2.254809,-2.494173,3,walking
1519421771573,-13.102786,-2.3984275,-2.4175766,3,walking
1519421771578,-13.1602335,-2.475024,-2.4558747,3,walking
1519421771587,-13.227255,-2.5037475,-2.494173,3,walking
1519421771593,-13.208106,-2.513322,-2.5516202,3,walking
1519421771598,-13.121935,-2.427151,-2.5899186,3,walking
1519421771607,-12.738953,-1.948423,-2.8101335,3,walking
1519421771613,-12.604909,-1.8526775,-2.9250283,3,walking
1519421771618,-12.3463955,-1.7377827,-2.9920502,3,walking
1519421771623,-11.666602,-1.4409714,-2.9154537,3,walking
1519421771628,-11.360216,-1.3356512,-2.8292825,3,walking
1519421771634,-11.149575,-1.2399056,-2.7909844,3,walking
1519421771639,-10.967659,-1.2494801,-2.8388572,3,walking
1519421771643,-10.441058,-1.1250108,-2.867581,3,walking
1519421771649,-10.105948,-1.0579889,-2.7431116,3,walking
1519421771654,-9.397431,-0.8952214,-2.5899186,3,walking
1519421771659,-9.148493,-0.93351966,-2.5899186,3,walking
1519421771664,-8.909128,-1.0005416,-2.5994933,3,walking
1519421771669,-8.6697645,-1.14416,-2.561195,3,walking
1519421771675,-8.210186,-1.3739494,-2.4175766,3,walking
1519421771680,-8.037844,-1.4122477,-2.3792782,3,walking
1519421771684,-7.6740103,-1.6037389,-2.3984275,3,walking
1519421771689,-7.6740103,-1.6037389,-2.3984275,3,walking
1519421771695,-7.511243,-1.79523,-2.2931073,3,walking
1519421771699,-7.4154973,-1.9196993,-2.3505547,3,walking
1519421771703,-7.3771987,-2.0537431,-2.3697038,3,walking
1519421771708,-7.310177,-2.149489,-2.3792782,3,walking
1519421771713,-7.137835,-2.3122563,-2.3314054,3,walking
1519421771718,-7.042089,-2.3026817,-2.3026817,3,walking
1519421771723,-7.089962,-2.3314054,-2.3697038,3,walking
1519421771729,-7.042089,-2.360129,-2.408002,3,walking
1519421771734,-6.9942164,-2.408002,-2.4845984,3,walking
1519421771739,-6.984642,-2.4558747,-2.475024,3,walking
1519421771744,-6.8888965,-2.408002,-2.513322,3,walking
1519421771749,-6.8888965,-2.408002,-2.513322,3,walking
1519421771754,-6.764427,-2.2739582,-2.4367256,3,walking
1519421771759,-6.7357035,-2.2260852,-2.4463003,3,walking
1519421771765,-6.6878304,-2.034594,-2.3697038,3,walking
1519421771770,-6.697405,-1.9867213,-2.3792782,3,walking
1519421771775,-6.6016593,-1.8048047,-2.360129,3,walking
1519421771780,-6.6016593,-1.8048047,-2.360129,3,walking
1519421771785,-6.486765,-1.6994845,-2.2835326,3,walking
1519421771790,-6.438892,-1.6803354,-2.2835326,3,walking
1519421771795,-6.4484663,-1.622888,-2.2739582,3,walking
1519421771803,-6.438892,-1.5654407,-2.321831,3,walking
1519421771807,-6.47719,-1.5175679,-2.2835326,3,walking
1519421771812,-6.5346375,-1.5175679,-2.2931073,3,walking
1519421771818,-6.592085,-1.469695,-2.3122563,3,walking
1519421771823,-6.7931504,-1.4409714,-2.321831,3,walking
1519421771829,-6.869747,-1.3930986,-2.3122563,3,walking
1519421771834,-6.9559183,-1.4122477,-2.2931073,3,walking
1519421771838,-7.0995364,-1.4026731,-2.2643836,3,walking
1519421771843,-7.348475,-1.4218222,-2.2452345,3,walking
1519421771847,-7.4537954,-1.4409714,-2.2356598,3,walking
1519421771857,-7.702734,-1.3643749,-2.0250196,3,walking
1519421771863,-7.741032,-1.3356512,-1.9005502,3,walking
1519421771867,-7.7984796,-1.3260766,-1.8335283,3,walking
1519421771877,-7.9037995,-1.2782038,-1.6994845,3,walking
1519421771882,-7.894225,-1.3069274,-1.7665064,3,walking
1519421771887,-7.846352,-1.3260766,-1.79523,3,walking
1519421771893,-7.741032,-1.3260766,-1.9771467,3,walking
1519421771897,-7.6261373,-1.3643749,-2.034594,3,walking
1519421771902,-7.4920936,-1.4601204,-2.2356598,3,walking
1519421771906,-7.434646,-1.5175679,-2.427151,3,walking
1519421771913,-7.2623043,-1.7186337,-2.714388,3,walking
1519421771917,-7.2623043,-1.7665064,-2.8101335,3,walking
1519421771927,-7.1474094,-1.9675722,-3.039923,3,walking
1519421771933,-7.204857,-2.187787,-3.2026904,3,walking
1519421771938,-7.3006024,-2.3122563,-3.231414,3,walking
1519421771943,-7.46337,-2.580344,-3.3175852,3,walking
1519421771948,-7.6069884,-2.6760898,-3.384607,3,walking
1519421771953,-7.7314577,-2.7909844,-3.346309,3,walking
1519421771958,-7.9133744,-2.8580062,-3.3558834,3,walking
1519421771963,-8.124015,-2.9633265,-3.2601378,3,walking
1519421771967,-8.2676325,-3.0303483,-3.173967,3,walking
1519421771972,-8.353804,-3.0973704,-3.0973704,3,walking
1519421771978,-8.430401,-3.231414,-2.9441774,3,walking
1519421771983,-8.497422,-3.4229054,-2.5899186,3,walking
1519421771988,-8.612317,-3.5378,-2.321831,3,walking
1519421771993,-8.698488,-3.6335456,-2.1590633,3,walking
1519421771998,-8.679339,-3.7675896,-1.9388485,3,walking
1519421772003,-8.688913,-3.9782298,-1.3739494,3,walking
1519421772008,-8.746361,-4.08355,-1.1633091,3,walking
1519421772015,-9.033598,-4.0931244,-0.92394507,3,walking
1519421772026,-9.215514,-4.150572,-0.3877697,3,walking
1519421772032,-9.29211,-4.08355,-0.22500217,3,walking
1519421772037,-9.320834,-3.8537605,0.0,3,walking
1519421772042,-9.330409,-3.7675896,0.00478728,3,walking
1519421772048,-9.339984,-3.5760984,0.03351096,3,walking
1519421772053,-9.407005,-3.231414,-0.110107444,3,walking
1519421772057,-9.426155,-3.1069448,-0.22500217,3,walking
1519421772062,-9.474028,-2.972901,-0.42606795,3,walking
1519421772067,-9.464453,-2.8484318,-0.54096264,3,walking
1519421772072,-9.560199,-2.4654493,-0.7994758,3,walking
1519421772077,-9.732541,-2.2260852,-1.0771381,3,walking
1519421772081,-10.239992,-1.8718265,-1.469695,3,walking
1519421772087,-10.986808,-1.5654407,-1.9771467,3,walking
1519421772094,-12.69108,-1.0771381,-2.8771553,3,walking
1519421772100,-14.060242,-1.0388398,-3.365458,3,walking
1519421772105,-14.32833,-1.1250108,-3.3080106,3,walking
1519421772146,-10.450633,-2.800559,0.59841,3,walking
1519421772155,-9.5889225,-2.9346027,1.0388398,3,walking
1519421772169,-9.722966,-2.6952388,0.9622433,3,walking
1519421772175,-10.2016945,-2.3792782,0.751603,3,walking
1519421772182,-10.938935,-2.101616,0.49308985,3,walking
1519421772187,-11.28362,-2.0920415,0.30159867,3,walking
1519421772192,-11.7049,-2.0633178,0.023936402,3,walking
1519421772197,-12.135756,-2.0250196,-0.0718092,3,walking
1519421772202,-12.815549,-1.9101248,-0.42606795,3,walking
1519421772207,-13.102786,-1.7665064,-0.5218136,3,walking
1519421772216,-13.619812,-1.5750152,-0.85692316,3,walking
1519421772222,-14.021944,-1.622888,-1.2782038,3,walking
1519421772227,-14.194285,-1.622888,-1.5367169,3,walking
1519421772236,-14.299606,-1.5367169,-2.0250196,3,walking
1519421772242,-14.012369,-1.3930986,-1.9867213,3,walking
1519421772247,-13.571939,-1.1728836,-1.8526775,3,walking
1519421772267,-11.408089,-0.93351966,-2.0920415,3,walking
1519421772273,-11.274045,-1.2111819,-2.0441687,3,walking
1519421772278,-11.130426,-1.14416,-1.7473572,3,walking
1519421772306,-8.143164,-1.5175679,-0.6750065,3,walking
1519421772314,-8.047418,-2.4845984,-1.0388398,3,walking
1519421772322,-8.181462,-2.5420458,-1.2303311,3,walking
1519421772327,-8.028269,-2.5324712,-1.14416,3,walking
1519421772331,-7.8655014,-2.3697038,-0.77075213,3,walking
1519421772336,-7.894225,-2.2165108,-0.5218136,3,walking
1519421772341,-8.056993,-2.1399143,-0.42606795,3,walking
1519421772347,-8.104865,-2.408002,-0.5505372,3,walking
1519421772351,-8.104865,-2.408002,-0.5505372,3,walking
1519421772356,-8.32508,-3.2888615,-1.1345854,3,walking
1519421772361,-8.286782,-4.0069537,-1.3356512,3,walking
1519421772366,-8.047418,-4.0261025,-0.8856468,3,walking
1519421772371,-7.9325233,-3.9686553,-0.8090504,3,walking
1519421772376,-7.894225,-3.8154624,-1.0484143,3,walking
1519421772382,-7.9708214,-3.8537605,-1.2494801,3,walking
1519421772387,-8.133589,-3.8729098,-1.3739494,3,walking
1519421772391,-8.210186,-3.9016335,-1.3548003,3,walking
1519421772396,-8.181462,-3.9590807,-1.4218222,3,walking
1519421772402,-7.9037995,-3.930357,-1.3739494,3,walking
1519421772406,-7.7601814,-3.777164,-1.2973529,3,walking
1519421772415,-7.6835847,-3.4803526,-1.2686293,3,walking
1519421772421,-7.6261373,-3.193116,-1.3260766,3,walking
1519421772426,-7.6261373,-3.1452432,-1.3739494,3,walking
1519421772432,-7.5303917,-2.8101335,-1.2973529,3,walking
1519421772436,-7.4154973,-2.6569405,-1.2303311,3,walking
1519421772441,-7.329326,-2.475024,-1.1345854,3,walking
1519421772446,-7.2527294,-2.2452345,-0.92394507,3,walking
1519421772451,-7.204857,-2.0633178,-0.8856468,3,walking
1519421772456,-7.0803876,-1.8909757,-0.8090504,3,walking
1519421772461,-7.0612383,-1.8431029,-0.78032666,3,walking
1519421772466,-7.0708127,-1.8718265,-0.665432,3,walking
1519421772472,-7.003791,-1.8526775,-0.63670826,3,walking
1519421772478,-6.9559183,-1.8143792,-0.5505372,3,walking
1519421772483,-6.898471,-1.7856555,-0.5792609,3,walking
1519421772488,-6.9271946,-1.8048047,-0.5792609,3,walking
1519421772493,-6.9463434,-1.8143792,-0.6750065,3,walking
1519421772498,-7.02294,-1.9388485,-0.7420284,3,walking
1519421772504,-7.0612383,-1.9962958,-0.8281995,3,walking
1519421772508,-7.089962,-2.0250196,-0.83777404,3,walking
1519421772512,-7.1665583,-2.1111906,-0.92394507,3,walking
1519421772517,-7.1857076,-2.2452345,-0.9526688,3,walking
1519421772522,-7.281453,-2.3697038,-0.9430942,3,walking
1519421772526,-7.35805,-2.427151,-1.0484143,3,walking
1519421772531,-7.3771987,-2.5037475,-1.0579889,3,walking
1519421772535,-7.4920936,-2.580344,-1.0579889,3,walking
1519421772541,-7.587839,-2.6952388,-1.1154363,3,walking
1519421772546,-7.693159,-2.7048132,-1.0962871,3,walking
1519421772551,-7.8176284,-2.7431116,-1.1824582,3,walking
1519421772557,-7.8846507,-2.7909844,-1.14416,3,walking
1519421772561,-7.9133744,-2.8292825,-1.1250108,3,walking
1519421772567,-7.9037995,-2.8388572,-1.2303311,3,walking
1519421772571,-7.8846507,-2.7909844,-1.1537346,3,walking
1519421772576,-7.894225,-2.800559,-1.2877784,3,walking
1519421772581,-7.9325233,-2.6760898,-1.2590547,3,walking
1519421772586,-7.9708214,-2.5994933,-1.3452257,3,walking
1519421772591,-8.124015,-2.5516202,-1.4122477,3,walking
1519421772596,-8.124015,-2.5516202,-1.4122477,3,walking
1519421772601,-8.229335,-2.5228968,-1.3260766,3,walking
1519421772606,-8.34423,-2.4654493,-1.3260766,3,walking
1519421772611,-8.612317,-2.4845984,-1.2877784,3,walking
1519421772616,-8.727212,-2.4558747,-1.2782038,3,walking
1519421772621,-8.851681,-2.4367256,-1.2016073,3,walking
1519421772626,-9.024023,-2.4558747,-1.1154363,3,walking
1519421772631,-9.215514,-2.4845984,-1.0771381,3,walking
1519421772636,-9.6942425,-2.561195,-1.0196906,3,walking
1519421772641,-9.991054,-2.6186423,-1.0771381,3,walking
1519421772646,-10.239992,-2.6569405,-1.0292653,3,walking
1519421772651,-10.737869,-2.7909844,-1.1058618,3,walking
1519421772656,-10.977234,-2.8101335,-1.0867126,3,walking
1519421772661,-11.235746,-2.8771553,-1.0962871,3,walking
1519421772666,-11.465536,-2.9250283,-1.1154363,3,walking
1519421772673,-12.011286,-2.9824755,-1.2494801,3,walking
1519421772678,-12.107032,-2.9920502,-1.2973529,3,walking
1519421772684,-12.231501,-2.9824755,-1.2973529,3,walking
1519421772694,-12.5474615,-2.6856642,-1.4218222,3,walking
1519421772701,-12.633633,-2.3697038,-1.3739494,3,walking
1519421772707,-12.710229,-2.187787,-1.4505459,3,walking
1519421772711,-12.69108,-2.0633178,-1.4026731,3,walking
1519421772717,-12.786825,-1.9101248,-1.5558661,3,walking
1519421772722,-12.624058,-1.7856555,-1.7377827,3,walking
1519421772727,-12.518738,-1.7186337,-1.9101248,3,walking
1519421772732,-12.183628,-1.6899099,-2.0728924,3,walking
1519421772737,-11.905966,-1.5845897,-2.0728924,3,walking
1519421772743,-11.628304,-1.4888442,-2.0824668,3,walking
1519421772747,-11.398514,-1.4026731,-2.1303396,3,walking
1519421772753,-10.900637,-1.1920328,-2.187787,3,walking
1519421772758,-10.776168,-1.0196906,-2.2835326,3,walking
1519421772763,-11.274045,-0.6750065,-2.905879,3,walking
1519421772768,-11.791071,-0.56011176,-3.078221,3,walking
1519421772773,-12.35597,-0.54096264,-3.2026904,3,walking
1519421772786,-13.016615,-1.3260766,-2.5516202,3,walking
1519421772790,-12.413418,-2.3122563,-1.7665064,3,walking
1519421772795,-12.049584,-2.8292825,-1.3739494,3,walking
1519421772837,-8.583593,-3.2697124,-0.91437054,3,walking
1519421772842,-8.612317,-2.5037475,-1.4601204,3,walking
1519421772847,-8.612317,-2.5037475,-1.4601204,3,walking
1519421772852,-9.148493,-1.8143792,-2.1782124,3,walking
1519421772857,-10.220843,-1.383524,-2.88673,3,walking
1519421772862,-10.910212,-1.2494801,-3.212265,3,walking
1519421772867,-10.910212,-1.2494801,-3.212265,3,walking
1519421772874,-12.58576,-1.2782038,-3.777164,3,walking
1519421772878,-12.949593,-1.4409714,-3.8154624,3,walking
1519421772883,-13.217681,-1.6324625,-3.777164,3,walking
1519421772926,-12.930444,-1.9579976,-3.9782298,3,walking
1519421772934,-12.2410755,-1.8143792,-4.08355,3,walking
1519421772942,-11.666602,-1.4888442,-3.9590807,3,walking
1519421772947,-10.996383,-0.9718179,-3.7005677,3,walking
1519421772952,-10.651698,-0.7324539,-3.4707782,3,walking
1519421772956,-10.651698,-0.7324539,-3.4707782,3,walking
1519421772960,-10.019777,-0.3398969,-2.9154537,3,walking
1519421772965,-9.818711,-0.18670394,-2.666515,3,walking
1519421772972,-9.54105,0.05266008,-2.4845984,3,walking
1519421772977,-9.359133,0.09095833,-2.4367256,3,walking
1519421772981,-9.196365,0.17712937,-2.3505547,3,walking
1519421773023,-8.392102,-0.8090504,-1.2016073,3,walking
1519421773031,-8.32508,-1.4505459,-1.4409714,3,walking
1519421773039,-8.229335,-1.7186337,-1.2303311,3,walking
1519421773045,-8.191036,-1.7569319,-1.2303311,3,walking
1519421773050,-8.047418,-1.7569319,-1.2399056,3,walking
1519421773055,-7.9516726,-1.8143792,-1.4601204,3,walking
1519421773060,-7.9133744,-1.9101248,-1.6516117,3,walking
1519421773065,-7.788905,-2.149489,-1.8526775,3,walking
1519421773070,-7.8367777,-2.2739582,-2.034594,3,walking
1519421773075,-7.8176284,-2.3314054,-2.0058703,3,walking
1519421773080,-7.7506065,-2.2739582,-2.2739582,3,walking
1519421773085,-7.741032,-2.2069361,-2.3888528,3,walking
1519421773090,-7.7314577,-2.0920415,-2.475024,3,walking
1519421773095,-7.788905,-1.929274,-2.513322,3,walking
1519421773100,-7.846352,-1.8048047,-2.5707695,3,walking
1519421773105,-7.7314577,-1.6324625,-2.6377914,3,walking
1519421773114,-7.721883,-1.4888442,-2.647366,3,walking
1519421773120,-7.846352,-1.3643749,-2.647366,3,walking
1519421773125,-7.9708214,-1.2877784,-2.7048132,3,walking
1519421773131,-8.028269,-1.3548003,-2.733537,3,walking
1519421773136,-8.028269,-1.3548003,-2.733537,3,walking
1519421773141,-7.922949,-1.5175679,-2.666515,3,walking
1519421773146,-7.9325233,-1.5750152,-2.5899186,3,walking
1519421773151,-7.894225,-1.6899099,-2.4558747,3,walking
1519421773156,-7.9037995,-1.7186337,-2.3792782,3,walking
1519421773162,-7.855927,-1.7377827,-2.187787,3,walking
1519421773167,-7.8655014,-1.6611862,-2.0920415,3,walking
1519421773172,-7.8367777,-1.5558661,-1.9867213,3,walking
1519421773177,-7.769756,-1.4026731,-1.8048047,3,walking
1519421773182,-7.6740103,-1.1537346,-1.7377827,3,walking
1519421773187,-7.635712,-0.99096704,-1.6611862,3,walking
1519421773193,-7.5399666,-0.90479594,-1.7186337,3,walking
1519421773197,-7.5208173,-0.93351966,-1.6707608,3,walking
1519421773203,-7.434646,-1.0388398,-1.8143792,3,walking
1519421773207,-7.434646,-1.2016073,-1.8718265,3,walking
1519421773213,-7.3771987,-1.4888442,-1.948423,3,walking
1519421773218,-7.3867736,-1.6037389,-1.929274,3,walking
1519421773223,-7.35805,-1.7282082,-1.8335283,3,walking
1519421773233,-7.4059224,-2.0250196,-1.8431029,3,walking
1519421773238,-7.501668,-2.0920415,-1.8335283,3,walking
1519421773243,-7.549541,-2.1973617,-1.8048047,3,walking
1519421773254,-7.7506065,-2.3505547,-1.7856555,3,walking
1519421773258,-7.8272033,-2.3888528,-1.7665064,3,walking
1519421773264,-8.056993,-2.3505547,-1.8431029,3,walking
1519421773268,-8.056993,-2.3505547,-1.8431029,3,walking
1519421773274,-8.248484,-2.2643836,-1.929274,3,walking
1519421773280,-8.353804,-2.2069361,-2.0058703,3,walking
1519421773285,-8.526146,-2.1207652,-1.9867213,3,walking
1519421773290,-8.708063,-2.034594,-2.0441687,3,walking
1519421773296,-8.708063,-2.034594,-2.0441687,3,walking
1519421773301,-8.813383,-2.015445,-1.9771467,3,walking
1519421773306,-8.851681,-1.9196993,-1.9005502,3,walking
1519421773311,-8.880404,-1.6611862,-1.7282082,3,walking
1519421773316,-8.870831,-1.5271424,-1.6611862,3,walking
1519421773321,-8.842107,-1.3739494,-1.6324625,3,walking
1519421773326,-8.909128,-1.1250108,-1.469695,3,walking
1519421773332,-8.909128,-0.98139244,-1.4505459,3,walking
1519421773336,-8.966576,-0.83777404,-1.4218222,3,walking
1519421773342,-9.062322,-0.6079846,-1.4888442,3,walking
1519421773347,-9.100619,-0.54096264,-1.4601204,3,walking
1519421773352,-9.158067,-0.47394073,-1.4792696,3,walking
1519421773359,-9.234664,-0.49308985,-1.4505459,3,walking
1519421773364,-9.215514,-0.54096264,-1.4026731,3,walking
1519421773370,-9.129343,-0.5888355,-1.3356512,3,walking
1519421773375,-9.043172,-0.78990126,-1.2590547,3,walking
1519421773379,-9.014449,-0.91437054,-1.2111819,3,walking
1519421773384,-8.985725,-1.0292653,-1.1154363,3,walking
1519421773389,-9.033598,-1.1154363,-1.0484143,3,walking
1519421773394,-9.004874,-1.2494801,-0.83777404,3,walking
1519421773400,-9.071896,-1.2973529,-0.78990126,3,walking
1519421773405,-9.062322,-1.4026731,-0.69415563,3,walking
1519421773409,-9.138918,-1.4984187,-0.5888355,3,walking
1519421773414,-9.196365,-1.5175679,-0.56011176,3,walking
1519421773420,-9.234664,-1.5079932,-0.54096264,3,walking
1519421773424,-9.320834,-1.4792696,-0.56011176,3,walking
1519421773430,-9.6942425,-1.2111819,-0.6558574,3,walking
1519421773435,-10.163396,-1.0292653,-0.90479594,3,walking
1519421773439,-11.714475,-0.46436617,-1.6994845,3,walking
1519421773444,-12.719804,-0.3398969,-2.1973617,3,walking
1519421773450,-13.705983,-0.32074776,-2.5707695,3,walking
1519421773455,-14.567694,-0.45479164,-2.819708,3,walking
1519421773460,-15.161317,-0.751603,-2.9154537,3,walking
1519421773464,-14.864505,-1.79523,-2.513322,3,walking
1519421773469,-14.30918,-2.3314054,-2.149489,3,walking
1519421773474,-13.552791,-2.88673,-1.7473572,3,walking
1519421773479,-12.911295,-3.2409887,-1.5558661,3,walking
1519421773484,-11.838944,-3.5090764,-1.3548003,3,walking
1519421773490,-11.274045,-3.5856729,-1.1728836,3,walking
1519421773494,-10.728295,-3.671844,-1.0579889,3,walking
1519421773499,-9.675094,-3.7675896,-0.85692316,3,walking
1519421773504,-9.158067,-3.8346114,-0.7994758,3,walking
1519421773509,-8.401677,-3.7484405,-0.9526688,3,walking
1519421773515,-8.401677,-3.7484405,-0.9526688,3,walking
1519421773519,-8.248484,-3.2218397,-0.9622433,3,walking
1519421773525,-8.4686985,-2.88673,-1.0196906,3,walking
1519421773529,-8.880404,-2.5707695,-1.1920328,3,walking
1519421773534,-10.239992,-2.0058703,-1.5462915,3,walking
1519421773551,-13.552791,-1.9867213,-1.862252,3,walking
1519421773556,-14.194285,-2.149489,-1.9101248,3,walking
1519421773602,-13.323001,-0.85692316,-2.360129,3,walking
1519421773611,-12.46129,-0.39734426,-2.3505547,3,walking
1519421773619,-11.771922,-0.28244954,-2.3026817,3,walking
1519421773628,-11.417664,-0.32074776,-2.2069361,3,walking
1519421773633,-10.833615,-0.42606795,-2.0250196,3,walking
1519421773638,-10.488931,-0.5792609,-1.929274,3,walking
1519421773643,-9.876159,-0.83777404,-1.4601204,3,walking
1519421773648,-9.732541,-0.9526688,-1.4218222,3,walking
1519421773654,-9.5889225,-1.1250108,-1.4122477,3,walking
1519421773659,-9.3878565,-1.3165021,-1.4026731,3,walking
1519421773664,-9.129343,-1.5750152,-1.4505459,3,walking
1519421773669,-8.918703,-1.6707608,-1.4313968,3,walking
1519421773674,-8.66019,-1.8143792,-1.4601204,3,walking
1519421773679,-8.411251,-1.929274,-1.5367169,3,walking
1519421773684,-7.961247,-2.034594,-1.4505459,3,walking
1519421773690,-7.7314577,-2.0441687,-1.4601204,3,walking
1519421773695,-7.329326,-2.0728924,-1.383524,3,walking
1519421773700,-7.1665583,-2.0633178,-1.3643749,3,walking
1519421773705,-6.898471,-2.0728924,-1.383524,3,walking
1519421773711,-6.8027253,-2.0920415,-1.4409714,3,walking
1519421773715,-6.8122997,-2.168638,-1.5654407,3,walking
1519421773721,-6.7357035,-2.2260852,-1.7186337,3,walking
1519421773726,-6.630383,-2.2643836,-1.7186337,3,walking
1519421773731,-6.5729356,-2.360129,-1.8143792,3,walking
1519421773736,-6.525063,-2.4463003,-1.9196993,3,walking
1519421773741,-6.438892,-2.5228968,-2.015445,3,walking
1519421773746,-6.410168,-2.5707695,-2.034594,3,walking
1519421773751,-6.3527207,-2.5516202,-2.1399143,3,walking
1519421773756,-6.37187,-2.5516202,-2.2356598,3,walking
1519421773761,-6.3622956,-2.561195,-2.2931073,3,walking
1519421773766,-6.323997,-2.5707695,-2.2739582,3,walking
1519421773772,-6.3527207,-2.6090677,-2.254809,3,walking
1519421773777,-6.333572,-2.647366,-2.187787,3,walking
1519421773782,-6.2952733,-2.6282167,-2.0633178,3,walking
1519421773792,-6.218677,-2.580344,-1.8431029,3,walking
1519421773797,-6.2474008,-2.666515,-1.8526775,3,walking
1519421773802,-6.285699,-2.8101335,-1.79523,3,walking
1519421773807,-6.3431463,-3.0494976,-1.7282082,3,walking
1519421773813,-6.3527207,-3.059072,-1.7186337,3,walking
1519421773817,-6.37187,-3.0877957,-1.6516117,3,walking
1519421773823,-6.285699,-2.9824755,-1.3643749,3,walking
1519421773827,-6.2378263,-2.9346027,-1.2207564,3,walking
1519421773833,-6.2474008,-2.905879,-1.1824582,3,walking
1519421773838,-6.3622956,-2.8963046,-1.1728836,3,walking
1519421773843,-6.4293175,-2.972901,-1.2016073,3,walking
1519421773848,-6.47719,-3.020774,-1.1154363,3,walking
1519421773854,-6.4293175,-3.0303483,-1.0005416,3,walking
1519421773859,-6.3431463,-2.905879,-0.77075213,3,walking
1519421773864,-6.323997,-2.819708,-0.6845811,3,walking
1519421773869,-6.47719,-2.7048132,-0.5792609,3,walking
1519421773875,-6.5346375,-2.6760898,-0.56968635,3,walking
1519421773880,-6.6016593,-2.6282167,-0.56968635,3,walking
1519421773885,-6.716554,-2.6282167,-0.512239,3,walking
1519421773890,-6.8601727,-2.5516202,-0.5505372,3,walking
1519421773895,-6.9559183,-2.561195,-0.5313881,3,walking
1519421773900,-7.2527294,-2.5516202,-0.5792609,3,walking
1519421773905,-7.4250717,-2.5516202,-0.5888355,3,walking
1519421773911,-7.5591154,-2.5324712,-0.61755913,3,walking
1519421773916,-7.635712,-2.5324712,-0.5888355,3,walking
1519421773921,-7.894225,-2.4463003,-0.56011176,3,walking
1519421773926,-8.028269,-2.3697038,-0.512239,3,walking
1519421773931,-8.210186,-2.3122563,-0.56968635,3,walking
1519421773936,-8.66019,-2.3026817,-0.78032666,3,walking
1519421773941,-8.861256,-2.2739582,-0.77075213,3,walking
1519421773946,-9.062322,-2.2931073,-0.76117754,3,walking
1519421773952,-9.512326,-2.3314054,-0.8664977,3,walking
1519421773956,-9.636795,-2.34098,-0.7994758,3,walking
1519421773962,-9.780414,-2.3888528,-0.7228793,3,walking
1519421773971,-10.2016945,-2.4654493,-0.49308985,3,walking
1519421773975,-10.2016945,-2.4654493,-0.49308985,3,walking
1519421773980,-10.421909,-2.475024,-0.46436617,3,walking
1519421773984,-10.421909,-2.475024,-0.46436617,3,walking
1519421773989,-11.044255,-2.6282167,-0.56968635,3,walking
1519421773994,-11.302769,-2.6856642,-0.63670826,3,walking
1519421773999,-11.522984,-2.714388,-0.76117754,3,walking
1519421774004,-11.915541,-2.752686,-0.85692316,3,walking
1519421774009,-12.193203,-2.6569405,-0.8664977,3,walking
1519421774015,-12.260224,-2.666515,-0.93351966,3,walking
1519421774020,-12.403843,-2.6090677,-0.9622433,3,walking
1519421774025,-12.537887,-2.5994933,-0.8760723,3,walking
1519421774030,-12.719804,-2.5324712,-0.8186249,3,walking
1519421774035,-12.7964,-2.4654493,-0.8952214,3,walking
1519421774040,-12.892146,-2.360129,-1.0101161,3,walking
1519421774047,-13.02619,-2.149489,-1.2303311,3,walking
1519421774053,-13.102786,-1.9867213,-1.469695,3,walking
1519421774057,-13.476193,-1.5079932,-2.1207652,3,walking
1519421774063,-14.002794,-1.2399056,-2.5707695,3,walking
1519421774068,-14.730461,-0.9430942,-3.059072,3,walking
1519421774076,-15.496426,-0.76117754,-3.3367343,3,walking
1519421774081,-16.760267,-1.0867126,-2.9441774,3,walking
1519421774086,-16.61665,-1.622888,-2.4175766,3,walking
1519421774091,-16.329412,-2.1782124,-1.8335283,3,walking
1519421774096,-15.467703,-2.972901,-0.8473486,3,walking
1519421774127,-11.877242,-1.9771467,-0.7324539,3,walking
1519421774132,-11.4272375,-1.7473572,-0.9430942,3,walking
1519421774136,-10.977234,-1.4409714,-1.1154363,3,walking
1519421774141,-10.661273,-1.1154363,-1.3452257,3,walking
1519421774155,-10.172971,-0.014361841,-2.0441687,3,walking
1519421774159,-10.546378,0.45479164,-2.5994933,3,walking
1519421774164,-10.546378,0.45479164,-2.5994933,3,walking
1519421774199,-12.987891,-1.3452257,-2.5707695,3,walking
1519421774207,-13.016615,-2.015445,-2.4845984,3,walking
1519421774215,-12.844273,-2.3697038,-2.4558747,3,walking
1519421774223,-12.432567,-2.4654493,-2.5707695,3,walking
1519421774227,-12.279374,-2.321831,-2.733537,3,walking
1519421774232,-12.030436,-2.1399143,-2.733537,3,walking
1519421774236,-11.925115,-1.79523,-2.752686,3,walking
1519421774241,-11.436812,-1.2303311,-2.7622607,3,walking
1519421774245,-11.130426,-0.8952214,-2.733537,3,walking
1519421774249,-11.130426,-0.8952214,-2.733537,3,walking
1519421774254,-11.130426,-0.8952214,-2.733537,3,walking
1519421774258,-10.555953,0.014361841,-2.5324712,3,walking
1519421774263,-10.335738,0.23457673,-2.427151,3,walking
1519421774268,-10.010203,0.59841,-2.1973617,3,walking
1519421774273,-10.010203,0.59841,-2.1973617,3,walking
1519421774279,-9.722966,0.92394507,-2.2069361,3,walking
1519421774284,-9.54105,0.93351966,-2.168638,3,walking
1519421774288,-9.474028,0.8760723,-2.149489,3,walking
1519421774293,-9.2825365,0.8090504,-2.1782124,3,walking
1519421774298,-9.052747,0.7420284,-2.1973617,3,walking
1519421774304,-8.899554,0.77075213,-2.2452345,3,walking
1519421774308,-8.545295,0.8664977,-2.034594,3,walking
1519421774314,-8.382527,0.77075213,-2.034594,3,walking
1519421774319,-8.286782,0.77075213,-1.9771467,3,walking
1519421774325,-8.028269,0.70373017,-1.7377827,3,walking
1519421774329,-7.875076,0.6750065,-1.5271424,3,walking
1519421774334,-7.8655014,0.6271337,-1.2973529,3,walking
1519421774338,-7.741032,0.14840569,-1.5462915,3,walking
1519421774343,-7.741032,0.14840569,-1.5462915,3,walking
1519421774348,-7.769756,-0.512239,-1.6420372,3,walking
1519421774354,-7.741032,-0.8186249,-1.622888,3,walking
1519421774359,-7.5782647,-1.2016073,-1.7473572,3,walking
1519421774364,-7.4442205,-1.2973529,-1.7569319,3,walking
1519421774369,-7.4537954,-1.2494801,-1.7282082,3,walking
1519421774374,-7.3867736,-1.0771381,-1.6803354,3,walking
1519421774380,-7.3389006,-1.0292653,-1.6133134,3,walking
1519421774384,-7.310177,-1.0579889,-1.5941644,3,walking
1519421774389,-7.3389006,-1.0579889,-1.6707608,3,walking
1519421774393,-7.4537954,-1.1728836,-1.7569319,3,walking
1519421774398,-7.5591154,-1.3930986,-1.9005502,3,walking
1519421774404,-7.5591154,-1.4313968,-1.9005502,3,walking
1519421774409,-7.5974135,-1.4505459,-1.9771467,3,walking
1519421774413,-7.5974135,-1.4505459,-1.9771467,3,walking
1519421774418,-7.702734,-1.5175679,-2.034594,3,walking
1519421774424,-7.788905,-1.5845897,-2.0250196,3,walking
1519421774428,-7.875076,-1.8526775,-2.2069361,3,walking
1519421774434,-7.875076,-1.8526775,-2.2069361,3,walking
1519421774438,-7.922949,-1.9771467,-2.3505547,3,walking
1519421774443,-7.9037995,-2.0250196,-2.3697038,3,walking
1519421774448,-7.875076,-2.0058703,-2.360129,3,walking
1519421774453,-7.8272033,-1.9579976,-2.3888528,3,walking
1519421774459,-7.721883,-1.9005502,-2.408002,3,walking
1519421774463,-7.6835847,-1.8335283,-2.408002,3,walking
1519421774468,-7.5208173,-1.8143792,-2.3792782,3,walking
1519421774473,-7.4250717,-1.8048047,-2.2739582,3,walking
1519421774478,-7.3867736,-1.7665064,-2.2739582,3,walking
1519421774484,-7.3006024,-1.6899099,-2.2356598,3,walking
1519421774488,-7.137835,-1.5367169,-2.0824668,3,walking
1519421774494,-7.0612383,-1.5941644,-2.0824668,3,walking
1519421774498,-7.0133657,-1.6133134,-2.034594,3,walking
1519421774503,-7.0133657,-1.5845897,-1.9867213,3,walking
1519421774508,-7.0133657,-1.6994845,-1.929274,3,walking
1519421774513,-7.042089,-1.6994845,-1.9005502,3,walking
1519421774518,-7.1091113,-1.7282082,-1.8335283,3,walking
1519421774523,-7.1091113,-1.7282082,-1.8335283,3,walking
1519421774528,-7.1857076,-1.8526775,-1.8431029,3,walking
1519421774533,-7.2240057,-1.9101248,-1.8143792,3,walking
1519421774538,-7.35805,-2.0058703,-1.79523,3,walking
1519421774543,-7.35805,-2.0058703,-1.79523,3,walking
1519421774549,-7.46337,-2.0728924,-1.7856555,3,walking
1519421774554,-7.501668,-2.0537431,-1.8143792,3,walking
1519421774558,-7.501668,-2.0824668,-1.8335283,3,walking
1519421774563,-7.616563,-2.0824668,-1.8526775,3,walking
1519421774568,-7.6261373,-2.0633178,-1.8814012,3,walking
1519421774573,-7.664436,-2.0728924,-1.9196993,3,walking
1519421774578,-7.7314577,-1.9771467,-1.948423,3,walking
1519421774584,-7.741032,-1.9867213,-2.0058703,3,walking
1519421774588,-7.769756,-2.015445,-2.0441687,3,walking
1519421774593,-7.769756,-2.015445,-2.0441687,3,walking
1519421774598,-7.7984796,-2.0728924,-2.0633178,3,walking
1519421774603,-7.846352,-2.0633178,-2.1303396,3,walking
1519421774609,-7.8846507,-2.101616,-2.1303396,3,walking
1519421774613,-7.9708214,-2.0920415,-2.149489,3,walking
1519421774618,-8.181462,-2.1782124,-2.2260852,3,walking
1519421774623,-8.305931,-2.1782124,-2.254809,3,walking
1519421774628,-8.459125,-2.149489,-2.2452345,3,walking
1519421774633,-8.602742,-2.1782124,-2.2931073,3,walking
1519421774639,-8.918703,-2.1973617,-2.2835326,3,walking
1519421774643,-9.071896,-2.2452345,-2.2356598,3,walking
1519421774648,-9.368708,-2.34098,-2.1303396,3,walking
1519421774653,-9.445304,-2.3888528,-2.0728924,3,walking
1519421774658,-9.569773,-2.494173,-1.9771467,3,walking
1519421774663,-9.64637,-2.561195,-1.9101248,3,walking
1519421774668,-9.780414,-2.714388,-1.7473572,3,walking
1519421774674,-9.866585,-2.800559,-1.5941644,3,walking
1519421774678,-9.96233,-2.8484318,-1.4122477,3,walking
1519421774683,-9.96233,-2.8484318,-1.4122477,3,walking
1519421774688,-9.885734,-2.9154537,-1.2494801,3,walking
1519421774694,-9.837861,-2.9537518,-1.1537346,3,walking
1519421774698,-9.7899885,-2.9346027,-1.0962871,3,walking
1519421774704,-9.7899885,-2.9346027,-1.0962871,3,walking
1519421774709,-9.85701,-2.6186423,-1.0675635,3,walking
1519421774714,-10.431483,-2.1782124,-1.3739494,3,walking
1519421774719,-10.977234,-1.862252,-1.6037389,3,walking
1519421774723,-10.977234,-1.862252,-1.6037389,3,walking
1519421774727,-12.528313,-1.2494801,-2.360129,3,walking
1519421774737,-14.605992,-0.9430942,-3.4133308,3,walking
1519421774742,-14.605992,-0.9430942,-3.4133308,3,walking
1519421774746,-14.395351,-1.2973529,-3.0686467,3,walking
1519421774789,-10.900637,-2.513322,-1.3643749,3,walking
1519421774797,-10.680422,-2.6186423,-1.2686293,3,walking
1519421774805,-10.268716,-2.6282167,-1.1345854,3,walking
1519421774813,-10.038927,-2.6569405,-1.0962871,3,walking
1519421774818,-9.847435,-2.6856642,-1.0867126,3,walking
1519421774823,-9.991054,-2.7048132,-1.0484143,3,walking
1519421774828,-10.594251,-2.7048132,-1.1633091,3,walking
1519421774833,-10.594251,-2.7048132,-1.1633091,3,walking
1519421774838,-11.216598,-2.733537,-1.2494801,3,walking
1519421774844,-11.570856,-2.8292825,-1.3260766,3,walking
1519421774849,-11.695326,-2.7814097,-1.3452257,3,walking
1519421774854,-11.810221,-2.7239625,-1.383524,3,walking
1519421774858,-12.0400095,-2.34098,-1.4984187,3,walking
1519421774864,-12.068733,-2.034594,-1.622888,3,walking
1519421774869,-12.0400095,-1.7186337,-1.6994845,3,walking
1519421774874,-12.126181,-1.1154363,-1.776081,3,walking
1519421774879,-12.087883,-0.8090504,-1.8718265,3,walking
1519421774889,-11.905966,-0.20585304,-1.948423,3,walking
1519421774894,-11.838944,-0.05266008,-2.0058703,3,walking
1519421774900,-11.7336235,-0.03351096,-2.034594,3,walking
1519421774910,-11.455961,-0.03351096,-1.9867213,3,walking
1519421774915,-11.321918,-0.09095833,-1.9579976,3,walking
1519421774920,-11.216598,-0.19627848,-1.8814012,3,walking
1519421774930,-11.101703,-0.46436617,-1.622888,3,walking
1519421774940,-10.699572,-0.59841,-1.5654407,3,walking
1519421774946,-10.498506,-0.63670826,-1.4792696,3,walking
1519421774951,-10.29744,-0.64628285,-1.4026731,3,walking
1519421774956,-9.799562,-0.5792609,-1.3069274,3,walking
1519421774962,-9.5219,-0.5218136,-1.2782038,3,walking
1519421774966,-9.196365,-0.47394073,-1.2303311,3,walking
1519421774971,-8.909128,-0.4356425,-1.1920328,3,walking
1519421774980,-8.171887,-0.46436617,-1.2016073,3,walking
1519421774985,-7.9708214,-0.512239,-1.2303311,3,walking
1519421774990,-7.7506065,-0.512239,-1.2494801,3,walking
1519421775000,-7.1186857,-0.45479164,-1.2877784,3,walking
1519421775005,-6.850598,-0.4835153,-1.3069274,3,walking
1519421775010,-6.668681,-0.54096264,-1.4026731,3,walking
1519421775021,-6.2378263,-0.751603,-1.5175679,3,walking
1519421775030,-5.912291,-1.0867126,-1.6037389,3,walking
1519421775036,-5.845269,-1.1824582,-1.6707608,3,walking
1519421775041,-5.787822,-1.2494801,-1.709059,3,walking
1519421775050,-5.6250544,-1.7186337,-1.7473572,3,walking
1519421775055,-5.5963306,-1.8909757,-1.6803354,3,walking
1519421775060,-5.5963306,-2.0537431,-1.6803354,3,walking
1519421775065,-5.538883,-2.3792782,-1.5271424,3,walking
1519421775071,-5.6250544,-2.5707695,-1.469695,3,walking
1519421775076,-5.7016506,-2.7909844,-1.4505459,3,walking
1519421775081,-5.7782474,-2.9824755,-1.4026731,3,walking
1519421775086,-6.0367603,-3.2697124,-1.3356512,3,walking
1519421775090,-6.065484,-3.384607,-1.2973529,3,walking
1519421775095,-6.256975,-3.4324799,-1.2494801,3,walking
1519421775100,-6.391019,-3.4420545,-1.2303311,3,walking
1519421775105,-6.745278,-3.4037561,-1.2877784,3,walking
1519421775111,-6.9271946,-3.3367343,-1.2877784,3,walking
1519421775116,-7.204857,-3.2697124,-1.2973529,3,walking
1519421775121,-7.3197513,-3.2409887,-1.3260766,3,walking
1519421775126,-7.501668,-3.1643922,-1.2494801,3,walking
1519421775131,-7.5974135,-3.0973704,-1.2207564,3,walking
1519421775136,-7.8367777,-2.9441774,-1.1250108,3,walking
1519421775142,-7.894225,-2.867581,-1.1058618,3,walking
1519421775146,-8.076141,-2.8388572,-1.1537346,3,walking
1519421775151,-8.191036,-2.7909844,-1.0579889,3,walking
1519421775155,-8.32508,-2.6856642,-0.85692316,3,walking
1519421775160,-8.372953,-2.6377914,-0.78990126,3,walking
1519421775165,-8.430401,-2.5994933,-0.7420284,3,walking
1519421775170,-8.478273,-2.5994933,-0.5888355,3,walking
1519421775179,-8.583593,-2.6569405,-0.40691882,3,walking
1519421775185,-8.612317,-2.647366,-0.3398969,3,walking
1519421775190,-8.5740185,-2.6186423,-0.26330042,3,walking
1519421775200,-8.497422,-2.3888528,-0.12925656,3,walking
1519421775205,-8.487848,-2.2835326,-0.20585304,3,walking
1519421775210,-8.564445,-2.1207652,-0.23457673,3,walking
1519421775216,-8.5740185,-1.7569319,-0.16755481,3,walking
1519421775220,-8.727212,-1.5558661,-0.3111732,3,walking
1519421775229,-9.110194,-1.2877784,-0.49308985,3,walking
1519421775235,-9.31126,-1.2399056,-0.5313881,3,walking
1519421775240,-9.5219,-1.2303311,-0.49308985,3,walking
1519421775250,-10.06765,-1.2494801,-0.359046,3,walking
1519421775255,-10.239992,-1.3452257,-0.26330042,3,walking
1519421775260,-10.412334,-1.3930986,-0.12925656,3,walking
1519421775265,-10.785743,-1.5845897,0.110107444,3,walking
1519421775270,-10.92936,-1.6803354,0.20585304,3,walking
1519421775274,-11.1208515,-1.7377827,0.33032233,3,walking
1519421775279,-11.274045,-1.8526775,0.359046,3,walking
1519421775290,-11.695326,-2.0441687,0.34947145,3,walking
1519421775295,-11.800646,-2.0824668,0.27287498,3,walking
1519421775301,-11.877242,-2.1303396,0.2154276,3,walking
1519421775306,-11.9346895,-2.149489,0.12925656,3,walking
1519421775311,-11.992137,-2.149489,0.05266008,3,walking
1519421775318,-11.972988,-2.1782124,-0.0718092,3,walking
1519421775325,-12.049584,-2.1399143,-0.20585304,3,walking
1519421775330,-12.0400095,-2.1782124,-0.22500217,3,walking
1519421775335,-11.972988,-2.0728924,-0.359046,3,walking
1519421775341,-11.963413,-1.9771467,-0.45479164,3,walking
1519421775345,-11.953838,-1.8718265,-0.59841,3,walking
1519421775351,-11.953838,-1.709059,-0.7420284,3,walking
1519421775356,-12.231501,-1.383524,-1.3739494,3,walking
1519421775361,-12.624058,-1.1728836,-1.7665064,3,walking
1519421775366,-13.648536,-0.8952214,-2.149489,3,walking
1519421775371,-13.648536,-0.8952214,-2.149489,3,walking
1519421775379,-14.20386,-1.4984187,-1.383524,3,walking
1519421775384,-14.09854,-1.8526775,-1.0005416,3,walking
1519421775389,-13.868751,-2.1399143,-0.665432,3,walking
1519421775395,-13.303852,-2.3697038,-0.2920241,3,walking
1519421775400,-13.00704,-2.3697038,-0.14840569,3,walking
1519421775409,-12.413418,-2.3697038,-0.043085523,3,walking
1519421775415,-11.7336235,-2.4654493,-0.14840569,3,walking
1519421775419,-11.49426,-2.4845984,-0.2154276,3,walking
1519421775430,-10.785743,-2.2835326,-1.0484143,3,walking
1519421775435,-10.632549,-2.149489,-1.3739494,3,walking
1519421775442,-10.575102,-2.0441687,-1.709059,3,walking
1519421775447,-10.622974,-1.6899099,-2.187787,3,walking
1519421775451,-10.689997,-1.4792696,-2.3314054,3,walking
1519421775456,-10.82404,-1.1920328,-2.733537,3,walking
1519421775460,-10.82404,-1.1920328,-2.733537,3,walking
1519421775465,-11.197449,-1.1058618,-2.9537518,3,walking
1519421775469,-11.36979,-1.1728836,-2.9346027,3,walking
1519421775474,-11.59958,-1.1728836,-2.972901,3,walking
1519421775478,-11.781497,-1.2111819,-2.9633265,3,walking
1519421775485,-12.107032,-1.2111819,-2.88673,3,walking
1519421775490,-12.164479,-1.2303311,-2.905879,3,walking
1519421775498,-12.202777,-1.4218222,-2.7814097,3,walking
1519421775505,-11.972988,-1.6611862,-2.6186423,3,walking
1519421775509,-11.877242,-1.7282082,-2.5516202,3,walking
1519421775518,-11.312344,-1.9579976,-2.4558747,3,walking
1519421775525,-11.235746,-2.0441687,-2.4558747,3,walking
1519421775529,-11.15915,-2.101616,-2.4558747,3,walking
1519421775539,-10.958084,-2.2739582,-2.4367256,3,walking
1519421775544,-10.938935,-2.3026817,-2.4845984,3,walking
1519421775548,-10.833615,-2.2835326,-2.5228968,3,walking
1519421775555,-10.747444,-2.168638,-2.5899186,3,walking
1519421775559,-10.680422,-2.0633178,-2.666515,3,walking
1519421775568,-10.6134,-1.8335283,-2.8388572,3,walking
1519421775575,-10.594251,-1.6994845,-3.059072,3,walking
1519421775579,-10.460207,-1.6324625,-3.193116,3,walking
1519421775589,-9.866585,-1.5462915,-3.1643922,3,walking
1519421775595,-9.732541,-1.5367169,-3.1356685,3,walking
1519421775600,-9.64637,-1.5079932,-3.0877957,3,walking
1519421775605,-9.359133,-1.4792696,-2.905879,3,walking
1519421775610,-9.272962,-1.469695,-2.8388572,3,walking
1519421775614,-9.225089,-1.4888442,-2.800559,3,walking
1519421775619,-9.177217,-1.469695,-2.8292825,3,walking
1519421775629,-8.842107,-1.4313968,-2.819708,3,walking
1519421775634,-8.708063,-1.4409714,-2.7718353,3,walking
1519421775638,-8.5740185,-1.4026731,-2.733537,3,walking
1519421775645,-8.315506,-1.4313968,-2.714388,3,walking
1519421775650,-8.2676325,-1.5079932,-2.733537,3,walking
1519421775655,-8.00912,-1.6037389,-2.6377914,3,walking
1519421775660,-8.00912,-1.6037389,-2.6377914,3,walking
1519421775665,-7.702734,-1.709059,-2.5994933,3,walking
1519421775670,-7.616563,-1.6994845,-2.5899186,3,walking
1519421775675,-7.549541,-1.6803354,-2.580344,3,walking
1519421775679,-7.4537954,-1.7856555,-2.6760898,3,walking
1519421775685,-7.4250717,-1.8526775,-2.733537,3,walking
1519421775690,-7.4154973,-1.9005502,-2.7909844,3,walking
1519421775695,-7.243155,-2.015445,-2.800559,3,walking
1519421775701,-7.1857076,-2.0728924,-2.7622607,3,walking
1519421775706,-7.156984,-2.0633178,-2.800559,3,walking
1519421775711,-7.1665583,-2.0920415,-2.7431116,3,walking
1519421775716,-7.3006024,-2.149489,-2.7718353,3,walking
1519421775721,-7.3771987,-2.2260852,-2.8101335,3,walking
1519421775726,-7.46337,-2.2835326,-2.800559,3,walking
1519421775731,-7.5591154,-2.321831,-2.7909844,3,walking
1519421775737,-7.616563,-2.34098,-2.7718353,3,walking
1519421775744,-7.5591154,-2.2739582,-2.666515,3,walking
1519421775749,-7.5782647,-2.187787,-2.6186423,3,walking
1519421775754,-7.654861,-2.1303396,-2.6090677,3,walking
1519421775760,-7.6835847,-2.1111906,-2.6282167,3,walking
1519421775764,-7.6835847,-2.1207652,-2.6186423,3,walking
1519421775769,-7.6069884,-2.1207652,-2.5899186,3,walking
1519421775775,-7.5591154,-2.0537431,-2.6090677,3,walking
1519421775779,-7.5208173,-2.0058703,-2.5899186,3,walking
1519421775788,-7.4442205,-1.9196993,-2.6186423,3,walking
1519421775794,-7.348475,-1.8909757,-2.6952388,3,walking
1519421775799,-7.3197513,-1.862252,-2.7048132,3,walking
1519421775808,-7.1186857,-1.7856555,-2.752686,3,walking
1519421775813,-7.1091113,-1.7569319,-2.7431116,3,walking
1519421775818,-7.0803876,-1.7282082,-2.733537,3,walking
1519421775824,-6.9559183,-1.7473572,-2.666515,3,walking
1519421775830,-6.9271946,-1.7569319,-2.6282167,3,walking
1519421775835,-6.8793216,-1.79523,-2.5899186,3,walking
1519421775840,-6.8793216,-1.7665064,-2.6090677,3,walking
1519421775845,-6.8793216,-1.8239537,-2.5420458,3,walking
1519421775849,-6.850598,-1.8335283,-2.5324712,3,walking
1519421775854,-6.8888965,-1.8526775,-2.561195,3,walking
1519421775858,-6.9463434,-1.862252,-2.580344,3,walking
1519421775864,-7.0995364,-1.9005502,-2.6282167,3,walking
1519421775870,-7.156984,-1.9101248,-2.6282167,3,walking
1519421775875,-7.3389006,-1.8718265,-2.6377914,3,walking
1519421775880,-7.4729443,-1.8718265,-2.6952388,3,walking
1519421775885,-7.635712,-1.8143792,-2.6952388,3,walking
1519421775890,-7.8176284,-1.7569319,-2.7431116,3,walking
1519421775896,-8.229335,-1.6516117,-2.7048132,3,walking
1519421775900,-8.392102,-1.6324625,-2.5899186,3,walking
1519421775905,-8.593168,-1.5558661,-2.5037475,3,walking
1519421775910,-8.621892,-1.5558661,-2.408002,3,walking
1519421775914,-8.870831,-1.5367169,-2.2452345,3,walking
1519421775919,-8.985725,-1.6037389,-2.168638,3,walking
1519421775923,-8.985725,-1.6037389,-2.168638,3,walking
1519421775928,-9.110194,-1.6899099,-2.015445,3,walking
1519421775933,-9.158067,-1.6994845,-1.9579976,3,walking
1519421775938,-9.234664,-1.8239537,-1.948423,3,walking
1519421775943,-9.301685,-1.8239537,-1.9388485,3,walking
1519421775948,-9.359133,-1.8239537,-1.9579976,3,walking
1519421775954,-9.320834,-1.9101248,-2.0058703,3,walking
1519421775958,-9.301685,-1.9101248,-2.034594,3,walking
1519421775968,-9.330409,-1.9196993,-2.1782124,3,walking
1519421775974,-9.474028,-1.9388485,-2.2165108,3,walking
1519421775978,-9.5219,-1.9388485,-2.1782124,3,walking
1519421775987,-9.722966,-2.1111906,-1.929274,3,walking
1519421775993,-9.818711,-2.2165108,-1.79523,3,walking
1519421775998,-9.876159,-2.2835326,-1.6611862,3,walking
1519421776004,-10.029352,-2.4654493,-1.2590547,3,walking
1519421776009,-10.048501,-2.5228968,-1.1154363,3,walking
1519421776014,-10.077225,-2.6282167,-0.9622433,3,walking
1519421776019,-10.096374,-2.6760898,-0.76117754,3,walking
1519421776024,-10.163396,-2.7718353,-0.46436617,3,walking
1519421776029,-10.230418,-2.7622607,-0.33032233,3,walking
1519421776037,-10.498506,-2.6377914,-0.26330042,3,walking
1519421776044,-11.149575,-2.3697038,-0.4356425,3,walking
1519421776048,-11.695326,-2.1590633,-0.71330476,3,walking
1519421776059,-13.399597,-1.7569319,-1.8909757,3,walking
1519421776064,-13.629387,-1.776081,-2.0250196,3,walking
1519421776069,-13.552791,-1.8143792,-2.015445,3,walking
1519421776073,-12.576185,-1.9005502,-1.5750152,3,walking
1519421776079,-11.992137,-1.9388485,-1.3930986,3,walking
1519421776084,-11.475111,-1.9675722,-1.2207564,3,walking
1519421776111,-8.650616,-2.3122563,-0.4356425,3,walking
1519421776117,-8.32508,-2.3505547,-0.512239,3,walking
1519421776123,-8.286782,-2.2835326,-0.56968635,3,walking
1519421776128,-8.353804,-2.1303396,-0.6558574,3,walking
1519421776134,-8.889979,-1.7856555,-0.8952214,3,walking
1519421776138,-9.272962,-1.6516117,-1.0579889,3,walking
1519421776147,-10.421909,-1.3930986,-1.4601204,3,walking
1519421776154,-12.049584,-1.2686293,-1.8814012,3,walking
1519421776159,-12.825124,-1.3356512,-1.9867213,3,walking
1519421776205,-12.844273,-2.9346027,-2.254809,3,walking
1519421776214,-12.3463955,-2.7909844,-2.321831,3,walking
1519421776225,-11.752773,-2.6186423,-2.494173,3,walking
1519421776230,-11.38894,-2.4558747,-2.561195,3,walking
1519421776234,-10.584677,-2.254809,-2.4463003,3,walking
1519421776238,-10.230418,-2.1399143,-2.2643836,3,walking
1519421776276,-8.382527,-2.1399143,-1.5845897,3,walking
1519421776284,-8.258059,-2.2165108,-1.6037389,3,walking
1519421776292,-7.894225,-2.3314054,-1.6994845,3,walking
1519421776297,-7.788905,-2.360129,-1.6707608,3,walking
1519421776302,-7.721883,-2.3697038,-1.6037389,3,walking
1519421776308,-7.616563,-2.4367256,-1.5271424,3,walking
1519421776313,-7.511243,-2.4845984,-1.4313968,3,walking
1519421776318,-7.3676243,-2.5228968,-1.4218222,3,walking
1519421776327,-7.1857076,-2.5420458,-1.3643749,3,walking
1519421776333,-7.0612383,-2.513322,-1.3260766,3,walking
1519421776338,-6.9942164,-2.4558747,-1.3356512,3,walking
1519421776347,-6.8601727,-2.3505547,-1.2877784,3,walking
1519421776353,-6.8888965,-2.3792782,-1.3165021,3,walking
1519421776357,-6.8793216,-2.34098,-1.2494801,3,walking
1519421776363,-6.8601727,-2.3697038,-1.2782038,3,walking
1519421776368,-6.8793216,-2.3984275,-1.2973529,3,walking
1519421776373,-6.850598,-2.3888528,-1.3069274,3,walking
1519421776377,-6.8027253,-2.3984275,-1.2973529,3,walking
1519421776383,-6.821874,-2.408002,-1.3069274,3,walking
1519421776388,-6.831449,-2.3984275,-1.2590547,3,walking
1519421776398,-6.8793216,-2.3314054,-1.2782038,3,walking
1519421776404,-6.9654927,-2.2452345,-1.2399056,3,walking
1519421776408,-7.02294,-2.2069361,-1.2399056,3,walking
1519421776413,-7.042089,-2.1399143,-1.2111819,3,walking
1519421776417,-7.0803876,-2.168638,-1.1824582,3,walking
1519421776423,-7.1665583,-2.1399143,-1.1154363,3,walking
1519421776428,-7.2718787,-2.149489,-1.0292653,3,walking
1519421776437,-7.4920936,-2.1111906,-0.9526688,3,walking
1519421776443,-7.635712,-2.0728924,-0.8186249,3,walking
1519421776448,-7.7506065,-2.0250196,-0.78990126,3,walking
1519421776453,-7.9037995,-1.9675722,-0.6845811,3,walking
1519421776457,-7.9899707,-1.929274,-0.63670826,3,walking
1519421776462,-8.028269,-1.9101248,-0.5888355,3,walking
1519421776468,-8.085716,-1.9005502,-0.5792609,3,walking
1519421776473,-8.191036,-1.8048047,-0.6079846,3,walking
1519421776478,-8.258059,-1.7569319,-0.56011176,3,walking
1519421776487,-8.392102,-1.6899099,-0.56968635,3,walking
1519421776493,-8.487848,-1.6611862,-0.56011176,3,walking
1519421776498,-8.593168,-1.6611862,-0.54096264,3,walking
1519421776507,-8.641041,-1.5750152,-0.5505372,3,walking
1519421776513,-8.765511,-1.4313968,-0.5792609,3,walking
1519421776517,-8.813383,-1.3548003,-0.54096264,3,walking
1519421776522,-8.889979,-1.2207564,-0.5888355,3,walking
1519421776527,-9.033598,-1.0101161,-0.6271337,3,walking
1519421776532,-9.014449,-0.9430942,-0.6079846,3,walking
1519421776537,-9.043172,-0.8760723,-0.63670826,3,walking
1519421776543,-8.995299,-0.78032666,-0.71330476,3,walking
1519421776548,-8.9761505,-0.7994758,-0.751603,3,walking
1519421776552,-9.004874,-0.83777404,-0.85692316,3,walking
1519421776557,-9.024023,-0.9430942,-0.93351966,3,walking
1519421776563,-9.100619,-1.1250108,-1.0196906,3,walking
1519421776567,-9.129343,-1.2016073,-1.0484143,3,walking
1519421776572,-9.234664,-1.3165021,-1.1154363,3,walking
1519421776577,-9.2825365,-1.3643749,-1.1345854,3,walking
1519421776583,-9.454879,-1.5367169,-1.0292653,3,walking
1519421776588,-9.502751,-1.5941644,-0.98139244,3,walking
1519421776593,-9.675094,-1.7856555,-0.90479594,3,walking
1519421776598,-9.675094,-1.7856555,-0.90479594,3,walking
1519421776603,-9.85701,-2.0633178,-0.8186249,3,walking
1519421776608,-9.991054,-2.168638,-0.8090504,3,walking
1519421776612,-10.153821,-2.187787,-0.85692316,3,walking
1519421776617,-10.498506,-2.1782124,-0.92394507,3,walking
1519421776623,-10.661273,-2.1303396,-0.9718179,3,walking
1519421776627,-10.900637,-2.0633178,-0.9526688,3,walking
1519421776633,-11.331492,-1.9675722,-1.1154363,3,walking
1519421776637,-11.570856,-1.9196993,-1.1537346,3,walking
1519421776644,-11.714475,-1.8909757,-1.2399056,3,walking
1519421776649,-12.020861,-1.7377827,-1.2686293,3,walking
1519421776655,-12.116607,-1.6803354,-1.3452257,3,walking
1519421776659,-12.2410755,-1.5941644,-1.4026731,3,walking
1519421776665,-12.394268,-1.4026731,-1.5367169,3,walking
1519421776669,-12.394268,-1.4026731,-1.5367169,3,walking
1519421776674,-12.432567,-1.2303311,-1.6994845,3,walking
1519421776678,-12.3463955,-1.1154363,-1.7473572,3,walking
1519421776687,-12.068733,-1.0292653,-1.8718265,3,walking
1519421776693,-11.618729,-1.0101161,-1.948423,3,walking
1519421776698,-11.350641,-1.0005416,-1.9771467,3,walking
1519421776703,-10.843189,-1.0675635,-2.0441687,3,walking
1519421776708,-10.603826,-1.1154363,-2.0920415,3,walking
1519421776713,-10.469782,-1.0867126,-2.254809,3,walking
1519421776718,-10.441058,-1.0771381,-2.4558747,3,walking
1519421776723,-10.881488,-1.1537346,-2.9920502,3,walking
1519421776728,-11.360216,-1.2399056,-3.1356685,3,walking
1519421776734,-12.011286,-1.3739494,-3.0973704,3,walking
1519421776741,-13.208106,-2.494173,-2.0058703,3,walking
1519421776747,-13.217681,-3.059072,-1.6516117,3,walking
1519421776751,-13.035764,-3.671844,-1.2303311,3,walking
1519421776757,-12.863422,-4.198445,-0.93351966,3,walking
1519421776763,-12.805975,-4.8782387,-0.6271337,3,walking
1519421776793,-11.513409,-3.193116,-2.2643836,3,walking
1519421776801,-11.216598,-2.4367256,-2.867581,3,walking
1519421776809,-11.034681,-1.6516117,-3.3175852,3,walking
1519421776817,-10.843189,-0.98139244,-3.5378,3,walking
1519421776824,-10.728295,-0.6750065,-3.5856729,3,walking
1519421776828,-10.670848,-0.42606795,-3.6239712,3,walking
1519421776833,-10.651698,0.03351096,-3.690993,3,walking
1519421776837,-10.689997,0.16755481,-3.7484405,3,walking
1519421776847,-10.71872,0.23457673,-3.5856729,3,walking
1519421776852,-10.795317,0.19627848,-3.5378,3,walking
1519421776857,-10.94851,0.081383765,-3.3080106,3,walking
1519421776867,-10.977234,-0.062234644,-3.1165195,3,walking
1519421776873,-10.843189,-0.512239,-2.6952388,3,walking
1519421776878,-10.709146,-0.7994758,-2.494173,3,walking
1519421776883,-10.517654,-1.4601204,-2.254809,3,walking
1519421776888,-10.441058,-1.7665064,-2.168638,3,walking
1519421776893,-10.431483,-2.0441687,-2.1303396,3,walking
1519421776899,-10.383611,-2.3314054,-2.1207652,3,walking
1519421776904,-10.326163,-2.427151,-2.149489,3,walking
1519421776908,-10.326163,-2.4463003,-2.187787,3,walking
1519421776913,-10.239992,-2.427151,-2.2452345,3,walking
1519421776917,-10.220843,-2.3697038,-2.3792782,3,walking
1519421776922,-10.077225,-2.0920415,-2.6569405,3,walking
1519421776928,-10.029352,-1.9388485,-2.8580062,3,walking
1519421776933,-9.952756,-1.8431029,-2.9920502,3,walking
1519421776938,-9.799562,-1.6994845,-3.059072,3,walking
1519421776943,-9.474028,-1.4984187,-3.2409887,3,walking
1519421776947,-9.301685,-1.4313968,-3.2792869,3,walking
1519421776956,-8.909128,-1.4122477,-3.2409887,3,walking
1519421776962,-8.5740185,-1.3739494,-3.1356685,3,walking
1519421776967,-8.430401,-1.4409714,-3.0494976,3,walking
1519421776972,-8.028269,-1.5750152,-2.9441774,3,walking
1519421776977,-8.028269,-1.5750152,-2.9441774,3,walking
1519421776982,-7.693159,-1.7377827,-2.6952388,3,walking
1519421776987,-7.635712,-1.7856555,-2.6282167,3,walking
1519421776992,-7.4059224,-1.9101248,-2.3888528,3,walking
1519421776997,-7.3197513,-1.9962958,-2.2835326,3,walking
1519421777002,-7.3006024,-1.9962958,-2.2739582,3,walking
1519421777006,-7.281453,-1.9867213,-2.2165108,3,walking
1519421777012,-7.156984,-1.9675722,-2.1973617,3,walking
1519421777017,-7.1091113,-1.9771467,-2.1590633,3,walking
1519421777021,-7.156984,-1.9101248,-2.2165108,3,walking
1519421777027,-7.137835,-1.8239537,-2.2260852,3,walking
1519421777032,-7.12826,-1.6324625,-2.2931073,3,walking
1519421777037,-7.051664,-1.4792696,-2.34098,3,walking
1519421777042,-6.9559183,-1.2590547,-2.3697038,3,walking
1519421777047,-6.9559183,-1.2590547,-2.3697038,3,walking
1519421777053,-6.8888965,-1.0771381,-2.4175766,3,walking
1519421777058,-6.9271946,-0.9718179,-2.494173,3,walking
1519421777063,-7.042089,-0.9622433,-2.6090677,3,walking
1519421777068,-7.042089,-0.9622433,-2.6090677,3,walking
1519421777073,-7.051664,-1.0484143,-2.6569405,3,walking
1519421777078,-7.003791,-1.1728836,-2.6760898,3,walking
1519421777083,-6.936769,-1.4409714,-2.666515,3,walking
1519421777088,-6.9271946,-1.5462915,-2.6952388,3,walking
1519421777093,-6.869747,-1.6899099,-2.733537,3,walking
1519421777098,-6.9080453,-1.929274,-2.6952388,3,walking
1519421777104,-6.831449,-2.0728924,-2.647366,3,walking
1519421777109,-6.8027253,-2.1782124,-2.5516202,3,walking
1519421777114,-6.7261286,-2.408002,-2.561195,3,walking
1519421777119,-6.697405,-2.475024,-2.4558747,3,walking
1519421777124,-6.639958,-2.513322,-2.4654493,3,walking
1519421777129,-6.639958,-2.4654493,-2.254809,3,walking
1519421777134,-6.6495323,-2.3697038,-2.2260852,3,walking
1519421777145,-6.678256,-2.168638,-2.2739582,3,walking
1519421777149,-6.6016593,-2.101616,-2.3697038,3,walking
1519421777155,-6.5537868,-2.0537431,-2.3697038,3,walking
1519421777165,-6.5059137,-1.9101248,-2.513322,3,walking
1519421777170,-6.47719,-1.8335283,-2.5228968,3,walking
1519421777175,-6.37187,-1.5845897,-2.5420458,3,walking
1519421777181,-6.3144226,-1.4601204,-2.561195,3,walking
1519421777187,-6.285699,-1.3452257,-2.5037475,3,walking
1519421777192,-6.180379,-1.2399056,-2.4463003,3,walking
1519421777197,-6.113357,-1.2111819,-2.408002,3,walking
1519421777202,-6.0463347,-1.1728836,-2.3122563,3,walking
1519421777207,-6.027186,-1.1728836,-2.2931073,3,walking
1519421777211,-5.988888,-1.2111819,-2.2260852,3,walking
1519421777216,-6.065484,-1.2973529,-2.1111906,3,walking
1519421777226,-6.1899533,-1.4313968,-2.015445,3,walking
1519421777232,-6.4197426,-1.5845897,-1.9005502,3,walking
1519421777238,-6.6016593,-1.6611862,-1.8431029,3,walking
1519421777242,-7.0133657,-1.862252,-1.79523,3,walking
1519421777248,-7.0133657,-1.862252,-1.79523,3,walking
1519421777253,-7.6069884,-1.9675722,-1.8239537,3,walking
1519421777258,-7.9420977,-2.015445,-1.8718265,3,walking
1519421777263,-8.794233,-2.0633178,-1.9579976,3,walking
1519421777268,-9.215514,-2.0633178,-1.9867213,3,walking
1519421777272,-9.6942425,-2.1111906,-2.0537431,3,walking
1519421777277,-10.105948,-2.1973617,-2.1590633,3,walking
1519421777283,-10.986808,-2.3122563,-2.2356598,3,walking
1519421777287,-11.321918,-2.3792782,-2.2835326,3,walking
1519421777292,-11.647452,-2.427151,-2.3122563,3,walking
1519421777298,-12.107032,-2.4175766,-2.3792782,3,walking
1519421777303,-12.269799,-2.3792782,-2.408002,3,walking
1519421777308,-12.394268,-2.3314054,-2.3697038,3,walking
1519421777313,-12.499589,-2.168638,-2.34098,3,walking
1519421777350,-12.375119,-1.1537346,-1.9771467,3,walking
1519421777355,-12.394268,-1.0867126,-1.948423,3,walking
1519421777359,-12.413418,-1.0292653,-1.8526775,3,walking
1519421777363,-12.480439,-1.0101161,-1.6516117,3,walking
1519421777367,-12.480439,-1.0101161,-1.6516117,3,walking
1519421777372,-12.5474615,-1.14416,-1.5750152,3,walking
1519421777376,-12.557036,-1.3643749,-1.2973529,3,walking
1519421777380,-12.518738,-1.5367169,-1.1728836,3,walking
1519421777386,-12.528313,-1.6516117,-1.0196906,3,walking
1519421777391,-12.509163,-1.7473572,-0.85692316,3,walking
1519421777396,-12.490014,-1.8431029,-0.5792609,3,walking
1519421777406,-12.509163,-1.8335283,-0.50266445,3,walking
1519421777411,-12.968742,-1.5462915,-0.751603,3,walking
1519421777417,-13.380448,-1.3356512,-0.9622433,3,walking
1519421777422,-14.366628,-0.9622433,-1.5271424,3,walking
1519421777427,-14.366628,-0.9622433,-1.5271424,3,walking
1519421777448,-12.595334,-1.6324625,-0.98139244,3,walking
1519421777453,-11.800646,-1.7186337,-0.8473486,3,walking
1519421777457,-11.800646,-1.7186337,-0.8473486,3,walking
1519421777462,-11.140001,-1.9388485,-0.76117754,3,walking
1519421777467,-10.661273,-2.0824668,-0.71330476,3,walking
1519421777471,-10.105948,-2.1973617,-0.6271337,3,walking
1519421777476,-9.483603,-2.2835326,-0.5792609,3,walking
1519421777481,-8.899554,-2.3026817,-0.512239,3,walking
1519421777486,-8.018694,-2.3697038,-0.59841,3,walking
1519421777491,-7.721883,-2.4845984,-0.8186249,3,walking
1519421777495,-7.2718787,-2.5516202,-0.85692316,3,walking
1519421777501,-6.639958,-2.4654493,-0.92394507,3,walking
1519421777506,-6.5537868,-2.4175766,-1.0962871,3,walking
1519421777511,-6.668681,-2.360129,-1.3165021,3,walking
1519421777515,-6.9080453,-2.2739582,-1.3548003,3,walking
1519421777521,-7.8176284,-2.0058703,-1.3739494,3,walking
1519421777526,-8.602742,-1.8526775,-1.5845897,3,walking
1519421777532,-10.40276,-1.6133134,-1.8239537,3,walking
1519421777537,-11.293194,-1.6899099,-1.9101248,3,walking
1519421777541,-11.905966,-1.862252,-1.9005502,3,walking
1519421777600,-11.475111,-1.0579889,-2.4558747,3,walking
1519421777605,-11.178299,-0.90479594,-2.5324712,3,walking
1519421777611,-10.757019,-0.61755913,-2.6282167,3,walking
1519421777618,-10.335738,-0.4835153,-2.6856642,3,walking
1519421777623,-10.144247,-0.47394073,-2.6090677,3,walking
1519421777627,-9.991054,-0.50266445,-2.5994933,3,walking
1519421777631,-9.809137,-0.56968635,-2.6090677,3,walking
1519421777636,-9.598496,-0.70373017,-2.6186423,3,walking
1519421777641,-9.330409,-0.9622433,-2.6377914,3,walking
1519421777645,-9.167642,-1.1154363,-2.7048132,3,walking
1519421777650,-9.024023,-1.2494801,-2.647366,3,walking
1519421777655,-8.832532,-1.3548003,-2.6952388,3,walking
1519421777661,-8.698488,-1.4313968,-2.647366,3,walking
1519421777666,-8.420826,-1.5750152,-2.6282167,3,walking
1519421777671,-8.23891,-1.6707608,-2.580344,3,walking
1519421777676,-8.028269,-1.7569319,-2.513322,3,walking
1519421777681,-7.5782647,-2.0250196,-2.3026817,3,walking
1519421777686,-7.35805,-2.168638,-2.254809,3,walking
1519421777691,-7.176133,-2.2643836,-2.101616,3,walking
1519421777696,-7.003791,-2.2835326,-2.0250196,3,walking
1519421777701,-6.7931504,-2.2452345,-1.9196993,3,walking
1519421777706,-6.6878304,-2.1973617,-1.9196993,3,walking
1519421777711,-6.611234,-2.168638,-1.9005502,3,walking
1519421777716,-6.611234,-2.1399143,-1.9005502,3,walking
1519421777720,-6.5537868,-2.0920415,-1.9579976,3,walking
1519421777726,-6.544212,-2.034594,-2.015445,3,walking
1519421777731,-6.544212,-2.0058703,-2.1111906,3,walking
1519421777736,-6.515488,-1.948423,-2.2356598,3,walking
1519421777741,-6.525063,-1.9101248,-2.3314054,3,walking
1519421777747,-6.5729356,-1.9101248,-2.4175766,3,walking
1519421777751,-6.5729356,-1.8814012,-2.5899186,3,walking
1519421777757,-6.611234,-1.8143792,-2.6377914,3,walking
1519421777762,-6.5346375,-1.7856555,-2.666515,3,walking
1519421777767,-6.486765,-1.79523,-2.666515,3,walking
1519421777773,-6.4484663,-1.8048047,-2.6377914,3,walking
1519421777777,-6.4676156,-1.8335283,-2.561195,3,walking
1519421777783,-6.4676156,-1.862252,-2.5228968,3,walking
1519421777787,-6.47719,-1.8526775,-2.427151,3,walking
1519421777793,-6.486765,-1.862252,-2.3505547,3,walking
1519421777797,-6.5059137,-1.7856555,-2.1111906,3,walking
1519421777803,-6.515488,-1.776081,-1.9962958,3,walking
1519421777808,-6.525063,-1.709059,-1.9196993,3,walking
1519421777813,-6.6208086,-1.709059,-1.7282082,3,walking
1519421777818,-6.592085,-1.7186337,-1.6133134,3,walking
1519421777823,-6.6591067,-1.6516117,-1.5175679,3,walking
1519421777828,-6.7548523,-1.6324625,-1.3739494,3,walking
1519421777834,-6.7931504,-1.622888,-1.3739494,3,walking
1519421777838,-6.8793216,-1.6133134,-1.3548003,3,walking
1519421777844,-6.975067,-1.5654407,-1.2877784,3,walking
1519421777848,-7.0325146,-1.5079932,-1.2782038,3,walking
1519421777854,-7.0612383,-1.469695,-1.2686293,3,walking
1519421777864,-7.3389006,-1.2973529,-1.2686293,3,walking
1519421777869,-7.4729443,-1.2111819,-1.2877784,3,walking
1519421777875,-7.549541,-1.1345854,-1.3069274,3,walking
1519421777880,-7.7793303,-0.99096704,-1.3548003,3,walking
1519421777886,-7.855927,-0.9430942,-1.3930986,3,walking
1519421777891,-8.085716,-0.8856468,-1.4409714,3,walking
1519421777896,-8.248484,-0.8856468,-1.4505459,3,walking
1519421777900,-8.296356,-0.8664977,-1.4792696,3,walking
1519421777906,-8.392102,-0.93351966,-1.4984187,3,walking
1519421777911,-8.602742,-1.0388398,-1.4218222,3,walking
1519421777916,-8.708063,-1.0579889,-1.4122477,3,walking
1519421777921,-8.832532,-1.0771381,-1.4026731,3,walking
1519421777926,-8.909128,-1.1250108,-1.383524,3,walking
1519421777931,-9.091045,-1.1154363,-1.2877784,3,walking
1519421777937,-9.167642,-1.1345854,-1.2782038,3,walking
1519421777942,-9.29211,-1.2303311,-1.2686293,3,walking
1519421777947,-9.378282,-1.2877784,-1.2494801,3,walking
1519421777952,-9.493176,-1.3356512,-1.2973529,3,walking
1519421777957,-9.732541,-1.4984187,-1.3165021,3,walking
1519421777962,-9.828286,-1.5845897,-1.3739494,3,walking
1519421777967,-10.000628,-1.622888,-1.3643749,3,walking
1519421777972,-10.105948,-1.6420372,-1.383524,3,walking
1519421777977,-10.383611,-1.6899099,-1.3930986,3,walking
1519421777982,-10.584677,-1.7282082,-1.4505459,3,walking
1519421777993,-11.178299,-1.862252,-1.4409714,3,walking
1519421777997,-11.350641,-1.8909757,-1.4026731,3,walking
1519421778003,-11.561282,-1.948423,-1.4122477,3,walking
1519421778008,-11.771922,-1.9579976,-1.3548003,3,walking
1519421778013,-12.011286,-1.929274,-1.2782038,3,walking
1519421778020,-12.097457,-1.9388485,-1.2590547,3,walking
1519421778025,-12.231501,-1.8143792,-1.3165021,3,walking
1519421778030,-12.375119,-1.5941644,-1.3930986,3,walking
1519421778036,-12.375119,-1.5941644,-1.3930986,3,walking
1519421778040,-12.432567,-1.4313968,-1.4601204,3,walking
1519421778045,-12.3463955,-1.1154363,-1.5941644,3,walking
1519421778050,-12.2410755,-0.9526688,-1.6611862,3,walking
1519421778055,-12.193203,-0.76117754,-1.7186337,3,walking
1519421778060,-11.9346895,-0.42606795,-1.776081,3,walking
1519421778066,-11.791071,-0.26330042,-1.8143792,3,walking
1519421778070,-11.475111,-0.05266008,-1.8431029,3,walking
1519421778075,-11.475111,-0.05266008,-1.8431029,3,walking
1519421778080,-11.063405,0.0,-1.8814012,3,walking
1519421778085,-10.833615,-0.081383765,-1.862252,3,walking
1519421778090,-10.488931,-0.3877697,-1.9196993,3,walking
1519421778095,-10.431483,-0.54096264,-2.0633178,3,walking
1519421778100,-10.603826,-0.6079846,-2.3505547,3,walking
1519421778106,-10.967659,-0.64628285,-2.647366,3,walking
1519421778111,-12.011286,-0.98139244,-2.7622607,3,walking
1519421778116,-12.46129,-1.2399056,-2.5516202,3,walking
1519421778122,-12.834699,-2.254809,-1.7856555,3,walking
1519421778127,-12.748528,-2.9250283,-1.2111819,3,walking
1519421778131,-12.557036,-3.6431203,-0.751603,3,walking
1519421778136,-12.298523,-4.342063,-0.25372586,3,walking
1519421778174,-9.885734,-3.1069448,-1.0388398,3,walking
1519421778183,-9.914457,-2.101616,-1.7282082,3,walking
1519421778191,-10.182545,-1.2207564,-2.34098,3,walking
1519421778196,-10.345312,-0.78990126,-2.5899186,3,walking
1519421778201,-10.546378,-0.45479164,-2.7431116,3,walking
1519421778205,-10.852764,-0.16755481,-2.972901,3,walking
1519421778210,-11.178299,0.14840569,-3.2026904,3,walking
1519421778215,-11.455961,0.359046,-3.2984362,3,walking
1519421778220,-11.695326,0.47394073,-3.4324799,3,walking
1519421778224,-11.953838,0.3398969,-3.365458,3,walking
1519421778230,-11.992137,0.043085523,-3.1643922,3,walking
1519421778235,-12.059159,-0.22500217,-2.9441774,3,walking
1519421778240,-12.193203,-0.49308985,-2.7048132,3,walking
1519421778246,-12.375119,-1.0101161,-2.494173,3,walking
1519421778250,-12.499589,-1.1920328,-2.3314054,3,walking
1519421778256,-12.499589,-1.1920328,-2.3314054,3,walking
1519421778261,-12.35597,-1.8143792,-1.7377827,3,walking
1519421778266,-12.193203,-2.0058703,-1.5175679,3,walking
1519421778270,-11.992137,-2.168638,-1.4218222,3,walking
1519421778275,-11.7336235,-2.3984275,-1.14416,3,walking
1519421778280,-11.657027,-2.4463003,-1.0675635,3,walking
1519421778285,-11.522984,-2.4845984,-1.0484143,3,walking
1519421778290,-11.446387,-2.5037475,-1.0388398,3,walking
1519421778295,-11.178299,-2.3314054,-1.0196906,3,walking
1519421778300,-10.766593,-2.2069361,-1.1345854,3,walking
1519421778306,-10.766593,-2.2069361,-1.1345854,3,walking
1519421778311,-10.450633,-2.0824668,-1.1537346,3,walking
1519421778316,-10.268716,-2.0920415,-1.2399056,3,walking
1519421778320,-10.019777,-2.1303396,-1.383524,3,walking
1519421778326,-10.019777,-2.1303396,-1.383524,3,walking
1519421778330,-9.6942425,-2.015445,-1.3260766,3,walking
1519421778335,-9.531475,-1.9962958,-1.3739494,3,walking
1519421778340,-9.397431,-1.9867213,-1.469695,3,walking
1519421778345,-9.330409,-1.9675722,-1.5462915,3,walking
1519421778350,-8.985725,-1.9579976,-1.5750152,3,walking
1519421778355,-8.755936,-1.9196993,-1.5175679,3,walking
1519421778360,-8.487848,-1.8909757,-1.4218222,3,walking
1519421778365,-8.229335,-1.8239537,-1.4026731,3,walking
1519421778370,-8.104865,-1.8335283,-1.3356512,3,walking
1519421778376,-7.9708214,-1.929274,-1.3165021,3,walking
1519421778381,-7.7123084,-2.2069361,-1.3260766,3,walking
1519421778385,-7.5782647,-2.2931073,-1.2877784,3,walking
1519421778390,-7.434646,-2.2260852,-1.2399056,3,walking
1519421778395,-7.2527294,-2.2356598,-1.2399056,3,walking
1519421778399,-7.0708127,-2.1973617,-1.2782038,3,walking
1519421778405,-6.8888965,-2.2643836,-1.2973529,3,walking
1519421778410,-6.850598,-2.3026817,-1.3165021,3,walking
1519421778415,-6.850598,-2.3026817,-1.3165021,3,walking
1519421778421,-6.7931504,-2.2356598,-1.3548003,3,walking
1519421778425,-6.7548523,-2.1973617,-1.4313968,3,walking
1519421778430,-6.8410234,-2.187787,-1.5462915,3,walking
1519421778434,-6.8410234,-2.187787,-1.5462915,3,walking
1519421778440,-6.9654927,-2.2165108,-1.6994845,3,walking
1519421778445,-7.0708127,-2.2356598,-1.7186337,3,walking
1519421778450,-7.1857076,-2.1782124,-1.776081,3,walking
1519421778455,-7.4059224,-2.1111906,-1.8526775,3,walking
1519421778460,-7.6835847,-2.0441687,-1.9388485,3,walking
1519421778465,-7.6835847,-2.0441687,-1.9388485,3,walking
1519421778470,-7.7314577,-2.0058703,-1.9388485,3,walking
1519421778474,-7.9708214,-2.0058703,-2.0633178,3,walking
1519421778480,-8.047418,-2.015445,-2.0920415,3,walking
1519421778485,-8.076141,-2.0250196,-2.1207652,3,walking
1519421778489,-8.133589,-2.0250196,-2.1399143,3,walking
1519421778494,-8.133589,-2.0633178,-2.1303396,3,walking
1519421778500,-8.181462,-2.0633178,-2.187787,3,walking
1519421778505,-8.181462,-2.0824668,-2.2260852,3,walking
1519421778510,-8.143164,-2.0824668,-2.2356598,3,walking
1519421778515,-8.152739,-2.0824668,-2.3026817,3,walking
1519421778519,-8.104865,-2.0441687,-2.3122563,3,walking
1519421778525,-8.11444,-2.034594,-2.3888528,3,walking
1519421778530,-8.028269,-2.0058703,-2.4654493,3,walking
1519421778534,-7.9899707,-1.9962958,-2.513322,3,walking
1519421778539,-7.9899707,-2.015445,-2.5420458,3,walking
1519421778544,-7.9420977,-2.0058703,-2.5899186,3,walking
1519421778550,-7.8655014,-1.948423,-2.666515,3,walking
1519421778555,-7.8176284,-1.9675722,-2.7239625,3,walking
1519421778559,-7.8272033,-1.8909757,-2.8388572,3,walking
1519421778565,-7.846352,-1.8239537,-2.8580062,3,walking
1519421778570,-7.855927,-1.7473572,-2.8484318,3,walking
1519421778575,-7.855927,-1.7282082,-2.8292825,3,walking
1519421778579,-7.855927,-1.6899099,-2.8388572,3,walking
1519421778584,-7.894225,-1.6611862,-2.8292825,3,walking
1519421778590,-8.00912,-1.5845897,-2.8580062,3,walking
1519421778595,-8.11444,-1.5654407,-2.8388572,3,walking
1519421778601,-8.181462,-1.5462915,-2.8771553,3,walking
1519421778606,-8.171887,-1.5654407,-2.8388572,3,walking
1519421778610,-8.1623125,-1.6611862,-2.8388572,3,walking
1519421778615,-8.1623125,-1.6611862,-2.8388572,3,walking
1519421778619,-8.133589,-1.9005502,-2.819708,3,walking
1519421778625,-8.047418,-1.948423,-2.6856642,3,walking
1519421778629,-7.894225,-2.0441687,-2.6186423,3,walking
1519421778634,-7.8846507,-2.1399143,-2.5707695,3,walking
1519421778640,-7.7984796,-2.4367256,-2.4845984,3,walking
1519421778645,-7.769756,-2.6186423,-2.360129,3,walking
1519421778650,-7.7793303,-2.9154537,-2.1207652,3,walking
1519421778655,-7.788905,-3.0303483,-1.9196993,3,walking
1519421778660,-7.808054,-3.126094,-1.6899099,3,walking
1519421778665,-7.875076,-3.2409887,-1.5175679,3,walking
1519421778670,-8.171887,-3.4133308,-1.3260766,3,walking
1519421778676,-8.631466,-3.4707782,-1.14416,3,walking
1519421778681,-8.822957,-3.4037561,-1.0771381,3,walking
1519421778685,-8.909128,-3.2792869,-1.0005416,3,walking
1519421778690,-9.014449,-3.1643922,-0.8856468,3,walking
1519421778695,-9.100619,-2.9633265,-0.85692316,3,walking
1519421778699,-9.167642,-2.800559,-0.78032666,3,walking
1519421778705,-9.225089,-2.6569405,-0.7420284,3,walking
1519421778709,-9.3878565,-2.427151,-0.6750065,3,walking
1519421778714,-9.5219,-2.3314054,-0.71330476,3,walking
1519421778719,-9.617646,-2.101616,-0.71330476,3,walking
1519421778724,-9.617646,-2.101616,-0.71330476,3,walking
1519421778730,-9.684668,-1.8431029,-0.36862057,3,walking
1519421778735,-9.665519,-1.8143792,-0.2441513,3,walking
1519421778740,-9.703817,-1.7186337,-0.0718092,3,walking
1519421778744,-9.703817,-1.7282082,0.09095833,3,walking
1519421778749,-9.742115,-1.6611862,0.17712937,3,walking
1519421778754,-9.837861,-1.6324625,0.22500217,3,walking
1519421778759,-10.000628,-1.5462915,0.4164934,3,walking
1519421778765,-10.048501,-1.5462915,0.56968635,3,walking
1519421778770,-10.364462,-1.4505459,0.6750065,3,walking
1519421778775,-10.364462,-1.4505459,0.6750065,3,walking
1519421778779,-10.871913,-1.2973529,0.6558574,3,walking
1519421778785,-11.436812,-1.1345854,0.5505372,3,walking
1519421778789,-12.107032,-0.85692316,0.33032233,3,walking
1519421778796,-13.926198,-0.17712937,-0.6845811,3,walking
1519421778801,-14.816632,0.0,-1.2782038,3,walking
1519421778805,-15.410255,0.11968201,-1.6037389,3,walking
1519421778849,-10.316589,-1.4984187,-1.0292653,3,walking
1519421778857,-9.2825365,-1.8048047,-1.0292653,3,walking
1519421778869,-8.23891,-1.8239537,-1.3356512,3,walking
1519421778876,-8.066567,-1.7569319,-1.5271424,3,walking
1519421778880,-7.961247,-1.709059,-1.6803354,3,walking
1519421778884,-7.961247,-1.709059,-1.6803354,3,walking
1519421778889,-8.497422,-1.6994845,-2.2452345,3,walking
1519421778919,-13.380448,-1.5750152,-2.187787,3,walking
1519421778927,-13.571939,-2.1111906,-2.0058703,3,walking
1519421778936,-13.514492,-2.34098,-1.9771467,3,walking
1519421778947,-12.748528,-2.7239625,-2.1973617,3,walking
1519421778952,-12.537887,-2.7048132,-2.3697038,3,walking
1519421778961,-12.126181,-2.6090677,-2.7431116,3,walking
1519421778998,-9.703817,-1.1920328,-2.8292825,3,walking
1519421779006,-9.167642,-1.1728836,-2.4367256,3,walking
1519421779014,-8.995299,-1.1250108,-2.3026817,3,walking
1519421779019,-8.880404,-1.2016073,-2.2739582,3,walking
1519421779025,-8.717637,-1.3260766,-2.2069361,3,walking
1519421779030,-8.535721,-1.3930986,-2.1590633,3,walking
1519421779035,-8.392102,-1.4409714,-2.149489,3,walking
1519421779039,-8.210186,-1.4888442,-2.1303396,3,walking
1519421779044,-8.028269,-1.5654407,-2.1207652,3,walking
1519421779049,-7.808054,-1.6803354,-2.0920415,3,walking
1519421779054,-7.7314577,-1.7569319,-2.1111906,3,walking
1519421779059,-7.4920936,-1.8048047,-2.1207652,3,walking
1519421779064,-7.4920936,-1.8048047,-2.1207652,3,walking
1519421779069,-7.35805,-1.8909757,-2.1399143,3,walking
1519421779074,-7.2623043,-1.929274,-2.1590633,3,walking
1519421779079,-7.204857,-2.034594,-2.0920415,3,walking
1519421779084,-7.204857,-2.034594,-2.0920415,3,walking
1519421779089,-7.0133657,-2.2931073,-1.9005502,3,walking
1519421779095,-6.8027253,-2.4367256,-1.6994845,3,walking
1519421779100,-6.716554,-2.5324712,-1.5941644,3,walking
1519421779105,-6.630383,-2.5994933,-1.4984187,3,walking
1519421779110,-6.458041,-2.6282167,-1.1537346,3,walking
1519421779115,-6.2282515,-2.4463003,-0.69415563,3,walking
1519421779121,-6.0846334,-2.3984275,-0.54096264,3,walking
1519421779125,-6.5059137,-2.513322,-0.93351966,3,walking
1519421779131,-6.745278,-2.6282167,-1.0196906,3,walking
1519421779136,-6.4963393,-2.6282167,-0.69415563,3,walking
1519421779141,-6.2665496,-2.4654493,-0.61755913,3,walking
1519421779146,-6.3431463,-2.2356598,-0.59841,3,walking
1519421779151,-6.438892,-2.1207652,-0.64628285,3,walking
1519421779161,-6.6208086,-2.0920415,-0.7994758,3,walking
1519421779166,-6.7548523,-1.948423,-0.9430942,3,walking
1519421779172,-6.8122997,-1.8431029,-1.0292653,3,walking
1519421779180,-6.668681,-1.6899099,-1.2494801,3,walking
1519421779184,-6.668681,-1.6899099,-1.2494801,3,walking
1519421779189,-6.7261286,-1.622888,-1.3069274,3,walking
1519421779194,-6.9271946,-1.5175679,-1.2590547,3,walking
1519421779199,-7.003791,-1.5079932,-1.2590547,3,walking
1519421779204,-7.12826,-1.5845897,-1.383524,3,walking
1519421779209,-7.4920936,-1.7282082,-1.4792696,3,walking
1519421779214,-7.5782647,-1.9196993,-1.4792696,3,walking
1519421779219,-7.6835847,-2.0537431,-1.3930986,3,walking
1519421779224,-7.7601814,-2.101616,-1.383524,3,walking
1519421779229,-7.9133744,-2.254809,-1.3356512,3,walking
1519421779234,-7.9899707,-2.3122563,-1.2782038,3,walking
1519421779239,-8.095291,-2.360129,-1.2399056,3,walking
1519421779244,-8.191036,-2.4558747,-1.2111819,3,walking
1519421779249,-8.305931,-2.5420458,-1.0388398,3,walking
1519421779254,-8.392102,-2.5707695,-1.0484143,3,walking
1519421779259,-8.439975,-2.6090677,-1.0675635,3,walking
1519421779264,-8.439975,-2.6090677,-1.0675635,3,walking
1519421779269,-8.583593,-2.5516202,-1.0867126,3,walking
1519421779274,-8.583593,-2.5228968,-1.0771381,3,walking
1519421779279,-8.593168,-2.5516202,-1.1154363,3,walking
1519421779284,-8.583593,-2.5324712,-1.0962871,3,walking
1519421779289,-8.593168,-2.513322,-1.1920328,3,walking
1519421779294,-8.545295,-2.4845984,-1.1824582,3,walking
1519421779299,-8.583593,-2.427151,-1.2303311,3,walking
1519421779304,-8.631466,-2.3792782,-1.2494801,3,walking
1519421779309,-8.889979,-2.2931073,-1.2399056,3,walking
1519421779314,-8.889979,-2.2931073,-1.2399056,3,walking
1519421779319,-9.215514,-2.3314054,-1.2207564,3,walking
1519421779324,-9.454879,-2.3122563,-1.1345854,3,walking
1519421779329,-9.6942425,-2.427151,-1.0388398,3,walking
1519421779334,-10.287866,-2.5420458,-0.85692316,3,walking
1519421779339,-10.575102,-2.5994933,-0.7420284,3,walking
1519421779344,-10.871913,-2.6952388,-0.6271337,3,walking
1519421779349,-11.38894,-2.8580062,-0.56011176,3,walking
1519421779354,-11.666602,-2.9824755,-0.5218136,3,walking
1519421779359,-12.116607,-3.020774,-0.6271337,3,walking
1519421779364,-12.336822,-2.9441774,-0.6845811,3,walking
1519421779369,-12.537887,-2.9441774,-0.8090504,3,walking
1519421779380,-13.141085,-2.561195,-1.2877784,3,walking
1519421779385,-13.23683,-2.4175766,-1.4888442,3,walking
1519421779389,-13.294277,-2.254809,-1.6899099,3,walking
1519421779396,-13.495343,-1.9196993,-2.1399143,3,walking
1519421779400,-13.543216,-1.709059,-2.3888528,3,walking
1519421779405,-13.485768,-1.5079932,-2.5516202,3,walking
1519421779410,-13.23683,-1.3069274,-2.7909844,3,walking
1519421779415,-13.00704,-1.2877784,-2.7718353,3,walking
1519421779421,-12.710229,-1.2494801,-2.7909844,3,walking
1519421779431,-11.522984,-1.4218222,-2.561195,3,walking
1519421779436,-11.072979,-1.5079932,-2.3697038,3,walking
1519421779443,-10.689997,-1.5845897,-2.2356598,3,walking
1519421779449,-9.866585,-1.6707608,-2.0441687,3,walking
1519421779454,-9.617646,-1.622888,-1.9962958,3,walking
1519421779495,-12.537887,-3.1643922,-0.39734426,3,walking
1519421779500,-12.375119,-3.758015,-0.023936402,3,walking
1519421779504,-12.174053,-4.2463174,0.22500217,3,walking
1519421779508,-12.030436,-4.619725,0.34947145,3,walking
1519421779513,-12.059159,-4.772918,0.3877697,3,walking
1519421779519,-11.963413,-4.7441945,0.15798025,3,walking
1519421779524,-11.877242,-4.619725,-0.09095833,3,walking
1519421779529,-11.685751,-4.1026993,-0.92394507,3,walking
1519421779536,-11.590006,-3.3175852,-2.015445,3,walking
1519421779541,-11.551707,-2.88673,-2.580344,3,walking
1519421779546,-11.676176,-2.3697038,-3.0016246,3,walking
1519421779550,-11.762347,-1.8718265,-3.3941817,3,walking
1519421779561,-12.145329,-0.49308985,-4.4090853,3,walking
1519421779566,-12.327247,-0.19627848,-4.610151,3,walking
1519421779571,-12.499589,0.14840569,-4.73462,3,walking
1519421779576,-12.432567,0.081383765,-4.6005764,3,walking
1519421779581,-12.260224,-0.10053288,-4.351638,3,walking
1519421779591,-11.781497,-0.8856468,-3.2601378,3,walking
1519421779596,-11.762347,-1.1345854,-2.9441774,3,walking
1519421779602,-11.82937,-1.3260766,-2.733537,3,walking
1519421779606,-12.0400095,-1.7473572,-2.254809,3,walking
1519421779611,-12.097457,-1.9579976,-2.034594,3,walking
1519421779616,-12.145329,-2.2069361,-1.8909757,3,walking
1519421779620,-12.126181,-2.475024,-1.709059,3,walking
1519421779630,-11.82937,-3.173967,-1.469695,3,walking
1519421779636,-11.752773,-3.2218397,-1.4313968,3,walking
1519421779640,-11.628304,-3.1835413,-1.4313968,3,walking
1519421779651,-11.293194,-2.7909844,-1.5845897,3,walking
1519421779656,-11.05383,-2.6377914,-1.6516117,3,walking
1519421779661,-10.584677,-2.3314054,-1.7186337,3,walking
1519421779666,-10.326163,-2.168638,-1.776081,3,walking
1519421779671,-10.0868,-1.9867213,-1.7473572,3,walking
1519421779676,-9.837861,-1.9101248,-1.776081,3,walking
1519421779681,-9.397431,-1.9388485,-1.776081,3,walking
1519421779686,-9.234664,-1.9196993,-1.7282082,3,walking
1519421779692,-9.177217,-1.8718265,-1.6707608,3,walking
1519421779696,-8.966576,-1.6899099,-1.2303311,3,walking
1519421779701,-8.870831,-1.6707608,-1.0196906,3,walking
1519421779706,-8.746361,-1.6611862,-0.85692316,3,walking
1519421779710,-8.803808,-1.5845897,-0.6079846,3,walking
1519421779720,-8.6697645,-1.5558661,0.18670394,3,walking
1519421779726,-8.526146,-1.5367169,0.4356425,3,walking
1519421779731,-8.392102,-1.469695,0.6271337,3,walking
1519421779740,-8.1623125,-1.5750152,0.93351966,3,walking
1519421779746,-8.23891,-1.6420372,0.9622433,3,walking
1519421779750,-8.516571,-1.6037389,0.85692316,3,walking
1519421779757,-8.679339,-1.5558661,0.71330476,3,walking
1519421779762,-8.813383,-1.4601204,0.56011176,3,walking
1519421779767,-8.918703,-1.4218222,0.33032233,3,walking
1519421779773,-9.196365,-1.383524,-0.12925656,3,walking
1519421779777,-9.301685,-1.3739494,-0.30159867,3,walking
1519421779783,-9.445304,-1.3260766,-0.54096264,3,walking
1519421779788,-9.636795,-1.2590547,-1.0196906,3,walking
1519421779793,-9.713391,-1.2399056,-1.1537346,3,walking
1519421779798,-9.85701,-1.2590547,-1.5845897,3,walking
1519421779805,-9.847435,-1.3069274,-1.8143792,3,walking
1519421779810,-9.876159,-1.3260766,-1.8814012,3,walking
1519421779816,-9.924032,-1.383524,-1.9771467,3,walking
1519421779821,-10.000628,-1.4505459,-2.1207652,3,walking
1519421779826,-10.153821,-1.5462915,-2.3314054,3,walking
1519421779831,-10.220843,-1.6037389,-2.4463003,3,walking
1519421779836,-10.220843,-1.6516117,-2.513322,3,walking
1519421779841,-10.06765,-1.8143792,-2.6952388,3,walking
1519421779847,-9.952756,-1.9101248,-2.752686,3,walking
1519421779852,-9.828286,-1.9005502,-2.7909844,3,walking
1519421779857,-9.64637,-1.9867213,-2.8484318,3,walking
1519421779861,-9.263388,-2.101616,-2.9154537,3,walking
1519421779866,-9.20594,-2.1399143,-3.0686467,3,walking
1519421779870,-9.071896,-2.168638,-3.039923,3,walking
1519421779881,-8.794233,-2.360129,-3.1165195,3,walking
1519421779886,-8.6697645,-2.360129,-3.1165195,3,walking
1519421779891,-8.583593,-2.427151,-3.078221,3,walking
1519421779896,-8.506997,-2.3697038,-3.1069448,3,walking
1519421779901,-8.516571,-2.3792782,-3.212265,3,walking
1519421779906,-8.478273,-2.3984275,-3.2601378,3,walking
1519421779912,-8.392102,-2.408002,-3.3175852,3,walking
1519421779917,-8.11444,-2.4558747,-3.3367343,3,walking
1519421779922,-7.9516726,-2.4463003,-3.2601378,3,walking
1519421779927,-7.664436,-2.4367256,-3.2697124,3,walking
1519421779932,-7.56869,-2.4175766,-3.1835413,3,walking
1519421779937,-7.482519,-2.4367256,-3.193116,3,walking
1519421779942,-7.3676243,-2.4463003,-3.1548176,3,walking
1519421779947,-7.1186857,-2.4175766,-3.078221,3,walking
1519421779953,-6.9654927,-2.3984275,-3.039923,3,walking
1519421779957,-6.8027253,-2.360129,-2.9154537,3,walking
1519421779962,-6.6878304,-2.3314054,-2.9250283,3,walking
1519421779968,-6.611234,-2.2739582,-2.8292825,3,walking
1519421779973,-6.5825105,-2.3122563,-2.8580062,3,walking
1519421779977,-6.6208086,-2.427151,-2.8484318,3,walking
1519421779982,-6.6208086,-2.427151,-2.8484318,3,walking
1519421779986,-6.8027253,-2.513322,-2.9250283,3,walking
1519421779990,-6.8888965,-2.5228968,-2.8963046,3,walking
1519421779995,-6.936769,-2.5420458,-2.9250283,3,walking
1519421780000,-6.984642,-2.5516202,-2.9346027,3,walking
1519421780006,-6.9942164,-2.6090677,-2.7909844,3,walking
1519421780011,-7.042089,-2.580344,-2.752686,3,walking
1519421780016,-7.0325146,-2.6377914,-2.6569405,3,walking
1519421780021,-7.003791,-2.7048132,-2.580344,3,walking
1519421780026,-6.9271946,-2.7431116,-2.4463003,3,walking
1519421780031,-6.850598,-2.8292825,-2.3697038,3,walking
1519421780036,-6.850598,-2.7814097,-2.2739582,3,walking
1519421780040,-6.7069798,-2.8580062,-2.0537431,3,walking
1519421780045,-6.7069798,-2.8388572,-1.9867213,3,walking
1519421780050,-6.697405,-2.8484318,-1.9388485,3,walking
1519421780060,-6.8793216,-2.9346027,-1.7569319,3,walking
1519421780065,-6.9176197,-2.9441774,-1.5941644,3,walking
1519421780070,-7.003791,-2.9346027,-1.4122477,3,walking
1519421780079,-7.0803876,-2.88673,-0.85692316,3,walking
1519421780085,-7.137835,-2.8771553,-0.6845811,3,walking
1519421780090,-7.12826,-2.8963046,-0.36862057,3,walking
1519421780096,-7.1665583,-3.0877957,0.23457673,3,walking
1519421780102,-7.1665583,-3.193116,0.5313881,3,walking
1519421780106,-7.137835,-3.2984362,0.78990126,3,walking
1519421780111,-7.176133,-3.3558834,1.1633091,3,walking
1519421780116,-7.195282,-3.384607,1.8335283,3,walking
1519421780121,-7.310177,-3.365458,2.101616,3,walking
1519421780130,-7.9899707,-3.0877957,2.5324712,3,walking
1519421780135,-8.420826,-2.819708,2.5899186,3,walking
1519421780140,-9.014449,-2.561195,2.3792782,3,walking
1519421780150,-11.475111,-1.79523,0.99096704,3,walking
1519421780155,-12.308098,-1.6133134,0.37819514,3,walking
1519421780164,-13.457045,-1.383524,-0.54096264,3,walking
1519421780168,-13.648536,-1.1824582,-0.9718179,3,walking
1519421780215,-10.077225,-2.0633178,-0.78032666,3,walking
1519421780223,-10.259142,-1.8909757,-0.8281995,3,walking
1519421780231,-11.101703,-1.5654407,-1.2590547,3,walking
1519421780239,-12.35597,-1.0771381,-1.7282082,3,walking
1519421780246,-13.02619,-0.8664977,-1.9101248,3,walking
1519421780254,-13.658111,-0.63670826,-2.149489,3,walking
1519421780259,-15.065571,-0.36862057,-2.360129,3,walking
1519421780264,-15.352808,-0.3398969,-2.3026817,3,walking
1519421780305,-13.715558,-0.751603,-1.4409714,3,walking
1519421780313,-13.179382,-0.76117754,-1.469695,3,walking
1519421780321,-12.872996,-0.8090504,-1.469695,3,walking
1519421780326,-12.298523,-0.8760723,-1.469695,3,walking
1519421780331,-12.030436,-0.91437054,-1.4218222,3,walking
1519421780340,-11.350641,-0.8856468,-1.1250108,3,walking
1519421780349,-10.278291,-0.8186249,-0.7228793,3,walking
1519421780354,-9.943181,-0.78032666,-0.61755913,3,walking
1519421780359,-9.617646,-0.76117754,-0.5313881,3,walking
1519421780365,-9.062322,-0.78990126,-0.33032233,3,walking
1519421780370,-8.803808,-0.7420284,-0.23457673,3,walking
1519421780379,-8.32508,-0.8186249,-0.12925656,3,walking
1519421780385,-7.9516726,-0.9718179,-0.2154276,3,walking
1519421780390,-7.7601814,-1.0675635,-0.2154276,3,walking
1519421780395,-7.5591154,-1.1633091,-0.28244954,3,walking
1519421780400,-7.204857,-1.3356512,-0.27287498,3,walking
1519421780405,-7.0803876,-1.3930986,-0.3398969,3,walking
1519421780411,-7.051664,-1.5654407,-0.4835153,3,walking
1519421780416,-7.1474094,-1.6324625,-0.7228793,3,walking
1519421780420,-6.9271946,-1.7186337,-0.70373017,3,walking
1519421780425,-6.6878304,-1.8335283,-0.61755913,3,walking
1519421780430,-6.525063,-1.929274,-0.6271337,3,walking
1519421780440,-6.4005938,-2.321831,-0.6079846,3,walking
1519421780445,-6.5059137,-2.4175766,-0.6750065,3,walking
1519421780450,-6.544212,-2.5037475,-0.78990126,3,walking
1519421780455,-6.592085,-2.6856642,-0.83777404,3,walking
1519421780460,-6.563361,-2.7814097,-0.8856468,3,walking
1519421780465,-6.5537868,-2.8292825,-0.8952214,3,walking
1519421780470,-6.5537868,-2.8292825,-0.7420284,3,walking
1519421780475,-6.5346375,-2.7909844,-0.665432,3,walking
1519421780481,-6.5346375,-2.714388,-0.61755913,3,walking
1519421780486,-6.5825105,-2.5994933,-0.6845811,3,walking
1519421780491,-6.6208086,-2.5516202,-0.69415563,3,walking
1519421780496,-6.611234,-2.408002,-0.665432,3,walking
1519421780501,-6.630383,-2.4463003,-0.6079846,3,walking
1519421780507,-6.984642,-2.4463003,-0.83777404,3,walking
1519421780512,-7.3676243,-2.4367256,-1.1633091,3,walking
1519421780516,-7.434646,-2.3505547,-0.99096704,3,walking
1519421780521,-7.2144313,-2.2452345,-0.59841,3,walking
1519421780525,-7.137835,-2.2452345,-0.64628285,3,walking
1519421780530,-7.310177,-2.321831,-0.6558574,3,walking
1519421780534,-7.5303917,-2.513322,-0.751603,3,walking
1519421780539,-7.7123084,-2.666515,-0.77075213,3,walking
1519421780545,-8.258059,-2.9250283,-0.78032666,3,walking
1519421780550,-8.478273,-2.9441774,-0.77075213,3,walking
1519421780555,-8.526146,-2.9154537,-0.59841,3,walking
1519421780559,-8.650616,-2.9346027,-0.5888355,3,walking
1519421780565,-8.870831,-2.9441774,-0.5505372,3,walking
1519421780569,-9.043172,-3.059072,-0.5888355,3,walking
1519421780578,-9.31126,-3.2792869,-0.45479164,3,walking
1519421780585,-9.368708,-3.3558834,-0.32074776,3,walking
1519421780589,-9.426155,-3.3367343,-0.32074776,3,walking
1519421780598,-9.569773,-3.3367343,-0.50266445,3,walking
1519421780605,-9.560199,-3.0494976,-0.27287498,3,walking
1519421780609,-9.54105,-2.88673,-0.23457673,3,walking
1519421780618,-9.62722,-2.6569405,-0.4164934,3,walking
1519421780624,-9.6942425,-2.6569405,-0.54096264,3,walking
1519421780628,-9.742115,-2.6377914,-0.56968635,3,walking
1519421780635,-9.722966,-2.561195,-0.6750065,3,walking
1519421780639,-9.761265,-2.513322,-0.7420284,3,walking
1519421780644,-9.7899885,-2.4463003,-0.8281995,3,walking
1519421780648,-9.828286,-2.3792782,-0.7994758,3,walking
1519421780655,-9.85701,-2.34098,-0.751603,3,walking
1519421780659,-9.991054,-2.2739582,-0.76117754,3,walking
1519421780669,-10.268716,-2.3792782,-0.63670826,3,walking
1519421780675,-10.498506,-2.4175766,-0.45479164,3,walking
1519421780680,-10.622974,-2.5037475,-0.40691882,3,walking
1519421780685,-10.900637,-2.580344,-0.32074776,3,walking
1519421780690,-10.996383,-2.580344,-0.30159867,3,walking
1519421780694,-11.1208515,-2.5516202,-0.23457673,3,walking
1519421780699,-11.216598,-2.5420458,-0.14840569,3,walking
1519421780709,-11.637878,-2.4175766,-0.09095833,3,walking
1519421780714,-11.762347,-2.3888528,-0.10053288,3,walking
1519421780720,-11.858093,-2.360129,-0.062234644,3,walking
1519421780725,-11.925115,-2.2643836,-0.00478728,3,walking
1519421780730,-11.953838,-2.2356598,0.00478728,3,walking
1519421780737,-12.001712,-2.1782124,-0.03351096,3,walking
1519421780742,-12.001712,-2.1782124,-0.03351096,3,walking
1519421780748,-11.647452,-2.0728924,-0.2154276,3,walking
1519421780754,-11.49426,-2.034594,-0.27287498,3,walking
1519421780759,-11.379365,-1.9867213,-0.4164934,3,walking
1519421780765,-11.034681,-1.9579976,-0.59841,3,walking
1519421780770,-10.843189,-1.9388485,-0.665432,3,walking
1519421780775,-10.565528,-1.948423,-1.0005416,3,walking
1519421780780,-10.383611,-1.9005502,-1.0675635,3,walking
1519421780785,-10.249567,-1.8909757,-1.1920328,3,walking
1519421780790,-10.172971,-1.8718265,-1.3548003,3,walking
1519421780795,-10.393186,-1.7282082,-1.9196993,3,walking
1519421780800,-10.785743,-1.6707608,-2.2069361,3,walking
1519421780805,-11.408089,-1.6420372,-2.4845984,3,walking
1519421780811,-12.872996,-1.7569319,-2.4463003,3,walking
1519421780819,-13.591088,-2.2835326,-1.8143792,3,walking
1519421780823,-13.600663,-2.6760898,-1.4601204,3,walking
1519421780829,-13.533641,-3.039923,-1.1058618,3,walking
1519421780834,-13.198531,-3.6814184,-0.39734426,3,walking
1519421780839,-12.968742,-3.930357,-0.17712937,3,walking
1519421780871,-11.293194,-2.9633265,-1.0484143,3,walking
1519421780879,-11.101703,-2.7814097,-1.2973529,3,walking
1519421780887,-11.130426,-2.0441687,-2.1399143,3,walking
1519421780895,-11.245321,-1.7569319,-2.4175766,3,walking
1519421780903,-11.676176,-1.3260766,-2.9154537,3,walking
1519421780908,-12.288948,-0.99096704,-3.3271596,3,walking
1519421780913,-12.576185,-0.85692316,-3.4707782,3,walking
1519421780918,-12.863422,-0.83777404,-3.5473747,3,walking
1519421780924,-13.217681,-0.8760723,-3.6622694,3,walking
1519421780929,-13.313426,-0.9622433,-3.6622694,3,walking
1519421780938,-13.323001,-1.1345854,-3.5090764,3,walking
1519421780944,-13.169807,-1.3260766,-3.4324799,3,walking
1519421780950,-12.968742,-1.4218222,-3.4133308,3,walking
1519421780954,-12.470865,-1.6324625,-3.1643922,3,walking
1519421780959,-12.164479,-1.7569319,-2.9920502,3,walking
1519421780964,-11.848518,-1.862252,-2.867581,3,walking
1519421780969,-11.542132,-1.9196993,-2.6760898,3,walking
1519421780978,-10.737869,-1.9962958,-2.360129,3,walking
1519421780984,-10.527229,-2.0250196,-2.2356598,3,walking
1519421780988,-10.40276,-2.101616,-2.1973617,3,walking
1519421780994,-10.125097,-2.149489,-2.1207652,3,walking
1519421780999,-9.971905,-2.1973617,-2.1590633,3,walking
1519421781004,-9.85701,-2.2739582,-2.1303396,3,walking
1519421781009,-9.722966,-2.2739582,-2.1973617,3,walking
1519421781014,-9.64637,-2.1111906,-2.254809,3,walking
1519421781019,-9.560199,-2.1111906,-2.3026817,3,walking
1519421781024,-9.5219,-2.2069361,-2.408002,3,walking
1519421781028,-9.407005,-2.2643836,-2.3792782,3,walking
1519421781034,-9.435729,-2.101616,-2.1973617,3,walking
1519421781039,-9.493176,-2.0728924,-2.1590633,3,walking
1519421781047,-9.7899885,-1.9579976,-2.3697038,3,walking
1519421781054,-9.722966,-1.79523,-2.1973617,3,walking
1519421781059,-9.579348,-1.7186337,-2.1973617,3,walking
1519421781064,-9.301685,-1.5271424,-2.149489,3,walking
1519421781068,-9.18679,-1.4505459,-2.149489,3,walking
1519421781073,-9.129343,-1.5271424,-2.2165108,3,walking
1519421781078,-8.9761505,-1.622888,-2.3888528,3,walking
1519421781084,-8.727212,-1.6899099,-2.360129,3,walking
1519421781089,-8.66019,-1.709059,-2.3697038,3,walking
1519421781094,-8.4686985,-1.7473572,-2.494173,3,walking
1519421781099,-8.315506,-1.6516117,-2.5899186,3,walking
1519421781104,-7.9037995,-1.4984187,-2.5420458,3,walking
1519421781109,-7.721883,-1.6037389,-2.5707695,3,walking
1519421781114,-7.482519,-1.8814012,-2.800559,3,walking
1519421781120,-7.482519,-1.8814012,-2.800559,3,walking
1519421781124,-7.310177,-2.0537431,-2.9250283,3,walking
1519421781130,-7.204857,-2.034594,-2.9250283,3,walking
1519421781134,-7.003791,-2.0537431,-2.9346027,3,walking
1519421781140,-6.8793216,-2.101616,-2.8963046,3,walking
1519421781145,-6.898471,-2.0633178,-2.9346027,3,walking
1519421781149,-6.9271946,-2.0537431,-2.9346027,3,walking
1519421781155,-7.051664,-2.1399143,-2.9154537,3,walking
1519421781160,-7.0995364,-2.2260852,-2.8771553,3,walking
1519421781164,-7.156984,-2.3122563,-2.8484318,3,walking
1519421781170,-7.204857,-2.3888528,-2.8484318,3,walking
1519421781175,-7.204857,-2.3984275,-2.7622607,3,walking
1519421781180,-7.1857076,-2.427151,-2.714388,3,walking
1519421781186,-7.1857076,-2.408002,-2.666515,3,walking
1519421781190,-7.2718787,-2.360129,-2.6090677,3,walking
1519421781196,-7.3197513,-2.408002,-2.6186423,3,walking
1519421781200,-7.3389006,-2.3888528,-2.6090677,3,walking
1519421781206,-7.46337,-2.360129,-2.561195,3,walking
1519421781211,-7.46337,-2.360129,-2.561195,3,walking
1519421781216,-7.4537954,-2.2260852,-2.5994933,3,walking
1519421781221,-7.434646,-2.1590633,-2.5420458,3,walking
1519421781226,-7.396348,-2.1399143,-2.5516202,3,walking
1519421781237,-7.329326,-2.101616,-2.5324712,3,walking
1519421781243,-7.2910275,-2.015445,-2.5324712,3,walking
1519421781249,-7.2240057,-2.015445,-2.513322,3,walking
1519421781254,-7.2240057,-2.0058703,-2.513322,3,walking
1519421781259,-7.2240057,-1.9962958,-2.5037475,3,walking
1519421781264,-7.1665583,-1.9388485,-2.475024,3,walking
1519421781269,-7.156984,-1.9196993,-2.4463003,3,walking
1519421781274,-7.1474094,-1.9005502,-2.4175766,3,walking
1519421781279,-7.0995364,-1.8526775,-2.3888528,3,walking
1519421781284,-7.0803876,-1.8526775,-2.3888528,3,walking
1519421781289,-7.0803876,-1.8335283,-2.360129,3,walking
1519421781294,-7.02294,-1.862252,-2.2835326,3,walking
1519421781300,-7.0612383,-1.8239537,-2.3122563,3,walking
1519421781305,-7.0708127,-1.862252,-2.2835326,3,walking
1519421781310,-7.0995364,-1.8335283,-2.2356598,3,walking
1519421781315,-7.0325146,-1.9005502,-2.1399143,3,walking
1519421781320,-7.0708127,-1.9101248,-2.1590633,3,walking
1519421781325,-7.0995364,-1.929274,-2.1399143,3,walking
1519421781330,-7.156984,-1.9962958,-2.2452345,3,walking
1519421781335,-7.1857076,-2.0250196,-2.1590633,3,walking
1519421781339,-7.243155,-2.0824668,-2.1303396,3,walking
1519421781344,-7.3197513,-2.1782124,-2.1303396,3,walking
1519421781348,-7.46337,-2.2643836,-2.1303396,3,walking
1519421781353,-7.808054,-2.3697038,-2.0058703,3,walking
1519421781358,-7.9133744,-2.4558747,-1.9388485,3,walking
1519421781363,-8.152739,-2.513322,-1.9101248,3,walking
1519421781368,-8.363379,-2.5420458,-1.8526775,3,walking
1519421781372,-8.55487,-2.5420458,-1.8431029,3,walking
1519421781378,-8.851681,-2.6282167,-1.6707608,3,walking
1519421781383,-9.043172,-2.6282167,-1.709059,3,walking
1519421781388,-9.196365,-2.6282167,-1.6611862,3,walking
1519421781393,-9.31126,-2.5899186,-1.4984187,3,walking
1519421781398,-9.320834,-2.5707695,-1.4313968,3,walking
1519421781407,-9.349558,-2.4558747,-1.3739494,3,walking
1519421781413,-9.3878565,-2.34098,-1.3739494,3,walking
1519421781418,-9.454879,-2.2931073,-1.3643749,3,walking
1519421781423,-9.474028,-2.2260852,-1.3739494,3,walking
1519421781427,-9.550624,-2.149489,-1.3548003,3,walking
1519421781433,-9.550624,-2.149489,-1.3548003,3,walking
1519421781437,-9.5889225,-2.0441687,-1.2877784,3,walking
1519421781443,-9.64637,-2.0441687,-1.1154363,3,walking
1519421781447,-9.6942425,-2.0633178,-1.0101161,3,walking
1519421781452,-9.761265,-2.0537431,-0.8186249,3,walking
1519421781457,-9.818711,-2.101616,-0.69415563,3,walking
1519421781463,-9.8953085,-2.1590633,-0.5792609,3,walking
1519421781467,-10.077225,-2.2260852,-0.39734426,3,walking
1519421781472,-10.2016945,-2.2643836,-0.3111732,3,walking
1519421781477,-10.374036,-2.2356598,-0.26330042,3,walking
1519421781483,-10.632549,-2.168638,-0.27287498,3,walking
1519421781487,-11.513409,-1.948423,-0.5888355,3,walking
1519421781492,-12.154904,-1.79523,-0.8664977,3,walking
1519421781497,-12.863422,-1.6899099,-1.1537346,3,walking
1519421781521,-13.13151,-1.6133134,-1.5558661,3,walking
1519421781526,-12.863422,-1.4984187,-1.5558661,3,walking
1519421781530,-12.595334,-1.4792696,-1.5462915,3,walking
1519421781535,-12.298523,-1.4888442,-1.3643749,3,walking
1519421781540,-11.896391,-1.5271424,-1.2877784,3,walking
1519421781544,-11.475111,-1.6324625,-1.1920328,3,walking
1519421781548,-11.015532,-1.7569319,-1.0962871,3,walking
1519421781553,-10.536804,-1.8718265,-0.99096704,3,walking
1519421781558,-9.7899885,-1.929274,-0.8760723,3,walking
1519421781562,-9.531475,-1.9579976,-0.8664977,3,walking
1519421781567,-9.339984,-2.0058703,-0.8664977,3,walking
1519421781573,-9.20594,-2.0250196,-0.90479594,3,walking
1519421781577,-9.177217,-2.1303396,-0.8952214,3,walking
1519421781582,-9.253813,-2.2069361,-0.92394507,3,walking
1519421781587,-9.41658,-2.2835326,-0.8760723,3,walking
1519421781593,-10.019777,-2.360129,-0.8090504,3,walking
1519421781597,-10.498506,-2.4367256,-0.7420284,3,walking
1519421781603,-11.015532,-2.494173,-0.6845811,3,walking
1519421781607,-11.963413,-2.647366,-0.512239,3,walking
1519421781613,-12.384694,-2.7048132,-0.512239,3,walking
1519421781618,-12.767676,-2.8101335,-0.5792609,3,walking
1519421781623,-13.323001,-2.9346027,-0.6750065,3,walking
1519421781627,-13.495343,-2.9250283,-0.78032666,3,walking
1519421781632,-13.571939,-2.8101335,-0.9718179,3,walking
1519421781637,-13.495343,-2.714388,-1.14416,3,walking
1519421781642,-13.34215,-2.5228968,-1.3930986,3,walking
1519421781647,-12.978316,-2.1111906,-1.8814012,3,walking
1519421781652,-12.786825,-1.8814012,-2.0824668,3,walking
1519421781657,-12.576185,-1.7377827,-2.3792782,3,walking
1519421781662,-12.451715,-1.622888,-2.6377914,3,walking
1519421781667,-12.126181,-1.2782038,-3.0303483,3,walking
1519421781672,-11.877242,-1.1824582,-3.173967,3,walking
1519421781677,-11.618729,-1.1250108,-3.231414,3,walking
1519421781683,-11.063405,-1.1728836,-3.020774,3,walking
1519421781687,-10.776168,-1.2016073,-2.88673,3,walking
1519421781693,-10.182545,-1.3452257,-2.4654493,3,walking
1519421781697,-10.182545,-1.3452257,-2.4654493,3,walking
1519421781703,-9.742115,-1.469695,-1.9771467,3,walking
1519421781708,-9.579348,-1.5750152,-1.7856555,3,walking
1519421781713,-9.41658,-1.6707608,-1.4313968,3,walking
1519421781718,-9.349558,-1.79523,-1.3165021,3,walking
1519421781723,-9.225089,-1.8431029,-1.2782038,3,walking
1519421781728,-9.119769,-1.9388485,-1.2111819,3,walking
1519421781732,-9.033598,-2.0058703,-1.1633091,3,walking
1519421781737,-8.698488,-2.2069361,-1.14416,3,walking
1519421781742,-8.545295,-2.3505547,-1.14416,3,walking
1519421781747,-8.44955,-2.4654493,-1.1058618,3,walking
1519421781752,-8.353804,-2.561195,-1.1728836,3,walking
1519421781758,-8.11444,-2.7048132,-1.2494801,3,walking
1519421781763,-8.028269,-2.7622607,-1.2590547,3,walking
1519421781768,-7.875076,-2.7718353,-1.3356512,3,walking
1519421781773,-7.654861,-2.7814097,-1.4313968,3,walking
1519421781778,-7.5399666,-2.8484318,-1.4792696,3,walking
1519421781783,-7.46337,-2.8292825,-1.6133134,3,walking
1519421781788,-7.46337,-2.8292825,-1.6133134,3,walking
1519421781792,-7.35805,-2.8388572,-1.6803354,3,walking
1519421781797,-7.2910275,-2.8388572,-1.6899099,3,walking
1519421781802,-7.1474094,-2.8388572,-1.6707608,3,walking
1519421781808,-7.1186857,-2.7909844,-1.6324625,3,walking
1519421781813,-7.0803876,-2.733537,-1.6994845,3,walking
1519421781818,-7.02294,-2.6856642,-1.6707608,3,walking
1519421781823,-6.9942164,-2.5516202,-1.5845897,3,walking
1519421781828,-6.984642,-2.5037475,-1.5941644,3,walking
1519421781833,-7.0612383,-2.321831,-1.5941644,3,walking
1519421781839,-7.0612383,-2.321831,-1.5941644,3,walking
1519421781844,-7.1186857,-2.2643836,-1.5558661,3,walking
1519421781849,-7.156984,-2.2739582,-1.5462915,3,walking
1519421781854,-7.3006024,-2.1303396,-1.5462915,3,walking
1519421781859,-7.348475,-2.149489,-1.5175679,3,walking
1519421781864,-7.434646,-2.101616,-1.4888442,3,walking
1519421781869,-7.587839,-2.0250196,-1.4122477,3,walking
1519421781875,-7.664436,-1.9867213,-1.469695,3,walking
1519421781885,-7.769756,-1.9196993,-1.3548003,3,walking
1519421781890,-7.8272033,-1.9005502,-1.3452257,3,walking
1519421781895,-7.875076,-1.8814012,-1.3452257,3,walking
1519421781900,-7.875076,-1.8526775,-1.2686293,3,walking
1519421781905,-7.894225,-1.8239537,-1.2303311,3,walking
1519421781910,-7.9133744,-1.8048047,-1.1824582,3,walking
1519421781916,-7.922949,-1.8526775,-1.1537346,3,walking
1519421781920,-7.9516726,-1.862252,-1.1345854,3,walking
1519421781926,-7.999545,-1.9005502,-1.1154363,3,walking
1519421781936,-8.104865,-2.015445,-1.0484143,3,walking
1519421781941,-8.104865,-2.0058703,-1.0484143,3,walking
1519421781947,-8.1623125,-2.0058703,-1.0579889,3,walking
1519421781952,-8.23891,-2.034594,-0.99096704,3,walking
1519421781958,-8.258059,-2.0633178,-0.9718179,3,walking
1519421781963,-8.305931,-2.0537431,-0.9430942,3,walking
1519421781967,-8.305931,-2.0537431,-0.9430942,3,walking
1519421781972,-8.392102,-1.9867213,-0.98139244,3,walking
1519421781977,-8.420826,-1.9675722,-0.99096704,3,walking
1519421781982,-8.506997,-1.9771467,-1.0292653,3,walking
1519421781988,-8.535721,-1.929274,-1.0388398,3,walking
1519421781993,-8.602742,-1.9005502,-1.0388398,3,walking
1519421781998,-8.66019,-1.9005502,-1.0388398,3,walking
1519421782003,-8.794233,-1.8718265,-1.0771381,3,walking
1519421782008,-8.851681,-1.8335283,-1.1058618,3,walking
1519421782013,-9.014449,-1.79523,-1.1345854,3,walking
1519421782018,-9.0814705,-1.7665064,-1.0771381,3,walking
1519421782024,-9.18679,-1.7665064,-1.14416,3,walking
1519421782029,-9.2825365,-1.7186337,-1.0962871,3,walking
1519421782034,-9.454879,-1.6420372,-1.1154363,3,walking
1519421782039,-9.5219,-1.6420372,-1.0484143,3,walking
1519421782044,-9.5889225,-1.622888,-1.0196906,3,walking
1519421782049,-9.64637,-1.5845897,-0.9622433,3,walking
1519421782054,-9.713391,-1.6037389,-0.92394507,3,walking
1519421782065,-9.924032,-1.6324625,-0.8664977,3,walking
1519421782069,-10.010203,-1.6037389,-0.8473486,3,walking
1519421782075,-10.0868,-1.6037389,-0.7994758,3,walking
1519421782081,-10.374036,-1.6420372,-0.77075213,3,walking
1519421782087,-10.527229,-1.6899099,-0.77075213,3,walking
1519421782092,-10.843189,-1.8431029,-0.76117754,3,walking
1519421782098,-11.025106,-1.9005502,-0.7228793,3,walking
1519421782103,-11.187874,-1.9579976,-0.71330476,3,walking
1519421782108,-11.321918,-1.9962958,-0.751603,3,walking
1519421782113,-11.532558,-2.0441687,-0.7420284,3,walking
1519421782118,-11.618729,-2.034594,-0.8281995,3,walking
1519421782123,-11.676176,-1.948423,-0.9526688,3,walking
1519421782127,-11.676176,-1.948423,-0.9526688,3,walking
1519421782132,-11.637878,-1.862252,-1.1058618,3,walking
1519421782136,-11.561282,-1.7856555,-1.2494801,3,walking
1519421782142,-11.484685,-1.7186337,-1.4026731,3,walking
1519421782147,-11.36979,-1.6324625,-1.469695,3,walking
1519421782152,-10.977234,-1.5175679,-1.7186337,3,walking
1519421782157,-10.766593,-1.4313968,-1.8048047,3,walking
1519421782161,-10.565528,-1.3930986,-1.9196993,3,walking
1519421782166,-10.2016945,-1.3548003,-2.101616,3,walking
1519421782172,-10.096374,-1.2877784,-2.3122563,3,walking
1519421782177,-10.19212,-1.1250108,-2.5707695,3,walking
1519421782181,-10.527229,-0.98139244,-2.867581,3,walking
1519421782187,-11.771922,-0.8473486,-3.5090764,3,walking
1519421782192,-12.490014,-0.98139244,-3.518651,3,walking
1519421782200,-13.390023,-1.5654407,-2.8292825,3,walking
1519421782205,-13.265553,-2.5707695,-1.862252,3,walking
1519421782210,-13.265553,-2.5707695,-1.862252,3,walking
1519421782216,-12.892146,-3.5856729,-1.1058618,3,walking
1519421782221,-12.729378,-4.342063,-0.77075213,3,walking
1519421782253,-11.092129,-4.0356774,-1.9867213,3,walking
1519421782260,-10.92936,-3.777164,-2.3505547,3,walking
1519421782268,-10.565528,-2.905879,-3.1835413,3,walking
1519421782277,-10.546378,-2.2835326,-3.5473747,3,walking
1519421782284,-10.852764,-1.7569319,-3.8154624,3,walking
1519421782288,-10.852764,-1.7569319,-3.8154624,3,walking
1519421782293,-11.331492,-1.1824582,-4.016528,3,walking
1519421782297,-11.455961,-0.93351966,-4.0356774,3,walking
1519421782302,-11.551707,-0.7324539,-4.0356774,3,walking
1519421782307,-11.513409,-0.6271337,-3.8537605,3,walking
1519421782311,-11.532558,-0.5792609,-3.7101421,3,walking
1519421782316,-11.513409,-0.54096264,-3.3271596,3,walking
1519421782322,-11.484685,-0.56968635,-3.0877957,3,walking
1519421782326,-11.484685,-0.56968635,-3.0877957,3,walking
1519421782332,-11.321918,-0.78990126,-2.7718353,3,walking
1519421782336,-11.140001,-0.93351966,-2.561195,3,walking
1519421782341,-10.804892,-1.2590547,-2.1782124,3,walking
1519421782346,-10.804892,-1.2590547,-2.1782124,3,walking
1519421782351,-10.488931,-1.6516117,-1.7282082,3,walking
1519421782356,-10.374036,-1.79523,-1.6037389,3,walking
1519421782361,-10.125097,-2.1303396,-1.3930986,3,walking
1519421782366,-10.038927,-2.2643836,-1.4505459,3,walking
1519421782371,-9.943181,-2.3697038,-1.4313968,3,walking
1519421782376,-9.8953085,-2.3984275,-1.5271424,3,walking
1519421782381,-9.85701,-2.408002,-1.6420372,3,walking
1519421782387,-9.85701,-2.360129,-1.9867213,3,walking
1519421782392,-9.818711,-2.1973617,-2.2643836,3,walking
1519421782397,-9.818711,-2.1973617,-2.2643836,3,walking
1519421782401,-9.684668,-2.1111906,-2.427151,3,walking
1519421782406,-9.512326,-1.9196993,-2.6760898,3,walking
1519421782411,-9.378282,-1.7377827,-2.8771553,3,walking
1519421782417,-9.378282,-1.7377827,-2.8771553,3,walking
1519421782422,-9.244238,-1.5654407,-3.078221,3,walking
1519421782427,-9.043172,-1.622888,-3.0686467,3,walking
1519421782432,-8.6697645,-1.6516117,-3.193116,3,walking
1519421782437,-8.6697645,-1.6516117,-3.193116,3,walking
1519421782441,-8.382527,-1.5462915,-3.0111992,3,walking
1519421782447,-8.277207,-1.6420372,-2.800559,3,walking
1519421782451,-8.171887,-1.5845897,-2.867581,3,walking
1519421782456,-7.9899707,-1.5558661,-2.7431116,3,walking
1519421782461,-7.846352,-1.5941644,-2.6186423,3,walking
1519421782466,-7.788905,-1.5750152,-2.5899186,3,walking
1519421782471,-7.721883,-1.5845897,-2.6186423,3,walking
1519421782476,-7.482519,-1.5462915,-2.5324712,3,walking
1519421782482,-7.329326,-1.4026731,-2.4175766,3,walking
1519421782487,-7.281453,-1.4122477,-2.3697038,3,walking
1519421782493,-7.2623043,-1.4026731,-2.408002,3,walking
1519421782497,-7.2240057,-1.4984187,-2.561195,3,walking
1519421782501,-7.2144313,-1.5558661,-2.6952388,3,walking
1519421782506,-7.243155,-1.6037389,-2.7048132,3,walking
1519421782511,-7.2718787,-1.6611862,-2.8292825,3,walking
1519421782516,-7.2623043,-1.6516117,-2.8771553,3,walking
1519421782521,-7.329326,-1.709059,-3.0494976,3,walking
1519421782526,-7.329326,-1.709059,-3.0494976,3,walking
1519421782531,-7.348475,-1.7569319,-3.059072,3,walking
1519421782536,-7.4059224,-1.776081,-2.9920502,3,walking
1519421782541,-7.4920936,-1.8335283,-2.8963046,3,walking
1519421782546,-7.5782647,-1.8909757,-2.7909844,3,walking
1519421782551,-7.6069884,-1.929274,-2.8101335,3,walking
1519421782556,-7.6740103,-2.015445,-2.7718353,3,walking
1519421782561,-7.693159,-2.0728924,-2.714388,3,walking
1519421782566,-7.846352,-2.1973617,-2.647366,3,walking
1519421782571,-7.8176284,-2.2835326,-2.6090677,3,walking
1519421782576,-7.788905,-2.3122563,-2.6090677,3,walking
1519421782581,-7.8367777,-2.3888528,-2.5707695,3,walking
1519421782586,-7.9133744,-2.3314054,-2.580344,3,walking
1519421782591,-7.9133744,-2.34098,-2.6090677,3,walking
1519421782596,-7.9420977,-2.3314054,-2.6282167,3,walking
1519421782601,-7.9325233,-2.2931073,-2.6090677,3,walking
1519421782606,-7.961247,-2.1590633,-2.6090677,3,walking
1519421782611,-8.056993,-1.9867213,-2.5899186,3,walking
1519421782616,-8.056993,-1.9867213,-2.5899186,3,walking
1519421782621,-8.171887,-1.8526775,-2.5994933,3,walking
1519421782626,-8.23891,-1.7856555,-2.561195,3,walking
1519421782631,-8.305931,-1.776081,-2.5899186,3,walking
1519421782636,-8.296356,-1.79523,-2.5228968,3,walking
1519421782641,-8.286782,-1.8239537,-2.4845984,3,walking
1519421782646,-8.248484,-1.8143792,-2.408002,3,walking
1519421782650,-8.191036,-1.8431029,-2.3314054,3,walking
1519421782656,-8.143164,-1.862252,-2.2356598,3,walking
1519421782662,-8.066567,-1.8143792,-2.101616,3,walking
1519421782667,-8.018694,-1.8239537,-2.0728924,3,walking
1519421782673,-7.961247,-1.8239537,-1.9771467,3,walking
1519421782677,-7.9420977,-1.8143792,-1.9579976,3,walking
1519421782681,-7.9420977,-1.8048047,-1.862252,3,walking
1519421782686,-7.9420977,-1.8048047,-1.862252,3,walking
1519421782691,-7.9708214,-1.776081,-1.8526775,3,walking
1519421782696,-8.047418,-1.7569319,-1.8814012,3,walking
1519421782701,-8.248484,-1.6707608,-1.9388485,3,walking
1519421782706,-8.248484,-1.6707608,-1.9388485,3,walking
1519421782710,-8.430401,-1.6420372,-1.9962958,3,walking
1519421782716,-8.535721,-1.6037389,-1.9867213,3,walking
1519421782721,-8.708063,-1.5941644,-2.0920415,3,walking
1519421782726,-8.708063,-1.5941644,-2.0920415,3,walking
1519421782731,-8.918703,-1.5941644,-2.1303396,3,walking
1519421782736,-9.004874,-1.5845897,-2.1207652,3,walking
1519421782742,-9.177217,-1.5367169,-2.0728924,3,walking
1519421782746,-9.234664,-1.5367169,-2.0441687,3,walking
1519421782751,-9.253813,-1.5558661,-2.0250196,3,walking
1519421782756,-9.330409,-1.5175679,-1.9867213,3,walking
1519421782761,-9.435729,-1.4313968,-1.9196993,3,walking
1519421782766,-9.445304,-1.383524,-1.8909757,3,walking
1519421782771,-9.426155,-1.3356512,-1.9101248,3,walking
1519421782775,-9.407005,-1.3356512,-1.9101248,3,walking
1519421782781,-9.320834,-1.2877784,-1.79523,3,walking
1519421782786,-9.339984,-1.2877784,-1.776081,3,walking
1519421782791,-9.253813,-1.2973529,-1.709059,3,walking
1519421782796,-9.253813,-1.2973529,-1.709059,3,walking
1519421782801,-9.18679,-1.3356512,-1.6611862,3,walking
1519421782806,-9.138918,-1.3356512,-1.6037389,3,walking
1519421782811,-9.052747,-1.383524,-1.5367169,3,walking
1519421782816,-9.052747,-1.383524,-1.5367169,3,walking
1519421782822,-9.004874,-1.6803354,-1.2399056,3,walking
1519421782827,-9.004874,-1.6803354,-1.2399056,3,walking
1519421782831,-9.071896,-1.7569319,-1.1250108,3,walking
1519421782835,-9.320834,-1.9388485,-0.98139244,3,walking
1519421782841,-9.3878565,-2.034594,-0.9622433,3,walking
1519421782846,-9.435729,-2.1399143,-0.8760723,3,walking
1519421782850,-9.464453,-2.168638,-0.83777404,3,walking
1519421782855,-9.5889225,-2.321831,-0.76117754,3,walking
1519421782861,-9.818711,-2.321831,-0.78990126,3,walking
1519421782866,-9.818711,-2.321831,-0.78990126,3,walking
1519421782871,-10.431483,-2.1111906,-0.9622433,3,walking
1519421782876,-10.986808,-1.9005502,-1.1633091,3,walking
1519421782881,-12.499589,-1.3452257,-1.776081,3,walking
1519421782887,-12.499589,-1.3452257,-1.776081,3,walking
1519421782893,-14.347479,-1.4026731,-2.360129,3,walking
1519421782898,-14.424075,-1.6133134,-2.149489,3,walking
1519421782902,-14.155988,-1.7377827,-1.8909757,3,walking
1519421782945,-8.66019,-2.408002,-0.36862057,3,walking
1519421782953,-8.277207,-2.6377914,-0.64628285,3,walking
1519421782961,-7.9516726,-2.6569405,-0.85692316,3,walking
1519421782967,-7.8272033,-2.5899186,-1.0196906,3,walking
1519421782971,-7.999545,-2.2931073,-1.383524,3,walking
1519421782975,-7.999545,-2.2931073,-1.383524,3,walking
1519421782980,-9.052747,-2.0058703,-1.929274,3,walking
1519421782985,-9.818711,-1.8814012,-2.101616,3,walking
1519421782990,-11.15915,-1.862252,-2.1782124,3,walking
1519421782997,-11.72405,-1.8909757,-2.0633178,3,walking
1519421783001,-12.288948,-2.034594,-2.1207652,3,walking
1519421783006,-12.825124,-2.1399143,-2.187787,3,walking
1519421783049,-12.365545,-1.8431029,-2.6856642,3,walking
1519421783057,-11.848518,-1.5941644,-2.8484318,3,walking
1519421783065,-10.94851,-1.5271424,-2.8292825,3,walking
1519421783073,-10.421909,-1.4984187,-2.6377914,3,walking
1519421783077,-10.239992,-1.5079932,-2.475024,3,walking
1519421783082,-10.096374,-1.5462915,-2.3792782,3,walking
1519421783091,-9.703817,-1.6037389,-2.1303396,3,walking
1519421783096,-9.569773,-1.6611862,-2.034594,3,walking
1519421783100,-9.253813,-1.7569319,-1.8718265,3,walking
1519421783105,-9.062322,-1.8335283,-1.8335283,3,walking
1519421783111,-8.966576,-1.9101248,-1.8526775,3,walking
1519421783115,-8.794233,-1.9867213,-1.7377827,3,walking
1519421783120,-8.583593,-2.168638,-1.862252,3,walking
1519421783125,-8.439975,-2.1973617,-1.8335283,3,walking
1519421783131,-8.181462,-2.4175766,-1.8718265,3,walking
1519421783137,-8.171887,-2.4463003,-1.948423,3,walking
1519421783142,-8.104865,-2.4654493,-1.929274,3,walking
1519421783147,-7.961247,-2.494173,-1.862252,3,walking
1519421783152,-7.6452866,-2.5037475,-1.8526775,3,walking
1519421783157,-7.56869,-2.475024,-1.862252,3,walking
1519421783162,-7.3771987,-2.4463003,-1.8143792,3,walking
1519421783167,-7.2623043,-2.4367256,-1.7856555,3,walking
1519421783172,-7.195282,-2.4367256,-1.776081,3,walking
1519421783182,-7.0803876,-2.4845984,-1.6516117,3,walking
1519421783187,-7.0708127,-2.4558747,-1.6420372,3,walking
1519421783193,-7.0612383,-2.4558747,-1.5750152,3,walking
1519421783203,-7.042089,-2.4175766,-1.4601204,3,walking
1519421783213,-7.089962,-2.360129,-1.3930986,3,walking
1519421783218,-7.0995364,-2.3026817,-1.3452257,3,walking
1519421783223,-7.137835,-2.2931073,-1.3165021,3,walking
1519421783228,-7.204857,-2.3026817,-1.3643749,3,walking
1519421783234,-7.243155,-2.254809,-1.3739494,3,walking
1519421783239,-7.2718787,-2.2835326,-1.3548003,3,walking
1519421783244,-7.310177,-2.2069361,-1.4026731,3,walking
1519421783249,-7.3867736,-2.101616,-1.3739494,3,walking
1519421783254,-7.434646,-2.0537431,-1.3356512,3,walking
1519421783259,-7.46337,-2.0058703,-1.3452257,3,walking
1519421783264,-7.482519,-1.9579976,-1.2590547,3,walking
1519421783269,-7.482519,-1.9579976,-1.2590547,3,walking
1519421783275,-7.587839,-1.7186337,-0.9622433,3,walking
1519421783280,-7.6261373,-1.7473572,-0.92394507,3,walking
1519421783286,-7.6740103,-1.8335283,-0.8281995,3,walking
1519421783291,-7.7506065,-1.9101248,-0.7994758,3,walking
1519421783296,-7.7601814,-1.9388485,-0.7324539,3,walking
1519421783301,-7.7314577,-1.9388485,-0.69415563,3,walking
1519421783306,-7.721883,-1.9579976,-0.61755913,3,walking
1519421783311,-7.7123084,-1.929274,-0.512239,3,walking
1519421783317,-7.6740103,-1.9579976,-0.40691882,3,walking
1519421783322,-7.7984796,-1.8909757,-0.39734426,3,walking
1519421783327,-7.788905,-1.9101248,-0.36862057,3,walking
1519421783332,-7.7601814,-1.9101248,-0.3877697,3,walking
1519421783342,-7.7793303,-1.7186337,-0.30159867,3,walking
1519421783347,-7.7793303,-1.6899099,-0.26330042,3,walking
1519421783353,-7.808054,-1.6420372,-0.27287498,3,walking
1519421783363,-7.875076,-1.469695,-0.26330042,3,walking
1519421783368,-7.8846507,-1.3930986,-0.28244954,3,walking
1519421783373,-7.9133744,-1.3643749,-0.32074776,3,walking
1519421783378,-8.152739,-1.2877784,-0.47394073,3,walking
1519421783383,-8.2676325,-1.2590547,-0.5792609,3,walking
1519421783394,-8.765511,-1.3069274,-0.8090504,3,walking
1519421783398,-8.937852,-1.3069274,-0.8856468,3,walking
1519421783404,-9.0814705,-1.2686293,-0.9622433,3,walking
1519421783409,-9.167642,-1.2686293,-1.0196906,3,walking
1519421783414,-9.320834,-1.2207564,-0.99096704,3,walking
1519421783419,-9.445304,-1.2111819,-1.0675635,3,walking
1519421783424,-9.5889225,-1.2686293,-1.0484143,3,walking
1519421783429,-9.675094,-1.3260766,-1.0292653,3,walking
1519421783435,-9.924032,-1.3930986,-1.1728836,3,walking
1519421783440,-9.971905,-1.4505459,-1.1824582,3,walking
1519421783445,-9.971905,-1.4505459,-1.1824582,3,walking
1519421783451,-10.316589,-1.622888,-1.3260766,3,walking
1519421783456,-10.383611,-1.6611862,-1.3930986,3,walking
1519421783462,-10.450633,-1.7377827,-1.3930986,3,walking
1519421783472,-10.632549,-1.9101248,-1.3739494,3,walking
1519421783479,-10.728295,-1.9388485,-1.3548003,3,walking
1519421783484,-10.747444,-1.9962958,-1.3356512,3,walking
1519421783489,-10.795317,-2.0250196,-1.3452257,3,walking
1519421783495,-10.910212,-2.034594,-1.3165021,3,walking
1519421783500,-10.986808,-2.0824668,-1.3643749,3,walking
1519421783506,-11.034681,-2.0728924,-1.4313968,3,walking
1519421783511,-11.063405,-2.034594,-1.5654407,3,walking
1519421783516,-10.996383,-1.9675722,-1.6133134,3,walking
1519421783521,-10.938935,-1.9675722,-1.7665064,3,walking
1519421783526,-10.82404,-1.9196993,-1.79523,3,walking
1519421783532,-10.728295,-1.8909757,-1.8526775,3,walking
1519421783542,-10.393186,-1.7856555,-2.0633178,3,walking
1519421783547,-10.307014,-1.7377827,-2.1303396,3,walking
1519421783553,-10.278291,-1.6899099,-2.2356598,3,walking
1519421783562,-11.072979,-1.383524,-3.059072,3,walking
1519421783566,-11.685751,-1.383524,-3.4420545,3,walking
1519421783571,-12.384694,-1.4601204,-3.7005677,3,walking
1519421783575,-12.968742,-1.6803354,-3.7484405,3,walking
1519421783585,-13.591088,-2.3314054,-3.4612036,3,walking
1519421783590,-13.533641,-3.2601378,-2.714388,3,walking
1519421783596,-13.485768,-3.7675896,-2.2835326,3,walking
1519421783600,-13.13151,-4.782493,-1.4409714,3,walking
1519421783605,-13.13151,-4.782493,-1.4409714,3,walking
1519421783610,-12.777251,-5.519734,-0.93351966,3,walking
1519421783615,-12.470865,-5.692076,-0.7228793,3,walking
1519421783620,-11.905966,-5.6154795,-0.56968635,3,walking
1519421783625,-11.905966,-5.6154795,-0.56968635,3,walking
1519421783631,-11.398514,-5.1271772,-0.85692316,3,walking
1519421783635,-11.216598,-4.8782387,-1.0675635,3,walking
1519421783640,-10.996383,-4.5910015,-1.1728836,3,walking
1519421783645,-10.776168,-4.3133397,-1.4313968,3,walking
1519421783650,-10.757019,-3.4707782,-2.034594,3,walking
1519421783655,-10.795317,-3.0494976,-2.3026817,3,walking
1519421783660,-11.005958,-2.1399143,-2.7718353,3,walking
1519421783665,-11.005958,-2.1399143,-2.7718353,3,walking
1519421783670,-11.503835,-1.1537346,-3.212265,3,walking
1519421783677,-12.145329,-0.3111732,-3.5282254,3,walking
1519421783682,-12.46129,0.03351096,-3.5760984,3,walking
1519421783688,-12.9591675,0.63670826,-3.7197168,3,walking
1519421783693,-13.102786,0.78032666,-3.690993,3,walking
1519421783702,-12.892146,0.83777404,-3.2984362,3,walking
1519421783707,-12.7964,0.751603,-3.173967,3,walking
1519421783712,-12.662356,0.6750065,-3.1356685,3,walking
1519421783722,-12.422992,0.49308985,-3.1165195,3,walking
1519421783727,-12.269799,0.32074776,-3.0303483,3,walking
1519421783732,-12.087883,0.20585304,-2.972901,3,walking
1519421783744,-11.321918,-0.00478728,-2.7718353,3,walking
1519421783748,-11.15915,-0.03351096,-2.7814097,3,walking
1519421783753,-11.015532,-0.13883112,-2.8388572,3,walking
1519421783761,-10.546378,-0.4164934,-2.8388572,3,walking
1519421783767,-10.345312,-0.512239,-2.800559,3,walking
1519421783772,-10.153821,-0.47394073,-2.8963046,3,walking
1519421783778,-10.048501,-0.49308985,-2.8580062,3,walking
1519421783783,-9.943181,-0.54096264,-2.9154537,3,walking
1519421783787,-9.75169,-0.5888355,-2.9250283,3,walking
1519421783792,-9.5219,-0.5888355,-3.0973704,3,walking
1519421783797,-9.339984,-0.6271337,-3.1165195,3,walking
1519421783802,-9.148493,-0.6558574,-3.0494976,3,walking
1519421783812,-8.6697645,-0.9526688,-2.8963046,3,walking
1519421783817,-8.631466,-0.9526688,-2.867581,3,walking
1519421783822,-8.516571,-0.8856468,-2.800559,3,walking
1519421783832,-8.334655,-0.3877697,-2.580344,3,walking
1519421783837,-8.2676325,-0.23457673,-2.5516202,3,walking
1519421783842,-8.143164,-0.17712937,-2.6186423,3,walking
1519421783852,-7.7314577,-0.13883112,-2.6760898,3,walking
1519421783861,-7.5208173,-0.14840569,-3.039923,3,walking
1519421783868,-7.396348,-0.110107444,-2.972901,3,walking
1519421783873,-7.3006024,-0.062234644,-2.9441774,3,walking
1519421783878,-7.0612383,0.081383765,-2.7909844,3,walking
1519421783884,-6.9942164,0.16755481,-2.714388,3,walking
1519421783888,-6.9654927,0.23457673,-2.6760898,3,walking
1519421783893,-7.02294,0.20585304,-2.6760898,3,walking
1519421783901,-6.9271946,-0.023936402,-2.5324712,3,walking
1519421783907,-6.8888965,-0.03351096,-2.4654493,3,walking
1519421783913,-6.975067,-0.00478728,-2.408002,3,walking
1519421783917,-7.204857,-0.13883112,-2.360129,3,walking
1519421783923,-7.3676243,-0.25372586,-2.2835326,3,walking
1519421783927,-7.46337,-0.39734426,-2.2643836,3,walking
1519421783933,-7.587839,-0.5888355,-2.2069361,3,walking
1519421783938,-7.7314577,-0.76117754,-2.1399143,3,walking
1519421783943,-7.8367777,-0.78990126,-2.0633178,3,walking
1519421783948,-8.037844,-0.77075213,-2.149489,3,walking
1519421783953,-8.124015,-0.7994758,-2.168638,3,walking
1519421783958,-8.210186,-0.8473486,-2.2643836,3,walking
1519421783963,-8.296356,-0.91437054,-2.3505547,3,walking
1519421783968,-8.32508,-0.90479594,-2.427151,3,walking
1519421783974,-8.363379,-0.8760723,-2.4463003,3,walking
1519421783979,-8.34423,-0.751603,-2.561195,3,walking
1519421783984,-8.382527,-0.6750065,-2.5899186,3,walking
1519421783989,-8.363379,-0.44521707,-2.5899186,3,walking
1519421783994,-8.334655,-0.39734426,-2.666515,3,walking
1519421783999,-8.34423,-0.33032233,-2.6952388,3,walking
1519421784007,-8.248484,-0.33032233,-2.8101335,3,walking
1519421784012,-8.143164,-0.3877697,-2.7718353,3,walking
1519421784017,-8.143164,-0.45479164,-2.819708,3,walking
1519421784022,-8.047418,-0.50266445,-2.8292825,3,walking
1519421784028,-7.8176284,-0.59841,-2.7909844,3,walking
1519421784033,-7.7601814,-0.59841,-2.8580062,3,walking
1519421784038,-7.56869,-0.69415563,-2.7814097,3,walking
1519421784043,-7.56869,-0.69415563,-2.7814097,3,walking
1519421784049,-7.195282,-1.0005416,-2.6760898,3,walking
1519421784056,-7.0612383,-1.1058618,-2.6090677,3,walking
1519421784062,-6.9271946,-1.2207564,-2.5324712,3,walking
1519421784067,-6.9080453,-1.2686293,-2.5228968,3,walking
1519421784073,-6.8122997,-1.4218222,-2.494173,3,walking
1519421784077,-6.7740016,-1.6994845,-2.4175766,3,walking
1519421784083,-6.7931504,-1.79523,-2.4175766,3,walking
1519421784088,-6.8122997,-1.8718265,-2.408002,3,walking
1519421784093,-6.831449,-1.9579976,-2.3505547,3,walking
1519421784098,-6.9176197,-2.0537431,-2.3122563,3,walking
1519421784103,-6.9271946,-2.0824668,-2.321831,3,walking
1519421784108,-6.9942164,-2.1207652,-2.2452345,3,walking
1519421784113,-6.9942164,-2.1207652,-2.2452345,3,walking
1519421784118,-7.310177,-2.1111906,-2.2643836,3,walking
1519421784123,-7.46337,-2.1399143,-2.2165108,3,walking
1519421784130,-7.7123084,-2.2069361,-2.2165108,3,walking
1519421784137,-7.9708214,-2.3984275,-2.1399143,3,walking
1519421784143,-8.104865,-2.427151,-2.1399143,3,walking
1519421784147,-8.363379,-2.6186423,-2.1303396,3,walking
1519421784153,-8.497422,-2.714388,-2.1973617,3,walking
1519421784158,-8.621892,-2.800559,-2.1590633,3,walking
1519421784163,-8.736787,-2.8963046,-2.1973617,3,walking
1519421784167,-9.014449,-3.078221,-2.2739582,3,walking
1519421784172,-9.138918,-3.173967,-2.2931073,3,walking
1519421784176,-9.244238,-3.2409887,-2.2643836,3,walking
1519421784181,-9.426155,-3.2792869,-2.2356598,3,walking
1519421784190,-9.904882,-3.346309,-2.2069361,3,walking
1519421784196,-10.06765,-3.365458,-2.2260852,3,walking
1519421784200,-10.29744,-3.3941817,-2.2165108,3,walking
1519421784207,-10.71872,-3.4229054,-2.1590633,3,walking
1519421784211,-10.938935,-3.4803526,-2.1111906,3,walking
1519421784216,-11.111278,-3.5378,-2.0728924,3,walking
1519421784220,-11.293194,-3.5760984,-2.015445,3,walking
1519421784227,-11.609155,-3.6622694,-1.8431029,3,walking
1519421784231,-11.771922,-3.7005677,-1.7282082,3,walking
1519421784240,-12.116607,-3.7101421,-1.5462915,3,walking
1519421784247,-12.260224,-3.7005677,-1.383524,3,walking
1519421784252,-12.394268,-3.5665238,-1.3930986,3,walking
1519421784257,-12.490014,-3.2601378,-1.5845897,3,walking
1519421784262,-12.624058,-3.039923,-1.6899099,3,walking
1519421784267,-12.834699,-2.8388572,-1.8335283,3,walking
1519421784272,-13.255979,-2.5420458,-2.0537431,3,walking
1519421784277,-14.864505,-1.8048047,-2.8771553,3,walking
1519421784282,-15.975154,-1.4122477,-3.2888615,3,walking
1519421784289,-16.93261,-1.0962871,-3.6526947,3,walking
1519421784297,-17.277294,-0.99096704,-3.384607,3,walking
1519421784302,-16.377285,-1.2207564,-2.8388572,3,walking
1519421784341,-10.871913,-2.2356598,-1.5845897,3,walking
1519421784349,-9.138918,-2.2835326,-1.0484143,3,walking
1519421784357,-8.229335,-2.1399143,-1.0962871,3,walking
1519421784366,-8.076141,-2.034594,-1.1728836,3,walking
1519421784370,-8.583593,-1.8526775,-1.5845897,3,walking
1519421784375,-9.043172,-1.6707608,-1.7569319,3,walking
1519421784380,-9.474028,-1.5654407,-2.0058703,3,walking
1519421784387,-10.182545,-1.4409714,-2.4654493,3,walking
1519421784391,-10.421909,-1.4218222,-2.647366,3,walking
1519421784418,-10.747444,-1.6707608,-3.126094,3,walking
1519421784426,-10.431483,-1.9005502,-3.1069448,3,walking
1519421784434,-10.230418,-1.9771467,-3.231414,3,walking
1519421784442,-9.722966,-2.1111906,-3.3367343,3,walking
1519421784447,-9.5219,-2.187787,-3.346309,3,walking
1519421784451,-9.349558,-2.1399143,-3.3750327,3,walking
1519421784460,-8.928278,-2.1303396,-3.384607,3,walking
1519421784465,-8.842107,-2.101616,-3.346309,3,walking
1519421784470,-8.784659,-2.0920415,-3.2984362,3,walking
1519421784476,-8.717637,-1.9867213,-3.2026904,3,walking
1519421784482,-8.688913,-1.8814012,-3.1165195,3,walking
1519421784486,-8.55487,-1.8143792,-2.9824755,3,walking
1519421784491,-8.430401,-1.7282082,-2.867581,3,walking
1519421784496,-8.085716,-1.5079932,-2.5324712,3,walking
1519421784501,-7.922949,-1.3739494,-2.4175766,3,walking
1519421784506,-7.8367777,-1.2686293,-2.2643836,3,walking
1519421784511,-7.721883,-1.1537346,-2.187787,3,walking
1519421784516,-7.434646,-0.90479594,-2.015445,3,walking
1519421784521,-7.3006024,-0.8090504,-1.9388485,3,walking
1519421784526,-7.0325146,-0.59841,-1.8048047,3,walking
1519421784531,-6.9271946,-0.5505372,-1.7569319,3,walking
1519421784536,-6.8601727,-0.44521707,-1.6899099,3,walking
1519421784541,-6.7548523,-0.40691882,-1.6611862,3,walking
1519421784546,-6.6016593,-0.40691882,-1.622888,3,walking
1519421784551,-6.5346375,-0.46436617,-1.6037389,3,walking
1519421784555,-6.5346375,-0.49308985,-1.6133134,3,walking
1519421784560,-6.544212,-0.56968635,-1.5845897,3,walking
1519421784566,-6.592085,-0.7228793,-1.6133134,3,walking
1519421784572,-6.6591067,-0.78032666,-1.5462915,3,walking
1519421784577,-6.697405,-0.8856468,-1.5367169,3,walking
1519421784582,-6.716554,-0.9430942,-1.469695,3,walking
1519421784586,-6.8601727,-1.1824582,-1.3930986,3,walking
1519421784591,-6.975067,-1.3260766,-1.3739494,3,walking
1519421784600,-7.156984,-1.5654407,-1.2590547,3,walking
1519421784606,-7.3676243,-1.7856555,-1.1728836,3,walking
1519421784611,-7.482519,-1.862252,-1.1345854,3,walking
1519421784616,-7.6835847,-1.9867213,-1.0771381,3,walking
1519421784620,-7.808054,-1.9771467,-0.99096704,3,walking
1519421784626,-7.8846507,-1.9962958,-1.0005416,3,walking
1519421784631,-7.9516726,-2.015445,-0.98139244,3,walking
1519421784639,-8.152739,-1.948423,-0.92394507,3,walking
1519421784645,-8.200611,-1.8718265,-0.93351966,3,walking
1519421784650,-8.248484,-1.8431029,-0.92394507,3,walking
1519421784656,-8.32508,-1.6133134,-0.8952214,3,walking
1519421784660,-8.34423,-1.5079932,-0.8760723,3,walking
1519421784665,-8.392102,-1.4218222,-0.90479594,3,walking
1519421784670,-8.420826,-1.4122477,-0.90479594,3,walking
1519421784676,-8.516571,-1.3643749,-0.8473486,3,walking
1519421784680,-8.583593,-1.3260766,-0.78990126,3,walking
1519421784689,-8.755936,-1.2016073,-0.76117754,3,walking
1519421784696,-8.880404,-1.1058618,-0.5792609,3,walking
1519421784700,-8.918703,-1.0771381,-0.5313881,3,walking
1519421784705,-9.014449,-1.0675635,-0.46436617,3,walking
1519421784711,-9.138918,-1.0579889,-0.359046,3,walking
1519421784716,-9.234664,-1.0962871,-0.27287498,3,walking
1519421784721,-9.272962,-1.1345854,-0.27287498,3,walking
1519421784726,-9.2825365,-1.1920328,-0.25372586,3,walking
1519421784731,-9.29211,-1.2111819,-0.2441513,3,walking
1519421784736,-9.253813,-1.2399056,-0.25372586,3,walking
1519421784741,-9.225089,-1.3260766,-0.30159867,3,walking
1519421784746,-9.177217,-1.3548003,-0.27287498,3,walking
1519421784751,-9.119769,-1.3643749,-0.3111732,3,walking
1519421784755,-9.033598,-1.3643749,-0.28244954,3,walking
1519421784759,-8.928278,-1.3643749,-0.28244954,3,walking
1519421784766,-8.813383,-1.4122477,-0.49308985,3,walking
1519421784770,-8.784659,-1.3643749,-0.5505372,3,walking
1519421784775,-8.679339,-1.4122477,-0.6079846,3,walking
1519421784780,-8.583593,-1.4505459,-0.77075213,3,walking
1519421784786,-8.506997,-1.4984187,-1.0484143,3,walking
1519421784792,-8.34423,-1.4601204,-1.0867126,3,walking
1519421784797,-8.411251,-1.6324625,-1.5941644,3,walking
1519421784802,-8.363379,-1.6611862,-1.6803354,3,walking
1519421784806,-8.430401,-1.709059,-1.6324625,3,walking
1519421784810,-8.459125,-1.7473572,-1.7569319,3,walking
1519421784819,-8.708063,-1.9005502,-1.8909757,3,walking
1519421784825,-8.746361,-1.948423,-1.9388485,3,walking
1519421784830,-8.794233,-2.0537431,-1.9675722,3,walking
1519421784835,-8.889979,-2.34098,-1.9005502,3,walking
1519421784840,-8.947427,-2.4463003,-1.8909757,3,walking
1519421784845,-9.043172,-2.5707695,-1.8431029,3,walking
1519421784849,-9.119769,-2.6090677,-1.7856555,3,walking
1519421784855,-9.378282,-2.7239625,-1.6133134,3,walking
1519421784860,-9.560199,-2.8101335,-1.5462915,3,walking
1519421784869,-9.933606,-2.9250283,-1.3260766,3,walking
1519421784875,-10.345312,-2.8963046,-1.1058618,3,walking
1519421784881,-10.517654,-2.8101335,-1.0101161,3,walking
1519421784886,-10.871913,-2.5324712,-0.8760723,3,walking
1519421784891,-10.871913,-2.5324712,-0.8760723,3,walking
1519421784896,-11.044255,-2.360129,-0.92394507,3,walking
1519421784900,-11.168725,-2.2643836,-0.93351966,3,walking
1519421784909,-11.475111,-1.9962958,-1.0484143,3,walking
1519421784915,-11.570856,-1.9005502,-1.0771381,3,walking
1519421784920,-11.542132,-1.776081,-1.1728836,3,walking
1519421784925,-11.4272375,-1.5654407,-1.3165021,3,walking
1519421784930,-11.293194,-1.4218222,-1.4218222,3,walking
1519421784935,-11.235746,-1.2686293,-1.5654407,3,walking
1519421784940,-11.111278,-1.1250108,-1.6899099,3,walking
1519421784945,-10.852764,-0.93351966,-1.9196993,3,walking
1519421784951,-10.699572,-0.85692316,-2.034594,3,walking
1519421784956,-10.594251,-0.78032666,-2.1303396,3,walking
1519421784960,-10.584677,-0.71330476,-2.3314054,3,walking
1519421784965,-10.967659,-0.42606795,-2.9441774,3,walking
1519421784970,-11.455961,-0.3398969,-3.2409887,3,walking
1519421784981,-12.604909,-0.50266445,-3.5665238,3,walking
1519421784986,-13.370873,-1.2303311,-3.0686467,3,walking
1519421784990,-13.514492,-1.7856555,-2.5228968,3,walking
1519421785032,-12.710229,-4.6388745,-0.20585304,3,walking
1519421785040,-12.145329,-3.9399316,-0.7994758,3,walking
1519421785047,-11.791071,-3.2697124,-1.0867126,3,walking
1519421785054,-11.590006,-2.4175766,-1.5750152,3,walking
1519421785059,-11.513409,-1.9771467,-1.8431029,3,walking
1519421785064,-11.455961,-1.5941644,-2.0920415,3,walking
1519421785069,-11.398514,-1.2016073,-2.3697038,3,walking
1519421785075,-11.522984,-0.4356425,-2.819708,3,walking
1519421785080,-11.561282,-0.12925656,-3.039923,3,walking
1519421785085,-11.637878,0.17712937,-3.2026904,3,walking
1519421785089,-11.657027,0.6845811,-3.365458,3,walking
1519421785095,-11.647452,0.90479594,-3.3750327,3,walking
1519421785099,-11.570856,1.0675635,-3.4133308,3,walking
1519421785105,-11.015532,1.1250108,-3.0111992,3,walking
1519421785110,-10.833615,1.1537346,-2.8580062,3,walking
1519421785114,-10.709146,1.2111819,-2.752686,3,walking
1519421785119,-10.517654,1.2782038,-2.7048132,3,walking
1519421785125,-10.2016945,1.2782038,-2.5899186,3,walking
1519421785129,-10.0868,1.2016073,-2.5037475,3,walking
1519421785134,-9.914457,1.0771381,-2.360129,3,walking
1519421785139,-9.770839,0.8856468,-2.254809,3,walking
1519421785145,-9.560199,0.64628285,-2.101616,3,walking
1519421785149,-9.215514,0.05266008,-1.8239537,3,walking
1519421785154,-9.129343,-0.22500217,-1.7569319,3,walking
1519421785159,-9.091045,-0.56011176,-1.6324625,3,walking
1519421785165,-9.119769,-1.2016073,-1.4409714,3,walking
1519421785170,-9.158067,-1.5271424,-1.3356512,3,walking
1519421785175,-9.330409,-2.1303396,-1.2494801,3,walking
1519421785180,-9.474028,-2.321831,-1.2494801,3,walking
1519421785185,-9.569773,-2.5899186,-1.2303311,3,walking
1519421785189,-9.732541,-2.8580062,-1.2877784,3,walking
1519421785195,-10.06765,-3.1548176,-1.4505459,3,walking
1519421785199,-10.211268,-3.2888615,-1.5271424,3,walking
1519421785204,-10.259142,-3.365458,-1.5750152,3,walking
1519421785209,-10.230418,-3.365458,-1.622888,3,walking
1519421785215,-10.096374,-3.212265,-1.6516117,3,walking
1519421785220,-10.038927,-3.1069448,-1.709059,3,walking
1519421785225,-9.971905,-3.020774,-1.7377827,3,walking
1519421785230,-9.952756,-2.972901,-1.6803354,3,walking
1519421785235,-9.85701,-2.800559,-1.6420372,3,walking
1519421785240,-9.75169,-2.647366,-1.5654407,3,walking
1519421785245,-9.5889225,-2.3026817,-1.4218222,3,walking
1519421785251,-9.5889225,-2.3026817,-1.4218222,3,walking
1519421785255,-9.339984,-2.0058703,-1.1920328,3,walking
1519421785260,-9.29211,-1.8431029,-1.0388398,3,walking
1519421785265,-9.29211,-1.4984187,-0.8952214,3,walking
1519421785271,-9.253813,-1.2686293,-0.751603,3,walking
1519421785276,-9.253813,-1.1250108,-0.6750065,3,walking
1519421785281,-9.31126,-0.8281995,-0.5792609,3,walking
1519421785286,-9.368708,-0.6845811,-0.46436617,3,walking
1519421785291,-9.378282,-0.61755913,-0.4356425,3,walking
1519421785296,-9.407005,-0.56011176,-0.4835153,3,walking
1519421785301,-9.512326,-0.512239,-0.6271337,3,walking
1519421785306,-9.579348,-0.4835153,-0.70373017,3,walking
1519421785311,-9.655944,-0.46436617,-0.78990126,3,walking
1519421785317,-9.62722,-0.46436617,-0.85692316,3,walking
1519421785321,-9.617646,-0.512239,-0.9526688,3,walking
1519421785327,-9.713391,-0.63670826,-0.99096704,3,walking
1519421785332,-9.732541,-0.9526688,-1.1345854,3,walking
1519421785337,-9.732541,-1.1920328,-1.2303311,3,walking
1519421785347,-9.675094,-1.8909757,-1.5271424,3,walking
1519421785352,-9.675094,-2.0824668,-1.6516117,3,walking
1519421785357,-9.636795,-2.254809,-1.7377827,3,walking
1519421785368,-9.5219,-2.6090677,-2.015445,3,walking
1519421785374,-9.368708,-2.7622607,-2.1973617,3,walking
1519421785379,-9.272962,-2.905879,-2.2835326,3,walking
1519421785385,-9.234664,-2.972901,-2.3792782,3,walking
1519421785390,-9.253813,-3.0494976,-2.4463003,3,walking
1519421785395,-9.158067,-3.078221,-2.5899186,3,walking
1519421785399,-9.148493,-3.0877957,-2.6569405,3,walking
1519421785409,-9.043172,-3.059072,-2.733537,3,walking
1519421785414,-8.861256,-3.1165195,-2.800559,3,walking
1519421785420,-8.832532,-3.0877957,-2.8484318,3,walking
1519421785425,-8.612317,-3.0877957,-2.8388572,3,walking
1519421785430,-8.545295,-3.039923,-2.7909844,3,walking
1519421785436,-8.334655,-3.0111992,-2.733537,3,walking
1519421785441,-8.152739,-2.905879,-2.6377914,3,walking
1519421785446,-8.085716,-2.8484318,-2.5707695,3,walking
1519421785451,-8.085716,-2.8484318,-2.5707695,3,walking
1519421785456,-7.961247,-2.752686,-2.4654493,3,walking
1519421785460,-7.9133744,-2.7048132,-2.408002,3,walking
1519421785465,-7.7314577,-2.5899186,-2.2835326,3,walking
1519421785469,-7.769756,-2.5228968,-2.2739582,3,walking
1519421785474,-7.635712,-2.475024,-2.187787,3,walking
1519421785479,-7.635712,-2.3792782,-2.1399143,3,walking
1519421785483,-7.5208173,-2.3505547,-2.0633178,3,walking
1519421785488,-7.35805,-2.2643836,-2.0728924,3,walking
1519421785494,-7.3197513,-2.2260852,-2.0058703,3,walking
1519421785499,-7.3389006,-2.187787,-2.0058703,3,walking
1519421785504,-7.2623043,-2.0728924,-1.9962958,3,walking
1519421785509,-7.2527294,-2.0441687,-1.9962958,3,walking
1519421785515,-7.2623043,-2.0058703,-2.0250196,3,walking
1519421785519,-7.310177,-1.9388485,-1.8909757,3,walking
1519421785524,-7.3867736,-1.948423,-1.8526775,3,walking
1519421785529,-7.4537954,-1.8909757,-1.8239537,3,walking
1519421785534,-7.4537954,-1.8814012,-1.7282082,3,walking
1519421785539,-7.511243,-1.8718265,-1.6803354,3,walking
1519421785544,-7.587839,-1.8718265,-1.5941644,3,walking
1519421785548,-7.6452866,-1.8909757,-1.5654407,3,walking
1519421785554,-7.769756,-1.8909757,-1.4601204,3,walking
1519421785558,-7.769756,-1.9005502,-1.4122477,3,walking
1519421785564,-7.769756,-1.9388485,-1.3930986,3,walking
1519421785569,-7.8176284,-1.9675722,-1.4409714,3,walking
1519421785574,-7.808054,-2.0058703,-1.469695,3,walking
1519421785579,-7.8272033,-1.9962958,-1.4601204,3,walking
1519421785583,-7.8272033,-1.9962958,-1.4601204,3,walking
1519421785589,-7.741032,-2.0058703,-1.5175679,3,walking
1519421785594,-7.664436,-1.9867213,-1.4888442,3,walking
1519421785599,-7.664436,-1.9388485,-1.5845897,3,walking
1519421785603,-7.5974135,-1.948423,-1.5462915,3,walking
1519421785608,-7.5974135,-1.929274,-1.5462915,3,walking
1519421785613,-7.56869,-1.9196993,-1.5367169,3,walking
1519421785618,-7.5974135,-1.9196993,-1.4792696,3,walking
1519421785624,-7.7314577,-1.948423,-1.383524,3,walking
1519421785629,-7.7314577,-1.948423,-1.383524,3,walking
1519421785634,-7.8176284,-2.034594,-1.2016073,3,walking
1519421785638,-7.8655014,-2.1399143,-1.0962871,3,walking
1519421785644,-7.9037995,-2.2260852,-0.9430942,3,walking
1519421785648,-8.066567,-2.3984275,-0.63670826,3,walking
1519421785654,-8.200611,-2.5037475,-0.512239,3,walking
1519421785659,-8.363379,-2.5516202,-0.36862057,3,walking
1519421785663,-8.794233,-2.666515,-0.18670394,3,walking
1519421785668,-9.052747,-2.666515,-0.12925656,3,walking
1519421785673,-9.29211,-2.6569405,-0.043085523,3,walking
1519421785678,-9.655944,-2.580344,-0.00478728,3,walking
1519421785684,-10.077225,-2.494173,-0.09095833,3,walking
1519421785688,-11.245321,-2.1782124,-0.46436617,3,walking
1519421785693,-11.858093,-2.0920415,-0.6845811,3,walking
1519421785699,-12.432567,-2.0920415,-0.93351966,3,walking
1519421785704,-13.179382,-2.1399143,-1.2973529,3,walking
1519421785708,-13.179382,-2.168638,-1.2877784,3,walking
1519421785714,-13.045339,-2.2260852,-1.1920328,3,walking
1519421785718,-12.719804,-2.2356598,-1.0292653,3,walking
1519421785723,-12.0400095,-2.1111906,-0.77075213,3,walking
1519421785728,-11.666602,-2.0728924,-0.7228793,3,walking
1519421785733,-11.331492,-2.034594,-0.63670826,3,walking
1519421785738,-10.967659,-2.015445,-0.5313881,3,walking
1519421785744,-10.29744,-2.0441687,-0.2920241,3,walking
1519421785751,-9.713391,-2.0250196,-0.14840569,3,walking
1519421785755,-9.454879,-1.9962958,-0.14840569,3,walking
1519421785759,-9.2825365,-1.9388485,-0.20585304,3,walking
1519421785764,-9.148493,-1.8239537,-0.27287498,3,walking
1519421785768,-9.033598,-1.776081,-0.33032233,3,walking
1519421785773,-9.004874,-1.6899099,-0.40691882,3,walking
1519421785778,-9.0814705,-1.5941644,-0.61755913,3,walking
1519421785783,-9.253813,-1.4888442,-0.7228793,3,walking
1519421785788,-9.464453,-1.4313968,-0.8760723,3,walking
1519421785793,-9.742115,-1.383524,-1.0101161,3,walking
1519421785798,-10.460207,-1.3452257,-1.1824582,3,walking
1519421785803,-10.871913,-1.3452257,-1.2973529,3,walking
1519421785808,-11.226172,-1.4122477,-1.3069274,3,walking
1519421785814,-12.097457,-1.469695,-1.3069274,3,walking
1519421785818,-12.470865,-1.5271424,-1.2303311,3,walking
1519421785825,-13.02619,-1.7282082,-1.1728836,3,walking
1519421785829,-13.02619,-1.7282082,-1.1728836,3,walking
1519421785834,-13.313426,-1.9771467,-1.0867126,3,walking
1519421785877,-12.020861,-1.929274,-1.2494801,3,walking
1519421785885,-11.140001,-1.9579976,-1.5079932,3,walking
1519421785893,-10.986808,-1.929274,-1.5462915,3,walking
1519421785898,-10.862339,-1.7665064,-1.5175679,3,walking
1519421785903,-10.345312,-1.4218222,-1.3643749,3,walking
1519421785908,-10.010203,-1.2686293,-1.2207564,3,walking
1519421785914,-9.742115,-1.1920328,-1.0292653,3,walking
1519421785919,-9.742115,-1.1920328,-1.0292653,3,walking
1519421785923,-9.569773,-1.14416,-1.0484143,3,walking
1519421785928,-9.426155,-1.2494801,-1.1728836,3,walking
1519421785933,-9.253813,-2.0633178,-1.4313968,3,walking
1519421785938,-9.234664,-2.5324712,-1.3739494,3,walking
1519421785943,-9.110194,-2.9824755,-1.2686293,3,walking
1519421785948,-8.966576,-3.193116,-1.1154363,3,walking
1519421785953,-8.717637,-3.193116,-0.8664977,3,walking
1519421785958,-8.44955,-3.2505634,-0.6079846,3,walking
1519421785962,-8.248484,-3.384607,-0.44521707,3,walking
1519421785968,-8.076141,-3.5856729,-0.36862057,3,walking
1519421785973,-8.028269,-3.7963133,-0.23457673,3,walking
1519421785977,-7.9037995,-4.1601467,-0.16755481,3,walking
1519421785983,-7.9037995,-4.1792955,-0.17712937,3,walking
1519421785988,-7.769756,-4.121848,-0.03351096,3,walking
1519421785993,-7.46337,-3.9878044,-0.19627848,3,walking
1519421785997,-7.4729443,-3.825037,-0.15798025,3,walking
1519421786003,-7.3006024,-3.5856729,-0.014361841,3,walking
1519421786008,-7.3006024,-3.5856729,-0.014361841,3,walking
1519421786013,-7.0803876,-3.126094,0.11968201,3,walking
1519421786019,-7.089962,-2.88673,-0.16755481,3,walking
1519421786024,-6.8888965,-2.800559,0.09095833,3,walking
1519421786029,-7.1665583,-2.187787,-0.023936402,3,walking
1519421786034,-7.0803876,-2.3122563,-0.11968201,3,walking
1519421786039,-7.02294,-2.2643836,-0.00478728,3,walking
1519421786044,-7.1091113,-2.1590633,-0.12925656,3,walking
1519421786049,-7.042089,-2.1399143,-0.15798025,3,walking
1519421786054,-7.0612383,-2.1590633,-0.19627848,3,walking
1519421786058,-7.0995364,-2.1973617,-0.19627848,3,walking
1519421786063,-7.1474094,-2.2356598,-0.23457673,3,walking
1519421786068,-7.2144313,-2.34098,-0.2441513,3,walking
1519421786073,-7.2718787,-2.4175766,-0.27287498,3,walking
1519421786078,-7.3197513,-2.475024,-0.32074776,3,walking
1519421786083,-7.4250717,-2.5228968,-0.34947145,3,walking
1519421786088,-7.4920936,-2.5324712,-0.359046,3,walking
1519421786093,-7.587839,-2.580344,-0.33032233,3,walking
1519421786098,-7.587839,-2.580344,-0.33032233,3,walking
1519421786103,-7.7506065,-2.6377914,-0.2920241,3,walking
1519421786109,-7.8176284,-2.6282167,-0.32074776,3,walking
1519421786114,-7.9420977,-2.5994933,-0.27287498,3,walking
1519421786118,-7.999545,-2.5707695,-0.26330042,3,walking
1519421786123,-8.056993,-2.5516202,-0.25372586,3,walking
1519421786129,-8.047418,-2.5516202,-0.23457673,3,walking
1519421786134,-8.152739,-2.4654493,-0.22500217,3,walking
1519421786138,-8.152739,-2.4558747,-0.20585304,3,walking
1519421786143,-8.133589,-2.4367256,-0.18670394,3,walking
1519421786148,-8.21976,-2.408002,-0.16755481,3,walking
1519421786154,-8.296356,-2.3888528,-0.081383765,3,walking
1519421786159,-8.411251,-2.4367256,-0.014361841,3,walking
1519421786164,-8.602742,-2.3505547,-0.043085523,3,walking
1519421786169,-8.679339,-2.3122563,-0.00478728,3,walking
1519421786174,-8.755936,-2.3026817,-0.023936402,3,walking
1519421786179,-9.014449,-2.149489,-0.062234644,3,walking
1519421786184,-9.071896,-2.034594,-0.11968201,3,walking
1519421786189,-9.091045,-1.948423,-0.110107444,3,walking
1519421786195,-9.29211,-1.776081,-0.2920241,3,walking
1519421786200,-9.359133,-1.6994845,-0.32074776,3,walking
1519421786205,-9.483603,-1.6899099,-0.39734426,3,walking
1519421786215,-9.85701,-1.6324625,-0.56968635,3,walking
1519421786220,-9.933606,-1.6899099,-0.6079846,3,walking
1519421786225,-10.058076,-1.6994845,-0.64628285,3,walking
1519421786230,-10.19212,-1.79523,-0.64628285,3,walking
1519421786236,-10.230418,-1.8526775,-0.63670826,3,walking
1519421786240,-10.316589,-1.9005502,-0.6558574,3,walking
1519421786245,-10.431483,-1.9771467,-0.63670826,3,walking
1519421786250,-10.431483,-2.0250196,-0.63670826,3,walking
1519421786256,-10.5080805,-2.0728924,-0.6271337,3,walking
1519421786266,-10.747444,-2.0728924,-0.69415563,3,walking
1519421786271,-10.814466,-2.0824668,-0.71330476,3,walking
1519421786276,-10.919786,-2.0824668,-0.7324539,3,walking
1519421786281,-11.025106,-2.1207652,-0.751603,3,walking
1519421786286,-11.168725,-2.1207652,-0.78032666,3,walking
1519421786290,-11.274045,-2.101616,-0.77075213,3,walking
1519421786295,-11.302769,-2.0728924,-0.6750065,3,walking
1519421786304,-11.360216,-1.9771467,-0.5505372,3,walking
1519421786309,-11.302769,-1.9196993,-0.512239,3,walking
1519421786315,-11.331492,-1.8239537,-0.50266445,3,walking
1519421786321,-11.235746,-1.7186337,-0.5888355,3,walking
1519421786327,-11.207023,-1.6611862,-0.61755913,3,walking
1519421786331,-11.1208515,-1.5271424,-0.71330476,3,walking
1519421786337,-11.140001,-1.469695,-0.7994758,3,walking
1519421786343,-11.111278,-1.4026731,-0.8952214,3,walking
1519421786348,-11.05383,-1.3548003,-0.9526688,3,walking
1519421786352,-10.94851,-1.383524,-1.0292653,3,walking
1519421786357,-10.833615,-1.3548003,-1.1824582,3,walking
1519421786363,-10.680422,-1.4409714,-1.2303311,3,walking
1519421786367,-10.680422,-1.4409714,-1.2303311,3,walking
1519421786372,-10.680422,-1.5271424,-1.4984187,3,walking
1519421786378,-10.881488,-1.5175679,-1.6611862,3,walking
1519421786382,-11.187874,-1.4984187,-1.929274,3,walking
1519421786387,-11.7336235,-1.5462915,-2.2739582,3,walking
1519421786392,-13.0549135,-1.7569319,-2.5420458,3,walking
1519421786398,-13.638962,-2.0250196,-2.494173,3,walking
1519421786403,-14.165563,-2.819708,-2.1111906,3,walking
1519421786444,-11.072979,-4.4856815,-1.2207564,3,walking
1519421786453,-10.383611,-4.0069537,-1.3548003,3,walking
1519421786461,-10.06765,-3.690993,-1.4505459,3,walking
1519421786468,-9.54105,-2.9920502,-1.5558661,3,walking
1519421786472,-9.196365,-2.3026817,-1.6611862,3,walking
1519421786477,-9.196365,-2.3026817,-1.6611862,3,walking
1519421786482,-9.033598,-1.6994845,-1.8143792,3,walking
1519421786487,-9.062322,-1.4601204,-1.9388485,3,walking
1519421786492,-9.158067,-1.2973529,-2.0441687,3,walking
1519421786520,-10.584677,-1.6994845,-2.4845984,3,walking
1519421786525,-10.776168,-1.8143792,-2.408002,3,walking
1519421786535,-11.044255,-2.0824668,-2.2835326,3,walking
1519421786539,-11.207023,-2.2643836,-2.187787,3,walking
1519421786544,-11.28362,-2.5324712,-2.0058703,3,walking
1519421786548,-11.28362,-2.5324712,-2.0058703,3,walking
1519421786553,-11.274045,-2.7909844,-1.8143792,3,walking
1519421786558,-11.274045,-2.9250283,-1.7377827,3,walking
1519421786562,-11.226172,-3.059072,-1.6707608,3,walking
1519421786567,-11.226172,-3.059072,-1.6707608,3,walking
1519421786572,-11.178299,-2.9537518,-1.6994845,3,walking
1519421786577,-11.1208515,-2.867581,-1.7665064,3,walking
1519421786582,-11.034681,-2.647366,-1.9196993,3,walking
1519421786588,-11.034681,-2.475024,-1.9867213,3,walking
1519421786593,-11.005958,-2.3505547,-2.101616,3,walking
1519421786597,-10.94851,-2.2260852,-2.1973617,3,walking
1519421786602,-10.919786,-1.9579976,-2.360129,3,walking
1519421786607,-10.910212,-1.862252,-2.4367256,3,walking
1519421786612,-10.881488,-1.7665064,-2.5324712,3,walking
1519421786617,-10.910212,-1.7473572,-2.5994933,3,walking
1519421786622,-10.919786,-1.709059,-2.733537,3,walking
1519421786628,-10.910212,-1.709059,-2.7431116,3,walking
1519421786633,-10.871913,-1.7186337,-2.733537,3,walking
1519421786638,-10.804892,-1.7377827,-2.6952388,3,walking
1519421786644,-10.699572,-1.7377827,-2.6377914,3,walking
1519421786648,-10.6134,-1.8048047,-2.5994933,3,walking
1519421786652,-10.307014,-1.776081,-2.513322,3,walking
1519421786657,-10.307014,-1.776081,-2.513322,3,walking
1519421786662,-9.914457,-1.7377827,-2.4654493,3,walking
1519421786667,-9.713391,-1.709059,-2.4463003,3,walking
1519421786672,-9.320834,-1.6707608,-2.3792782,3,walking
1519421786677,-9.320834,-1.6707608,-2.3792782,3,walking
1519421786683,-8.889979,-1.5654407,-2.2835326,3,walking
1519421786687,-8.66019,-1.4601204,-2.2452345,3,walking
1519421786692,-8.1623125,-1.2590547,-2.2260852,3,walking
1519421786697,-7.961247,-1.2016073,-2.1782124,3,walking
1519421786702,-7.7984796,-1.1154363,-2.187787,3,walking
1519421786707,-7.664436,-1.1250108,-2.2165108,3,walking
1519421786712,-7.4250717,-1.1058618,-2.2643836,3,walking
1519421786718,-7.3389006,-1.0867126,-2.3122563,3,walking
1519421786722,-7.1857076,-1.1058618,-2.427151,3,walking
1519421786727,-7.1857076,-1.1058618,-2.427151,3,walking
1519421786732,-7.1186857,-1.0867126,-2.5516202,3,walking
1519421786737,-7.0803876,-1.1154363,-2.5420458,3,walking
1519421786742,-7.0708127,-1.14416,-2.513322,3,walking
1519421786747,-7.02294,-1.2111819,-2.5228968,3,walking
1519421786752,-7.137835,-1.3643749,-2.5037475,3,walking
1519421786757,-7.1857076,-1.4888442,-2.580344,3,walking
1519421786762,-7.195282,-1.6133134,-2.561195,3,walking
1519421786767,-7.2335806,-1.6994845,-2.5420458,3,walking
1519421786773,-7.2240057,-1.9388485,-2.494173,3,walking
1519421786777,-7.2623043,-2.0250196,-2.5420458,3,walking
1519421786782,-7.329326,-2.1399143,-2.4845984,3,walking
1519421786787,-7.3676243,-2.168638,-2.4845984,3,walking
1519421786792,-7.35805,-2.2260852,-2.427151,3,walking
1519421786797,-7.396348,-2.2356598,-2.3792782,3,walking
1519421786803,-7.501668,-2.2356598,-2.34098,3,walking
1519421786807,-7.549541,-2.1782124,-2.34098,3,walking
1519421786812,-7.616563,-2.0441687,-2.3122563,3,walking
1519421786817,-7.616563,-2.0441687,-2.3122563,3,walking
1519421786822,-7.6740103,-1.948423,-2.3122563,3,walking
1519421786827,-7.721883,-1.9388485,-2.3314054,3,walking
1519421786832,-7.7601814,-1.8718265,-2.321831,3,walking
1519421786837,-7.7601814,-1.8718265,-2.321831,3,walking
1519421786842,-7.741032,-1.79523,-2.254809,3,walking
1519421786847,-7.7506065,-1.7473572,-2.2452345,3,walking
1519421786852,-7.721883,-1.709059,-2.2452345,3,walking
1519421786857,-7.6740103,-1.6994845,-2.2643836,3,walking
1519421786862,-7.4729443,-1.7186337,-2.2069361,3,walking
1519421786867,-7.434646,-1.7186337,-2.1207652,3,walking
1519421786872,-7.3867736,-1.7377827,-2.0633178,3,walking
1519421786877,-7.2910275,-1.5845897,-1.9771467,3,walking
1519421786882,-7.2144313,-1.469695,-1.9867213,3,walking
1519421786887,-7.137835,-1.4505459,-1.948423,3,walking
1519421786892,-7.0708127,-1.469695,-1.9675722,3,walking
1519421786897,-7.12826,-1.5845897,-2.0058703,3,walking
1519421786902,-7.2240057,-1.7186337,-2.1207652,3,walking
1519421786907,-7.2240057,-1.7186337,-2.1207652,3,walking
1519421786912,-7.4537954,-1.9675722,-2.3697038,3,walking
1519421786917,-7.702734,-2.2260852,-2.4654493,3,walking
1519421786922,-8.430401,-2.6952388,-2.580344,3,walking
1519421786927,-8.430401,-2.6952388,-2.580344,3,walking
1519421786931,-9.091045,-3.0877957,-1.6516117,3,walking
1519421786937,-8.909128,-3.6814184,-1.776081,3,walking
1519421786941,-9.033598,-4.121848,-1.7569319,3,walking
1519421786947,-9.033598,-4.121848,-1.7569319,3,walking
1519421786952,-9.301685,-3.758015,-1.0675635,3,walking
1519421786957,-9.272962,-3.126094,-0.7994758,3,walking
1519421786961,-9.330409,-1.7856555,-0.27287498,3,walking
1519421786966,-9.148493,-1.622888,-0.50266445,3,walking
1519421786972,-8.861256,-1.8526775,-0.61755913,3,walking
1519421786977,-9.397431,-1.7186337,-0.5888355,3,walking
1519421786982,-9.866585,-2.1111906,-0.8186249,3,walking
1519421786987,-10.000628,-2.0537431,-0.40691882,3,walking
1519421786992,-9.560199,-1.4792696,-0.49308985,3,walking
1519421786997,-9.560199,-1.4792696,-0.49308985,3,walking
1519421787002,-9.41658,-1.1154363,-0.54096264,3,walking
1519421787007,-9.474028,-1.1728836,-0.61755913,3,walking
1519421787012,-9.703817,-1.3739494,-0.8090504,3,walking
1519421787017,-9.703817,-1.3739494,-0.8090504,3,walking
1519421787023,-9.904882,-1.4313968,-0.63670826,3,walking
1519421787027,-9.885734,-1.5175679,-0.56968635,3,walking
1519421787032,-9.85701,-1.7569319,-0.56968635,3,walking
1519421787037,-9.85701,-1.7569319,-0.56968635,3,walking
1519421787043,-9.675094,-2.4175766,-0.7324539,3,walking
1519421787048,-9.703817,-2.475024,-0.77075213,3,walking
1519421787053,-9.837861,-2.4175766,-0.8952214,3,walking
1519421787058,-10.06765,-2.2739582,-0.9526688,3,walking
1519421787063,-10.766593,-1.8718265,-1.5175679,3,walking
1519421787068,-11.455961,-1.6037389,-1.929274,3,walking
1519421787073,-12.35597,-1.2973529,-2.187787,3,walking
1519421787078,-13.179382,-1.0484143,-2.360129,3,walking
1519421787084,-13.974071,-1.0292653,-2.408002,3,walking
1519421787093,-13.418746,-1.3452257,-1.9867213,3,walking
1519421787097,-12.997466,-1.4792696,-1.776081,3,walking
1519421787102,-12.317672,-1.4984187,-1.469695,3,walking
1519421787107,-12.317672,-1.4984187,-1.469695,3,walking
1519421787113,-11.781497,-1.3739494,-1.0675635,3,walking
1519421787117,-11.465536,-1.3548003,-0.93351966,3,walking
1519421787134,-9.493176,-1.8814012,-0.37819514,3,walking
1519421787140,-9.263388,-1.9771467,-0.359046,3,walking
1519421787145,-9.110194,-2.034594,-0.359046,3,walking
1519421787150,-8.842107,-2.1782124,-0.3398969,3,walking
1519421787155,-8.832532,-2.2452345,-0.26330042,3,walking
1519421787164,-9.043172,-2.475024,-0.2441513,3,walking
1519421787168,-9.20594,-2.5899186,-0.2441513,3,walking
1519421787173,-9.828286,-2.7431116,-0.30159867,3,walking
1519421787177,-9.828286,-2.7431116,-0.30159867,3,walking
1519421787182,-10.603826,-2.733537,-0.3398969,3,walking
1519421787187,-11.05383,-2.714388,-0.37819514,3,walking
1519421787191,-11.49426,-2.714388,-0.3877697,3,walking
1519421787195,-11.867668,-2.7239625,-0.4164934,3,walking
1519421787202,-12.480439,-2.7048132,-0.50266445,3,walking
1519421787207,-12.719804,-2.647366,-0.64628285,3,walking
1519421787213,-12.710229,-2.580344,-0.7228793,3,walking
1519421787222,-12.604909,-2.5228968,-0.90479594,3,walking
1519421787252,-11.15915,-0.78990126,-1.8814012,3,walking
1519421787260,-10.900637,-0.69415563,-1.9101248,3,walking
1519421787268,-10.469782,-0.9430942,-1.8431029,3,walking
1519421787275,-10.335738,-1.1058618,-1.6994845,3,walking
1519421787279,-10.278291,-1.2877784,-1.6420372,3,walking
1519421787284,-10.172971,-1.4218222,-1.5558661,3,walking
1519421787293,-10.029352,-1.6803354,-1.383524,3,walking
1519421787297,-9.943181,-1.7569319,-1.3165021,3,walking
1519421787302,-9.75169,-2.015445,-1.3069274,3,walking
1519421787309,-9.397431,-2.2739582,-1.3260766,3,walking
1519421787314,-9.272962,-2.3984275,-1.3548003,3,walking
1519421787319,-9.052747,-2.5037475,-1.4026731,3,walking
1519421787324,-8.909128,-2.580344,-1.3930986,3,walking
1519421787334,-8.506997,-2.6952388,-1.4792696,3,walking
1519421787344,-8.066567,-2.6282167,-1.4313968,3,walking
1519421787348,-8.066567,-2.6282167,-1.4313968,3,walking
1519421787352,-7.922949,-2.5899186,-1.4026731,3,walking
1519421787359,-7.693159,-2.5899186,-1.3452257,3,walking
1519421787363,-7.501668,-2.5899186,-1.3165021,3,walking
1519421787369,-7.434646,-2.5707695,-1.2877784,3,walking
1519421787374,-7.3389006,-2.5420458,-1.2686293,3,walking
1519421787379,-7.3389006,-2.4367256,-1.3165021,3,walking
1519421787385,-7.348475,-2.4175766,-1.3165021,3,walking
1519421787389,-7.2910275,-2.3792782,-1.3069274,3,walking
1519421787395,-7.2910275,-2.360129,-1.2686293,3,walking
1519421787399,-7.329326,-2.2835326,-1.2399056,3,walking
1519421787404,-7.3197513,-2.2452345,-1.2973529,3,walking
1519421787409,-7.3197513,-2.2452345,-1.2973529,3,walking
1519421787414,-7.3676243,-2.1973617,-1.2686293,3,walking
1519421787424,-7.4442205,-2.168638,-1.3356512,3,walking
1519421787429,-7.511243,-2.2069361,-1.3356512,3,walking
1519421787435,-7.4729443,-2.187787,-1.2782038,3,walking
1519421787439,-7.549541,-2.1973617,-1.2686293,3,walking
1519421787445,-7.56869,-2.1973617,-1.2686293,3,walking
1519421787449,-7.6835847,-2.1782124,-1.2111819,3,walking
1519421787455,-7.6835847,-2.1399143,-1.1728836,3,walking
1519421787459,-7.721883,-2.149489,-1.0962871,3,walking
1519421787464,-7.7601814,-2.1207652,-1.0484143,3,walking
1519421787473,-7.8655014,-2.0920415,-0.9622433,3,walking
1519421787479,-7.894225,-2.101616,-0.8952214,3,walking
1519421787484,-7.9708214,-2.1207652,-0.85692316,3,walking
1519421787494,-7.9803963,-2.254809,-0.665432,3,walking
1519421787499,-7.9708214,-2.321831,-0.56011176,3,walking
1519421787504,-7.961247,-2.3888528,-0.512239,3,walking
1519421787514,-7.9803963,-2.4463003,-0.32074776,3,walking
1519421787519,-7.9899707,-2.4367256,-0.30159867,3,walking
1519421787524,-8.018694,-2.3505547,-0.18670394,3,walking
1519421787530,-8.056993,-2.3122563,-0.13883112,3,walking
1519421787535,-8.076141,-2.254809,-0.12925656,3,walking
1519421787540,-8.076141,-2.168638,-0.11968201,3,walking
1519421787546,-8.133589,-2.015445,-0.062234644,3,walking
1519421787550,-8.210186,-1.8048047,-0.05266008,3,walking
1519421787556,-8.210186,-1.8048047,-0.05266008,3,walking
1519421787561,-8.32508,-1.5941644,-0.043085523,3,walking
1519421787566,-8.372953,-1.5367169,-0.062234644,3,walking
1519421787571,-8.497422,-1.4122477,-0.13883112,3,walking
1519421787578,-8.813383,-1.2877784,-0.19627848,3,walking
1519421787583,-8.889979,-1.2494801,-0.23457673,3,walking
1519421787588,-8.9761505,-1.2111819,-0.25372586,3,walking
1519421787593,-9.024023,-1.1537346,-0.25372586,3,walking
1519421787603,-9.244238,-1.0675635,-0.40691882,3,walking
1519421787608,-9.397431,-1.0962871,-0.46436617,3,walking
1519421787613,-9.598496,-1.1728836,-0.46436617,3,walking
1519421787619,-9.703817,-1.2303311,-0.42606795,3,walking
1519421787625,-9.828286,-1.2973529,-0.45479164,3,walking
1519421787630,-9.904882,-1.3739494,-0.46436617,3,walking
1519421787635,-10.000628,-1.5175679,-0.512239,3,walking
1519421787640,-10.019777,-1.5558661,-0.47394073,3,walking
1519421787644,-10.058076,-1.6324625,-0.50266445,3,walking
1519421787653,-10.29744,-1.9579976,-0.49308985,3,walking
1519421787658,-10.393186,-2.0824668,-0.54096264,3,walking
1519421787663,-10.488931,-2.168638,-0.5313881,3,walking
1519421787673,-10.881488,-2.321831,-0.512239,3,walking
1519421787680,-10.996383,-2.3505547,-0.512239,3,walking
1519421787684,-11.1208515,-2.3697038,-0.54096264,3,walking
1519421787689,-11.312344,-2.3122563,-0.6845811,3,walking
1519421787694,-11.408089,-2.321831,-0.7228793,3,walking
1519421787703,-11.590006,-2.2356598,-0.91437054,3,walking
1519421787709,-11.771922,-2.1303396,-1.1537346,3,walking
1519421787714,-11.848518,-2.0633178,-1.2590547,3,walking
1519421787718,-11.896391,-1.9867213,-1.3069274,3,walking
1519421787723,-11.905966,-1.8526775,-1.469695,3,walking
1519421787728,-11.858093,-1.7856555,-1.4888442,3,walking
1519421787733,-11.762347,-1.7377827,-1.5750152,3,walking
1519421787743,-11.542132,-1.5654407,-1.6994845,3,walking
1519421787748,-11.503835,-1.5367169,-1.8526775,3,walking
1519421787753,-11.59958,-1.469695,-1.9867213,3,walking
1519421787763,-12.499589,-1.4984187,-2.4845984,3,walking
1519421787768,-12.8538475,-1.6707608,-2.5228968,3,walking
1519421787774,-13.102786,-2.015445,-2.4463003,3,walking
1519421787779,-13.255979,-2.7814097,-1.9388485,3,walking
1519421787785,-13.188957,-3.193116,-1.6516117,3,walking
1519421787789,-13.016615,-3.5569491,-1.4313968,3,walking
1519421787794,-12.7964,-3.8346114,-1.2303311,3,walking
1519421787799,-12.308098,-4.284616,-0.7994758,3,walking
1519421787804,-11.982562,-4.504831,-0.665432,3,walking
1519421787808,-11.685751,-4.6867476,-0.5792609,3,walking
1519421787813,-11.15915,-4.849515,-0.5313881,3,walking
1519421787818,-10.938935,-4.772918,-0.6079846,3,walking
1519421787823,-10.776168,-4.6388745,-0.7324539,3,walking
1519421787833,-10.393186,-4.0356774,-1.2016073,3,walking
1519421787838,-10.287866,-3.7675896,-1.4122477,3,walking
1519421787843,-10.239992,-3.4133308,-1.6516117,3,walking
1519421787853,-10.374036,-2.360129,-2.101616,3,walking
1519421787858,-10.498506,-2.0728924,-2.2835326,3,walking
1519421787863,-10.680422,-1.8239537,-2.3888528,3,walking
1519421787869,-11.063405,-1.4888442,-2.494173,3,walking
1519421787874,-11.293194,-1.3452257,-2.5228968,3,walking
1519421787879,-11.532558,-1.2590547,-2.666515,3,walking
1519421787884,-11.752773,-1.2494801,-2.7239625,3,walking
1519421787889,-12.116607,-1.2782038,-2.800559,3,walking
1519421787894,-12.221927,-1.3356512,-2.7909844,3,walking
1519421787899,-12.35597,-1.4409714,-2.8101335,3,walking
1519421787905,-12.3463955,-1.4505459,-2.800559,3,walking
1519421787909,-12.298523,-1.4984187,-2.714388,3,walking
1519421787915,-12.231501,-1.5367169,-2.666515,3,walking
1519421787920,-11.953838,-1.4984187,-2.513322,3,walking
1519421787925,-11.867668,-1.5079932,-2.494173,3,walking
1519421787930,-11.72405,-1.5079932,-2.3697038,3,walking
1519421787937,-11.187874,-1.5271424,-2.0058703,3,walking
1519421787942,-11.092129,-1.5462915,-1.8431029,3,walking
1519421787948,-10.958084,-1.5654407,-1.776081,3,walking
1519421787953,-10.833615,-1.5367169,-1.7282082,3,walking
1519421787959,-10.632549,-1.4984187,-1.6133134,3,walking
1519421787964,-10.555953,-1.4984187,-1.6516117,3,walking
1519421787968,-10.421909,-1.5271424,-1.6707608,3,walking
1519421787973,-10.278291,-1.5079932,-1.79523,3,walking
1519421787979,-10.0868,-1.5079932,-2.0441687,3,walking
1519421787984,-9.991054,-1.4409714,-2.168638,3,walking
1519421787989,-9.761265,-1.3548003,-2.3314054,3,walking
1519421787994,-9.703817,-1.3165021,-2.3792782,3,walking
1519421788003,-9.454879,-1.2111819,-2.4175766,3,walking
1519421788012,-9.052747,-1.2303311,-2.34098,3,walking
1519421788018,-8.909128,-1.1058618,-2.2739582,3,walking
1519421788024,-8.755936,-1.0771381,-2.2165108,3,walking
1519421788028,-8.535721,-1.0005416,-2.0537431,3,walking
1519421788034,-8.506997,-1.0292653,-1.9867213,3,walking
1519421788039,-8.334655,-1.1250108,-1.8526775,3,walking
1519421788044,-8.191036,-1.1633091,-1.6994845,3,walking
1519421788049,-7.922949,-1.2016073,-1.5079932,3,walking
1519421788054,-7.8655014,-1.1250108,-1.5750152,3,walking
1519421788059,-7.846352,-1.0005416,-1.7665064,3,walking
1519421788064,-7.846352,-1.0005416,-1.7665064,3,walking
1519421788069,-7.8176284,-1.1154363,-2.1111906,3,walking
1519421788075,-7.635712,-1.383524,-2.34098,3,walking
1519421788080,-8.066567,-1.79523,-3.2505634,3,walking
1519421788085,-8.066567,-2.101616,-3.7388659,3,walking
1519421788090,-8.104865,-2.3888528,-4.1122737,3,walking
1519421788095,-8.286782,-2.2835326,-4.2941904,3,walking
1519421788100,-8.44955,-1.6994845,-3.4037561,3,walking
1519421788105,-8.641041,-1.2590547,-2.5037475,3,walking
1519421788110,-8.478273,-0.9526688,0.110107444,3,walking
1519421788117,-7.35805,-1.5845897,-0.47394073,3,walking
1519421788122,-8.056993,-0.014361841,-0.2920241,3,walking
1519421788128,-8.152739,0.512239,-0.12925656,3,walking
1519421788133,-7.3676243,-0.10053288,-0.30159867,3,walking
1519421788138,-7.2718787,-1.5941644,0.54096264,3,walking
1519421788143,-7.6452866,-1.8048047,0.5888355,3,walking
1519421788180,-7.7314577,-1.9675722,-0.17712937,3,walking
1519421788185,-7.7314577,-1.9675722,-0.17712937,3,walking
1519421788189,-7.4442205,-2.3888528,-0.32074776,3,walking
1519421788193,-7.4059224,-2.5420458,-0.512239,3,walking
1519421788198,-7.348475,-2.6952388,-0.69415563,3,walking
1519421788202,-7.3389006,-2.8292825,-0.8473486,3,walking
1519421788212,-7.310177,-3.059072,-0.9526688,3,walking
1519421788217,-7.3389006,-3.1165195,-0.92394507,3,walking
1519421788222,-7.3676243,-3.0686467,-0.90479594,3,walking
1519421788228,-7.434646,-2.8580062,-0.6558574,3,walking
1519421788233,-7.3867736,-2.6856642,-0.512239,3,walking
1519421788241,-7.2240057,-2.408002,-0.3398969,3,walking
1519421788248,-7.089962,-2.3505547,-0.28244954,3,walking
1519421788253,-7.0612383,-2.3314054,-0.23457673,3,walking
1519421788262,-6.984642,-2.360129,-0.14840569,3,walking
1519421788268,-6.9176197,-2.2835326,-0.09095833,3,walking
1519421788273,-6.9463434,-2.2260852,-0.05266008,3,walking
1519421788278,-7.042089,-2.0824668,-0.023936402,3,walking
1519421788284,-7.0612383,-2.0824668,0.014361841,3,walking
1519421788293,-7.156984,-2.0441687,0.043085523,3,walking
1519421788301,-7.5303917,-1.8335283,0.014361841,3,walking
1519421788307,-7.721883,-1.7377827,0.014361841,3,walking
1519421788313,-7.9325233,-1.6611862,0.014361841,3,walking
1519421788318,-8.363379,-1.5462915,0.03351096,3,walking
1519421788323,-8.535721,-1.4984187,0.0,3,walking
1519421788328,-8.803808,-1.4313968,0.00478728,3,walking
1519421788335,-8.995299,-1.4313968,0.023936402,3,walking
1519421788340,-9.64637,-1.4122477,0.13883112,3,walking
1519421788346,-9.799562,-1.3643749,0.12925656,3,walking
1519421788352,-9.96233,-1.3356512,0.11968201,3,walking
1519421788357,-10.182545,-1.383524,0.062234644,3,walking
1519421788363,-10.345312,-1.3548003,0.023936402,3,walking
1519421788368,-10.460207,-1.4122477,-0.09095833,3,walking
1519421788373,-10.536804,-1.4218222,-0.2441513,3,walking
1519421788378,-10.498506,-1.4888442,-0.34947145,3,walking
1519421788383,-10.527229,-1.5558661,-0.5313881,3,walking
1519421788388,-10.575102,-1.8048047,-0.751603,3,walking
1519421788393,-10.584677,-1.9196993,-0.8281995,3,walking
1519421788398,-10.431483,-2.0633178,-0.8090504,3,walking
1519421788403,-10.412334,-2.1590633,-0.83777404,3,walking
1519421788408,-10.230418,-2.321831,-0.6845811,3,walking
1519421788414,-10.19212,-2.3888528,-0.5888355,3,walking
1519421788419,-10.029352,-2.513322,-0.32074776,3,walking
1519421788424,-9.991054,-2.513322,-0.14840569,3,walking
1519421788429,-9.952756,-2.5899186,-0.00478728,3,walking
1519421788434,-10.019777,-2.5324712,0.15798025,3,walking
1519421788439,-10.144247,-2.513322,0.359046,3,walking
1519421788444,-10.249567,-2.4654493,0.5313881,3,walking
1519421788449,-10.622974,-2.2165108,0.34947145,3,walking
1519421788454,-10.977234,-2.034594,0.17712937,3,walking
1519421788460,-11.379365,-1.8431029,-0.05266008,3,walking
1519421788465,-11.886817,-1.6707608,-0.18670394,3,walking
1519421788470,-12.777251,-1.4409714,-0.6079846,3,walking
1519421788477,-13.141085,-1.4409714,-0.7420284,3,walking
1519421788483,-12.987891,-1.4792696,-0.7324539,3,walking
1519421788487,-12.7964,-1.5271424,-0.78032666,3,walking
1519421788493,-12.557036,-1.5750152,-0.83777404,3,walking
1519421788529,-9.722966,-2.2260852,0.0,3,walking
1519421788535,-9.722966,-2.2260852,0.0,3,walking
1519421788540,-9.196365,-2.168638,0.12925656,3,walking
1519421788546,-9.014449,-2.1590633,0.13883112,3,walking
1519421788551,-9.043172,-2.1111906,0.110107444,3,walking
1519421788557,-9.20594,-2.0633178,0.11968201,3,walking
1519421788562,-9.464453,-1.9101248,0.062234644,3,walking
1519421788571,-10.6134,-1.5941644,-0.25372586,3,walking
1519421788576,-11.044255,-1.469695,-0.39734426,3,walking
1519421788581,-11.542132,-1.4122477,-0.5505372,3,walking
1519421788588,-12.614484,-1.3356512,-0.99096704,3,walking
1519421788593,-13.141085,-1.2494801,-1.2303311,3,walking
1519421788597,-13.476193,-1.2016073,-1.3452257,3,walking
1519421788603,-13.715558,-1.0962871,-1.5175679,3,walking
1519421788670,-10.29744,-2.2643836,-1.709059,3,walking
1519421788677,-10.048501,-2.2069361,-1.3260766,3,walking
1519421788683,-9.914457,-2.2260852,-1.1824582,3,walking
1519421788687,-9.742115,-2.187787,-1.0867126,3,walking
1519421788693,-9.5889225,-2.2356598,-1.0196906,3,walking
1519421788697,-9.20594,-2.6377914,-1.0005416,3,walking
1519421788702,-8.985725,-2.9441774,-1.0196906,3,walking
1519421788711,-8.650616,-3.7292912,-1.4601204,3,walking
1519421788717,-8.200611,-4.4473834,-1.6899099,3,walking
1519421788721,-7.9325233,-4.581427,-2.0441687,3,walking
1519421788730,-7.2335806,-4.6771727,-2.7814097,3,walking
1519421788737,-7.156984,-4.2271686,-2.867581,3,walking
1519421788741,-7.281453,-3.6814184,-2.6282167,3,walking
1519421788747,-7.0612383,-1.776081,-2.1207652,3,walking
1519421788751,-6.668681,-0.71330476,-1.8431029,3,walking
1519421788756,-6.47719,0.014361841,-1.5271424,3,walking
1519421788761,-6.410168,0.47394073,-1.0484143,3,walking
1519421788767,-6.333572,0.6845811,0.00478728,3,walking
1519421788772,-6.3622956,0.90479594,0.2441513,3,walking
1519421788777,-6.5537868,1.2590547,0.4164934,3,walking
1519421788782,-6.410168,1.4409714,0.69415563,3,walking
1519421788787,-6.3622956,1.5845897,1.2016073,3,walking
1519421788793,-6.5825105,1.4888442,1.3260766,3,walking
1519421788797,-6.7069798,0.9430942,1.622888,3,walking
1519421788801,-6.7069798,0.9430942,1.622888,3,walking
1519421788807,-6.869747,0.49308985,1.4888442,3,walking
1519421788811,-6.9559183,0.11968201,1.2973529,3,walking
1519421788820,-7.310177,-0.71330476,0.78032666,3,walking
1519421788827,-7.635712,-1.1058618,0.5313881,3,walking
1519421788831,-7.7123084,-1.1058618,0.34947145,3,walking
1519421788836,-7.741032,-0.9718179,0.17712937,3,walking
1519421788842,-7.788905,-1.0196906,0.014361841,3,walking
1519421788847,-7.855927,-1.1633091,-0.062234644,3,walking
1519421788852,-7.9133744,-1.3643749,-0.11968201,3,walking
1519421788857,-8.104865,-1.7282082,-0.3877697,3,walking
1519421788862,-8.210186,-1.8526775,-0.50266445,3,walking
1519421788867,-8.363379,-1.9101248,-0.56968635,3,walking
1519421788872,-8.698488,-1.862252,-0.6750065,3,walking
1519421788878,-8.746361,-1.8526775,-0.6558574,3,walking
1519421788883,-8.861256,-1.7186337,-0.6079846,3,walking
1519421788888,-8.899554,-1.5462915,-0.50266445,3,walking
1519421788893,-8.928278,-1.4888442,-0.4835153,3,walking
1519421788898,-8.957002,-1.3739494,-0.37819514,3,walking
1519421788903,-8.9761505,-1.2207564,-0.37819514,3,walking
1519421788908,-8.966576,-0.85692316,-0.2154276,3,walking
1519421788913,-8.985725,-0.7228793,-0.22500217,3,walking
1519421788918,-8.937852,-0.4835153,0.0,3,walking
1519421788923,-8.918703,-0.4356425,0.023936402,3,walking
1519421788928,-8.803808,-0.46436617,0.12925656,3,walking
1519421788934,-8.765511,-0.49308985,0.2154276,3,walking
1519421788939,-8.717637,-0.5505372,0.33032233,3,walking
1519421788944,-8.7750845,-0.5792609,0.2920241,3,walking
1519421788949,-8.746361,-0.64628285,0.23457673,3,walking
1519421788954,-8.765511,-0.77075213,0.25372586,3,walking
1519421788959,-8.717637,-0.8473486,0.23457673,3,walking
1519421788964,-8.727212,-0.92394507,0.17712937,3,walking
1519421788969,-8.746361,-0.98139244,0.11968201,3,walking
1519421788974,-8.746361,-0.98139244,0.11968201,3,walking
1519421788980,-8.947427,-1.0771381,0.110107444,3,walking
1519421788990,-9.368708,-1.1250108,0.11968201,3,walking
1519421788995,-9.378282,-1.1920328,0.18670394,3,walking
1519421789000,-9.502751,-1.2207564,0.18670394,3,walking
1519421789006,-9.684668,-1.2399056,0.18670394,3,walking
1519421789011,-9.770839,-1.2016073,0.16755481,3,walking
1519421789016,-9.914457,-1.0579889,0.03351096,3,walking
1519421789022,-10.000628,-1.0292653,-0.05266008,3,walking
1519421789027,-10.182545,-0.91437054,-0.11968201,3,walking
1519421789032,-10.287866,-0.8760723,-0.12925656,3,walking
1519421789037,-10.651698,-0.83777404,-0.25372586,3,walking
1519421789042,-10.814466,-0.7994758,-0.27287498,3,walking
1519421789047,-10.900637,-0.8281995,-0.2154276,3,walking
1519421789055,-11.197449,-0.90479594,-0.28244954,3,walking
1519421789059,-11.274045,-0.8952214,-0.25372586,3,walking
1519421789063,-11.36979,-0.85692316,-0.3111732,3,walking
1519421789068,-11.72405,-0.8473486,-0.2154276,3,walking
1519421789072,-11.771922,-0.8473486,-0.17712937,3,walking
1519421789078,-11.848518,-0.8952214,-0.17712937,3,walking
1519421789082,-11.886817,-0.91437054,-0.16755481,3,walking
1519421789088,-11.905966,-0.9622433,-0.09095833,3,walking
1519421789093,-11.858093,-0.99096704,-0.081383765,3,walking
1519421789098,-11.7336235,-1.0292653,-0.13883112,3,walking
1519421789103,-11.666602,-1.0101161,-0.12925656,3,walking
1519421789108,-11.532558,-1.0101161,-0.16755481,3,walking
1519421789118,-11.1208515,-0.9718179,-0.39734426,3,walking
1519421789122,-10.938935,-0.9718179,-0.47394073,3,walking
1519421789127,-10.747444,-0.92394507,-0.50266445,3,walking
1519421789131,-10.584677,-0.8856468,-0.6079846,3,walking
1519421789136,-10.421909,-0.8473486,-0.6845811,3,walking
1519421789140,-10.230418,-0.85692316,-0.69415563,3,walking
1519421789146,-10.0868,-0.8664977,-0.76117754,3,walking
1519421789151,-9.828286,-0.9526688,-0.8952214,3,walking
1519421789155,-9.7899885,-0.9526688,-1.0579889,3,walking
1519421789160,-9.866585,-0.98139244,-1.2399056,3,walking
1519421789166,-10.546378,-0.90479594,-1.929274,3,walking
1519421789170,-11.197449,-0.90479594,-2.2260852,3,walking
1519421789182,-12.624058,-1.1728836,-2.3984275,3,walking
1519421789186,-13.6676855,-1.8814012,-1.9675722,3,walking
1519421789191,-13.868751,-2.3792782,-1.6133134,3,walking
1519421789233,-10.958084,-2.7814097,-0.751603,3,walking
1519421789241,-10.728295,-2.5228968,-0.9526688,3,walking
1519421789249,-10.393186,-2.0250196,-1.3452257,3,walking
1519421789255,-10.326163,-1.709059,-1.5558661,3,walking
1519421789260,-10.383611,-1.1920328,-1.9771467,3,walking
1519421789265,-10.517654,-0.98139244,-2.1973617,3,walking
1519421789270,-10.670848,-0.8090504,-2.4367256,3,walking
1519421789276,-11.082554,-0.6271337,-2.7622607,3,walking
1519421789280,-11.245321,-0.6271337,-2.8292825,3,walking
1519421789285,-11.417664,-0.70373017,-2.9154537,3,walking
1519421789290,-11.590006,-0.83777404,-2.9920502,3,walking
1519421789296,-11.9346895,-1.1345854,-2.9537518,3,walking
1519421789300,-12.087883,-1.2973529,-2.8484318,3,walking
1519421789305,-12.2410755,-1.4505459,-2.7718353,3,walking
1519421789310,-12.451715,-1.8143792,-2.580344,3,walking
1519421789315,-12.499589,-1.948423,-2.4463003,3,walking
1519421789320,-12.480439,-2.0728924,-2.3026817,3,walking
1519421789325,-12.2410755,-2.3122563,-2.101616,3,walking
1519421789329,-12.107032,-2.321831,-2.015445,3,walking
1519421789335,-11.9346895,-2.1973617,-1.9579976,3,walking
1519421789340,-11.637878,-2.0728924,-1.8718265,3,walking
1519421789345,-11.398514,-1.9675722,-1.8718265,3,walking
1519421789350,-10.651698,-1.6899099,-2.0920415,3,walking
1519421789354,-10.307014,-1.5462915,-2.1973617,3,walking
1519421789359,-10.019777,-1.4792696,-2.3505547,3,walking
1519421789365,-9.818711,-1.4409714,-2.475024,3,walking
1519421789370,-9.560199,-1.4026731,-2.752686,3,walking
1519421789375,-9.483603,-1.3739494,-2.972901,3,walking
1519421789380,-9.560199,-1.2494801,-3.1165195,3,walking
1519421789385,-9.483603,-1.0771381,-3.173967,3,walking
1519421789390,-9.397431,-0.9430942,-3.173967,3,walking
1519421789395,-9.100619,-1.14416,-2.9633265,3,walking
1519421789400,-9.014449,-1.4984187,-2.647366,3,walking
1519421789405,-8.880404,-1.8335283,-2.360129,3,walking
1519421789410,-8.803808,-2.0537431,-1.9675722,3,walking
1519421789415,-8.794233,-2.168638,-1.5558661,3,walking
1519421789420,-8.32508,-2.3314054,-1.0867126,3,walking
1519421789425,-8.382527,-2.149489,-0.8186249,3,walking
1519421789430,-8.621892,-2.0250196,-0.78032666,3,walking
1519421789435,-8.5740185,-2.1590633,-0.6750065,3,walking
1519421789439,-8.516571,-2.5228968,-0.32074776,3,walking
1519421789444,-8.439975,-2.4558747,-0.3111732,3,walking
1519421789449,-8.315506,-2.427151,-0.22500217,3,walking
1519421789455,-8.353804,-2.3792782,-0.20585304,3,walking
1519421789459,-8.420826,-2.2260852,-0.3398969,3,walking
1519421789465,-8.34423,-2.2069361,-0.46436617,3,walking
1519421789470,-8.32508,-2.1303396,-0.54096264,3,walking
1519421789475,-8.277207,-2.015445,-0.78032666,3,walking
1519421789479,-8.191036,-1.9579976,-0.9718179,3,walking
1519421789485,-8.124015,-1.9771467,-1.1250108,3,walking
1519421789489,-8.104865,-1.9388485,-1.2494801,3,walking
1519421789495,-7.999545,-1.948423,-1.4218222,3,walking
1519421789500,-7.9325233,-1.9579976,-1.5079932,3,walking
1519421789505,-7.7506065,-2.1207652,-1.6803354,3,walking
1519421789510,-7.702734,-2.2069361,-1.7856555,3,walking
1519421789515,-7.7123084,-2.3026817,-1.8048047,3,walking
1519421789520,-7.6835847,-2.3888528,-1.9005502,3,walking
1519421789525,-7.654861,-2.4367256,-1.948423,3,walking
1519421789529,-7.5974135,-2.4367256,-1.9196993,3,walking
1519421789535,-7.5974135,-2.427151,-1.9579976,3,walking
1519421789539,-7.5591154,-2.408002,-1.948423,3,walking
1519421789545,-7.511243,-2.475024,-1.9579976,3,walking
1519421789550,-7.5591154,-2.4175766,-1.9388485,3,walking
1519421789555,-7.5303917,-2.408002,-1.9101248,3,walking
1519421789560,-7.5303917,-2.427151,-1.8526775,3,walking
1519421789565,-7.511243,-2.3792782,-1.7282082,3,walking
1519421789569,-7.4920936,-2.3122563,-1.6324625,3,walking
1519421789575,-7.4442205,-2.254809,-1.4409714,3,walking
1519421789580,-7.4442205,-2.254809,-1.4409714,3,walking
1519421789585,-7.482519,-2.168638,-1.3643749,3,walking
1519421789590,-7.5208173,-2.1207652,-1.2973529,3,walking
1519421789595,-7.5208173,-2.1111906,-1.1920328,3,walking
1519421789600,-7.5974135,-2.0537431,-1.0675635,3,walking
1519421789605,-7.6261373,-2.0250196,-1.0388398,3,walking
1519421789610,-7.6452866,-2.0058703,-1.0005416,3,walking
1519421789615,-7.664436,-2.0058703,-0.99096704,3,walking
1519421789621,-7.6452866,-2.034594,-0.9718179,3,walking
1519421789626,-7.7123084,-2.1207652,-1.0484143,3,walking
1519421789631,-7.7123084,-2.2165108,-1.1154363,3,walking
1519421789636,-7.693159,-2.2452345,-1.1728836,3,walking
1519421789641,-7.693159,-2.2739582,-1.2494801,3,walking
1519421789646,-7.693159,-2.2260852,-1.2782038,3,walking
1519421789651,-7.693159,-2.2452345,-1.3452257,3,walking
1519421789657,-7.693159,-2.2356598,-1.4313968,3,walking
1519421789661,-7.693159,-2.149489,-1.4218222,3,walking
1519421789667,-7.6740103,-2.101616,-1.5175679,3,walking
1519421789677,-7.6740103,-2.015445,-1.6324625,3,walking
1519421789682,-7.721883,-2.015445,-1.5941644,3,walking
1519421789687,-7.808054,-1.9771467,-1.6133134,3,walking
1519421789691,-7.846352,-1.948423,-1.5654407,3,walking
1519421789695,-7.9133744,-1.929274,-1.5462915,3,walking
1519421789700,-7.9516726,-2.0058703,-1.5079932,3,walking
1519421789704,-8.191036,-2.015445,-1.4601204,3,walking
1519421789709,-8.315506,-2.0537431,-1.469695,3,walking
1519421789714,-8.516571,-2.0537431,-1.4792696,3,walking
1519421789719,-8.698488,-2.034594,-1.5079932,3,walking
1519421789725,-8.861256,-2.0728924,-1.469695,3,walking
1519421789729,-9.225089,-1.9867213,-1.3930986,3,walking
1519421789734,-9.378282,-2.015445,-1.3260766,3,walking
1519421789741,-9.512326,-2.015445,-1.2973529,3,walking
1519421789745,-9.732541,-1.9771467,-1.2207564,3,walking
1519421789749,-9.809137,-1.9675722,-1.14416,3,walking
1519421789755,-9.876159,-1.9388485,-1.0675635,3,walking
1519421789759,-9.876159,-1.9196993,-1.0292653,3,walking
1519421789764,-9.914457,-1.9196993,-1.0005416,3,walking
1519421789770,-9.943181,-1.8335283,-0.92394507,3,walking
1519421789775,-9.991054,-1.6899099,-0.8664977,3,walking
1519421789779,-10.000628,-1.6324625,-0.8186249,3,walking
1519421789784,-10.077225,-1.5845897,-0.8473486,3,walking
1519421789790,-10.134672,-1.5271424,-0.7994758,3,walking
1519421789794,-10.364462,-1.5079932,-0.70373017,3,walking
1519421789799,-10.460207,-1.5462915,-0.56011176,3,walking
1519421789804,-10.565528,-1.622888,-0.42606795,3,walking
1519421789809,-10.71872,-1.6611862,-0.25372586,3,walking
1519421789814,-10.843189,-1.7282082,-0.00478728,3,walking
1519421789819,-11.015532,-1.7856555,0.42606795,3,walking
1519421789824,-11.082554,-1.79523,0.6271337,3,walking
1519421789829,-11.140001,-1.776081,0.85692316,3,walking
1519421789834,-11.302769,-1.7473572,1.0005416,3,walking
1519421789839,-11.446387,-1.6420372,1.3643749,3,walking
1519421789844,-11.590006,-1.5079932,1.383524,3,walking
1519421789849,-11.82937,-1.3069274,1.3548003,3,walking
1519421789854,-12.786825,-0.85692316,0.91437054,3,walking
1519421789859,-13.370873,-0.59841,0.5218136,3,walking
1519421789869,-14.414501,-0.2920241,-0.44521707,3,walking
1519421789874,-14.424075,-0.18670394,-0.69415563,3,walking
1519421789879,-14.20386,-0.19627848,-0.8856468,3,walking
1519421789885,-13.907049,-0.17712937,-0.8760723,3,walking
1519421789930,-7.12826,-1.8143792,0.8664977,3,walking
1519421789938,-6.821874,-1.8718265,0.90479594,3,walking
1519421789946,-6.2091026,-1.9196993,0.6845811,3,walking
1519421789953,-6.3814445,-1.9962958,0.49308985,3,walking
1519421789958,-6.6878304,-1.9675722,0.3111732,3,walking
1519421789963,-7.5208173,-2.0728924,0.03351096,3,walking
1519421789967,-7.9803963,-2.1973617,-0.14840569,3,walking
1519421789972,-8.497422,-2.2260852,-0.2920241,3,walking
1519421789976,-9.071896,-2.254809,-0.37819514,3,walking
1519421789980,-9.608071,-2.2835326,-0.49308985,3,walking
1519421789985,-10.211268,-2.3505547,-0.56968635,3,walking
1519421789992,-11.28362,-2.4558747,-0.751603,3,walking
1519421789996,-11.714475,-2.580344,-0.7420284,3,walking
1519421790000,-12.145329,-2.666515,-0.77075213,3,walking
1519421790044,-11.28362,-3.2409887,-1.4026731,3,walking
1519421790053,-10.919786,-3.1356685,-1.4218222,3,walking
1519421790061,-10.555953,-2.905879,-1.3452257,3,walking
1519421790069,-10.249567,-2.6952388,-1.2399056,3,walking
1519421790075,-10.172971,-2.580344,-1.2207564,3,walking
1519421790079,-10.029352,-2.513322,-1.2016073,3,walking
1519421790084,-9.943181,-2.4654493,-1.1345854,3,walking
1519421790089,-9.7899885,-2.427151,-1.1920328,3,walking
1519421790094,-9.703817,-2.408002,-1.1920328,3,walking
1519421790099,-9.655944,-2.321831,-1.2494801,3,walking
1519421790104,-9.579348,-2.1973617,-1.2399056,3,walking
1519421790109,-9.474028,-2.168638,-1.1920328,3,walking
1519421790115,-9.407005,-2.2069361,-1.1920328,3,walking
1519421790120,-9.272962,-2.2260852,-1.0771381,3,walking
1519421790125,-9.253813,-2.2165108,-1.1633091,3,walking
1519421790129,-9.20594,-2.2260852,-1.1345854,3,walking
1519421790134,-9.167642,-2.2452345,-1.1250108,3,walking
1519421790139,-9.148493,-2.2643836,-1.1250108,3,walking
1519421790144,-9.062322,-2.1973617,-1.2016073,3,walking
1519421790150,-9.071896,-2.1399143,-1.2207564,3,walking
1519421790155,-8.985725,-2.149489,-1.2207564,3,walking
1519421790160,-8.822957,-2.1399143,-1.1824582,3,walking
1519421790165,-8.708063,-2.168638,-1.1728836,3,walking
1519421790170,-8.459125,-2.254809,-1.1154363,3,walking
1519421790175,-8.353804,-2.2643836,-1.1154363,3,walking
1519421790180,-8.11444,-2.2260852,-1.0867126,3,walking
1519421790185,-8.00912,-2.2260852,-1.1345854,3,walking
1519421790189,-8.00912,-2.2260852,-1.1345854,3,walking
1519421790194,-7.8367777,-2.321831,-1.0675635,3,walking
1519421790204,-7.5782647,-2.561195,-1.0005416,3,walking
1519421790209,-7.5782647,-2.561195,-1.0005416,3,walking
1519421790213,-7.4059224,-2.6282167,-0.9526688,3,walking
1519421790219,-7.3197513,-2.6856642,-0.9526688,3,walking
1519421790224,-7.204857,-2.7431116,-0.9622433,3,walking
1519421790229,-7.204857,-2.7431116,-0.9622433,3,walking
1519421790234,-7.12826,-2.8292825,-0.90479594,3,walking
1519421790240,-7.0995364,-2.8484318,-0.8760723,3,walking
1519421790245,-7.0612383,-2.88673,-0.8760723,3,walking
1519421790249,-7.0708127,-2.9441774,-0.8664977,3,walking
1519421790255,-7.051664,-2.9441774,-0.90479594,3,walking
1519421790259,-7.0803876,-2.972901,-0.8856468,3,walking
1519421790263,-7.1091113,-2.9920502,-0.93351966,3,walking
1519421790269,-7.1091113,-2.9250283,-0.8856468,3,walking
1519421790274,-7.1186857,-2.905879,-0.8760723,3,walking
1519421790279,-7.1474094,-2.8580062,-0.8473486,3,walking
1519421790283,-7.1857076,-2.7622607,-0.77075213,3,walking
1519421790289,-7.281453,-2.666515,-0.77075213,3,walking
1519421790294,-7.2910275,-2.5707695,-0.751603,3,walking
1519421790300,-7.4154973,-2.3505547,-0.56968635,3,walking
1519421790305,-7.549541,-2.2356598,-0.56968635,3,walking
1519421790309,-7.5782647,-2.168638,-0.5313881,3,walking
1519421790314,-7.664436,-2.149489,-0.50266445,3,walking
1519421790319,-7.721883,-2.0537431,-0.54096264,3,walking
1519421790324,-7.875076,-2.034594,-0.6079846,3,walking
1519421790329,-8.037844,-2.0728924,-0.64628285,3,walking
1519421790335,-8.037844,-2.0537431,-0.7420284,3,walking
1519421790340,-8.143164,-2.0441687,-0.78032666,3,walking
1519421790345,-8.210186,-1.9771467,-0.8281995,3,walking
1519421790350,-8.277207,-1.9101248,-0.92394507,3,walking
1519421790355,-8.277207,-1.862252,-0.92394507,3,walking
1519421790360,-8.4686985,-1.7377827,-1.0484143,3,walking
1519421790365,-8.4686985,-1.7186337,-1.0292653,3,walking
1519421790369,-8.4686985,-1.7186337,-1.0292653,3,walking
1519421790374,-8.4686985,-1.7186337,-1.0292653,3,walking
1519421790379,-8.688913,-1.5558661,-1.2782038,3,walking
1519421790384,-8.822957,-1.469695,-1.4792696,3,walking
1519421790389,-8.880404,-1.383524,-1.4792696,3,walking
1519421790395,-8.918703,-1.3452257,-1.4409714,3,walking
1519421790400,-8.985725,-1.2590547,-1.4888442,3,walking
1519421790405,-9.091045,-1.2494801,-1.6037389,3,walking
1519421790410,-9.138918,-1.2207564,-1.5558661,3,walking
1519421790415,-9.167642,-1.3165021,-1.6133134,3,walking
1519421790420,-9.18679,-1.3643749,-1.6324625,3,walking
1519421790425,-9.253813,-1.3452257,-1.6516117,3,walking
1519421790430,-9.31126,-1.3930986,-1.6516117,3,walking
1519421790435,-9.368708,-1.3930986,-1.7186337,3,walking
1519421790439,-9.426155,-1.4313968,-1.6899099,3,walking
1519421790444,-9.445304,-1.4505459,-1.6707608,3,walking
1519421790449,-9.636795,-1.4601204,-1.6611862,3,walking
1519421790454,-9.770839,-1.5367169,-1.5941644,3,walking
1519421790459,-9.828286,-1.5941644,-1.5079932,3,walking
1519421790465,-9.866585,-1.6899099,-1.4505459,3,walking
1519421790469,-9.943181,-1.7569319,-1.4026731,3,walking
1519421790474,-10.058076,-1.9101248,-1.3069274,3,walking
1519421790480,-10.125097,-2.1111906,-1.0771381,3,walking
1519421790485,-10.19212,-2.2165108,-1.0388398,3,walking
1519421790490,-10.307014,-2.3697038,-0.92394507,3,walking
1519421790495,-10.345312,-2.3888528,-0.8856468,3,walking
1519421790506,-10.326163,-2.2643836,-0.9430942,3,walking
1519421790513,-10.153821,-2.168638,-1.14416,3,walking
1519421790518,-10.153821,-2.168638,-1.14416,3,walking
1519421790524,-9.914457,-1.9867213,-1.2973529,3,walking
1519421790529,-9.64637,-1.8335283,-1.4313968,3,walking
1519421790535,-9.54105,-1.7569319,-1.6516117,3,walking
1519421790540,-9.502751,-1.709059,-1.7569319,3,walking
1519421790545,-9.445304,-1.6707608,-2.0441687,3,walking
1519421790549,-9.445304,-1.6707608,-2.0441687,3,walking
1519421790554,-9.64637,-1.622888,-2.4845984,3,walking
1519421790559,-9.933606,-1.5175679,-2.8484318,3,walking
1519421790564,-11.072979,-1.3356512,-3.5760984,3,walking
1519421790568,-11.072979,-1.3356512,-3.5760984,3,walking
1519421790575,-12.662356,-1.3356512,-4.0739756,3,walking
1519421790579,-13.255979,-1.4313968,-4.0548263,3,walking
1519421790584,-13.801729,-1.9962958,-3.604822,3,walking
1519421790588,-13.801729,-1.9962958,-3.604822,3,walking
1519421790593,-13.7730055,-2.8963046,-2.8580062,3,walking
1519421790635,-10.651698,-3.8633351,-0.19627848,3,walking
1519421790644,-10.172971,-2.9633265,-0.69415563,3,walking
1519421790655,-9.98148,-1.8718265,-1.3930986,3,walking
1519421790659,-10.010203,-1.3260766,-1.79523,3,walking
1519421790664,-10.527229,-0.05266008,-2.6856642,3,walking
1519421790669,-10.900637,0.46436617,-3.0494976,3,walking
1519421790721,-12.403843,-1.2782038,-2.7622607,3,walking
1519421790726,-12.221927,-1.6324625,-2.2835326,3,walking
1519421790730,-12.011286,-1.9196993,-1.9962958,3,walking
1519421790736,-11.72405,-2.3122563,-1.6803354,3,walking
1519421790740,-11.695326,-2.4367256,-1.5654407,3,walking
1519421790745,-11.542132,-2.5516202,-1.4409714,3,walking
1519421790749,-11.503835,-2.5707695,-1.4218222,3,walking
1519421790754,-11.475111,-2.5228968,-1.3643749,3,walking
1519421790759,-11.398514,-2.34098,-1.3739494,3,walking
1519421790763,-11.168725,-2.1590633,-1.7569319,3,walking
1519421790768,-11.168725,-2.1590633,-1.7569319,3,walking
1519421790773,-10.804892,-1.7377827,-1.79523,3,walking
1519421790778,-10.651698,-1.5462915,-1.7569319,3,walking
1519421790783,-10.517654,-1.4409714,-1.8431029,3,walking
1519421790788,-10.488931,-1.2303311,-1.929274,3,walking
1519421790794,-10.326163,-1.0005416,-2.0537431,3,walking
1519421790798,-10.172971,-0.9430942,-2.0920415,3,walking
1519421790803,-9.780414,-0.8281995,-2.0824668,3,walking
1519421790808,-9.5219,-0.8856468,-2.101616,3,walking
1519421790814,-9.320834,-0.83777404,-2.1399143,3,walking
1519421790818,-9.167642,-0.7324539,-2.015445,3,walking
1519421790823,-8.909128,-0.6750065,-1.8526775,3,walking
1519421790829,-8.506997,-0.6079846,-1.6994845,3,walking
1519421790833,-8.21976,-0.5505372,-1.5079932,3,walking
1519421790838,-8.21976,-0.5505372,-1.5079932,3,walking
1519421790843,-7.9420977,-0.76117754,-1.6611862,3,walking
1519421790849,-7.721883,-0.8760723,-1.5750152,3,walking
1519421790853,-7.434646,-0.91437054,-1.4792696,3,walking
1519421790858,-7.434646,-0.91437054,-1.4792696,3,walking
1519421790863,-7.3676243,-0.8473486,-1.469695,3,walking
1519421790868,-7.348475,-0.85692316,-1.5367169,3,walking
1519421790873,-7.281453,-0.99096704,-1.6994845,3,walking
1519421790878,-7.281453,-0.99096704,-1.6994845,3,walking
1519421790884,-7.243155,-1.1728836,-1.8143792,3,walking
1519421790889,-7.243155,-1.2016073,-1.8718265,3,walking
1519421790895,-7.3197513,-1.2111819,-1.9005502,3,walking
1519421790899,-7.329326,-1.2016073,-1.9196993,3,walking
1519421790904,-7.35805,-1.1824582,-1.9388485,3,walking
1519421790908,-7.35805,-1.1824582,-1.9388485,3,walking
1519421790913,-7.3676243,-1.1633091,-2.015445,3,walking
1519421790919,-7.3867736,-1.1728836,-1.9771467,3,walking
1519421790923,-7.4059224,-1.1728836,-2.0633178,3,walking
1519421790928,-7.4059224,-1.1728836,-2.0633178,3,walking
1519421790933,-7.4059224,-1.1824582,-1.9579976,3,walking
1519421790938,-7.434646,-1.2207564,-1.929274,3,walking
1519421790943,-7.549541,-1.2590547,-1.862252,3,walking
1519421790948,-7.549541,-1.2590547,-1.862252,3,walking
1519421790953,-7.5303917,-1.3356512,-1.8048047,3,walking
1519421790958,-7.587839,-1.3930986,-1.8335283,3,walking
1519421790963,-7.6069884,-1.4122477,-1.8143792,3,walking
1519421790968,-7.6452866,-1.4313968,-1.7665064,3,walking
1519421790973,-7.511243,-1.4409714,-1.6994845,3,walking
1519421790978,-7.5208173,-1.4313968,-1.6420372,3,walking
1519421790983,-7.501668,-1.4218222,-1.6037389,3,walking
1519421790988,-7.501668,-1.4218222,-1.6037389,3,walking
1519421790993,-7.4537954,-1.3930986,-1.6803354,3,walking
1519421790998,-7.4154973,-1.3452257,-1.7665064,3,walking
1519421791003,-7.434646,-1.2399056,-1.9675722,3,walking
1519421791009,-7.4250717,-1.1824582,-2.034594,3,walking
1519421791013,-7.4442205,-1.1537346,-2.0824668,3,walking
1519421791018,-7.4442205,-1.1537346,-2.0824668,3,walking
1519421791023,-7.4920936,-1.1154363,-2.2643836,3,walking
1519421791028,-7.4537954,-1.1345854,-2.34098,3,walking
1519421791033,-7.4059224,-1.1537346,-2.3697038,3,walking
1519421791038,-7.4154973,-1.2207564,-2.3888528,3,walking
1519421791044,-7.204857,-1.4601204,-2.168638,3,walking
1519421791049,-7.0803876,-1.5941644,-2.0824668,3,walking
1519421791055,-7.0325146,-1.6899099,-1.9867213,3,walking
1519421791064,-6.898471,-1.8526775,-1.7377827,3,walking
1519421791068,-6.850598,-1.929274,-1.622888,3,walking
1519421791073,-6.821874,-1.9867213,-1.4505459,3,walking
1519421791078,-6.821874,-1.9867213,-1.4505459,3,walking
1519421791083,-7.0612383,-2.015445,-1.3548003,3,walking
1519421791089,-7.2144313,-1.9675722,-1.3739494,3,walking
1519421791094,-7.396348,-1.9579976,-1.4122477,3,walking
1519421791099,-7.5591154,-1.9005502,-1.4601204,3,walking
1519421791104,-7.7314577,-1.8143792,-1.4984187,3,walking
1519421791109,-8.056993,-1.7186337,-1.5941644,3,walking
1519421791114,-8.353804,-1.7282082,-1.709059,3,walking
1519421791120,-8.487848,-1.7473572,-1.7473572,3,walking
1519421791126,-8.593168,-1.8239537,-1.7473572,3,walking
1519421791136,-8.803808,-1.8431029,-1.5079932,3,walking
1519421791141,-8.928278,-1.862252,-1.5175679,3,walking
1519421791148,-9.138918,-1.8909757,-1.5271424,3,walking
1519421791154,-9.397431,-2.015445,-1.5558661,3,walking
1519421791160,-9.502751,-2.0824668,-1.5271424,3,walking
1519421791166,-9.636795,-2.1111906,-1.5654407,3,walking
1519421791171,-9.8953085,-2.1782124,-1.6324625,3,walking
1519421791176,-10.000628,-2.1973617,-1.5750152,3,walking
1519421791185,-10.153821,-2.3697038,-1.6037389,3,walking
1519421791189,-10.259142,-2.4558747,-1.6324625,3,walking
1519421791193,-10.441058,-2.5899186,-1.5845897,3,walking
1519421791200,-10.460207,-2.6952388,-1.5271424,3,walking
1519421791205,-10.527229,-2.8771553,-1.3356512,3,walking
1519421791210,-10.5080805,-2.9537518,-1.3069274,3,walking
1519421791215,-10.536804,-2.972901,-1.2111819,3,walking
1519421791225,-10.622974,-3.0877957,-0.9526688,3,walking
1519421791230,-10.766593,-3.0877957,-0.85692316,3,walking
1519421791236,-10.958084,-3.0877957,-0.8856468,3,walking
1519421791245,-12.011286,-3.0303483,-1.2111819,3,walking
1519421791250,-12.509163,-2.905879,-1.4409714,3,walking
1519421791255,-13.150659,-2.8101335,-1.6611862,3,walking
1519421791262,-14.443225,-2.8484318,-2.1782124,3,walking
1519421791266,-14.969825,-3.0111992,-2.2835326,3,walking
1519421791314,-12.710229,-3.930357,-1.2207564,3,walking
1519421791322,-11.637878,-3.9782298,-0.8952214,3,walking
1519421791330,-10.594251,-4.121848,-0.6750065,3,walking
1519421791338,-10.134672,-4.236743,-0.6079846,3,walking
1519421791343,-9.75169,-4.303765,-0.56968635,3,walking
1519421791350,-8.909128,-4.1409974,-0.40691882,3,walking
1519421791355,-8.851681,-4.0548263,-0.50266445,3,walking
1519421791360,-8.813383,-3.911208,-0.64628285,3,walking
1519421791364,-8.957002,-3.7675896,-0.70373017,3,walking
1519421791390,-11.781497,-1.7856555,-1.9675722,3,walking
1519421791395,-11.992137,-1.4409714,-2.0250196,3,walking
1519421791405,-12.46129,-0.64628285,-2.321831,3,walking
1519421791410,-12.480439,-0.5313881,-2.4654493,3,walking
1519421791414,-12.480439,-0.37819514,-2.475024,3,walking
1519421791425,-12.193203,0.30159867,-2.5516202,3,walking
1519421791430,-12.011286,0.751603,-2.5899186,3,walking
1519421791436,-11.7049,1.2207564,-2.6569405,3,walking
1519421791440,-11.28362,1.6994845,-2.5994933,3,walking
1519421791446,-10.354887,2.2165108,-2.3984275,3,walking
1519421791450,-10.038927,2.2835326,-2.2931073,3,walking
1519421791456,-9.809137,2.3026817,-2.1207652,3,walking
1519421791461,-9.41658,2.0250196,-1.929274,3,walking
1519421791466,-9.234664,1.7856555,-1.9579976,3,walking
1519421791470,-8.995299,1.4505459,-1.9771467,3,walking
1519421791475,-8.363379,0.63670826,-2.101616,3,walking
1519421791480,-8.095291,0.13883112,-2.2356598,3,walking
1519421791486,-7.8367777,-0.3398969,-2.360129,3,walking
1519421791491,-7.46337,-1.4218222,-2.647366,3,walking
1519421791496,-7.281453,-2.0537431,-2.7048132,3,walking
1519421791501,-7.0708127,-2.714388,-2.752686,3,walking
1519421791506,-6.8888965,-3.365458,-2.7909844,3,walking
1519421791511,-6.697405,-4.3707867,-2.7048132,3,walking
1519421791516,-6.678256,-4.6867476,-2.666515,3,walking
1519421791521,-6.7069798,-4.993133,-2.475024,3,walking
1519421791526,-6.7069798,-4.993133,-2.475024,3,walking
1519421791531,-6.8888965,-4.954835,-2.2739582,3,walking
1519421791537,-7.0325146,-4.772918,-2.1782124,3,walking
1519421791542,-7.204857,-4.342063,-1.9388485,3,walking
1519421791547,-7.2910275,-4.045252,-1.7856555,3,walking
1519421791552,-7.46337,-3.2697124,-1.6611862,3,walking
1519421791559,-7.501668,-2.9441774,-1.5271424,3,walking
1519421791565,-7.549541,-2.3505547,-1.4792696,3,walking
1519421791570,-7.5782647,-2.0633178,-1.4792696,3,walking
1519421791576,-7.5208173,-1.7377827,-1.3643749,3,walking
1519421791580,-7.549541,-1.14416,-1.1345854,3,walking
1519421791586,-7.587839,-0.85692316,-1.0292653,3,walking
1519421791591,-7.654861,-0.4356425,-0.78990126,3,walking
1519421791597,-7.654861,-0.4356425,-0.78990126,3,walking
1519421791602,-7.5974135,-0.20585304,-0.45479164,3,walking
1519421791609,-7.5208173,-0.062234644,-0.27287498,3,walking
1519421791615,-7.616563,-0.014361841,-0.19627848,3,walking
1519421791620,-7.482519,-0.09095833,0.014361841,3,walking
1519421791625,-7.4537954,-0.14840569,0.0,3,walking
1519421791634,-7.635712,-0.110107444,0.18670394,3,walking
1519421791640,-7.434646,-0.30159867,0.3877697,3,walking
1519421791645,-7.587839,-0.2441513,0.5792609,3,walking
1519421791650,-7.7601814,-0.17712937,0.78990126,3,walking
1519421791654,-7.587839,0.062234644,1.0005416,3,walking
1519421791660,-7.3867736,0.22500217,1.0292653,3,walking
1519421791665,-7.204857,0.4835153,1.0484143,3,walking
1519421791670,-7.0995364,1.3356512,1.1920328,3,walking
1519421791675,-7.3006024,1.79523,2.1782124,3,walking
1519421791679,-6.9654927,1.709059,0.9430942,3,walking
1519421791684,-7.1665583,1.9005502,1.3643749,3,walking
1519421791695,-7.0325146,1.1250108,0.9526688,3,walking
1519421791699,-7.0708127,0.751603,0.64628285,3,walking
1519421791705,-7.051664,0.3398969,0.36862057,3,walking
1519421791710,-7.0325146,-0.45479164,0.023936402,3,walking
1519421791715,-6.984642,-0.8090504,-0.13883112,3,walking
1519421791720,-6.975067,-1.1537346,-0.34947145,3,walking
1519421791725,-7.0803876,-1.4122477,-0.54096264,3,walking
1519421791730,-7.482519,-1.9962958,-1.0005416,3,walking
1519421791735,-7.7314577,-2.1111906,-1.0962871,3,walking
1519421791740,-8.085716,-2.3314054,-1.2973529,3,walking
1519421791746,-8.171887,-2.4558747,-1.4122477,3,walking
1519421791750,-8.1623125,-2.494173,-1.6420372,3,walking
1519421791755,-8.296356,-2.5228968,-1.6420372,3,walking
1519421791765,-8.506997,-2.187787,-0.99096704,3,walking
1519421791769,-8.612317,-2.015445,-0.8664977,3,walking
1519421791774,-8.784659,-1.8909757,-0.9526688,3,walking
1519421791784,-9.301685,-2.321831,-1.1920328,3,walking
1519421791789,-9.407005,-2.5228968,-1.2399056,3,walking
1519421791794,-9.483603,-2.513322,-1.0771381,3,walking
1519421791799,-9.378282,-2.408002,-0.8090504,3,walking
1519421791804,-9.043172,-2.2069361,-0.45479164,3,walking
1519421791809,-9.138918,-2.1399143,-0.4164934,3,walking
1519421791814,-9.339984,-2.0920415,-0.4356425,3,walking
1519421791820,-9.96233,-2.2165108,-0.4356425,3,walking
1519421791825,-10.211268,-2.34098,-0.47394073,3,walking
1519421791834,-11.005958,-2.513322,-0.6558574,3,walking
1519421791840,-11.245321,-2.5228968,-0.69415563,3,walking
1519421791845,-11.513409,-2.494173,-0.69415563,3,walking
1519421791849,-12.001712,-2.561195,-0.7228793,3,walking
1519421791854,-12.202777,-2.5707695,-0.6558574,3,walking
1519421791859,-12.365545,-2.5707695,-0.6271337,3,walking
1519421791864,-12.557036,-2.6186423,-0.6558574,3,walking
1519421791874,-12.6527815,-2.6090677,-0.78990126,3,walking
1519421791879,-12.624058,-2.5324712,-0.8856468,3,walking
1519421791884,-12.528313,-2.5037475,-0.9718179,3,walking
1519421791890,-12.327247,-2.3697038,-1.1345854,3,walking
1519421791894,-12.183628,-2.321831,-1.2590547,3,walking
1519421791899,-12.059159,-2.254809,-1.3930986,3,walking
1519421791904,-11.963413,-2.1782124,-1.5750152,3,walking
1519421791910,-11.695326,-2.0728924,-1.8718265,3,walking
1519421791915,-11.618729,-2.0537431,-1.948423,3,walking
1519421791924,-11.848518,-1.8143792,-2.513322,3,walking
1519421791929,-12.56661,-1.6037389,-3.0111992,3,walking
1519421791934,-13.121935,-1.5367169,-3.1548176,3,walking
1519421791945,-13.840027,-2.1973617,-2.5420458,3,walking
1519421791954,-13.591088,-2.9441774,-1.6611862,3,walking
1519421791959,-13.121935,-3.5378,-0.93351966,3,walking
1519421791964,-12.7964,-3.777164,-0.6558574,3,walking
1519421791998,-10.699572,-4.648449,-0.00478728,3,walking
1519421792005,-10.536804,-4.5335546,-0.17712937,3,walking
1519421792012,-10.278291,-4.2558923,-0.6079846,3,walking
1519421792020,-10.584677,-3.8346114,-1.0867126,3,walking
1519421792025,-10.967659,-3.6431203,-1.4122477,3,walking
1519421792029,-11.637878,-3.1643922,-1.9005502,3,walking
1519421792034,-11.944264,-3.020774,-2.1207652,3,walking
1519421792039,-12.231501,-2.8388572,-2.3314054,3,walking
1519421792044,-12.422992,-2.6282167,-2.4175766,3,walking
1519421792053,-12.643207,-1.2782038,-2.5516202,3,walking
1519421792058,-12.528313,-0.71330476,-2.8484318,3,walking
1519421792063,-12.260224,-0.28244954,-2.8963046,3,walking
1519421792069,-11.570856,-0.00478728,-2.5707695,3,walking
1519421792075,-11.398514,-0.014361841,-2.2739582,3,walking
1519421792079,-11.312344,-0.10053288,-2.0824668,3,walking
1519421792083,-11.245321,-0.2441513,-2.0633178,3,walking
1519421792089,-11.149575,-0.6750065,-2.0920415,3,walking
1519421792094,-11.044255,-0.93351966,-2.0633178,3,walking
1519421792099,-10.910212,-1.2016073,-2.0441687,3,walking
1519421792104,-10.766593,-1.469695,-1.9771467,3,walking
1519421792109,-10.6134,-1.9867213,-1.8909757,3,walking
1519421792114,-10.5080805,-2.254809,-1.862252,3,walking
1519421792119,-10.412334,-2.7431116,-1.8239537,3,walking
1519421792124,-10.40276,-2.9537518,-1.8335283,3,walking
1519421792129,-10.450633,-3.1356685,-1.8431029,3,walking
1519421792134,-10.364462,-3.3367343,-1.929274,3,walking
1519421792143,-10.172971,-3.5952475,-1.9579976,3,walking
1519421792148,-10.172971,-3.5952475,-1.9579976,3,walking
1519421792153,-9.991054,-3.5282254,-1.9962958,3,walking
1519421792159,-10.010203,-3.2984362,-2.149489,3,walking
1519421792165,-9.991054,-3.2792869,-2.149489,3,walking
1519421792170,-9.933606,-3.2218397,-2.187787,3,walking
1519421792175,-9.85701,-3.1165195,-2.1782124,3,walking
1519421792180,-9.742115,-2.9633265,-2.2356598,3,walking
1519421792185,-9.655944,-2.7718353,-2.2260852,3,walking
1519421792190,-9.397431,-2.494173,-2.1207652,3,walking
1519421792195,-9.263388,-2.4654493,-2.1207652,3,walking
1519421792201,-9.129343,-2.3122563,-2.0728924,3,walking
1519421792206,-9.129343,-2.3122563,-2.0728924,3,walking
1519421792211,-9.148493,-2.149489,-2.2356598,3,walking
1519421792216,-9.0814705,-2.1303396,-2.1782124,3,walking
1519421792221,-8.947427,-2.0250196,-2.1111906,3,walking
1519421792226,-8.899554,-2.0441687,-2.149489,3,walking
1519421792231,-8.899554,-2.1303396,-2.2260852,3,walking
1519421792238,-8.708063,-2.1207652,-2.2069361,3,walking
1519421792244,-8.641041,-2.0537431,-2.1590633,3,walking
1519421792249,-8.430401,-1.79523,-2.149489,3,walking
1519421792254,-8.439975,-1.6420372,-2.101616,3,walking
1519421792259,-8.44955,-1.5367169,-2.1590633,3,walking
1519421792265,-8.420826,-1.5462915,-2.2356598,3,walking
1519421792269,-8.506997,-1.6324625,-2.427151,3,walking
1519421792275,-8.497422,-1.6324625,-2.427151,3,walking
1519421792280,-8.545295,-1.4984187,-2.5324712,3,walking
1519421792285,-8.545295,-1.4984187,-2.5324712,3,walking
1519421792290,-8.564445,-1.3643749,-2.5994933,3,walking
1519421792295,-8.612317,-1.2877784,-2.666515,3,walking
1519421792300,-8.66019,-1.2207564,-2.7431116,3,walking
1519421792305,-8.650616,-1.2207564,-2.7431116,3,walking
1519421792310,-8.631466,-1.2207564,-2.752686,3,walking
1519421792316,-8.631466,-1.2207564,-2.752686,3,walking
1519421792321,-8.497422,-1.1824582,-2.7239625,3,walking
1519421792326,-8.392102,-1.2016073,-2.6377914,3,walking
1519421792331,-8.372953,-1.1728836,-2.6377914,3,walking
1519421792336,-8.23891,-1.2303311,-2.5324712,3,walking
1519421792341,-8.152739,-1.2686293,-2.580344,3,walking
1519421792346,-7.9899707,-1.3930986,-2.4367256,3,walking
1519421792351,-7.9037995,-1.4601204,-2.4845984,3,walking
1519421792359,-7.741032,-1.5845897,-2.4654493,3,walking
1519421792364,-7.5782647,-1.6899099,-2.4367256,3,walking
1519421792369,-7.3676243,-1.7377827,-2.4367256,3,walking
1519421792374,-7.3676243,-1.7377827,-2.4367256,3,walking
1519421792379,-7.0803876,-1.8431029,-2.408002,3,walking
1519421792384,-6.8601727,-1.9005502,-2.321831,3,walking
1519421792389,-6.6016593,-2.0824668,-2.0633178,3,walking
1519421792394,-6.47719,-2.1303396,-1.929274,3,walking
1519421792399,-6.3144226,-2.2069361,-1.7569319,3,walking
1519421792405,-6.1995277,-2.2356598,-1.6516117,3,walking
1519421792409,-5.988888,-2.2931073,-1.4601204,3,walking
1519421792415,-5.9314404,-2.321831,-1.3548003,3,walking
1519421792419,-5.9314404,-2.3697038,-1.2111819,3,walking
1519421792425,-5.8931417,-2.3505547,-1.0675635,3,walking
1519421792429,-5.8548436,-2.3888528,-0.92394507,3,walking
1519421792435,-5.9027166,-2.3888528,-0.8473486,3,walking
1519421792439,-5.9697385,-2.3697038,-0.7420284,3,walking
1519421792443,-6.0846334,-2.2643836,-0.71330476,3,walking
1519421792449,-6.4293175,-2.1303396,-0.61755913,3,walking
1519421792453,-6.6208086,-2.0441687,-0.56011176,3,walking
1519421792459,-6.9654927,-1.8909757,-0.47394073,3,walking
1519421792464,-6.9654927,-1.8909757,-0.47394073,3,walking
1519421792468,-7.195282,-1.7186337,-0.32074776,3,walking
1519421792474,-7.3771987,-1.6516117,-0.27287498,3,walking
1519421792478,-7.702734,-1.5079932,-0.27287498,3,walking
1519421792484,-7.702734,-1.5079932,-0.27287498,3,walking
1519421792488,-8.076141,-1.4313968,-0.39734426,3,walking
1519421792494,-8.191036,-1.4026731,-0.42606795,3,walking
1519421792498,-8.34423,-1.3930986,-0.4835153,3,walking
1519421792503,-8.6697645,-1.383524,-0.665432,3,walking
1519421792508,-8.7750845,-1.3643749,-0.71330476,3,walking
1519421792513,-8.870831,-1.4026731,-0.8186249,3,walking
1519421792518,-9.158067,-1.4984187,-0.9718179,3,walking
1519421792523,-9.215514,-1.5845897,-0.9526688,3,walking
1519421792527,-9.31126,-1.6611862,-0.9526688,3,walking
1519421792532,-9.368708,-1.7282082,-0.90479594,3,walking
1519421792538,-9.5219,-1.9388485,-0.71330476,3,walking
1519421792543,-9.598496,-2.0250196,-0.5505372,3,walking
1519421792552,-9.6942425,-2.2165108,-0.15798025,3,walking
1519421792558,-9.780414,-2.3888528,0.19627848,3,walking
1519421792563,-9.828286,-2.3888528,0.37819514,3,walking
1519421792568,-9.85701,-2.4845984,0.512239,3,walking
1519421792573,-9.924032,-2.475024,0.6271337,3,walking
1519421792578,-10.172971,-2.4463003,0.7228793,3,walking
1519421792583,-10.326163,-2.408002,0.7420284,3,walking
1519421792593,-11.149575,-1.9388485,0.22500217,3,walking
1519421792598,-11.590006,-1.6994845,-0.05266008,3,walking
1519421792604,-12.154904,-1.4984187,-0.42606795,3,walking
1519421792608,-13.380448,-1.1345854,-1.0962871,3,walking
1519421792616,-13.7730055,-1.0196906,-1.4026731,3,walking
1519421792620,-13.8879,-1.0196906,-1.7282082,3,walking
1519421792625,-13.8879,-1.0196906,-1.7282082,3,walking
1519421792668,-10.29744,-2.5037475,-0.10053288,3,walking
1519421792677,-9.004874,-2.733537,0.22500217,3,walking
1519421792688,-8.621892,-2.475024,0.22500217,3,walking
1519421792695,-8.688913,-2.4175766,0.062234644,3,walking
1519421792699,-8.889979,-2.3697038,-0.014361841,3,walking
1519421792704,-9.320834,-2.2931073,-0.17712937,3,walking
1519421792708,-9.761265,-2.2260852,-0.3398969,3,walking
1519421792713,-10.182545,-2.1590633,-0.512239,3,walking
1519421792765,-12.90172,-2.5516202,-2.88673,3,walking
1519421792770,-12.56661,-2.5899186,-2.8101335,3,walking
1519421792775,-12.221927,-2.580344,-2.7622607,3,walking
1519421792780,-11.551707,-2.5994933,-2.580344,3,walking
1519421792785,-11.187874,-2.6856642,-2.475024,3,walking
1519421792790,-10.891063,-2.733537,-2.3792782,3,walking
1519421792794,-10.642124,-2.7718353,-2.187787,3,walking
1519421792798,-10.431483,-2.7239625,-2.1303396,3,walking
1519421792802,-10.230418,-2.733537,-1.9675722,3,walking
1519421792808,-9.655944,-2.7909844,-1.7186337,3,walking
1519421792813,-9.426155,-2.867581,-1.5941644,3,walking
1519421792817,-9.196365,-2.867581,-1.4792696,3,walking
1519421792822,-8.9761505,-2.88673,-1.4218222,3,walking
1519421792828,-8.55487,-2.9441774,-1.2399056,3,walking
1519421792833,-8.334655,-2.9441774,-1.1633091,3,walking
1519421792842,-7.961247,-3.059072,-1.14416,3,walking
1519421792847,-7.693159,-3.2218397,-1.2303311,3,walking
1519421792852,-7.635712,-3.3175852,-1.3930986,3,walking
1519421792858,-7.511243,-3.4420545,-1.5367169,3,walking
1519421792863,-7.4442205,-3.4899273,-1.622888,3,walking
1519421792867,-7.310177,-3.5378,-1.6324625,3,walking
1519421792873,-7.204857,-3.604822,-1.6899099,3,walking
1519421792878,-7.0612383,-3.6335456,-1.7377827,3,walking
1519421792883,-7.003791,-3.7005677,-1.7377827,3,walking
1519421792888,-6.9654927,-3.6814184,-1.8239537,3,walking
1519421792892,-6.975067,-3.7197168,-1.8048047,3,walking
1519421792898,-6.9942164,-3.758015,-1.862252,3,walking
1519421792902,-7.051664,-3.7484405,-1.9579976,3,walking
1519421792907,-7.1186857,-3.6622694,-1.9867213,3,walking
1519421792912,-7.156984,-3.604822,-1.9867213,3,walking
1519421792918,-7.2623043,-3.4899273,-1.9867213,3,walking
1519421792922,-7.3389006,-3.4229054,-1.9867213,3,walking
1519421792927,-7.434646,-3.4229054,-1.9962958,3,walking
1519421792933,-7.5399666,-3.4229054,-1.9579976,3,walking
1519421792938,-7.664436,-3.4037561,-1.8335283,3,walking
1519421792943,-7.721883,-3.346309,-1.7665064,3,walking
1519421792948,-7.846352,-3.2888615,-1.6133134,3,walking
1519421792954,-7.846352,-3.2888615,-1.6133134,3,walking
1519421792959,-7.894225,-3.193116,-1.4313968,3,walking
1519421792964,-7.9325233,-3.1452432,-1.3069274,3,walking
1519421792969,-7.922949,-3.1069448,-1.2303311,3,walking
1519421792974,-7.9516726,-3.0303483,-1.1345854,3,walking
1519421792979,-7.9516726,-2.8101335,-1.0579889,3,walking
1519421792984,-7.9420977,-2.666515,-1.0101161,3,walking
1519421792989,-7.894225,-2.513322,-0.9622433,3,walking
1519421792994,-7.846352,-2.3697038,-0.90479594,3,walking
1519421792999,-7.741032,-2.0633178,-0.6845811,3,walking
1519421793004,-7.635712,-1.8718265,-0.665432,3,walking
1519421793009,-7.5974135,-1.7473572,-0.5792609,3,walking
1519421793013,-7.5303917,-1.6420372,-0.47394073,3,walking
1519421793017,-7.501668,-1.5750152,-0.39734426,3,walking
1519421793022,-7.46337,-1.5079932,-0.37819514,3,walking
1519421793027,-7.4059224,-1.4792696,-0.32074776,3,walking
1519421793032,-7.3197513,-1.5367169,-0.25372586,3,walking
1519421793037,-7.4154973,-1.5271424,-0.28244954,3,walking
1519421793042,-7.501668,-1.5750152,-0.28244954,3,walking
1519421793047,-7.7601814,-1.5941644,-0.40691882,3,walking
1519421793053,-7.9037995,-1.6420372,-0.49308985,3,walking
1519421793057,-8.334655,-1.6994845,-0.70373017,3,walking
1519421793062,-8.497422,-1.7665064,-0.78032666,3,walking
1519421793067,-8.727212,-1.7377827,-0.85692316,3,walking
1519421793073,-8.947427,-1.8048047,-0.9718179,3,walking
1519421793077,-9.320834,-1.8335283,-1.2207564,3,walking
1519421793083,-9.502751,-1.8335283,-1.3069274,3,walking
1519421793087,-9.684668,-1.8239537,-1.3643749,3,walking
1519421793092,-9.809137,-1.8526775,-1.3643749,3,walking
1519421793097,-10.0868,-1.8814012,-1.383524,3,walking
1519421793102,-10.182545,-1.948423,-1.3069274,3,walking
1519421793107,-10.230418,-1.9771467,-1.3069274,3,walking
1519421793112,-10.307014,-1.9962958,-1.14416,3,walking
1519421793117,-10.450633,-2.015445,-0.9430942,3,walking
1519421793122,-10.441058,-2.0058703,-0.8664977,3,walking
1519421793127,-10.383611,-2.015445,-0.6271337,3,walking
1519421793133,-10.383611,-2.015445,-0.6271337,3,walking
1519421793137,-10.316589,-2.0920415,-0.4356425,3,walking
1519421793143,-10.239992,-2.0824668,-0.34947145,3,walking
1519421793148,-10.125097,-1.9579976,-0.20585304,3,walking
1519421793153,-10.077225,-1.9196993,-0.15798025,3,walking
1519421793158,-10.077225,-1.862252,-0.16755481,3,walking
1519421793163,-10.105948,-1.8335283,-0.11968201,3,walking
1519421793168,-10.268716,-1.79523,-0.15798025,3,walking
1519421793174,-10.393186,-1.862252,-0.16755481,3,walking
1519421793179,-10.642124,-1.9867213,-0.18670394,3,walking
1519421793184,-10.776168,-2.015445,-0.13883112,3,walking
1519421793189,-10.958084,-2.0920415,-0.11968201,3,walking
1519421793196,-11.216598,-2.187787,-0.13883112,3,walking
1519421793201,-11.408089,-2.187787,-0.16755481,3,walking
1519421793207,-11.522984,-2.168638,-0.2154276,3,walking
1519421793211,-11.685751,-2.1303396,-0.32074776,3,walking
1519421793217,-11.743198,-2.0824668,-0.37819514,3,walking
1519421793221,-11.791071,-2.015445,-0.47394073,3,walking
1519421793227,-11.647452,-1.8335283,-0.69415563,3,walking
1519421793233,-11.590006,-1.6994845,-0.8856468,3,walking
1519421793237,-11.331492,-1.383524,-1.0579889,3,walking
1519421793243,-11.207023,-1.2016073,-1.1633091,3,walking
1519421793248,-11.072979,-1.0579889,-1.2782038,3,walking
1519421793253,-10.958084,-0.91437054,-1.3643749,3,walking
1519421793258,-11.005958,-0.70373017,-1.8335283,3,walking
1519421793263,-11.312344,-0.6079846,-2.2260852,3,walking
1519421793268,-12.432567,-0.7228793,-2.9633265,3,walking
1519421793274,-13.045339,-0.8664977,-3.1548176,3,walking
1519421793281,-13.935773,-1.5079932,-3.0494976,3,walking
1519421793286,-14.117689,-1.9579976,-2.7239625,3,walking
1519421793291,-14.088965,-2.4367256,-2.2739582,3,walking
1519421793297,-13.954922,-2.905879,-1.9962958,3,walking
1519421793302,-13.504917,-3.758015,-1.3165021,3,walking
1519421793332,-10.967659,-3.9016335,-0.93351966,3,walking
1519421793337,-10.785743,-3.6335456,-1.1345854,3,walking
1519421793342,-10.594251,-3.4420545,-1.2782038,3,walking
1519421793346,-10.393186,-3.2218397,-1.4505459,3,walking
1519421793352,-10.19212,-2.7718353,-1.7665064,3,walking
1519421793357,-10.134672,-2.5516202,-1.9005502,3,walking
1519421793361,-10.249567,-2.3122563,-2.0441687,3,walking
1519421793367,-10.622974,-1.948423,-2.34098,3,walking
1519421793371,-10.881488,-1.8239537,-2.4558747,3,walking
1519421793376,-11.187874,-1.6994845,-2.5707695,3,walking
1519421793381,-11.408089,-1.6516117,-2.6282167,3,walking
1519421793386,-11.551707,-1.6133134,-2.7239625,3,walking
1519421793391,-11.791071,-1.6899099,-2.7239625,3,walking
1519421793397,-11.886817,-1.709059,-2.714388,3,walking
1519421793401,-12.0400095,-1.6803354,-2.733537,3,walking
1519421793407,-12.221927,-1.6324625,-2.8963046,3,walking
1519421793413,-12.212352,-1.5941644,-2.867581,3,walking
1519421793418,-12.221927,-1.6037389,-2.9154537,3,walking
1519421793423,-12.107032,-1.5941644,-2.88673,3,walking
1519421793427,-11.915541,-1.6611862,-2.8292825,3,walking
1519421793433,-11.570856,-1.79523,-2.5994933,3,walking
1519421793438,-11.341067,-1.8431029,-2.4845984,3,walking
1519421793443,-11.082554,-1.9388485,-2.34098,3,walking
1519421793448,-10.622974,-2.1207652,-2.101616,3,walking
1519421793453,-10.374036,-2.1303396,-2.015445,3,walking
1519421793458,-10.153821,-2.1303396,-1.929274,3,walking
1519421793463,-9.914457,-2.1207652,-1.8431029,3,walking
1519421793468,-9.435729,-2.0250196,-1.7473572,3,walking
1519421793474,-9.339984,-1.9675722,-1.776081,3,walking
1519421793479,-9.225089,-1.9771467,-1.8048047,3,walking
1519421793484,-8.966576,-1.8143792,-1.9101248,3,walking
1519421793489,-8.6697645,-1.8431029,-1.948423,3,walking
1519421793499,-8.200611,-1.6707608,-2.1399143,3,walking
1519421793504,-8.047418,-1.6803354,-2.1973617,3,walking
1519421793509,-8.095291,-1.6324625,-2.0824668,3,walking
1519421793514,-8.23891,-1.5941644,-2.0537431,3,walking
1519421793519,-8.411251,-1.5271424,-1.9771467,3,walking
1519421793524,-8.583593,-1.3452257,-1.8431029,3,walking
1519421793529,-8.621892,-1.1537346,-1.6516117,3,walking
1519421793535,-8.621892,-1.1537346,-1.6516117,3,walking
1519421793540,-8.545295,-1.2207564,-1.4984187,3,walking
1519421793545,-8.535721,-1.3452257,-1.6037389,3,walking
1519421793550,-8.593168,-1.4888442,-1.6516117,3,walking
1519421793555,-8.593168,-1.4888442,-1.6516117,3,walking
1519421793560,-8.621892,-1.6994845,-1.8526775,3,walking
1519421793566,-8.55487,-1.6037389,-1.8143792,3,walking
1519421793571,-8.516571,-1.6707608,-1.9579976,3,walking
1519421793576,-8.516571,-1.6420372,-2.015445,3,walking
1519421793581,-8.487848,-1.709059,-2.0633178,3,walking
1519421793586,-8.55487,-1.9196993,-2.2452345,3,walking
1519421793591,-8.6697645,-1.8431029,-2.2931073,3,walking
1519421793596,-8.66019,-1.7569319,-2.321831,3,walking
1519421793600,-8.593168,-1.6611862,-2.34098,3,walking
1519421793606,-8.545295,-1.4601204,-2.3122563,3,walking
1519421793612,-8.535721,-1.383524,-2.2835326,3,walking
1519421793617,-8.602742,-1.2877784,-2.2931073,3,walking
1519421793622,-8.612317,-1.1824582,-2.4654493,3,walking
1519421793627,-8.631466,-1.1633091,-2.494173,3,walking
1519421793632,-8.621892,-1.1633091,-2.6282167,3,walking
1519421793638,-8.66019,-1.1633091,-2.6952388,3,walking
1519421793642,-8.66019,-1.1920328,-2.714388,3,walking
1519421793647,-8.621892,-1.2303311,-2.8388572,3,walking
1519421793653,-8.564445,-1.2973529,-2.800559,3,walking
1519421793658,-8.459125,-1.3165021,-2.8101335,3,walking
1519421793663,-8.315506,-1.4218222,-2.800559,3,walking
1519421793668,-8.2676325,-1.4122477,-2.752686,3,walking
1519421793673,-8.143164,-1.4505459,-2.6760898,3,walking
1519421793678,-8.037844,-1.4984187,-2.6952388,3,walking
1519421793683,-7.8272033,-1.5845897,-2.5899186,3,walking
1519421793689,-7.721883,-1.6420372,-2.6377914,3,walking
1519421793699,-7.3676243,-1.8814012,-2.5899186,3,walking
1519421793704,-7.310177,-1.929274,-2.5707695,3,walking
1519421793709,-7.2240057,-1.9962958,-2.5707695,3,walking
1519421793714,-7.12826,-2.0537431,-2.561195,3,walking
1519421793719,-7.0708127,-2.0824668,-2.494173,3,walking
1519421793724,-7.042089,-2.1303396,-2.4558747,3,walking
1519421793729,-6.9654927,-2.1782124,-2.34098,3,walking
1519421793734,-6.984642,-2.1399143,-2.2835326,3,walking
1519421793740,-6.898471,-2.1973617,-2.168638,3,walking
1519421793744,-6.821874,-2.149489,-1.9867213,3,walking
1519421793750,-6.764427,-2.1399143,-1.9101248,3,walking
1519421793756,-6.8601727,-2.1399143,-1.7377827,3,walking
1519421793761,-6.8601727,-2.1399143,-1.7377827,3,walking
1519421793766,-7.042089,-2.2356598,-1.6516117,3,walking
1519421793772,-7.1857076,-2.2165108,-1.6324625,3,walking
1519421793777,-7.3389006,-2.2739582,-1.6037389,3,walking
1519421793782,-7.396348,-2.2452345,-1.6516117,3,walking
1519421793787,-7.434646,-2.254809,-1.622888,3,walking
1519421793791,-7.511243,-2.2931073,-1.6037389,3,walking
1519421793796,-7.6740103,-2.34098,-1.5941644,3,walking
1519421793800,-7.8272033,-2.3697038,-1.6133134,3,walking
1519421793806,-7.9420977,-2.3984275,-1.6420372,3,walking
1519421793812,-8.066567,-2.4463003,-1.6516117,3,walking
1519421793816,-8.229335,-2.475024,-1.6707608,3,walking
1519421793820,-8.612317,-2.580344,-1.709059,3,walking
1519421793826,-8.784659,-2.5899186,-1.709059,3,walking
1519421793831,-8.870831,-2.5994933,-1.7186337,3,walking
1519421793835,-8.947427,-2.6186423,-1.79523,3,walking
1519421793840,-9.138918,-2.6760898,-1.8239537,3,walking
1519421793846,-9.234664,-2.666515,-1.8048047,3,walking
1519421793851,-9.2825365,-2.6377914,-1.709059,3,walking
1519421793856,-9.272962,-2.6760898,-1.4313968,3,walking
1519421793861,-9.301685,-2.7048132,-1.2782038,3,walking
1519421793865,-9.263388,-2.7239625,-1.1824582,3,walking
1519421793870,-9.244238,-2.752686,-1.0867126,3,walking
1519421793875,-9.234664,-2.8484318,-0.8186249,3,walking
1519421793881,-9.2825365,-2.867581,-0.6845811,3,walking
1519421793885,-9.2825365,-2.88673,-0.5792609,3,walking
1519421793891,-9.339984,-2.9250283,-0.3398969,3,walking
1519421793895,-9.368708,-2.9537518,-0.27287498,3,walking
1519421793900,-9.445304,-2.905879,-0.16755481,3,walking
1519421793905,-9.502751,-2.8580062,0.014361841,3,walking
1519421793911,-9.5889225,-2.8292825,0.081383765,3,walking
1519421793916,-9.703817,-2.800559,0.062234644,3,walking
1519421793921,-9.828286,-2.714388,0.062234644,3,walking
1519421793925,-9.96233,-2.6377914,0.062234644,3,walking
1519421793930,-10.038927,-2.5899186,0.10053288,3,walking
1519421793935,-10.172971,-2.494173,0.062234644,3,walking
1519421793940,-10.278291,-2.360129,0.00478728,3,walking
1519421793945,-10.910212,-1.8718265,-0.359046,3,walking
1519421793950,-11.551707,-1.5079932,-0.8186249,3,walking
1519421793954,-12.25065,-1.1920328,-1.2494801,3,walking
1519421793958,-12.987891,-0.93351966,-1.7282082,3,walking
1519421793964,-14.424075,-0.6271337,-2.561195,3,walking
1519421793969,-14.76876,-0.5792609,-2.7622607,3,walking
1519421793974,-14.759185,-0.63670826,-2.8963046,3,walking
1519421793979,-14.366628,-0.751603,-2.867581,3,walking
1519421794015,-10.19212,-1.8335283,-1.5175679,3,walking
1519421794020,-9.54105,-2.0633178,-1.3548003,3,walking
1519421794025,-9.29211,-2.0920415,-1.3452257,3,walking
1519421794031,-9.138918,-2.0920415,-1.3930986,3,walking
1519421794035,-9.215514,-1.7665064,-1.4122477,3,walking
1519421794040,-9.368708,-1.5558661,-1.5367169,3,walking
1519421794046,-10.029352,-0.92394507,-1.776081,3,walking
1519421794050,-10.029352,-0.92394507,-1.776081,3,walking
1519421794055,-10.92936,-0.49308985,-2.0537431,3,walking
1519421794060,-11.379365,-0.3398969,-2.1303396,3,walking
1519421794069,-12.288948,-0.27287498,-2.2452345,3,walking
1519421794074,-12.825124,-0.5218136,-2.2643836,3,walking
1519421794078,-12.940019,-0.70373017,-2.1782124,3,walking
1519421794083,-13.02619,-0.8952214,-2.1111906,3,walking
1519421794087,-12.987891,-1.1824582,-1.9675722,3,walking
1519421794091,-12.90172,-1.4218222,-1.8048047,3,walking
1519421794131,-10.412334,-1.776081,-1.5175679,3,walking
1519421794140,-10.06765,-1.469695,-1.8335283,3,walking
1519421794148,-9.684668,-1.2016073,-1.8526775,3,walking
1519421794155,-9.531475,-0.98139244,-1.8526775,3,walking
1519421794159,-9.263388,-0.7994758,-1.9005502,3,walking
1519421794164,-8.947427,-0.5313881,-1.9005502,3,walking
1519421794168,-8.813383,-0.44521707,-1.8143792,3,walking
1519421794172,-8.641041,-0.4164934,-1.7665064,3,walking
1519421794177,-8.34423,-0.47394073,-1.709059,3,walking
1519421794181,-8.085716,-0.5792609,-1.5750152,3,walking
1519421794186,-7.8367777,-0.7420284,-1.4601204,3,walking
1519421794190,-7.6452866,-0.83777404,-1.4026731,3,walking
1519421794195,-7.4537954,-0.92394507,-1.3165021,3,walking
1519421794200,-7.089962,-1.1920328,-1.2782038,3,walking
1519421794205,-6.975067,-1.3548003,-1.2303311,3,walking
1519421794211,-6.831449,-1.5271424,-1.1824582,3,walking
1519421794215,-6.611234,-1.8526775,-1.0196906,3,walking
1519421794221,-6.5537868,-2.015445,-0.9718179,3,walking
1519421794225,-6.438892,-2.0824668,-0.83777404,3,walking
1519421794230,-6.438892,-2.1590633,-0.76117754,3,walking
1519421794235,-6.5346375,-2.2835326,-0.8856468,3,walking
1519421794241,-6.5537868,-2.360129,-0.7994758,3,walking
1519421794245,-6.6495323,-2.427151,-0.9622433,3,walking
1519421794250,-6.6495323,-2.427151,-0.9622433,3,walking
1519421794255,-6.745278,-2.5324712,-0.99096704,3,walking
1519421794260,-6.7357035,-2.561195,-0.9430942,3,walking
1519421794265,-6.7548523,-2.5899186,-0.9526688,3,walking
1519421794271,-6.9271946,-2.714388,-0.98139244,3,walking
1519421794276,-7.089962,-2.8580062,-0.99096704,3,walking
1519421794281,-7.1857076,-2.8388572,-1.0101161,3,walking
1519421794286,-7.2910275,-2.8101335,-1.0101161,3,walking
1519421794291,-7.3676243,-2.714388,-1.0771381,3,walking
1519421794296,-7.6261373,-2.475024,-1.3548003,3,walking
1519421794302,-7.721883,-2.3984275,-1.4218222,3,walking
1519421794307,-7.846352,-2.34098,-1.4601204,3,walking
1519421794312,-8.076141,-2.2739582,-1.6324625,3,walking
1519421794317,-8.286782,-2.2739582,-1.7186337,3,walking
1519421794327,-8.698488,-2.1590633,-1.7282082,3,walking
1519421794332,-8.842107,-2.1111906,-1.6899099,3,walking
1519421794337,-8.947427,-2.0441687,-1.6037389,3,walking
1519421794346,-9.0814705,-1.9005502,-1.4218222,3,walking
1519421794350,-9.148493,-1.8526775,-1.3165021,3,walking
1519421794355,-9.225089,-1.8048047,-1.1058618,3,walking
1519421794360,-9.272962,-1.7186337,-1.0196906,3,walking
1519421794365,-9.2825365,-1.6803354,-0.9430942,3,walking
1519421794370,-9.20594,-1.5750152,-0.8760723,3,walking
1519421794375,-9.071896,-1.4409714,-0.7994758,3,walking
1519421794380,-9.033598,-1.2494801,-0.8760723,3,walking
1519421794385,-9.071896,-1.1920328,-0.85692316,3,walking
1519421794390,-9.033598,-1.1345854,-0.8281995,3,walking
1519421794395,-9.033598,-1.1058618,-0.91437054,3,walking
1519421794401,-9.014449,-1.1058618,-0.9622433,3,walking
1519421794405,-8.995299,-1.0579889,-1.1920328,3,walking
1519421794411,-8.870831,-1.0675635,-1.1920328,3,walking
1519421794416,-8.803808,-1.14416,-1.2399056,3,walking
1519421794421,-8.755936,-1.1824582,-1.2303311,3,walking
1519421794425,-8.708063,-1.2303311,-1.2207564,3,walking
1519421794431,-8.679339,-1.3356512,-1.2494801,3,walking
1519421794436,-8.717637,-1.3452257,-1.2590547,3,walking
1519421794441,-8.727212,-1.383524,-1.3452257,3,walking
1519421794446,-8.765511,-1.4313968,-1.3739494,3,walking
1519421794451,-8.822957,-1.469695,-1.3739494,3,walking
1519421794456,-8.899554,-1.5271424,-1.3643749,3,walking
1519421794461,-9.119769,-1.7186337,-1.383524,3,walking
1519421794466,-9.2825365,-1.7473572,-1.3930986,3,walking
1519421794471,-9.483603,-1.8143792,-1.3930986,3,walking
1519421794476,-9.608071,-1.8526775,-1.3452257,3,walking
1519421794481,-9.933606,-1.9005502,-1.2877784,3,walking
1519421794486,-10.06765,-1.9388485,-1.2399056,3,walking
1519421794491,-10.421909,-1.8718265,-1.1537346,3,walking
1519421794496,-10.594251,-1.8335283,-1.1345854,3,walking
1519421794501,-10.747444,-1.7665064,-1.14416,3,walking
1519421794506,-10.94851,-1.7473572,-1.1537346,3,walking
1519421794513,-11.187874,-1.776081,-1.1058618,3,walking
1519421794518,-11.274045,-1.8335283,-1.0771381,3,walking
1519421794523,-11.408089,-1.9867213,-1.0675635,3,walking
1519421794528,-11.4272375,-2.101616,-1.0388398,3,walking
1519421794533,-11.455961,-2.187787,-1.0101161,3,walking
1519421794539,-11.465536,-2.2356598,-0.98139244,3,walking
1519421794544,-11.379365,-2.2931073,-1.0101161,3,walking
1519421794549,-11.341067,-2.2643836,-1.0579889,3,walking
1519421794554,-11.302769,-2.2356598,-1.1728836,3,walking
1519421794558,-11.26447,-2.1973617,-1.2207564,3,walking
1519421794563,-11.207023,-2.1111906,-1.2877784,3,walking
1519421794567,-11.187874,-2.0537431,-1.3356512,3,walking
1519421794571,-11.1208515,-2.0058703,-1.3930986,3,walking
1519421794576,-11.101703,-1.948423,-1.469695,3,walking
1519421794580,-11.05383,-1.8814012,-1.5750152,3,walking
1519421794585,-11.101703,-1.776081,-1.6803354,3,walking
1519421794589,-11.197449,-1.6899099,-1.8526775,3,walking
1519421794595,-11.886817,-1.4026731,-2.4367256,3,walking
1519421794600,-12.5474615,-1.3069274,-2.561195,3,walking
1519421794605,-13.246405,-1.3165021,-2.4845984,3,walking
1519421794613,-14.376203,-1.7569319,-1.776081,3,walking
1519421794618,-14.53897,-2.733537,-0.90479594,3,walking
1519421794622,-14.395351,-3.2792869,-0.4356425,3,walking
1519421794665,-11.360216,-2.360129,-2.2165108,3,walking
1519421794674,-11.149575,-1.6611862,-3.059072,3,walking
1519421794681,-11.15915,-1.2973529,-3.3750327,3,walking
1519421794687,-11.005958,-0.7994758,-3.844186,3,walking
1519421794691,-10.871913,-0.6271337,-3.9686553,3,walking
1519421794696,-10.785743,-0.4835153,-4.1122737,3,walking
1519421794700,-10.785743,-0.4835153,-4.1122737,3,walking
1519421794705,-10.536804,-0.54096264,-4.0931244,3,walking
1519421794710,-10.498506,-0.6271337,-4.0356774,3,walking
1519421794714,-10.450633,-0.7228793,-3.7005677,3,walking
1519421794719,-10.450633,-0.7228793,-3.7005677,3,walking
1519421794725,-10.488931,-0.59841,-3.4229054,3,walking
1519421794730,-10.546378,-0.56968635,-3.1069448,3,walking
1519421794736,-10.479357,-0.6750065,-2.8771553,3,walking
1519421794741,-10.565528,-0.83777404,-2.6856642,3,walking
1519421794745,-10.680422,-1.3930986,-2.2739582,3,walking
1519421794750,-10.680422,-1.3930986,-2.2739582,3,walking
1519421794754,-10.852764,-2.0633178,-1.8431029,3,walking
1519421794760,-10.94851,-2.4175766,-1.6324625,3,walking
1519421794765,-11.063405,-2.6760898,-1.4218222,3,walking
1519421794771,-11.187874,-3.2697124,-1.2686293,3,walking
1519421794776,-11.274045,-3.4899273,-1.1728836,3,walking
1519421794781,-11.302769,-3.8346114,-1.2494801,3,walking
1519421794787,-11.360216,-3.8920588,-1.3643749,3,walking
1519421794797,-11.446387,-3.5090764,-1.9675722,3,walking
1519421794802,-11.36979,-3.2984362,-2.2931073,3,walking
1519421794807,-11.302769,-3.126094,-2.561195,3,walking
1519421794816,-10.785743,-2.4845984,-3.0016246,3,walking
1519421794820,-10.785743,-2.4845984,-3.0016246,3,walking
1519421794825,-10.364462,-2.1973617,-3.3750327,3,walking
1519421794835,-9.971905,-1.8909757,-3.3558834,3,walking
1519421794840,-9.818711,-1.7282082,-3.1835413,3,walking
1519421794845,-9.426155,-1.8718265,-2.800559,3,walking
1519421794850,-9.474028,-1.8048047,-2.8580062,3,walking
1519421794855,-9.234664,-1.5750152,-2.647366,3,walking
1519421794860,-9.234664,-1.5750152,-2.647366,3,walking
1519421794864,-9.110194,-1.4792696,-2.4463003,3,walking
1519421794870,-9.052747,-1.4984187,-2.3122563,3,walking
1519421794875,-8.564445,-1.5079932,-1.8718265,3,walking
1519421794880,-8.564445,-1.5079932,-1.8718265,3,walking
1519421794885,-8.143164,-1.5558661,-1.7186337,3,walking
1519421794889,-7.9899707,-1.5367169,-1.6899099,3,walking
1519421794894,-7.9708214,-1.5079932,-1.5941644,3,walking
1519421794899,-7.9708214,-1.5079932,-1.5941644,3,walking
1519421794905,-7.8846507,-1.4601204,-1.6037389,3,walking
1519421794910,-7.8655014,-1.3069274,-1.5750152,3,walking
1519421794915,-7.702734,-1.2399056,-1.6707608,3,walking
1519421794919,-7.702734,-1.2399056,-1.6707608,3,walking
1519421794924,-7.6261373,-1.2111819,-1.862252,3,walking
1519421794929,-7.5974135,-1.2016073,-2.034594,3,walking
1519421794934,-7.635712,-1.0771381,-2.2165108,3,walking
1519421794940,-7.6261373,-1.0675635,-2.3792782,3,walking
1519421794944,-7.6452866,-1.0101161,-2.4463003,3,walking
1519421794950,-7.702734,-0.98139244,-2.5228968,3,walking
1519421794954,-7.8176284,-1.1250108,-2.733537,3,walking
1519421794959,-7.8846507,-1.2494801,-2.8580062,3,walking
1519421794964,-7.9420977,-1.383524,-2.9346027,3,walking
1519421794969,-7.961247,-1.4792696,-2.9824755,3,walking
1519421794975,-7.9516726,-1.5654407,-3.020774,3,walking
1519421794980,-7.7601814,-1.6707608,-3.039923,3,walking
1519421794986,-7.721883,-1.7377827,-3.0111992,3,walking
1519421794995,-7.6452866,-1.9196993,-2.9824755,3,walking
1519421795000,-7.654861,-1.9579976,-3.078221,3,walking
1519421795004,-7.635712,-1.9867213,-3.059072,3,walking
1519421795009,-7.635712,-1.9867213,-3.059072,3,walking
1519421795015,-7.56869,-2.0250196,-2.9920502,3,walking
1519421795019,-7.5782647,-2.015445,-2.9824755,3,walking
1519421795024,-7.4729443,-1.9675722,-2.9441774,3,walking
1519421795030,-7.482519,-1.9771467,-2.9154537,3,walking
1519421795035,-7.511243,-1.9771467,-2.88673,3,walking
1519421795040,-7.4729443,-1.948423,-2.819708,3,walking
1519421795046,-7.4537954,-1.948423,-2.7622607,3,walking
1519421795050,-7.4920936,-1.948423,-2.6856642,3,walking
1519421795054,-7.4729443,-1.9867213,-2.5707695,3,walking
1519421795059,-7.4729443,-1.9867213,-2.5707695,3,walking
1519421795065,-7.3867736,-2.0537431,-2.3505547,3,walking
1519421795071,-7.2527294,-2.1399143,-2.1782124,3,walking
1519421795076,-7.2910275,-2.1590633,-2.101616,3,walking
1519421795087,-7.0995364,-2.187787,-1.8526775,3,walking
1519421795097,-6.9176197,-2.168638,-1.7377827,3,walking
1519421795102,-6.831449,-2.2165108,-1.6994845,3,walking
1519421795107,-6.869747,-2.2069361,-1.6899099,3,walking
1519421795116,-6.9559183,-2.2452345,-1.8048047,3,walking
1519421795123,-7.137835,-2.254809,-1.9771467,3,walking
1519421795128,-7.3006024,-2.3122563,-2.0441687,3,walking
1519421795133,-7.3771987,-2.2931073,-2.0728924,3,walking
1519421795138,-7.5974135,-2.3314054,-2.1399143,3,walking
1519421795143,-7.721883,-2.3505547,-2.1207652,3,walking
1519421795148,-7.855927,-2.3984275,-2.168638,3,walking
1519421795152,-8.152739,-2.3505547,-2.2356598,3,walking
1519421795157,-8.305931,-2.360129,-2.254809,3,walking
1519421795161,-8.305931,-2.360129,-2.254809,3,walking
1519421795166,-8.6697645,-2.3122563,-2.3505547,3,walking
1519421795176,-9.196365,-2.2835326,-2.4463003,3,walking
1519421795182,-9.330409,-2.2835326,-2.408002,3,walking
1519421795187,-9.397431,-2.3026817,-2.360129,3,walking
1519421795192,-9.579348,-2.2835326,-2.321831,3,walking
1519421795197,-9.617646,-2.321831,-2.2165108,3,walking
1519421795202,-9.732541,-2.3026817,-1.9962958,3,walking
1519421795207,-9.761265,-2.2739582,-1.8526775,3,walking
1519421795212,-9.770839,-2.3122563,-1.6516117,3,walking
1519421795218,-9.780414,-2.3314054,-1.5079932,3,walking
1519421795223,-9.713391,-2.4367256,-1.1728836,3,walking
1519421795228,-9.675094,-2.475024,-1.0579889,3,walking
1519421795233,-9.62722,-2.5324712,-0.9526688,3,walking
1519421795238,-9.617646,-2.647366,-0.8090504,3,walking
1519421795243,-9.531475,-2.7239625,-0.6750065,3,walking
1519421795248,-9.512326,-2.7239625,-0.59841,3,walking
1519421795253,-9.483603,-2.6760898,-0.5218136,3,walking
1519421795258,-9.483603,-2.6760898,-0.5218136,3,walking
1519421795263,-9.617646,-2.5707695,-0.54096264,3,walking
1519421795268,-9.75169,-2.5228968,-0.56968635,3,walking
1519421795274,-9.96233,-2.3888528,-0.61755913,3,walking
1519421795282,-11.465536,-1.8048047,-1.2877784,3,walking
1519421795287,-12.25065,-1.5941644,-1.5941644,3,walking
1519421795293,-13.0549135,-1.4122477,-1.9771467,3,walking
1519421795300,-14.596417,-1.3930986,-2.5516202,3,walking
1519421795306,-14.548545,-1.4888442,-2.475024,3,walking
1519421795311,-14.232584,-1.6707608,-2.3026817,3,walking
1519421795317,-13.1602335,-1.929274,-1.79523,3,walking
1519421795352,-9.158067,-3.1452432,-0.8952214,3,walking
1519421795356,-9.138918,-3.1356685,-0.9622433,3,walking
1519421795361,-9.0814705,-2.9920502,-1.0867126,3,walking
1519421795366,-9.20594,-2.7909844,-1.2207564,3,walking
1519421795376,-10.172971,-1.7282082,-1.6324625,3,walking
1519421795381,-10.670848,-1.2973529,-1.7856555,3,walking
1519421795386,-11.226172,-0.91437054,-1.8718265,3,walking
1519421795392,-12.336822,-0.42606795,-2.1111906,3,walking
1519421795397,-12.997466,-0.30159867,-2.2643836,3,walking
1519421795402,-13.562365,-0.20585304,-2.34098,3,walking
1519421795444,-12.336822,-0.6079846,-2.034594,3,walking
1519421795453,-12.059159,-0.45479164,-2.0441687,3,walking
1519421795461,-10.967659,-0.512239,-2.2356598,3,walking
1519421795466,-10.795317,-0.61755913,-2.254809,3,walking
1519421795476,-10.431483,-0.9622433,-2.3697038,3,walking
1519421795482,-10.153821,-1.4505459,-2.5037475,3,walking
1519421795487,-9.98148,-1.7186337,-2.5324712,3,walking
1519421795491,-9.780414,-1.9579976,-2.5899186,3,walking
1519421795496,-9.608071,-2.1590633,-2.580344,3,walking
1519421795501,-9.483603,-2.0250196,-2.4558747,3,walking
1519421795506,-9.272962,-1.9771467,-2.2260852,3,walking
1519421795516,-8.459125,-2.2835326,-1.8143792,3,walking
1519421795521,-8.296356,-2.360129,-1.7282082,3,walking
1519421795527,-8.028269,-2.4845984,-1.6611862,3,walking
1519421795532,-7.9516726,-2.7718353,-1.8909757,3,walking
1519421795537,-7.501668,-2.7622607,-1.5558661,3,walking
1519421795542,-7.2527294,-2.666515,-0.9430942,3,walking
1519421795547,-7.0708127,-2.7239625,-1.0005416,3,walking
1519421795552,-6.8410234,-2.580344,-0.8186249,3,walking
1519421795558,-6.678256,-2.6760898,-0.76117754,3,walking
1519421795563,-6.5059137,-3.0016246,-0.85692316,3,walking
1519421795568,-6.5059137,-3.0016246,-0.85692316,3,walking
1519421795573,-6.3527207,-3.1165195,-0.751603,3,walking
1519421795578,-6.2378263,-3.193116,-0.90479594,3,walking
1519421795583,-6.2378263,-3.193116,-0.90479594,3,walking
1519421795591,-6.2665496,-3.1069448,-1.0771381,3,walking
1519421795597,-6.2474008,-3.0494976,-1.0101161,3,walking
1519421795602,-6.2282515,-3.0111992,-1.14416,3,walking
1519421795607,-6.2952733,-2.88673,-1.2303311,3,walking
1519421795612,-6.3622956,-2.733537,-1.2399056,3,walking
1519421795617,-6.4197426,-2.6377914,-1.3452257,3,walking
1519421795623,-6.592085,-2.427151,-1.3452257,3,walking
1519421795628,-6.6591067,-2.3026817,-1.3165021,3,walking
1519421795633,-6.8793216,-2.149489,-1.4218222,3,walking
1519421795637,-6.8793216,-2.149489,-1.4218222,3,walking
1519421795642,-7.0133657,-2.1399143,-1.4984187,3,walking
1519421795647,-7.051664,-2.149489,-1.469695,3,walking
1519421795653,-7.137835,-2.254809,-1.4026731,3,walking
1519421795658,-7.310177,-2.4175766,-1.2782038,3,walking
1519421795663,-7.4059224,-2.4654493,-1.1633091,3,walking
1519421795671,-7.511243,-2.580344,-0.8760723,3,walking
1519421795676,-7.5591154,-2.6760898,-0.77075213,3,walking
1519421795681,-7.6069884,-2.666515,-0.6845811,3,walking
1519421795687,-7.5591154,-2.647366,-0.5313881,3,walking
1519421795692,-7.5591154,-2.494173,-0.45479164,3,walking
1519421795697,-7.549541,-2.3888528,-0.4164934,3,walking
1519421795702,-7.654861,-2.2643836,-0.42606795,3,walking
1519421795707,-7.702734,-2.1782124,-0.49308985,3,walking
1519421795712,-7.961247,-2.1303396,-0.5888355,3,walking
1519421795717,-8.037844,-2.101616,-0.5888355,3,walking
1519421795722,-8.315506,-2.1303396,-0.64628285,3,walking
1519421795727,-8.401677,-2.149489,-0.63670826,3,walking
1519421795733,-8.545295,-2.1590633,-0.6845811,3,walking
1519421795740,-8.736787,-2.2165108,-0.7420284,3,walking
1519421795746,-8.7750845,-2.1973617,-0.7420284,3,walking
1519421795751,-8.918703,-2.1303396,-0.76117754,3,walking
1519421795757,-8.918703,-2.0824668,-0.8090504,3,walking
1519421795762,-8.937852,-1.948423,-0.90479594,3,walking
1519421795767,-8.937852,-1.948423,-0.90479594,3,walking
1519421795772,-8.9761505,-1.8909757,-1.0101161,3,walking
1519421795777,-8.995299,-1.8239537,-1.0962871,3,walking
1519421795783,-8.9761505,-1.776081,-1.0484143,3,walking
1519421795787,-9.024023,-1.8048047,-1.1250108,3,walking
1519421795792,-9.244238,-1.776081,-1.0579889,3,walking
1519421795798,-9.244238,-1.776081,-1.0579889,3,walking
1519421795803,-9.483603,-1.8239537,-1.1537346,3,walking
1519421795808,-9.636795,-1.8143792,-1.1250108,3,walking
1519421795814,-9.924032,-1.7665064,-1.1154363,3,walking
1519421795821,-10.345312,-1.7665064,-1.2207564,3,walking
1519421795827,-10.575102,-1.8048047,-1.2877784,3,walking
1519421795831,-10.871913,-1.8431029,-1.3356512,3,walking
1519421795836,-11.197449,-1.9771467,-1.383524,3,walking
1519421795841,-11.781497,-2.2356598,-1.5558661,3,walking
1519421795846,-12.087883,-2.3505547,-1.6324625,3,walking
1519421795855,-12.557036,-2.5228968,-1.6516117,3,walking
1519421795861,-12.863422,-2.666515,-1.6133134,3,walking
1519421795866,-12.968742,-2.6186423,-1.6037389,3,walking
1519421795873,-13.064487,-2.5324712,-1.6133134,3,walking
1519421795877,-13.121935,-2.360129,-1.6994845,3,walking
1519421795886,-13.208106,-1.9962958,-1.8814012,3,walking
1519421795895,-13.064487,-1.79523,-2.187787,3,walking
1519421795900,-13.064487,-1.7186337,-2.2069361,3,walking
1519421795905,-13.00704,-1.6611862,-2.2835326,3,walking
1519421795911,-12.604909,-1.6803354,-2.5228968,3,walking
1519421795916,-12.394268,-1.622888,-2.427151,3,walking
1519421795920,-12.135756,-1.6420372,-2.3697038,3,walking
1519421795924,-11.810221,-1.6899099,-2.4175766,3,walking
1519421795931,-11.350641,-1.7186337,-2.4654493,3,walking
1519421795936,-11.216598,-1.6994845,-2.5324712,3,walking
1519421795945,-11.293194,-1.6133134,-2.9537518,3,walking
1519421795951,-12.317672,-1.4218222,-3.5090764,3,walking
1519421795956,-12.882571,-1.4601204,-3.5378,3,walking
1519421795961,-13.399597,-2.187787,-2.5707695,3,walking
1519421795983,-11.561282,-4.7250457,-0.7420284,3,walking
1519421795990,-10.843189,-4.887813,-0.61755913,3,walking
1519421795995,-10.517654,-4.7441945,-0.61755913,3,walking
1519421796001,-9.799562,-4.2558923,-0.8952214,3,walking
1519421796006,-9.531475,-3.9590807,-1.1058618,3,walking
1519421796023,-9.5219,-2.321831,-2.6952388,3,walking
1519421796030,-9.837861,-1.948423,-3.0016246,3,walking
1519421796034,-10.125097,-1.5558661,-3.3175852,3,walking
1519421796041,-10.737869,-1.0675635,-3.6143966,3,walking
1519421796046,-11.044255,-0.99096704,-3.690993,3,walking
1519421796055,-11.925115,-1.1728836,-3.4899273,3,walking
1519421796061,-12.116607,-1.4026731,-3.2601378,3,walking
1519421796066,-12.231501,-1.6516117,-3.2026904,3,walking
1519421796071,-12.480439,-2.1399143,-3.3367343,3,walking
1519421796076,-12.58576,-2.360129,-3.1643922,3,walking
1519421796081,-12.260224,-2.6952388,-3.2697124,3,walking
1519421796087,-12.0400095,-2.972901,-3.2218397,3,walking
1519421796092,-11.609155,-3.3750327,-3.0973704,3,walking
1519421796097,-11.408089,-3.365458,-2.9537518,3,walking
1519421796101,-10.910212,-3.2601378,-2.7239625,3,walking
1519421796107,-10.335738,-3.0111992,-2.5420458,3,walking
1519421796113,-9.933606,-2.8101335,-2.4845984,3,walking
1519421796117,-9.64637,-2.6760898,-2.4463003,3,walking
1519421796125,-9.339984,-2.3122563,-2.0633178,3,walking
1519421796130,-9.100619,-1.8239537,-1.7856555,3,walking
1519421796136,-8.947427,-1.6324625,-1.8909757,3,walking
1519421796140,-8.4686985,-1.4409714,-1.776081,3,walking
1519421796145,-8.4686985,-1.4409714,-1.776081,3,walking
1519421796177,-8.727212,-0.92394507,-2.1399143,3,walking
1519421796186,-8.784659,-0.4835153,-1.4313968,3,walking
1519421796193,-8.765511,-0.4835153,-1.0962871,3,walking
1519421796201,-8.439975,-1.0771381,-1.2877784,3,walking
1519421796206,-8.229335,-1.4984187,-1.5462915,3,walking
1519421796210,-8.229335,-1.8335283,-1.6899099,3,walking
1519421796215,-8.200611,-1.5941644,-1.1728836,3,walking
1519421796220,-8.133589,-0.99096704,-0.3111732,3,walking
1519421796225,-8.296356,-0.64628285,0.00478728,3,walking
1519421796229,-8.315506,-0.5505372,-0.043085523,3,walking
1519421796234,-8.056993,-0.71330476,-0.17712937,3,walking
1519421796240,-7.9325233,-1.2494801,-0.22500217,3,walking
1519421796245,-7.702734,-1.8718265,-0.6558574,3,walking
1519421796254,-8.047418,-2.2165108,-1.4122477,3,walking
1519421796260,-8.095291,-1.8814012,-1.5654407,3,walking
1519421796265,-8.028269,-1.622888,-1.8526775,3,walking
1519421796270,-8.372953,-1.3739494,-2.3314054,3,walking
1519421796275,-8.564445,-1.4409714,-2.360129,3,walking
1519421796280,-8.727212,-1.5175679,-2.2931073,3,walking
1519421796286,-8.765511,-1.4984187,-2.1590633,3,walking
1519421796290,-8.861256,-1.1250108,-2.3505547,3,walking
1519421796296,-8.889979,-0.90479594,-2.475024,3,walking
1519421796301,-8.947427,-0.8760723,-2.5899186,3,walking
1519421796306,-9.024023,-1.0292653,-2.5899186,3,walking
1519421796311,-8.995299,-1.6133134,-2.5324712,3,walking
1519421796316,-8.947427,-1.9196993,-2.561195,3,walking
1519421796320,-8.880404,-2.187787,-2.6377914,3,walking
1519421796324,-8.7750845,-2.321831,-2.6569405,3,walking
1519421796330,-8.478273,-2.5516202,-2.714388,3,walking
1519421796334,-8.286782,-2.647366,-2.714388,3,walking
1519421796344,-8.018694,-2.8580062,-2.561195,3,walking
1519421796350,-7.664436,-3.078221,-2.34098,3,walking
1519421796354,-7.511243,-3.1069448,-2.2452345,3,walking
1519421796359,-7.204857,-3.0686467,-2.0728924,3,walking
1519421796365,-7.051664,-3.020774,-2.015445,3,walking
1519421796370,-6.9654927,-3.0111992,-1.9771467,3,walking
1519421796375,-6.8122997,-2.9250283,-2.015445,3,walking
1519421796380,-6.6495323,-2.8388572,-1.9867213,3,walking
1519421796385,-6.5729356,-2.7718353,-2.0537431,3,walking
1519421796389,-6.4676156,-2.7239625,-2.0633178,3,walking
1519421796394,-6.4197426,-2.7048132,-2.149489,3,walking
1519421796400,-6.2952733,-2.6569405,-2.2452345,3,walking
1519421796405,-6.2474008,-2.6090677,-2.321831,3,walking
1519421796414,-6.2665496,-2.4845984,-2.3697038,3,walking
1519421796419,-6.4005938,-2.360129,-2.4463003,3,walking
1519421796425,-6.4293175,-2.34098,-2.561195,3,walking
1519421796429,-6.515488,-2.3314054,-2.6090677,3,walking
1519421796435,-6.515488,-2.3314054,-2.6090677,3,walking
1519421796440,-6.668681,-2.3026817,-2.647366,3,walking
1519421796445,-6.7740016,-2.2835326,-2.6377914,3,walking
1519421796449,-7.051664,-2.2452345,-2.647366,3,walking
1519421796455,-7.2335806,-2.2260852,-2.6856642,3,walking
1519421796459,-7.2335806,-2.2260852,-2.6856642,3,walking
1519421796466,-7.6740103,-2.2069361,-2.647366,3,walking
1519421796471,-8.152739,-2.1590633,-2.647366,3,walking
1519421796476,-8.392102,-2.1973617,-2.5707695,3,walking
1519421796481,-8.727212,-2.2739582,-2.6186423,3,walking
1519421796486,-8.870831,-2.3792782,-2.666515,3,walking
1519421796491,-9.043172,-2.4654493,-2.5899186,3,walking
1519421796496,-9.196365,-2.5420458,-2.513322,3,walking
1519421796501,-9.493176,-2.647366,-2.34098,3,walking
1519421796506,-9.655944,-2.7048132,-2.2260852,3,walking
1519421796511,-9.703817,-2.752686,-2.1207652,3,walking
1519421796515,-9.837861,-2.7814097,-2.0250196,3,walking
1519421796519,-9.933606,-2.7909844,-1.9867213,3,walking
1519421796524,-10.048501,-2.800559,-1.9101248,3,walking
1519421796529,-10.125097,-2.7622607,-1.8143792,3,walking
1519421796534,-10.105948,-2.733537,-1.79523,3,walking
1519421796539,-10.144247,-2.580344,-1.79523,3,walking
1519421796544,-10.125097,-2.494173,-1.776081,3,walking
1519421796549,-10.115523,-2.408002,-1.8431029,3,walking
1519421796554,-10.153821,-2.3122563,-1.862252,3,walking
1519421796559,-10.172971,-2.168638,-1.862252,3,walking
1519421796564,-10.220843,-2.0920415,-1.862252,3,walking
1519421796568,-10.249567,-2.0633178,-1.79523,3,walking
1519421796574,-10.278291,-2.0728924,-1.6803354,3,walking
1519421796579,-10.326163,-2.0441687,-1.6037389,3,walking
1519421796584,-10.460207,-2.0920415,-1.2973529,3,walking
1519421796589,-10.594251,-2.1303396,-1.1250108,3,walking
1519421796595,-10.670848,-2.149489,-0.92394507,3,walking
1519421796599,-10.843189,-2.168638,-0.6271337,3,walking
1519421796605,-10.92936,-2.1782124,-0.4835153,3,walking
1519421796610,-11.302769,-2.1111906,-0.30159867,3,walking
1519421796615,-11.302769,-2.1111906,-0.30159867,3,walking
1519421796620,-12.164479,-1.9005502,-0.6079846,3,walking
1519421796625,-12.767676,-1.79523,-0.90479594,3,walking
1519421796632,-13.811303,-1.7856555,-1.2782038,3,walking
1519421796636,-14.088965,-1.8526775,-1.4218222,3,walking
1519421796641,-13.99322,-1.9101248,-1.3452257,3,walking
1519421796685,-9.828286,-1.948423,-1.2686293,3,walking
1519421796693,-8.966576,-1.948423,-1.0962871,3,walking
1519421796700,-8.411251,-1.9579976,-1.0675635,3,walking
1519421796706,-8.258059,-1.948423,-1.0196906,3,walking
1519421796711,-8.191036,-1.862252,-0.99096704,3,walking
1519421796715,-8.2676325,-1.7665064,-1.0005416,3,walking
1519421796720,-8.832532,-1.5462915,-1.1537346,3,walking
1519421796724,-9.368708,-1.4218222,-1.2494801,3,walking
1519421796729,-9.924032,-1.2399056,-1.1824582,3,walking
1519421796734,-10.527229,-1.2303311,-1.1154363,3,walking
1519421796740,-11.436812,-1.4218222,-1.0292653,3,walking
1519421796745,-11.953838,-1.4888442,-1.0675635,3,walking
1519421796749,-12.595334,-1.5367169,-1.1154363,3,walking
1519421796754,-13.064487,-1.6707608,-1.1920328,3,walking
1519421796759,-13.485768,-1.7186337,-1.3069274,3,walking
1519421796764,-14.088965,-1.8909757,-1.6133134,3,walking
1519421796768,-14.280457,-1.9388485,-1.8239537,3,walking
1519421796773,-14.385777,-1.9771467,-1.948423,3,walking
1519421796779,-14.337904,-1.9771467,-2.101616,3,walking
1519421796792,-13.485768,-1.9005502,-2.2739582,3,walking
1519421796799,-13.1602335,-1.9771467,-2.4845984,3,walking
1519421796804,-12.537887,-2.1399143,-2.580344,3,walking
1519421796809,-11.800646,-2.2931073,-2.5707695,3,walking
1519421796814,-11.800646,-2.2931073,-2.5707695,3,walking
1519421796819,-11.005958,-2.2835326,-2.5324712,3,walking
1519421796824,-10.661273,-2.2356598,-2.408002,3,walking
1519421796828,-9.98148,-2.2356598,-2.2165108,3,walking
1519421796833,-9.64637,-2.2165108,-2.0537431,3,walking
1519421796838,-9.349558,-2.2165108,-1.9101248,3,walking
1519421796843,-9.091045,-2.187787,-1.8335283,3,walking
1519421796848,-8.832532,-2.187787,-1.6899099,3,walking
1519421796853,-8.439975,-2.149489,-1.6324625,3,walking
1519421796858,-8.23891,-2.1399143,-1.5654407,3,walking
1519421796863,-8.047418,-2.187787,-1.5558661,3,walking
1519421796868,-7.922949,-2.254809,-1.5367169,3,walking
1519421796873,-7.5208173,-2.360129,-1.5558661,3,walking
1519421796883,-7.195282,-2.5037475,-1.5941644,3,walking
1519421796889,-6.869747,-2.5994933,-1.6324625,3,walking
1519421796893,-6.7261286,-2.561195,-1.6037389,3,walking
1519421796898,-6.6016593,-2.6377914,-1.6611862,3,walking
1519421796903,-6.525063,-2.6569405,-1.5654407,3,walking
1519421796909,-6.4293175,-2.714388,-1.5462915,3,walking
1519421796913,-6.458041,-2.7431116,-1.469695,3,walking
1519421796919,-6.4676156,-2.7431116,-1.4026731,3,walking
1519421796923,-6.525063,-2.800559,-1.3548003,3,walking
1519421796928,-6.525063,-2.800559,-1.3548003,3,walking
1519421796933,-6.5346375,-2.819708,-1.2686293,3,walking
1519421796938,-6.592085,-2.9154537,-1.2686293,3,walking
1519421796943,-6.639958,-2.905879,-1.2973529,3,walking
1519421796948,-6.668681,-2.9537518,-1.3260766,3,walking
1519421796953,-6.6591067,-2.9633265,-1.4122477,3,walking
1519421796958,-6.6591067,-2.9441774,-1.4984187,3,walking
1519421796963,-6.7357035,-2.88673,-1.5845897,3,walking
1519421796967,-6.7548523,-2.8484318,-1.6611862,3,walking
1519421796972,-6.783576,-2.7622607,-1.6803354,3,walking
1519421796978,-6.745278,-2.6377914,-1.8335283,3,walking
1519421796983,-6.7069798,-2.5899186,-1.8431029,3,walking
1519421796988,-6.678256,-2.5899186,-1.8239537,3,walking
1519421796993,-6.6208086,-2.5037475,-1.8431029,3,walking
1519421796998,-6.544212,-2.4558747,-1.776081,3,walking
1519421797003,-6.544212,-2.4367256,-1.7282082,3,walking
1519421797008,-6.5729356,-2.4367256,-1.7377827,3,walking
1519421797013,-6.6208086,-2.408002,-1.6516117,3,walking
1519421797018,-6.639958,-2.4367256,-1.6133134,3,walking
1519421797023,-6.716554,-2.4175766,-1.5079932,3,walking
1519421797028,-6.783576,-2.3888528,-1.4792696,3,walking
1519421797034,-6.821874,-2.2739582,-1.2973529,3,walking
1519421797038,-6.8410234,-2.254809,-1.2590547,3,walking
1519421797044,-6.936769,-2.2452345,-1.1633091,3,walking
1519421797048,-6.975067,-2.2643836,-1.1154363,3,walking
1519421797053,-7.1857076,-2.360129,-1.0675635,3,walking
1519421797058,-7.281453,-2.3792782,-1.0675635,3,walking
1519421797063,-7.396348,-2.3984275,-1.0196906,3,walking
1519421797068,-7.635712,-2.427151,-0.99096704,3,walking
1519421797074,-7.808054,-2.4558747,-1.0196906,3,walking
1519421797079,-8.047418,-2.475024,-1.0196906,3,walking
1519421797084,-8.210186,-2.494173,-1.0101161,3,walking
1519421797089,-8.32508,-2.4654493,-1.0292653,3,walking
1519421797094,-8.583593,-2.408002,-1.1058618,3,walking
1519421797100,-8.698488,-2.3505547,-1.1537346,3,walking
1519421797105,-8.870831,-2.3314054,-1.2207564,3,walking
1519421797110,-9.100619,-2.2069361,-1.4122477,3,walking
1519421797115,-9.158067,-2.1207652,-1.4122477,3,walking
1519421797120,-9.253813,-2.0920415,-1.4792696,3,walking
1519421797125,-9.339984,-2.034594,-1.5079932,3,walking
1519421797130,-9.41658,-1.9005502,-1.5271424,3,walking
1519421797135,-9.464453,-1.9196993,-1.4984187,3,walking
1519421797141,-9.655944,-1.8718265,-1.4505459,3,walking
1519421797146,-9.780414,-1.8143792,-1.4026731,3,walking
1519421797151,-9.866585,-1.8239537,-1.3069274,3,walking
1519421797161,-10.316589,-1.8431029,-1.0675635,3,walking
1519421797166,-10.498506,-1.8431029,-1.0771381,3,walking
1519421797171,-10.728295,-1.862252,-1.0292653,3,walking
1519421797176,-11.082554,-1.9771467,-0.8856468,3,walking
1519421797181,-11.274045,-2.0441687,-0.8473486,3,walking
1519421797186,-11.49426,-2.1399143,-0.7994758,3,walking
1519421797192,-11.676176,-2.2356598,-0.7324539,3,walking
1519421797198,-12.001712,-2.3697038,-0.7228793,3,walking
1519421797203,-12.087883,-2.4558747,-0.76117754,3,walking
1519421797208,-12.145329,-2.475024,-0.77075213,3,walking
1519421797213,-12.260224,-2.494173,-0.8090504,3,walking
1519421797218,-12.25065,-2.4558747,-0.8473486,3,walking
1519421797223,-12.212352,-2.3888528,-0.8856468,3,walking
1519421797229,-12.174053,-2.149489,-0.9718179,3,walking
1519421797234,-12.135756,-2.0633178,-1.0675635,3,walking
1519421797238,-12.078308,-1.9196993,-1.1633091,3,walking
1519421797243,-12.020861,-1.8143792,-1.2111819,3,walking
1519421797247,-11.838944,-1.5367169,-1.3643749,3,walking
1519421797252,-11.7049,-1.4218222,-1.4122477,3,walking
1519421797258,-11.570856,-1.2686293,-1.4888442,3,walking
1519421797262,-11.4272375,-1.1920328,-1.5271424,3,walking
1519421797267,-11.331492,-1.0771381,-1.5750152,3,walking
1519421797272,-11.072979,-0.8856468,-1.776081,3,walking
1519421797277,-11.082554,-0.76117754,-1.9196993,3,walking
1519421797283,-11.245321,-0.64628285,-2.1399143,3,walking
1519421797288,-12.059159,-0.69415563,-2.4654493,3,walking
1519421797293,-12.528313,-0.92394507,-2.3122563,3,walking
1519421797298,-12.872996,-1.2686293,-2.0824668,3,walking
1519421797305,-12.940019,-1.9962958,-1.3260766,3,walking
1519421797310,-12.394268,-2.7239625,-0.45479164,3,walking
1519421797315,-12.049584,-3.059072,-0.09095833,3,walking
1519421797319,-11.848518,-3.2601378,0.15798025,3,walking
1519421797358,-9.454879,-1.0962871,-0.25372586,3,walking
1519421797364,-9.29211,-0.56968635,-0.9526688,3,walking
1519421797372,-9.320834,-0.46436617,-1.3739494,3,walking
1519421797379,-9.7899885,-0.7228793,-2.5707695,3,walking
1519421797385,-10.163396,-0.92394507,-2.9250283,3,walking
1519421797390,-10.517654,-1.2590547,-3.2218397,3,walking
1519421797394,-10.94851,-1.5941644,-3.4707782,3,walking
1519421797400,-11.7336235,-2.2931073,-3.6814184,3,walking
1519421797404,-12.107032,-2.5516202,-3.604822,3,walking
1519421797409,-12.375119,-2.8292825,-3.4707782,3,walking
1519421797413,-12.604909,-3.1452432,-3.4037561,3,walking
1519421797418,-12.834699,-3.4133308,-3.346309,3,walking
1519421797423,-13.0549135,-3.6622694,-3.365458,3,walking
1519421797428,-13.188957,-3.911208,-3.2888615,3,walking
1519421797432,-13.284702,-4.236743,-3.2601378,3,walking
1519421797437,-13.313426,-4.2558923,-3.1452432,3,walking
1519421797452,-12.911295,-3.997379,-3.078221,3,walking
1519421797458,-12.777251,-3.7867386,-3.1165195,3,walking
1519421797463,-12.777251,-3.7867386,-3.1165195,3,walking
1519421797468,-12.154904,-3.451629,-2.9154537,3,walking
1519421797474,-11.714475,-3.173967,-2.7431116,3,walking
1519421797478,-11.4272375,-2.8771553,-2.6090677,3,walking
1519421797494,-10.82404,-1.6611862,-2.0824668,3,walking
1519421797500,-10.536804,-1.4122477,-2.0058703,3,walking
1519421797506,-10.096374,-0.64628285,-1.6516117,3,walking
1519421797514,-9.780414,0.03351096,-1.2973529,3,walking
1519421797518,-9.732541,0.18670394,-1.2399056,3,walking
1519421797522,-9.655944,0.2154276,-1.1537346,3,walking
1519421797537,-9.263388,-0.11968201,-1.2111819,3,walking
1519421797542,-8.947427,-0.110107444,-1.0388398,3,walking
1519421797548,-8.602742,-0.20585304,-1.0579889,3,walking
1519421797553,-8.392102,-0.36862057,-1.1154363,3,walking
1519421797558,-8.200611,-0.5888355,-1.0771381,3,walking
1519421797564,-8.095291,-0.9526688,-1.0292653,3,walking
1519421797569,-8.066567,-1.0388398,-0.9526688,3,walking
1519421797574,-7.961247,-1.0675635,-0.8281995,3,walking
1519421797579,-7.875076,-1.1537346,-0.7994758,3,walking
1519421797584,-7.9325233,-1.2494801,-0.83777404,3,walking
1519421797589,-7.9420977,-1.3452257,-0.99096704,3,walking
1519421797594,-7.9325233,-1.5654407,-1.1345854,3,walking
1519421797599,-7.8846507,-1.5845897,-1.2877784,3,walking
1519421797604,-7.8272033,-1.6707608,-1.4122477,3,walking
1519421797610,-7.6835847,-1.6803354,-1.6994845,3,walking
1519421797615,-7.616563,-1.7377827,-1.8335283,3,walking
1519421797620,-7.549541,-1.8335283,-2.0537431,3,walking
1519421797629,-7.5208173,-2.0920415,-2.494173,3,walking
1519421797634,-7.482519,-2.1973617,-2.647366,3,walking
1519421797638,-7.482519,-2.321831,-2.752686,3,walking
1519421797642,-7.4537954,-2.3888528,-2.8963046,3,walking
1519421797647,-7.4729443,-2.5228968,-3.078221,3,walking
1519421797653,-7.5399666,-2.5899186,-3.173967,3,walking
1519421797658,-7.5591154,-2.647366,-3.231414,3,walking
1519421797663,-7.5591154,-2.647366,-3.231414,3,walking
1519421797668,-7.46337,-2.867581,-3.384607,3,walking
1519421797672,-7.46337,-2.9250283,-3.3558834,3,walking
1519421797677,-7.501668,-2.9441774,-3.3941817,3,walking
1519421797682,-7.4250717,-3.0016246,-3.3271596,3,walking
1519421797688,-7.3771987,-3.020774,-3.2505634,3,walking
1519421797693,-7.396348,-2.9633265,-3.0973704,3,walking
1519421797699,-7.329326,-2.9441774,-3.0016246,3,walking
1519421797704,-7.348475,-2.8771553,-2.9346027,3,walking
1519421797708,-7.243155,-2.819708,-2.6952388,3,walking
1519421797713,-7.243155,-2.819708,-2.6952388,3,walking
1519421797717,-7.243155,-2.6760898,-2.5516202,3,walking
1519421797722,-7.195282,-2.5994933,-2.4845984,3,walking
1519421797728,-7.156984,-2.4845984,-2.3888528,3,walking
1519421797734,-7.1091113,-2.4175766,-2.34098,3,walking
1519421797739,-7.003791,-2.3792782,-2.321831,3,walking
1519421797744,-7.003791,-2.360129,-2.3792782,3,walking
1519421797749,-7.089962,-2.34098,-2.4367256,3,walking
1519421797759,-7.2623043,-2.3792782,-2.561195,3,walking
1519421797764,-7.329326,-2.3505547,-2.6377914,3,walking
1519421797769,-7.3389006,-2.408002,-2.6186423,3,walking
1519421797778,-7.3389006,-2.5324712,-2.5994933,3,walking
1519421797782,-7.434646,-2.5707695,-2.5899186,3,walking
1519421797787,-7.4729443,-2.5707695,-2.5324712,3,walking
1519421797792,-7.6261373,-2.5228968,-2.3984275,3,walking
1519421797797,-7.702734,-2.5324712,-2.34098,3,walking
1519421797802,-7.808054,-2.5228968,-2.2643836,3,walking
1519421797807,-8.056993,-2.5324712,-2.1399143,3,walking
1519421797812,-8.171887,-2.561195,-2.015445,3,walking
1519421797817,-8.459125,-2.580344,-1.9005502,3,walking
1519421797822,-8.679339,-2.6377914,-1.8718265,3,walking
1519421797827,-8.822957,-2.5994933,-1.8143792,3,walking
1519421797832,-9.004874,-2.6186423,-1.709059,3,walking
1519421797837,-9.41658,-2.6377914,-1.6324625,3,walking
1519421797842,-9.41658,-2.6377914,-1.6324625,3,walking
1519421797847,-9.780414,-2.5707695,-1.6707608,3,walking
1519421797852,-9.8953085,-2.5707695,-1.6994845,3,walking
1519421797857,-10.000628,-2.5228968,-1.6803354,3,walking
1519421797863,-10.000628,-2.5228968,-1.6803354,3,walking
1519421797867,-9.991054,-2.3505547,-1.6324625,3,walking
1519421797872,-9.943181,-2.2931073,-1.6420372,3,walking
1519421797877,-9.914457,-2.2165108,-1.6516117,3,walking
1519421797881,-9.722966,-2.1399143,-1.6324625,3,walking
1519421797888,-9.655944,-2.0920415,-1.5845897,3,walking
1519421797892,-9.512326,-2.034594,-1.5558661,3,walking
1519421797897,-9.301685,-1.948423,-1.4218222,3,walking
1519421797902,-9.20594,-1.9101248,-1.3452257,3,walking
1519421797907,-9.119769,-1.9101248,-1.2494801,3,walking
1519421797912,-9.043172,-1.8909757,-1.0771381,3,walking
1519421797916,-8.870831,-1.9101248,-0.7994758,3,walking
1519421797922,-8.794233,-1.9771467,-0.64628285,3,walking
1519421797926,-8.708063,-2.0058703,-0.47394073,3,walking
1519421797932,-8.708063,-1.9962958,-0.28244954,3,walking
1519421797937,-8.755936,-2.015445,0.062234644,3,walking
1519421797942,-8.6697645,-2.0058703,0.26330042,3,walking
1519421797948,-8.861256,-1.9388485,0.6079846,3,walking
1519421797952,-8.861256,-1.9388485,0.6079846,3,walking
1519421797958,-9.339984,-1.7186337,0.5888355,3,walking
1519421797962,-9.75169,-1.5367169,0.46436617,3,walking
1519421797967,-10.441058,-1.2973529,0.062234644,3,walking
1519421797972,-11.963413,-0.99096704,-0.7994758,3,walking
1519421797984,-13.1602335,-1.0675635,-1.4313968,3,walking
1519421797989,-12.978316,-1.1728836,-1.3069274,3,walking
1519421797993,-12.604909,-1.3260766,-1.2303311,3,walking
1519421797998,-12.164479,-1.4888442,-1.0005416,3,walking
1519421798002,-11.657027,-1.6611862,-0.8281995,3,walking
1519421798007,-10.814466,-1.862252,-0.5888355,3,walking
1519421798012,-10.460207,-1.9962958,-0.5888355,3,walking
1519421798016,-10.172971,-2.1303396,-0.5505372,3,walking
1519421798022,-9.847435,-2.2739582,-0.5218136,3,walking
1519421798027,-9.397431,-2.5516202,-0.63670826,3,walking
1519421798032,-9.215514,-2.6090677,-0.665432,3,walking
1519421798037,-9.014449,-2.666515,-0.6845811,3,walking
1519421798043,-8.861256,-2.6282167,-0.77075213,3,walking
1519421798048,-8.765511,-2.1973617,-1.0579889,3,walking
1519421798052,-8.765511,-2.1973617,-1.0579889,3,walking
1519421798057,-9.512326,-1.7377827,-1.4601204,3,walking
1519421798062,-9.512326,-1.7377827,-1.4601204,3,walking
1519421798066,-10.766593,-1.3260766,-1.8431029,3,walking
1519421798069,-11.475111,-1.1537346,-1.9388485,3,walking
1519421798098,-14.577269,-1.5941644,-1.8335283,3,walking
1519421798104,-14.835781,-1.8431029,-1.7377827,3,walking
1519421798108,-14.854931,-1.8814012,-1.7665064,3,walking
1519421798128,-13.782579,-1.9388485,-1.6803354,3,walking
1519421798132,-13.782579,-1.9388485,-1.6803354,3,walking
1519421798169,-10.06765,-1.5654407,-1.4888442,3,walking
1519421798178,-9.655944,-1.5654407,-1.2494801,3,walking
1519421798185,-9.177217,-1.622888,-1.0579889,3,walking
1519421798193,-8.708063,-1.7282082,-1.0101161,3,walking
1519421798198,-8.487848,-1.7377827,-0.92394507,3,walking
1519421798203,-8.2676325,-1.7665064,-0.8856468,3,walking
1519421798208,-8.124015,-1.8335283,-0.8760723,3,walking
1519421798212,-8.00912,-1.862252,-0.85692316,3,walking
1519421798216,-7.741032,-2.0058703,-1.0101161,3,walking
1519421798221,-7.741032,-2.0058703,-1.0101161,3,walking
1519421798227,-7.5303917,-2.0728924,-1.0675635,3,walking
1519421798232,-7.4154973,-2.0537431,-1.0196906,3,walking
1519421798237,-7.3006024,-1.948423,-0.9718179,3,walking
1519421798241,-7.3006024,-1.948423,-0.9718179,3,walking
1519421798247,-6.8601727,-2.0824668,-0.99096704,3,walking
1519421798253,-6.831449,-2.0537431,-0.8760723,3,walking
1519421798258,-6.6878304,-2.1399143,-0.8281995,3,walking
1519421798263,-6.5729356,-2.2165108,-0.90479594,3,walking
1519421798268,-6.5059137,-2.2931073,-0.8760723,3,walking
1519421798273,-6.544212,-2.2835326,-0.92394507,3,walking
1519421798278,-6.486765,-2.360129,-0.78990126,3,walking
1519421798283,-6.486765,-2.4175766,-0.8186249,3,walking
1519421798288,-6.5346375,-2.561195,-0.8664977,3,walking
1519421798292,-6.611234,-2.7048132,-0.90479594,3,walking
1519421798297,-6.6016593,-2.7718353,-0.8186249,3,walking
1519421798302,-6.486765,-2.8101335,-0.5888355,3,walking
1519421798307,-6.3622956,-2.7622607,-0.46436617,3,walking
1519421798312,-6.3622956,-2.7622607,-0.46436617,3,walking
1519421798317,-6.6878304,-2.6569405,-0.8281995,3,walking
1519421798322,-6.668681,-2.5228968,-0.56011176,3,walking
1519421798327,-6.745278,-2.494173,-0.54096264,3,walking
1519421798337,-6.9176197,-2.254809,-0.45479164,3,walking
1519421798342,-6.984642,-2.1590633,-0.512239,3,walking
1519421798348,-7.1091113,-2.0920415,-0.59841,3,walking
1519421798358,-7.281453,-1.9005502,-0.50266445,3,walking
1519421798363,-7.3197513,-1.8048047,-0.4356425,3,walking
1519421798368,-7.5591154,-1.7377827,-0.39734426,3,walking
1519421798373,-7.7123084,-1.776081,-0.359046,3,walking
1519421798378,-7.855927,-1.8526775,-0.37819514,3,walking
1519421798384,-8.018694,-1.9675722,-0.359046,3,walking
1519421798389,-8.286782,-2.0441687,-0.26330042,3,walking
1519421798394,-8.315506,-2.015445,-0.23457673,3,walking
1519421798399,-8.401677,-1.9867213,-0.12925656,3,walking
1519421798404,-8.5740185,-1.9867213,-0.10053288,3,walking
1519421798410,-8.631466,-2.0633178,-0.10053288,3,walking
1519421798415,-8.650616,-2.0728924,-0.0718092,3,walking
1519421798420,-8.794233,-2.168638,-0.25372586,3,walking
1519421798425,-8.889979,-2.168638,-0.30159867,3,walking
1519421798430,-8.928278,-2.0920415,-0.26330042,3,walking
1519421798436,-9.014449,-2.0824668,-0.30159867,3,walking
1519421798444,-9.234664,-2.0633178,-0.47394073,3,walking
1519421798449,-9.330409,-2.034594,-0.45479164,3,walking
1519421798459,-9.512326,-1.8526775,-0.49308985,3,walking
1519421798464,-9.5219,-1.8526775,-0.512239,3,walking
1519421798469,-9.579348,-1.8239537,-0.45479164,3,walking
1519421798474,-9.75169,-1.8048047,-0.42606795,3,walking
1519421798480,-9.85701,-1.79523,-0.56968635,3,walking
1519421798484,-10.058076,-1.8143792,-0.5792609,3,walking
1519421798490,-10.144247,-1.8335283,-0.5888355,3,walking
1519421798494,-10.469782,-1.929274,-0.71330476,3,walking
1519421798500,-10.642124,-1.9579976,-0.6845811,3,walking
1519421798505,-10.833615,-1.9962958,-0.71330476,3,walking
1519421798509,-11.044255,-2.0824668,-0.665432,3,walking
1519421798518,-11.647452,-2.254809,-0.61755913,3,walking
1519421798524,-11.867668,-2.3314054,-0.6079846,3,walking
1519421798528,-12.059159,-2.3505547,-0.6558574,3,walking
1519421798534,-12.288948,-2.3505547,-0.5792609,3,walking
1519421798539,-12.413418,-2.321831,-0.5792609,3,walking
1519421798548,-12.595334,-2.149489,-0.76117754,3,walking
1519421798554,-12.7964,-1.9962958,-1.0101161,3,walking
1519421798559,-12.911295,-1.8718265,-1.2494801,3,walking
1519421798568,-13.02619,-1.6994845,-1.6516117,3,walking
1519421798575,-12.825124,-1.5845897,-1.8335283,3,walking
1519421798584,-12.3463955,-1.5271424,-1.8143792,3,walking
1519421798588,-12.059159,-1.4984187,-1.8526775,3,walking
1519421798593,-11.877242,-1.4984187,-1.8431029,3,walking
1519421798598,-11.743198,-1.4505459,-1.948423,3,walking
1519421798608,-12.35597,-1.1058618,-2.7622607,3,walking
1519421798613,-12.987891,-1.0484143,-3.020774,3,walking
1519421798618,-13.619812,-1.1824582,-3.0016246,3,walking
1519421798625,-14.337904,-1.8909757,-2.3697038,3,walking
1519421798630,-14.299606,-2.3888528,-1.8814012,3,walking
1519421798636,-13.715558,-3.5378,-0.99096704,3,walking
1519421798644,-12.9591675,-4.389936,-0.3398969,3,walking
1519421798677,-9.493176,-3.4420545,-0.8090504,3,walking
1519421798685,-9.330409,-3.059072,-1.1728836,3,walking
1519421798693,-9.263388,-2.187787,-1.8718265,3,walking
1519421798701,-9.569773,-1.3548003,-2.5707695,3,walking
1519421798706,-10.239992,-0.5313881,-3.1356685,3,walking
1519421798714,-10.785743,0.0,-3.499502,3,walking
1519421798719,-11.101703,0.110107444,-3.5856729,3,walking
1519421798723,-11.341067,0.16755481,-3.671844,3,walking
1519421798728,-11.522984,0.18670394,-3.6143966,3,walking
1519421798734,-11.9346895,0.0718092,-3.5760984,3,walking
1519421798738,-12.097457,-0.023936402,-3.5282254,3,walking
1519421798748,-12.336822,-0.83777404,-3.2218397,3,walking
1519421798753,-12.212352,-1.2686293,-3.1165195,3,walking
1519421798758,-12.068733,-1.6324625,-3.0016246,3,walking
1519421798767,-11.580431,-2.580344,-2.5516202,3,walking
1519421798773,-11.293194,-2.7622607,-2.427151,3,walking
1519421798778,-11.063405,-2.9633265,-2.254809,3,walking
1519421798787,-10.038927,-3.3558834,-2.1111906,3,walking
1519421798793,-9.6942425,-3.2026904,-2.0633178,3,walking
1519421798798,-9.359133,-3.0016246,-2.0250196,3,walking
1519421798804,-9.014449,-2.6282167,-2.1111906,3,walking
1519421798809,-8.985725,-2.5420458,-2.2643836,3,walking
1519421798814,-9.014449,-2.4845984,-2.3697038,3,walking
1519421798819,-8.9761505,-2.3505547,-2.5037475,3,walking
1519421798824,-8.717637,-1.9675722,-2.6952388,3,walking
1519421798828,-8.612317,-1.7856555,-2.733537,3,walking
1519421798833,-8.516571,-1.6707608,-2.9250283,3,walking
1519421798838,-8.6697645,-1.4505459,-3.231414,3,walking
1519421798843,-8.851681,-1.4601204,-3.2697124,3,walking
1519421798849,-8.889979,-1.5271424,-3.1643922,3,walking
1519421798854,-8.9761505,-1.469695,-2.9537518,3,walking
1519421798859,-8.957002,-1.4218222,-2.8484318,3,walking
1519421798864,-8.889979,-1.3930986,-2.7814097,3,walking
1519421798869,-8.813383,-1.3548003,-2.6569405,3,walking
1519421798874,-8.631466,-1.5271424,-2.5037475,3,walking
1519421798879,-8.516571,-1.5654407,-2.427151,3,walking
1519421798887,-8.23891,-1.6037389,-2.2835326,3,walking
1519421798894,-7.9803963,-1.5367169,-2.187787,3,walking
1519421798898,-7.788905,-1.5558661,-2.1590633,3,walking
1519421798908,-7.549541,-1.5558661,-2.1782124,3,walking
1519421798913,-7.329326,-1.469695,-2.3122563,3,walking
1519421798918,-7.2623043,-1.4218222,-2.4558747,3,walking
1519421798927,-7.195282,-1.3548003,-2.8388572,3,walking
1519421798933,-7.12826,-1.2399056,-3.1452432,3,walking
1519421798938,-7.0612383,-1.2016073,-3.2697124,3,walking
1519421798947,-6.936769,-1.2111819,-3.5665238,3,walking
1519421798953,-6.850598,-1.2399056,-3.6239712,3,walking
1519421798957,-6.783576,-1.3356512,-3.6526947,3,walking
1519421798967,-6.697405,-1.5462915,-3.5665238,3,walking
1519421798972,-6.716554,-1.6133134,-3.4707782,3,walking
1519421798977,-6.8027253,-1.7473572,-3.4612036,3,walking
1519421798983,-6.975067,-2.1303396,-3.3941817,3,walking
1519421798988,-7.042089,-2.3026817,-3.3367343,3,walking
1519421798993,-7.089962,-2.4654493,-3.2505634,3,walking
1519421798997,-7.12826,-2.5899186,-3.2218397,3,walking
1519421799003,-7.156984,-2.7909844,-3.1165195,3,walking
1519421799008,-7.204857,-2.819708,-3.059072,3,walking
1519421799013,-7.243155,-2.8292825,-3.0494976,3,walking
1519421799019,-7.35805,-2.8771553,-3.078221,3,walking
1519421799024,-7.434646,-2.8963046,-3.1165195,3,walking
1519421799028,-7.501668,-2.867581,-3.1165195,3,walking
1519421799033,-7.5974135,-2.800559,-3.078221,3,walking
1519421799037,-7.721883,-2.5899186,-3.0973704,3,walking
1519421799043,-7.7123084,-2.5324712,-3.1069448,3,walking
1519421799047,-7.7123084,-2.3984275,-3.0111992,3,walking
1519421799052,-7.788905,-2.2165108,-2.9250283,3,walking
1519421799057,-7.808054,-2.1111906,-2.867581,3,walking
1519421799062,-7.788905,-2.0441687,-2.8292825,3,walking
1519421799068,-7.7793303,-1.9962958,-2.7239625,3,walking
1519421799073,-7.693159,-1.79523,-2.5516202,3,walking
1519421799078,-7.6740103,-1.7569319,-2.513322,3,walking
1519421799084,-7.635712,-1.7186337,-2.3888528,3,walking
1519421799088,-7.635712,-1.6611862,-2.3026817,3,walking
1519421799093,-7.7506065,-1.5462915,-2.1973617,3,walking
1519421799098,-7.7793303,-1.4888442,-2.1782124,3,walking
1519421799107,-7.999545,-1.3930986,-2.1111906,3,walking
1519421799113,-8.23891,-1.3069274,-2.0633178,3,walking
1519421799118,-8.430401,-1.2973529,-2.0633178,3,walking
1519421799127,-9.024023,-1.3930986,-1.948423,3,walking
1519421799133,-9.234664,-1.4505459,-1.8814012,3,walking
1519421799138,-9.454879,-1.5462915,-1.9101248,3,walking
1519421799143,-9.818711,-1.6611862,-1.948423,3,walking
1519421799147,-9.991054,-1.709059,-1.929274,3,walking
1519421799152,-10.0868,-1.6803354,-1.9867213,3,walking
1519421799157,-10.211268,-1.6611862,-2.0058703,3,walking
1519421799162,-10.364462,-1.5175679,-2.0920415,3,walking
1519421799170,-10.220843,-1.4122477,-2.2069361,3,walking
1519421799175,-10.163396,-1.3930986,-2.2452345,3,walking
1519421799183,-9.96233,-1.3356512,-2.3026817,3,walking
1519421799188,-9.904882,-1.2877784,-2.360129,3,walking
1519421799193,-9.675094,-1.1154363,-2.3888528,3,walking
1519421799198,-9.675094,-1.1154363,-2.3888528,3,walking
1519421799203,-9.512326,-0.99096704,-2.2835326,3,walking
1519421799208,-9.445304,-0.9526688,-2.2069361,3,walking
1519421799212,-9.3878565,-0.9526688,-2.0633178,3,walking
1519421799217,-9.263388,-1.0101161,-1.7856555,3,walking
1519421799223,-9.263388,-1.0675635,-1.7282082,3,walking
1519421799227,-9.2825365,-1.2016073,-1.622888,3,walking
1519421799236,-9.244238,-1.709059,-1.2016073,3,walking
1519421799242,-9.234664,-1.929274,-1.0388398,3,walking
1519421799246,-9.167642,-2.101616,-0.8090504,3,walking
1519421799253,-9.244238,-2.4558747,-0.5505372,3,walking
1519421799257,-9.349558,-2.5324712,-0.5218136,3,walking
1519421799262,-9.359133,-2.5707695,-0.46436617,3,walking
1519421799267,-9.330409,-2.561195,-0.42606795,3,walking
1519421799273,-9.158067,-2.427151,-0.36862057,3,walking
1519421799278,-9.138918,-2.187787,-0.4164934,3,walking
1519421799283,-9.426155,-1.5367169,-0.69415563,3,walking
1519421799288,-9.426155,-1.5367169,-0.69415563,3,walking
1519421799293,-10.622974,-0.46436617,-1.5367169,3,walking
1519421799299,-11.637878,0.043085523,-2.0441687,3,walking
1519421799306,-14.519821,0.751603,-3.365458,3,walking
1519421799312,-14.711312,0.6845811,-3.2026904,3,walking
1519421799318,-14.500671,0.46436617,-3.039923,3,walking
1519421799323,-13.284702,-0.2441513,-2.4175766,3,walking
1519421799358,-8.612317,-2.733537,-1.4888442,3,walking
1519421799365,-7.635712,-2.8771553,-1.4888442,3,walking
1519421799372,-7.2527294,-2.8484318,-1.622888,3,walking
1519421799380,-7.46337,-2.714388,-1.862252,3,walking
1519421799386,-8.535721,-2.5324712,-2.6377914,3,walking
1519421799390,-8.535721,-2.5324712,-2.6377914,3,walking
1519421799393,-10.364462,-2.1590633,-3.173967,3,walking
1519421799399,-11.341067,-1.9962958,-3.2505634,3,walking
1519421799403,-12.269799,-1.8335283,-3.2888615,3,walking
1519421799408,-13.121935,-1.7665064,-3.2888615,3,walking
1519421799451,-13.409172,-1.4313968,-2.9633265,3,walking
1519421799458,-13.198531,-1.3069274,-3.0686467,3,walking
1519421799465,-12.58576,-1.0388398,-3.0494976,3,walking
1519421799473,-11.7049,-1.0579889,-2.8292825,3,walking
1519421799477,-11.197449,-1.1345854,-2.6952388,3,walking
1519421799483,-10.374036,-1.3643749,-2.3122563,3,walking
1519421799488,-10.374036,-1.3643749,-2.3122563,3,walking
1519421799492,-9.6942425,-1.622888,-1.9867213,3,walking
1519421799535,-7.922949,-0.8473486,-1.4984187,3,walking
1519421799544,-7.3676243,-0.3877697,-1.5845897,3,walking
1519421799552,-7.281453,-0.26330042,-1.6516117,3,walking
1519421799557,-7.137835,-0.13883112,-1.7377827,3,walking
1519421799562,-6.9942164,-0.014361841,-1.8335283,3,walking
1519421799566,-6.8601727,-0.03351096,-1.8909757,3,walking
1519421799571,-6.764427,-0.081383765,-1.9101248,3,walking
1519421799576,-6.745278,-0.110107444,-1.9867213,3,walking
1519421799582,-6.486765,-0.37819514,-2.0633178,3,walking
1519421799587,-6.3814445,-0.5888355,-2.101616,3,walking
1519421799591,-6.2665496,-0.78990126,-2.101616,3,walking
1519421799596,-6.1612296,-1.2303311,-2.034594,3,walking
1519421799602,-6.103782,-1.469695,-1.948423,3,walking
1519421799607,-6.0750585,-1.6899099,-1.8909757,3,walking
1519421799612,-6.017611,-2.0633178,-1.8143792,3,walking
1519421799617,-6.0463347,-2.2452345,-1.7473572,3,walking
1519421799621,-6.0367603,-2.4175766,-1.709059,3,walking
1519421799626,-6.065484,-2.5324712,-1.6611862,3,walking
1519421799632,-6.1899533,-2.666515,-1.6037389,3,walking
1519421799637,-6.256975,-2.5899186,-1.6994845,3,walking
1519421799641,-6.391019,-2.5516202,-1.6803354,3,walking
1519421799646,-6.47719,-2.3792782,-1.6899099,3,walking
1519421799651,-6.639958,-1.9675722,-1.7186337,3,walking
1519421799657,-6.668681,-1.7282082,-1.7377827,3,walking
1519421799662,-6.697405,-1.2016073,-1.7856555,3,walking
1519421799667,-6.697405,-1.2016073,-1.7856555,3,walking
1519421799672,-6.8410234,-0.751603,-1.8048047,3,walking
1519421799677,-6.9559183,-0.5505372,-1.8814012,3,walking
1519421799685,-7.2527294,-0.39734426,-1.9388485,3,walking
1519421799692,-7.501668,-0.5218136,-1.8718265,3,walking
1519421799696,-7.6261373,-0.6558574,-1.8048047,3,walking
1519421799702,-7.7506065,-0.85692316,-1.6803354,3,walking
1519421799706,-7.7984796,-0.98139244,-1.5750152,3,walking
1519421799711,-7.8846507,-1.0388398,-1.469695,3,walking
1519421799715,-7.9516726,-1.1250108,-1.4026731,3,walking
1519421799722,-8.181462,-1.1345854,-1.2399056,3,walking
1519421799726,-8.229335,-1.1537346,-1.1728836,3,walking
1519421799731,-8.334655,-1.1728836,-1.2111819,3,walking
1519421799736,-8.439975,-1.1633091,-1.1920328,3,walking
1519421799741,-8.6697645,-1.0867126,-1.3069274,3,walking
1519421799746,-8.7750845,-0.98139244,-1.4026731,3,walking
1519421799756,-9.062322,-0.77075213,-1.5845897,3,walking
1519421799762,-9.359133,-0.6079846,-1.709059,3,walking
1519421799767,-9.531475,-0.5313881,-1.7856555,3,walking
1519421799772,-9.837861,-0.49308985,-1.9101248,3,walking
1519421799777,-9.837861,-0.49308985,-1.9101248,3,walking
1519421799783,-10.038927,-0.5792609,-1.79523,3,walking
1519421799788,-10.259142,-0.8186249,-1.6420372,3,walking
1519421799793,-10.364462,-0.9622433,-1.5175679,3,walking
1519421799798,-10.469782,-1.1345854,-1.383524,3,walking
1519421799803,-10.527229,-1.2973529,-1.2686293,3,walking
1519421799808,-10.6134,-1.6324625,-1.0675635,3,walking
1519421799813,-10.6134,-1.7569319,-1.0292653,3,walking
1519421799818,-10.622974,-1.8909757,-0.9718179,3,walking
1519421799824,-10.71872,-2.0920415,-0.93351966,3,walking
1519421799828,-10.776168,-2.1399143,-0.9718179,3,walking
1519421799833,-10.900637,-2.187787,-1.0771381,3,walking
1519421799837,-10.967659,-2.2069361,-1.1728836,3,walking
1519421799841,-11.092129,-2.1973617,-1.2494801,3,walking
1519421799846,-11.149575,-2.2165108,-1.3452257,3,walking
1519421799851,-11.38894,-2.2165108,-1.4888442,3,walking
1519421799856,-11.49426,-2.1973617,-1.5750152,3,walking
1519421799861,-11.791071,-2.1207652,-1.6324625,3,walking
1519421799867,-11.791071,-2.1207652,-1.6324625,3,walking
1519421799871,-12.001712,-1.9101248,-1.7282082,3,walking
1519421799877,-12.030436,-1.8239537,-1.79523,3,walking
1519421799881,-12.087883,-1.6899099,-1.862252,3,walking
1519421799889,-11.877242,-1.6899099,-1.929274,3,walking
1519421799895,-11.72405,-1.6899099,-1.9867213,3,walking
1519421799901,-11.226172,-1.6803354,-2.034594,3,walking
1519421799907,-10.977234,-1.6707608,-1.9675722,3,walking
1519421799912,-10.661273,-1.6420372,-1.9867213,3,walking
1519421799917,-10.354887,-1.6420372,-2.0633178,3,walking
1519421799922,-9.952756,-1.6611862,-2.1399143,3,walking
1519421799926,-9.866585,-1.6707608,-2.3026817,3,walking
1519421799931,-10.010203,-1.6324625,-2.6090677,3,walking
1519421799935,-10.40276,-1.6324625,-2.9441774,3,walking
1519421799940,-11.005958,-1.622888,-3.1835413,3,walking
1519421799944,-12.384694,-1.8335283,-3.0877957,3,walking
1519421799951,-12.930444,-2.0824668,-2.7431116,3,walking
1519421799955,-13.275128,-2.475024,-2.34098,3,walking
1519421799961,-13.294277,-3.3175852,-1.4984187,3,walking
1519421799966,-13.150659,-3.7484405,-1.0484143,3,walking
1519421799971,-12.614484,-4.303765,-0.34947145,3,walking
1519421799976,-12.154904,-4.389936,-0.10053288,3,walking
1519421799980,-12.154904,-4.389936,-0.10053288,3,walking
1519421799985,-11.38894,-4.0261025,0.00478728,3,walking
1519421799991,-10.575102,-3.2984362,-0.26330042,3,walking
1519421799996,-10.249567,-2.9537518,-0.5313881,3,walking
1519421800000,-9.98148,-2.5228968,-0.8090504,3,walking
1519421800005,-9.847435,-2.168638,-1.1345854,3,walking
1519421800011,-9.818711,-1.7377827,-1.5079932,3,walking
1519421800015,-10.058076,-0.9526688,-2.321831,3,walking
1519421800020,-10.354887,-0.5792609,-2.714388,3,walking
1519421800025,-10.833615,-0.22500217,-3.1548176,3,walking
1519421800031,-11.896391,0.40691882,-3.9782298,3,walking
1519421800036,-12.518738,0.6558574,-4.322914,3,walking
1519421800047,-13.504917,0.6558574,-4.868664,3,walking
1519421800051,-14.184711,0.2154276,-5.0122824,3,walking
1519421800056,-14.366628,-0.0718092,-4.954835,3,walking
1519421800061,-14.510246,-0.7324539,-4.993133,3,walking
1519421800107,-11.637878,-3.384607,-3.0494976,3,walking
1519421800116,-10.383611,-2.800559,-2.34098,3,walking
1519421800123,-9.847435,-2.3026817,-2.168638,3,walking
1519421800142,-9.330409,-1.2399056,-2.4367256,3,walking
1519421800150,-8.746361,-0.9430942,-2.580344,3,walking
1519421800156,-8.746361,-0.9430942,-2.580344,3,walking
1519421800161,-8.1623125,-0.78032666,-2.4558747,3,walking
1519421800165,-8.085716,-0.8473486,-2.4175766,3,walking
1519421800170,-8.200611,-0.8473486,-2.513322,3,walking
1519421800175,-8.200611,-0.8664977,-2.5420458,3,walking
1519421800180,-8.181462,-0.8664977,-2.5228968,3,walking
1519421800186,-8.085716,-0.8664977,-2.4558747,3,walking
1519421800190,-8.018694,-0.91437054,-2.4175766,3,walking
1519421800196,-7.9037995,-1.0484143,-2.5420458,3,walking
1519421800200,-7.894225,-1.1345854,-2.6377914,3,walking
1519421800206,-7.855927,-1.1920328,-2.6569405,3,walking
1519421800211,-7.741032,-1.1633091,-2.5994933,3,walking
1519421800216,-7.8272033,-1.2207564,-2.7048132,3,walking
1519421800221,-7.6740103,-1.4313968,-3.0973704,3,walking
1519421800226,-7.6740103,-1.4313968,-3.0973704,3,walking
1519421800231,-7.664436,-1.6133134,-3.0686467,3,walking
1519421800236,-7.7123084,-1.5462915,-3.126094,3,walking
1519421800242,-7.664436,-1.2877784,-3.020774,3,walking
1519421800247,-7.616563,-1.2494801,-3.0303483,3,walking
1519421800252,-7.5399666,-1.3165021,-3.0494976,3,walking
1519421800257,-7.511243,-1.383524,-3.078221,3,walking
1519421800261,-7.4729443,-1.5845897,-2.9154537,3,walking
1519421800265,-7.4729443,-1.5845897,-2.8580062,3,walking
1519421800270,-7.5208173,-1.5750152,-2.8580062,3,walking
1519421800276,-7.56869,-1.5367169,-2.8484318,3,walking
1519421800280,-7.56869,-1.469695,-2.7048132,3,walking
1519421800286,-7.5591154,-1.383524,-2.647366,3,walking
1519421800291,-7.6740103,-1.3260766,-2.647366,3,walking
1519421800296,-7.6740103,-1.2590547,-2.6760898,3,walking
1519421800301,-7.7314577,-1.2399056,-2.7718353,3,walking
1519421800306,-7.7601814,-1.2782038,-2.8963046,3,walking
1519421800311,-7.8846507,-1.2973529,-3.0303483,3,walking
1519421800316,-7.8846507,-1.2973529,-3.0303483,3,walking
1519421800320,-7.9037995,-1.3643749,-3.1548176,3,walking
1519421800325,-7.9420977,-1.3643749,-3.2601378,3,walking
1519421800330,-7.9325233,-1.3548003,-3.2792869,3,walking
1519421800335,-7.9325233,-1.3548003,-3.2792869,3,walking
1519421800340,-7.8367777,-1.3739494,-3.3271596,3,walking
1519421800346,-7.8272033,-1.3643749,-3.3271596,3,walking
1519421800351,-7.769756,-1.4122477,-3.2505634,3,walking
1519421800356,-7.7793303,-1.383524,-3.1356685,3,walking
1519421800361,-7.7793303,-1.383524,-3.1069448,3,walking
1519421800366,-7.7601814,-1.3739494,-3.059072,3,walking
1519421800371,-7.788905,-1.3548003,-3.0111992,3,walking
1519421800376,-7.808054,-1.3548003,-2.9920502,3,walking
1519421800381,-7.9037995,-1.4122477,-2.8580062,3,walking
1519421800386,-7.9325233,-1.4218222,-2.7718353,3,walking
1519421800392,-7.922949,-1.4984187,-2.714388,3,walking
1519421800397,-7.961247,-1.5079932,-2.647366,3,walking
1519421800402,-7.8846507,-1.5367169,-2.580344,3,walking
1519421800407,-7.894225,-1.6037389,-2.5324712,3,walking
1519421800412,-7.9516726,-1.7186337,-2.4845984,3,walking
1519421800417,-7.9803963,-1.7473572,-2.4175766,3,walking
1519421800423,-7.961247,-1.8335283,-2.3505547,3,walking
1519421800433,-7.721883,-1.9675722,-2.0633178,3,walking
1519421800438,-7.702734,-1.929274,-1.9962958,3,walking
1519421800443,-7.702734,-1.9388485,-1.929274,3,walking
1519421800448,-7.7123084,-1.9101248,-1.9101248,3,walking
1519421800453,-7.846352,-1.776081,-1.8526775,3,walking
1519421800458,-7.9803963,-1.7186337,-1.8718265,3,walking
1519421800463,-8.248484,-1.5750152,-1.862252,3,walking
1519421800468,-8.248484,-1.5750152,-1.862252,3,walking
1519421800474,-8.526146,-1.3452257,-1.776081,3,walking
1519421800478,-8.612317,-1.1824582,-1.7473572,3,walking
1519421800484,-8.755936,-0.9526688,-1.776081,3,walking
1519421800488,-8.832532,-0.8856468,-1.8143792,3,walking
1519421800494,-8.928278,-0.92394507,-1.8718265,3,walking
1519421800499,-8.995299,-0.9526688,-1.9196993,3,walking
1519421800505,-9.071896,-1.0867126,-1.9388485,3,walking
1519421800512,-9.129343,-1.1250108,-1.8909757,3,walking
1519421800523,-9.119769,-1.2399056,-1.862252,3,walking
1519421800528,-9.0814705,-1.2973529,-1.8431029,3,walking
1519421800533,-9.0814705,-1.3643749,-1.776081,3,walking
1519421800543,-9.014449,-1.3452257,-1.6037389,3,walking
1519421800548,-8.9761505,-1.2973529,-1.5750152,3,walking
1519421800554,-8.889979,-1.2207564,-1.3930986,3,walking
1519421800558,-8.861256,-1.2303311,-1.2782038,3,walking
1519421800563,-8.842107,-1.2590547,-1.1058618,3,walking
1519421800567,-8.880404,-1.2877784,-0.93351966,3,walking
1519421800571,-8.928278,-1.4218222,-0.69415563,3,walking
1519421800575,-8.957002,-1.5271424,-0.44521707,3,walking
1519421800580,-9.158067,-1.8335283,0.043085523,3,walking
1519421800585,-9.158067,-1.8335283,0.043085523,3,walking
1519421800589,-9.435729,-2.1782124,0.27287498,3,walking
1519421800595,-9.75169,-2.2931073,0.32074776,3,walking
1519421800600,-10.575102,-2.3314054,0.18670394,3,walking
1519421800606,-10.575102,-2.3314054,0.18670394,3,walking
1519421800610,-11.810221,-2.2739582,-0.33032233,3,walking
1519421800615,-12.5474615,-2.2260852,-0.76117754,3,walking
1519421800622,-13.8879,-2.3888528,-1.6611862,3,walking
1519421800633,-14.069817,-2.561195,-2.3505547,3,walking
1519421800638,-13.725132,-2.513322,-2.4463003,3,walking
1519421800643,-12.7964,-2.3026817,-2.5324712,3,walking
1519421800674,-9.339984,-2.2165108,-1.0771381,3,walking
1519421800680,-8.641041,-2.2643836,-0.59841,3,walking
1519421800685,-8.392102,-2.2356598,-0.37819514,3,walking
1519421800690,-8.2676325,-2.168638,-0.23457673,3,walking
1519421800695,-8.2676325,-2.168638,-0.23457673,3,walking
1519421800700,-8.746361,-2.0920415,-0.42606795,3,walking
1519421800704,-9.29211,-1.929274,-0.5218136,3,walking
1519421800708,-9.904882,-1.6899099,-0.56011176,3,walking
1519421800712,-10.527229,-1.4984187,-0.64628285,3,walking
1519421800720,-11.714475,-1.4313968,-1.0196906,3,walking
1519421800726,-12.46129,-1.469695,-1.1633091,3,walking
1519421800731,-13.830453,-1.6899099,-1.4505459,3,walking
1519421800770,-13.208106,-2.2260852,-2.5899186,3,walking
1519421800777,-12.67193,-2.3026817,-2.7048132,3,walking
1519421800792,-11.628304,-2.2260852,-2.6377914,3,walking
1519421800797,-10.728295,-2.0250196,-2.2069361,3,walking
1519421800801,-10.374036,-2.0058703,-2.0058703,3,walking
1519421800805,-10.374036,-2.0058703,-2.0058703,3,walking
1519421800810,-9.818711,-2.015445,-1.7377827,3,walking
1519421800814,-9.675094,-2.0058703,-1.5845897,3,walking
1519421800819,-9.54105,-2.015445,-1.5271424,3,walking
1519421800824,-8.9761505,-1.9388485,-1.3452257,3,walking
1519421800829,-8.650616,-1.8718265,-1.1633091,3,walking
1519421800834,-8.353804,-1.8526775,-1.0388398,3,walking
1519421800839,-8.028269,-1.9101248,-1.0196906,3,walking
1519421800846,-7.894225,-2.015445,-0.9718179,3,walking
1519421800850,-7.664436,-2.149489,-1.0101161,3,walking
1519421800854,-7.664436,-2.149489,-1.0101161,3,walking
1519421800859,-7.6069884,-2.2069361,-0.99096704,3,walking
1519421800864,-7.56869,-2.3122563,-1.0771381,3,walking
1519421800870,-7.549541,-2.2069361,-0.92394507,3,walking
1519421800874,-7.6069884,-2.3122563,-1.1154363,3,walking
1519421800879,-7.6452866,-2.3122563,-1.1154363,3,walking
1519421800884,-7.654861,-2.34098,-1.1250108,3,walking
1519421800889,-7.6261373,-2.3697038,-1.14416,3,walking
1519421800894,-7.616563,-2.34098,-1.1728836,3,walking
1519421800899,-7.5303917,-2.2452345,-1.2686293,3,walking
1519421800905,-7.4920936,-2.187787,-1.2877784,3,walking
1519421800909,-7.35805,-2.0824668,-1.4505459,3,walking
1519421800914,-7.35805,-2.0824668,-1.4505459,3,walking
1519421800919,-7.204857,-1.9388485,-1.6516117,3,walking
1519421800925,-7.1186857,-1.8431029,-1.6899099,3,walking
1519421800929,-6.9942164,-1.776081,-1.6899099,3,walking
1519421800935,-6.7740016,-1.6803354,-1.79523,3,walking
1519421800940,-6.745278,-1.6707608,-1.862252,3,walking
1519421800945,-6.764427,-1.7377827,-1.929274,3,walking
1519421800951,-6.8027253,-1.7473572,-1.929274,3,walking
1519421800955,-6.831449,-1.7856555,-1.948423,3,walking
1519421800959,-6.8793216,-1.862252,-1.9388485,3,walking
1519421800964,-6.9463434,-1.9771467,-1.9675722,3,walking
1519421800969,-7.1474094,-2.1399143,-1.9196993,3,walking
1519421800974,-7.243155,-2.1973617,-1.8335283,3,walking
1519421800979,-7.281453,-2.34098,-1.7665064,3,walking
1519421800984,-7.3676243,-2.408002,-1.6611862,3,walking
1519421800989,-7.5208173,-2.5707695,-1.4313968,3,walking
1519421800994,-7.6261373,-2.6760898,-1.3356512,3,walking
1519421800999,-7.8655014,-2.8292825,-1.0579889,3,walking
1519421801004,-7.8655014,-2.8292825,-1.0579889,3,walking
1519421801009,-7.999545,-2.905879,-0.9622433,3,walking
1519421801014,-8.23891,-3.0016246,-0.70373017,3,walking
1519421801019,-8.506997,-3.0111992,-0.56968635,3,walking
1519421801024,-8.612317,-2.9154537,-0.5218136,3,walking
1519421801030,-8.641041,-2.8484318,-0.50266445,3,walking
1519421801034,-8.6697645,-2.7909844,-0.44521707,3,walking
1519421801039,-8.602742,-2.5707695,-0.4356425,3,walking
1519421801044,-8.621892,-2.408002,-0.44521707,3,walking
1519421801049,-8.641041,-2.254809,-0.5313881,3,walking
1519421801054,-8.679339,-2.1303396,-0.56968635,3,walking
1519421801059,-8.679339,-1.8909757,-0.59841,3,walking
1519421801064,-8.6697645,-1.7569319,-0.64628285,3,walking
1519421801069,-8.708063,-1.6133134,-0.70373017,3,walking
1519421801074,-8.688913,-1.4984187,-0.7324539,3,walking
1519421801079,-8.736787,-1.3452257,-0.8760723,3,walking
1519421801084,-8.7750845,-1.3165021,-0.92394507,3,walking
1519421801089,-8.813383,-1.3069274,-0.93351966,3,walking
1519421801094,-8.813383,-1.2973529,-0.9622433,3,walking
1519421801098,-8.832532,-1.3165021,-1.0196906,3,walking
1519421801104,-8.765511,-1.383524,-0.98139244,3,walking
1519421801109,-8.679339,-1.5271424,-0.9718179,3,walking
1519421801115,-8.688913,-1.5845897,-0.93351966,3,walking
1519421801120,-8.727212,-1.7377827,-0.91437054,3,walking
1519421801125,-8.794233,-1.7856555,-0.93351966,3,walking
1519421801130,-8.832532,-1.7665064,-0.91437054,3,walking
1519421801134,-8.909128,-1.8143792,-0.85692316,3,walking
1519421801139,-8.909128,-1.8718265,-0.78990126,3,walking
1519421801144,-8.966576,-1.8814012,-0.71330476,3,walking
1519421801149,-9.167642,-1.8718265,-0.6558574,3,walking
1519421801154,-9.18679,-1.7856555,-0.5792609,3,walking
1519421801159,-9.177217,-1.7665064,-0.512239,3,walking
1519421801164,-9.167642,-1.6611862,-0.47394073,3,walking
1519421801169,-9.339984,-1.5079932,-0.49308985,3,walking
1519421801175,-9.445304,-1.4505459,-0.4164934,3,walking
1519421801179,-9.5219,-1.4505459,-0.37819514,3,walking
1519421801185,-9.837861,-1.5271424,-0.46436617,3,walking
1519421801189,-10.038927,-1.6037389,-0.50266445,3,walking
1519421801194,-10.29744,-1.6899099,-0.5888355,3,walking
1519421801200,-10.642124,-1.8143792,-0.77075213,3,walking
1519421801205,-10.71872,-1.8335283,-0.8281995,3,walking
1519421801209,-10.891063,-1.862252,-1.0196906,3,walking
1519421801215,-11.005958,-1.8239537,-1.0484143,3,walking
1519421801220,-11.140001,-1.7856555,-1.2303311,3,walking
1519421801225,-11.274045,-1.7377827,-1.3739494,3,walking
1519421801230,-11.484685,-1.6611862,-1.5941644,3,walking
1519421801235,-11.561282,-1.6707608,-1.7377827,3,walking
1519421801240,-11.609155,-1.6420372,-1.8909757,3,walking
1519421801245,-11.647452,-1.6803354,-1.948423,3,walking
1519421801250,-11.657027,-1.709059,-2.1399143,3,walking
1519421801254,-11.657027,-1.709059,-2.1399143,3,walking
1519421801259,-11.398514,-1.7377827,-2.3122563,3,walking
1519421801264,-11.245321,-1.7186337,-2.360129,3,walking
1519421801268,-10.862339,-1.7569319,-2.2931073,3,walking
1519421801273,-10.862339,-1.7569319,-2.2931073,3,walking
1519421801278,-10.469782,-1.7186337,-2.3026817,3,walking
1519421801284,-10.259142,-1.7856555,-2.3697038,3,walking
1519421801289,-10.0868,-1.8526775,-2.561195,3,walking
1519421801294,-10.0868,-1.8526775,-2.561195,3,walking
1519421801299,-11.082554,-1.8335283,-3.7292912,3,walking
1519421801304,-12.748528,-1.948423,-3.8824842,3,walking
1519421801311,-13.543216,-2.168638,-3.5282254,3,walking
1519421801316,-14.184711,-3.1356685,-2.3314054,3,walking
1519421801320,-14.337904,-3.8537605,-1.6994845,3,walking
1519421801363,-11.465536,-3.997379,-0.39734426,3,walking
1519421801371,-11.05383,-2.561195,-1.2207564,3,walking
1519421801379,-11.063405,-1.1633091,-2.2452345,3,walking
1519421801387,-11.398514,0.023936402,-3.1548176,3,walking
1519421801392,-11.72405,0.5888355,-3.499502,3,walking
1519421801400,-12.394268,1.6324625,-4.121848,3,walking
1519421801405,-12.58576,2.0633178,-4.342063,3,walking
1519421801409,-12.681505,2.3122563,-4.504831,3,walking
1519421801439,-12.882571,0.78032666,-4.284616,3,walking
1519421801445,-12.384694,0.043085523,-3.9782298,3,walking
1519421801453,-12.221927,-0.22500217,-3.8154624,3,walking
1519421801457,-11.944264,-0.8473486,-3.2026904,3,walking
1519421801462,-11.858093,-1.2303311,-2.9537518,3,walking
1519421801466,-11.752773,-1.6611862,-2.6760898,3,walking
1519421801470,-11.695326,-2.0728924,-2.360129,3,walking
1519421801479,-11.609155,-2.8101335,-1.6803354,3,walking
1519421801484,-11.379365,-2.9346027,-1.3452257,3,walking
1519421801488,-11.044255,-2.9441774,-1.2303311,3,walking
1519421801494,-10.354887,-2.647366,-0.9526688,3,walking
1519421801499,-10.058076,-2.3697038,-0.8760723,3,walking
1519421801504,-9.837861,-1.9388485,-0.6079846,3,walking
1519421801508,-9.435729,-1.0675635,-0.12925656,3,walking
1519421801514,-9.196365,-0.5888355,0.19627848,3,walking
1519421801518,-8.746361,0.062234644,-0.27287498,3,walking
1519421801524,-8.746361,0.062234644,-0.27287498,3,walking
1519421801528,-8.755936,0.043085523,-0.69415563,3,walking
1519421801534,-8.631466,-0.19627848,-1.0101161,3,walking
1519421801538,-8.34423,-0.0718092,-1.14416,3,walking
1519421801543,-8.34423,-0.0718092,-1.14416,3,walking
1519421801548,-7.894225,0.0,-1.3356512,3,walking
1519421801553,-7.8272033,-0.014361841,-1.469695,3,walking
1519421801558,-7.8367777,-0.05266008,-1.5845897,3,walking
1519421801563,-7.846352,-0.17712937,-1.7186337,3,walking
1519421801569,-7.846352,-0.751603,-2.168638,3,walking
1519421801575,-7.8176284,-0.9430942,-2.2643836,3,walking
1519421801579,-7.7123084,-1.0101161,-2.3792782,3,walking
1519421801589,-7.5303917,-1.0962871,-2.4558747,3,walking
1519421801593,-7.4442205,-1.0962871,-2.4654493,3,walking
1519421801598,-7.176133,-1.0962871,-2.5420458,3,walking
1519421801603,-7.0803876,-1.1537346,-2.494173,3,walking
1519421801608,-7.0612383,-1.2494801,-2.3314054,3,walking
1519421801614,-7.0612383,-1.2494801,-2.3314054,3,walking
1519421801619,-7.204857,-1.2494801,-2.2356598,3,walking
1519421801624,-7.329326,-1.2303311,-2.1973617,3,walking
1519421801629,-7.4154973,-1.2207564,-2.101616,3,walking
1519421801634,-7.4154973,-1.2207564,-2.101616,3,walking
1519421801639,-7.549541,-1.2877784,-1.929274,3,walking
1519421801643,-7.549541,-1.2782038,-1.8814012,3,walking
1519421801648,-7.5591154,-1.2782038,-1.862252,3,walking
1519421801653,-7.5591154,-1.2782038,-1.862252,3,walking
1519421801659,-7.8272033,-1.2399056,-1.9388485,3,walking
1519421801665,-7.855927,-1.1920328,-1.9867213,3,walking
1519421801670,-7.8846507,-1.1537346,-2.1111906,3,walking
1519421801680,-7.8655014,-0.9526688,-2.2931073,3,walking
1519421801685,-7.875076,-0.85692316,-2.321831,3,walking
1519421801691,-7.846352,-0.8186249,-2.475024,3,walking
1519421801696,-7.855927,-0.83777404,-2.475024,3,walking
1519421801700,-7.894225,-0.8090504,-2.494173,3,walking
1519421801705,-7.922949,-0.85692316,-2.5228968,3,walking
1519421801709,-7.999545,-0.8952214,-2.3888528,3,walking
1519421801714,-7.9899707,-0.9718179,-2.3505547,3,walking
1519421801718,-8.00912,-1.1345854,-2.2739582,3,walking
1519421801723,-8.00912,-1.1345854,-2.2739582,3,walking
1519421801728,-7.8655014,-1.2494801,-2.0728924,3,walking
1519421801733,-7.808054,-1.3260766,-1.9962958,3,walking
1519421801738,-7.7793303,-1.3643749,-1.9388485,3,walking
1519421801743,-7.7793303,-1.3643749,-1.9388485,3,walking
1519421801749,-7.8846507,-1.3739494,-1.9675722,3,walking
1519421801755,-7.9516726,-1.2590547,-2.034594,3,walking
1519421801759,-7.961247,-1.1537346,-2.0824668,3,walking
1519421801768,-7.9899707,-0.90479594,-2.3888528,3,walking
1519421801774,-8.00912,-0.8281995,-2.4654493,3,walking
1519421801779,-8.066567,-0.76117754,-2.7048132,3,walking
1519421801784,-8.018694,-0.77075213,-2.7431116,3,walking
1519421801789,-7.9899707,-0.78032666,-2.867581,3,walking
1519421801794,-7.9037995,-0.85692316,-2.9441774,3,walking
1519421801799,-7.8846507,-0.91437054,-3.0111992,3,walking
1519421801804,-7.769756,-1.0292653,-2.972901,3,walking
1519421801809,-7.721883,-1.1633091,-2.9537518,3,walking
1519421801815,-7.664436,-1.2494801,-2.9250283,3,walking
1519421801820,-7.6740103,-1.4792696,-2.800559,3,walking
1519421801825,-7.5399666,-1.6133134,-2.7239625,3,walking
1519421801830,-7.46337,-1.79523,-2.5516202,3,walking
1519421801840,-7.3197513,-2.149489,-2.2739582,3,walking
1519421801845,-7.281453,-2.2931073,-2.2069361,3,walking
1519421801850,-7.2718787,-2.3888528,-2.168638,3,walking
1519421801857,-7.2527294,-2.475024,-2.0058703,3,walking
1519421801861,-7.2718787,-2.5420458,-1.9867213,3,walking
1519421801870,-7.3676243,-2.6090677,-1.9388485,3,walking
1519421801874,-7.4154973,-2.6760898,-1.9388485,3,walking
1519421801878,-7.56869,-2.7239625,-1.929274,3,walking
1519421801886,-7.855927,-2.8101335,-2.015445,3,walking
1519421801890,-7.961247,-2.8388572,-2.101616,3,walking
1519421801896,-8.171887,-2.9824755,-2.149489,3,walking
1519421801901,-8.2676325,-3.0303483,-2.2165108,3,walking
1519421801910,-8.535721,-3.2218397,-2.0633178,3,walking
1519421801916,-8.612317,-3.2888615,-1.9867213,3,walking
1519421801920,-8.708063,-3.3558834,-1.8718265,3,walking
1519421801929,-9.119769,-3.5378,-1.3452257,3,walking
1519421801935,-9.2825365,-3.5760984,-1.1633091,3,walking
1519421801940,-9.512326,-3.604822,-1.0867126,3,walking
1519421801950,-11.178299,-3.0494976,-1.2303311,3,walking
1519421801955,-11.178299,-3.0494976,-1.2303311,3,walking
1519421801958,-13.141085,-2.513322,-1.9101248,3,walking
1519421801973,-15.247487,-2.4367256,-2.3697038,3,walking
1519421801978,-15.429404,-2.561195,-2.3792782,3,walking
1519421801986,-14.988975,-2.6377914,-2.1590633,3,walking
1519421801991,-14.807057,-2.6090677,-2.1207652,3,walking
1519421802000,-14.213435,-2.5324712,-1.9675722,3,walking
1519421802006,-13.840027,-2.6186423,-1.8143792,3,walking
1519421802010,-13.351725,-2.7814097,-1.5558661,3,walking
1519421802020,-11.695326,-3.0494976,-0.8090504,3,walking
1519421802025,-11.235746,-3.0494976,-0.56011176,3,walking
1519421802030,-11.015532,-2.9346027,-0.5888355,3,walking
1519421802040,-12.087883,-2.0250196,-0.92394507,3,walking
1519421802045,-12.920869,-1.709059,-1.14416,3,walking
1519421802050,-13.811303,-1.4505459,-1.3452257,3,walking
1519421802056,-15.63047,-1.0771381,-1.9005502,3,walking
1519421802063,-16.367712,-0.98139244,-2.2069361,3,walking
1519421802067,-16.913462,-0.92394507,-2.34098,3,walking
1519421802076,-17.411339,-1.0675635,-2.8963046,3,walking
1519421802119,-13.00704,0.25372586,-3.3941817,3,walking
1519421802127,-11.580431,1.0101161,-2.9441774,3,walking
1519421802135,-11.130426,1.14416,-2.7622607,3,walking
1519421802142,-10.804892,1.2111819,-2.6856642,3,walking
1519421802147,-10.307014,1.1154363,-2.3984275,3,walking
1519421802151,-10.010203,0.9430942,-2.2931073,3,walking
1519421802156,-9.6942425,0.6750065,-2.2165108,3,walking
1519421802160,-8.909128,0.13883112,-1.9867213,3,walking
1519421802166,-8.478273,-0.19627848,-1.862252,3,walking
1519421802171,-8.047418,-0.54096264,-1.8048047,3,walking
1519421802180,-6.783576,-1.6324625,-1.6133134,3,walking
1519421802185,-6.4484663,-2.0250196,-1.6133134,3,walking
1519421802190,-6.1420803,-2.254809,-1.6994845,3,walking
1519421802200,-5.3569665,-2.9824755,-1.8048047,3,walking
1519421802205,-5.155901,-3.0877957,-1.8718265,3,walking
1519421802210,-5.041006,-3.078221,-2.0058703,3,walking
1519421802215,-4.9069624,-2.867581,-2.168638,3,walking
1519421802221,-4.8590894,-2.7048132,-2.2739582,3,walking
1519421802225,-4.801642,-2.5516202,-2.408002,3,walking
1519421802231,-4.7537694,-2.408002,-2.5516202,3,walking
1519421802236,-4.658024,-2.2165108,-2.6186423,3,walking
1519421802240,-4.619725,-2.1590633,-2.6090677,3,walking
1519421802245,-4.5527034,-2.1207652,-2.6090677,3,walking
1519421802250,-4.5335546,-2.0728924,-2.580344,3,walking
1519421802256,-4.428234,-2.0824668,-2.494173,3,walking
1519421802260,-4.4090853,-2.0824668,-2.4463003,3,walking
1519421802270,-4.3707867,-2.3314054,-2.321831,3,walking
1519421802275,-4.4186597,-2.427151,-2.3122563,3,walking
1519421802280,-4.456958,-2.561195,-2.254809,3,walking
1519421802285,-4.4856815,-2.7909844,-2.034594,3,walking
1519421802291,-4.5622783,-2.9154537,-1.9579976,3,walking
1519421802295,-4.619725,-2.9920502,-1.948423,3,walking
1519421802300,-4.6388745,-3.0877957,-1.8239537,3,walking
1519421802309,-5.002708,-3.0686467,-1.5558661,3,walking
1519421802315,-5.146326,-2.9920502,-1.4505459,3,walking
1519421802319,-5.328243,-2.9346027,-1.4026731,3,walking
1519421802326,-5.739949,-2.9154537,-1.3069274,3,walking
1519421802330,-5.941015,-2.9154537,-1.2494801,3,walking
1519421802335,-6.113357,-2.9633265,-1.2303311,3,walking
1519421802340,-6.2952733,-3.0111992,-1.0675635,3,walking
1519421802345,-6.639958,-3.078221,-0.90479594,3,walking
1519421802350,-6.7740016,-3.0494976,-0.8856468,3,walking
1519421802360,-7.195282,-2.867581,-0.7228793,3,walking
1519421802365,-7.3006024,-2.8101335,-0.6558574,3,walking
1519421802371,-7.4250717,-2.7718353,-0.6271337,3,walking
1519421802376,-7.702734,-2.6282167,-0.6750065,3,walking
1519421802381,-7.8272033,-2.6090677,-0.63670826,3,walking
1519421802386,-7.9899707,-2.513322,-0.6750065,3,walking
1519421802391,-8.095291,-2.427151,-0.6845811,3,walking
1519421802396,-8.363379,-2.254809,-0.78990126,3,walking
1519421802401,-8.487848,-2.1303396,-0.8664977,3,walking
1519421802406,-8.794233,-1.9101248,-0.8952214,3,walking
1519421802411,-8.794233,-1.9101248,-0.8952214,3,walking
1519421802416,-9.100619,-1.6994845,-0.8760723,3,walking
1519421802421,-9.29211,-1.5654407,-0.83777404,3,walking
1519421802426,-9.64637,-1.2207564,-0.9430942,3,walking
1519421802431,-9.64637,-1.2207564,-0.9430942,3,walking
1519421802436,-10.010203,-0.9718179,-1.0388398,3,walking
1519421802441,-10.2016945,-0.9430942,-0.99096704,3,walking
1519421802446,-10.565528,-0.99096704,-0.9430942,3,walking
1519421802451,-10.785743,-1.0771381,-1.0005416,3,walking
1519421802456,-10.958084,-1.1824582,-0.9622433,3,walking
1519421802460,-11.082554,-1.3548003,-0.90479594,3,walking
1519421802465,-11.178299,-1.5367169,-0.78032666,3,walking
1519421802469,-11.312344,-1.8718265,-0.7324539,3,walking
1519421802474,-11.360216,-1.9962958,-0.6750065,3,walking
1519421802479,-11.341067,-2.1303396,-0.64628285,3,walking
1519421802490,-11.455961,-2.2835326,-0.5505372,3,walking
1519421802494,-11.408089,-2.321831,-0.5505372,3,walking
1519421802500,-11.455961,-2.321831,-0.5505372,3,walking
1519421802505,-11.49426,-2.1590633,-0.63670826,3,walking
1519421802510,-11.513409,-2.0633178,-0.61755913,3,walking
1519421802515,-11.561282,-2.015445,-0.63670826,3,walking
1519421802520,-11.532558,-1.948423,-0.6558574,3,walking
1519421802525,-11.570856,-1.8909757,-0.5792609,3,walking
1519421802532,-11.551707,-1.9196993,-0.5313881,3,walking
1519421802537,-11.522984,-2.0058703,-0.5218136,3,walking
1519421802545,-11.532558,-1.9771467,-0.59841,3,walking
1519421802550,-11.503835,-1.929274,-0.6558574,3,walking
1519421802555,-11.302769,-1.8814012,-0.665432,3,walking
1519421802560,-11.274045,-1.8335283,-0.71330476,3,walking
1519421802565,-11.197449,-1.7569319,-0.70373017,3,walking
1519421802570,-11.082554,-1.6803354,-0.751603,3,walking
1519421802575,-10.900637,-1.5271424,-0.9718179,3,walking
1519421802579,-10.795317,-1.4409714,-1.0484143,3,walking
1519421802584,-10.689997,-1.3452257,-1.2399056,3,walking
1519421802589,-10.728295,-1.2111819,-1.5750152,3,walking
1519421802595,-11.475111,-0.8281995,-2.5994933,3,walking
1519421802600,-12.231501,-0.665432,-3.0877957,3,walking
1519421802611,-13.562365,-1.0292653,-3.1165195,3,walking
1519421802616,-14.194285,-2.2452345,-2.2069361,3,walking
1519421802621,-14.146413,-2.972901,-1.6994845,3,walking
1519421802626,-13.916624,-3.7101421,-1.2590547,3,walking
1519421802663,-10.354887,-3.231414,-1.0292653,3,walking
1519421802671,-10.82404,-2.2069361,-1.8239537,3,walking
1519421802678,-11.216598,-1.5941644,-2.2165108,3,walking
1519421802686,-12.375119,-0.512239,-2.9250283,3,walking
1519421802694,-13.849602,0.3877697,-3.5569491,3,walking
1519421802700,-14.558119,0.6079846,-3.7963133,3,walking
1519421802705,-15.764514,0.6845811,-4.0548263,3,walking
1519421802709,-16.147495,0.59841,-4.1122737,3,walking
1519421802718,-16.109198,0.13883112,-4.150572,3,walking
1519421802752,-12.5474615,-0.23457673,-3.7963133,3,walking
1519421802760,-11.972988,-0.12925656,-3.6526947,3,walking
1519421802768,-10.871913,0.110107444,-3.2601378,3,walking
1519421802776,-10.048501,0.23457673,-2.9920502,3,walking
1519421802781,-9.713391,0.2920241,-2.9154537,3,walking
1519421802786,-9.3878565,0.32074776,-2.9154537,3,walking
1519421802790,-9.3878565,0.32074776,-2.9154537,3,walking
1519421802829,-8.143164,-0.69415563,-2.360129,3,walking
1519421802837,-8.104865,-1.0867126,-2.0633178,3,walking
1519421802845,-7.961247,-1.5175679,-1.8718265,3,walking
1519421802853,-7.9133744,-1.6420372,-1.8909757,3,walking
1519421802858,-7.875076,-1.4409714,-1.776081,3,walking
1519421802864,-7.5399666,-1.0005416,-1.8143792,3,walking
1519421802869,-7.501668,-0.85692316,-1.9005502,3,walking
1519421802873,-7.3771987,-0.9430942,-2.187787,3,walking
1519421802878,-7.156984,-0.98139244,-2.3505547,3,walking
1519421802884,-7.089962,-0.78032666,-2.3026817,3,walking
1519421802889,-7.02294,-0.6271337,-2.3792782,3,walking
1519421802893,-6.9654927,-0.49308985,-2.580344,3,walking
1519421802898,-6.936769,-0.3877697,-2.7718353,3,walking
1519421802904,-6.9463434,-0.2920241,-2.9824755,3,walking
1519421802909,-6.9559183,-0.27287498,-3.0303483,3,walking
1519421802914,-7.0325146,-0.28244954,-3.039923,3,walking
1519421802919,-7.137835,-0.37819514,-3.1356685,3,walking
1519421802924,-7.204857,-0.49308985,-3.193116,3,walking
1519421802929,-7.2910275,-0.5888355,-3.2218397,3,walking
1519421802934,-7.616563,-0.8952214,-3.4037561,3,walking
1519421802939,-7.6835847,-1.0292653,-3.3175852,3,walking
1519421802944,-7.7506065,-1.1920328,-3.2888615,3,walking
1519421802950,-7.7601814,-1.3260766,-3.193116,3,walking
1519421802955,-7.922949,-1.5462915,-3.0877957,3,walking
1519421802960,-7.9516726,-1.6899099,-3.0877957,3,walking
1519421802965,-7.999545,-1.8335283,-3.020774,3,walking
1519421802970,-7.9708214,-1.929274,-2.972901,3,walking
1519421802976,-7.9516726,-1.9962958,-2.9154537,3,walking
1519421802980,-7.9420977,-1.9771467,-2.8484318,3,walking
1519421802984,-7.922949,-1.9675722,-2.7718353,3,walking
1519421802989,-7.894225,-1.929274,-2.7431116,3,walking
1519421802994,-7.8272033,-1.929274,-2.7431116,3,walking
1519421802999,-7.721883,-1.9388485,-2.752686,3,walking
1519421803004,-7.693159,-1.9579976,-2.7048132,3,walking
1519421803008,-7.654861,-2.015445,-2.714388,3,walking
1519421803014,-7.511243,-2.0441687,-2.6569405,3,walking
1519421803019,-7.46337,-2.0058703,-2.666515,3,walking
1519421803023,-7.3867736,-1.9579976,-2.647366,3,walking
1519421803028,-7.281453,-1.8718265,-2.6090677,3,walking
1519421803033,-7.329326,-1.8239537,-2.6377914,3,walking
1519421803038,-7.310177,-1.7473572,-2.6569405,3,walking
1519421803044,-7.2718787,-1.8431029,-2.7239625,3,walking
1519421803048,-7.2910275,-1.8526775,-2.7239625,3,walking
1519421803053,-7.3389006,-1.8909757,-2.733537,3,walking
1519421803058,-7.3867736,-1.8143792,-2.733537,3,walking
1519421803063,-7.4442205,-1.7569319,-2.7718353,3,walking
1519421803068,-7.4250717,-1.776081,-2.733537,3,walking
1519421803073,-7.511243,-1.7473572,-2.7909844,3,walking
1519421803078,-7.6069884,-1.7282082,-2.819708,3,walking
1519421803084,-7.741032,-1.7473572,-2.6760898,3,walking
1519421803089,-7.7506065,-1.7665064,-2.6282167,3,walking
1519421803093,-7.769756,-1.8143792,-2.580344,3,walking
1519421803098,-7.788905,-1.8335283,-2.5420458,3,walking
1519421803103,-7.855927,-1.9771467,-2.2739582,3,walking
1519421803108,-7.875076,-1.9962958,-2.1973617,3,walking
1519421803113,-7.875076,-2.0250196,-2.101616,3,walking
1519421803117,-7.922949,-2.168638,-1.929274,3,walking
1519421803123,-7.961247,-2.2356598,-1.9005502,3,walking
1519421803128,-8.047418,-2.2835326,-1.79523,3,walking
1519421803134,-8.296356,-2.4463003,-1.6420372,3,walking
1519421803138,-8.44955,-2.561195,-1.5558661,3,walking
1519421803143,-8.593168,-2.6282167,-1.5079932,3,walking
1519421803148,-8.679339,-2.7048132,-1.4313968,3,walking
1519421803153,-8.755936,-2.7718353,-1.3069274,3,walking
1519421803158,-8.842107,-2.733537,-1.1345854,3,walking
1519421803163,-8.851681,-2.6856642,-1.0771381,3,walking
1519421803167,-8.928278,-2.561195,-1.0484143,3,walking
1519421803176,-9.004874,-2.0058703,-1.0675635,3,walking
1519421803183,-9.043172,-1.8048047,-1.1345854,3,walking
1519421803187,-9.004874,-1.5845897,-1.2207564,3,walking
1519421803193,-9.0814705,-1.2399056,-1.3069274,3,walking
1519421803198,-9.119769,-1.1154363,-1.4218222,3,walking
1519421803203,-9.158067,-0.90479594,-1.4888442,3,walking
1519421803208,-9.225089,-0.8281995,-1.5654407,3,walking
1519421803214,-9.158067,-0.78990126,-1.5079932,3,walking
1519421803218,-9.119769,-0.8281995,-1.4888442,3,walking
1519421803223,-9.033598,-0.98139244,-1.3260766,3,walking
1519421803228,-9.004874,-1.1345854,-1.2111819,3,walking
1519421803233,-9.043172,-1.3260766,-1.1058618,3,walking
1519421803237,-9.091045,-1.5654407,-1.0005416,3,walking
1519421803243,-9.253813,-1.9867213,-0.76117754,3,walking
1519421803248,-9.378282,-2.1303396,-0.665432,3,walking
1519421803253,-9.5219,-2.2931073,-0.6558574,3,walking
1519421803258,-9.665519,-2.3888528,-0.6079846,3,walking
1519421803263,-10.06765,-2.5420458,-0.7228793,3,walking
1519421803269,-10.345312,-2.5324712,-0.85692316,3,walking
1519421803274,-11.341067,-2.2452345,-1.383524,3,walking
1519421803279,-11.341067,-2.2452345,-1.383524,3,walking
1519421803283,-12.825124,-1.9867213,-2.0824668,3,walking
1519421803289,-13.638962,-1.929274,-2.3314054,3,walking
1519421803295,-14.653865,-2.034594,-2.5420458,3,walking
1519421803300,-14.759185,-2.187787,-2.513322,3,walking
1519421803305,-14.20386,-2.5420458,-2.1111906,3,walking
1519421803351,-8.698488,-2.4558747,-0.30159867,3,walking
1519421803360,-8.44955,-2.2260852,-0.30159867,3,walking
1519421803373,-8.698488,-1.2303311,-0.98139244,3,walking
1519421803378,-9.20594,-1.0005416,-1.1824582,3,walking
1519421803423,-14.041093,-1.8143792,-2.7239625,3,walking
1519421803432,-13.198531,-1.8814012,-2.6952388,3,walking
1519421803440,-12.920869,-1.9579976,-2.7622607,3,walking
1519421803447,-12.25065,-2.1399143,-3.1165195,3,walking
1519421803452,-12.030436,-2.1973617,-3.1356685,3,walking
1519421803457,-11.714475,-2.2165108,-3.126094,3,walking
1519421803501,-9.684668,-1.7473572,-2.0920415,3,walking
1519421803509,-9.033598,-1.8909757,-1.9005502,3,walking
1519421803517,-8.631466,-1.9388485,-1.7473572,3,walking
1519421803524,-8.181462,-1.9196993,-1.4792696,3,walking
1519421803532,-8.018694,-2.0728924,-1.5079932,3,walking
1519421803537,-7.9037995,-2.254809,-1.5079932,3,walking
1519421803542,-7.7793303,-2.2452345,-1.383524,3,walking
1519421803547,-7.616563,-2.2356598,-1.3930986,3,walking
1519421803553,-7.35805,-2.1207652,-1.3165021,3,walking
1519421803557,-7.2335806,-2.0441687,-1.2399056,3,walking
1519421803567,-7.0612383,-1.8909757,-1.2877784,3,walking
1519421803573,-6.936769,-1.8048047,-1.383524,3,walking
1519421803577,-6.831449,-1.8239537,-1.4505459,3,walking
1519421803582,-6.8601727,-1.8431029,-1.4984187,3,walking
1519421803587,-6.8601727,-1.8431029,-1.4984187,3,walking
1519421803592,-6.8027253,-1.8239537,-1.5175679,3,walking
1519421803598,-6.7740016,-1.776081,-1.5654407,3,walking
1519421803603,-6.7261286,-1.622888,-1.5367169,3,walking
1519421803608,-6.697405,-1.5845897,-1.5462915,3,walking
1519421803613,-6.7069798,-1.5941644,-1.5271424,3,walking
1519421803618,-6.678256,-1.622888,-1.5271424,3,walking
1519421803623,-6.7357035,-1.7665064,-1.5175679,3,walking
1519421803628,-6.7357035,-1.8143792,-1.4409714,3,walking
1519421803633,-6.745278,-1.8431029,-1.383524,3,walking
1519421803638,-6.745278,-1.8431029,-1.383524,3,walking
1519421803644,-6.783576,-1.8526775,-1.2973529,3,walking
1519421803649,-6.831449,-1.8814012,-1.2303311,3,walking
1519421803654,-6.8410234,-1.9579976,-1.1633091,3,walking
1519421803659,-6.8027253,-1.9579976,-1.1345854,3,walking
1519421803664,-6.8122997,-1.9579976,-1.1058618,3,walking
1519421803669,-6.8027253,-2.034594,-1.0962871,3,walking
1519421803675,-6.8122997,-2.0633178,-1.1345854,3,walking
1519421803685,-7.089962,-2.2356598,-0.98139244,3,walking
1519421803689,-7.195282,-2.321831,-0.98139244,3,walking
1519421803695,-7.310177,-2.360129,-0.99096704,3,walking
1519421803700,-7.4729443,-2.3697038,-0.9526688,3,walking
1519421803705,-7.7793303,-2.3888528,-0.8856468,3,walking
1519421803710,-7.894225,-2.408002,-0.83777404,3,walking
1519421803715,-8.076141,-2.3984275,-0.78990126,3,walking
1519421803720,-8.133589,-2.3505547,-0.7228793,3,walking
1519421803725,-8.1623125,-2.2931073,-0.71330476,3,walking
1519421803736,-8.248484,-2.1111906,-0.665432,3,walking
1519421803740,-8.248484,-2.1111906,-0.665432,3,walking
1519421803746,-8.200611,-1.948423,-0.63670826,3,walking
1519421803752,-8.095291,-1.7377827,-0.70373017,3,walking
1519421803758,-8.085716,-1.6037389,-0.64628285,3,walking
1519421803763,-7.9708214,-1.4601204,-0.70373017,3,walking
1519421803768,-7.9708214,-1.4601204,-0.70373017,3,walking
1519421803773,-7.999545,-1.3548003,-0.7324539,3,walking
1519421803778,-8.133589,-1.2494801,-0.8952214,3,walking
1519421803783,-8.191036,-1.2590547,-1.0005416,3,walking
1519421803788,-8.277207,-1.3069274,-1.0101161,3,walking
1519421803793,-8.392102,-1.3069274,-1.0196906,3,walking
1519421803798,-8.5740185,-1.3356512,-1.0101161,3,walking
1519421803802,-8.928278,-1.5079932,-1.1920328,3,walking
1519421803807,-9.158067,-1.5367169,-1.1633091,3,walking
1519421803811,-9.31126,-1.6133134,-1.2111819,3,walking
1519421803817,-9.483603,-1.5750152,-1.2303311,3,walking
1519421803822,-9.598496,-1.622888,-1.2303311,3,walking
1519421803827,-9.914457,-1.709059,-1.2303311,3,walking
1519421803832,-10.058076,-1.7473572,-1.2877784,3,walking
1519421803837,-10.249567,-1.776081,-1.2686293,3,walking
1519421803842,-10.594251,-1.8143792,-1.3930986,3,walking
1519421803847,-10.804892,-1.8526775,-1.4122477,3,walking
1519421803853,-11.178299,-1.9196993,-1.6324625,3,walking
1519421803857,-11.178299,-1.9196993,-1.6324625,3,walking
1519421803862,-11.590006,-2.015445,-1.8239537,3,walking
1519421803866,-11.781497,-2.0920415,-1.862252,3,walking
1519421803871,-11.925115,-2.1590633,-1.8718265,3,walking
1519421803877,-12.327247,-2.2931073,-1.9005502,3,walking
1519421803881,-12.403843,-2.2835326,-1.9579976,3,walking
1519421803887,-12.509163,-2.2835326,-1.8814012,3,walking
1519421803891,-12.604909,-2.149489,-1.8239537,3,walking
1519421803897,-12.633633,-1.9867213,-1.8048047,3,walking
1519421803901,-12.614484,-1.8909757,-1.8048047,3,walking
1519421803907,-12.58576,-1.709059,-1.7856555,3,walking
1519421803912,-12.470865,-1.5271424,-1.8143792,3,walking
1519421803917,-12.3463955,-1.4026731,-1.709059,3,walking
1519421803922,-12.135756,-1.3069274,-1.7282082,3,walking
1519421803927,-11.896391,-1.1728836,-1.7282082,3,walking
1519421803933,-11.417664,-0.91437054,-1.8239537,3,walking
1519421803938,-11.092129,-0.77075213,-1.7665064,3,walking
1519421803943,-10.555953,-0.5218136,-1.9675722,3,walking
1519421803948,-10.307014,-0.3398969,-2.0920415,3,walking
1519421803953,-10.182545,-0.23457673,-2.4367256,3,walking
1519421803958,-10.737869,0.03351096,-3.2601378,3,walking
1519421803964,-11.321918,0.05266008,-3.5952475,3,walking
1519421803974,-12.576185,-0.5218136,-3.365458,3,walking
1519421803981,-12.499589,-1.5367169,-2.7814097,3,walking
1519421803986,-12.470865,-2.1111906,-2.4367256,3,walking
1519421803991,-12.394268,-2.8101335,-2.0920415,3,walking
1519421803997,-12.422992,-3.4899273,-1.7856555,3,walking
1519421804001,-12.365545,-4.1601467,-1.4792696,3,walking
1519421804006,-12.011286,-5.376116,-0.9622433,3,walking
1519421804012,-11.542132,-5.950589,-0.7420284,3,walking
1519421804017,-11.542132,-5.950589,-0.7420284,3,walking
1519421804021,-11.379365,-5.9027166,-0.7994758,3,walking
1519421804026,-11.168725,-5.222923,-1.1728836,3,walking
1519421804031,-11.178299,-4.7250457,-1.4792696,3,walking
1519421804036,-11.130426,-4.2271686,-1.8239537,3,walking
1519421804041,-11.293194,-3.212265,-2.3122563,3,walking
1519421804046,-11.503835,-2.6952388,-2.6377914,3,walking
1519421804051,-12.308098,-1.6994845,-3.2601378,3,walking
1519421804056,-12.308098,-1.6994845,-3.2601378,3,walking
1519421804061,-13.198531,-0.90479594,-3.690993,3,walking
1519421804067,-13.600663,-0.6079846,-3.844186,3,walking
1519421804071,-14.09854,-0.28244954,-4.0931244,3,walking
1519421804076,-14.184711,-0.15798025,-4.131423,3,walking
1519421804081,-14.165563,-0.09095833,-4.131423,3,walking
1519421804086,-14.002794,-0.12925656,-4.150572,3,walking
1519421804091,-13.763431,-0.15798025,-4.016528,3,walking
1519421804098,-12.882571,-0.42606795,-3.997379,3,walking
1519421804103,-12.604909,-0.56968635,-4.045252,3,walking
1519421804107,-12.604909,-0.56968635,-4.045252,3,walking
1519421804111,-12.25065,-0.8473486,-4.1409974,3,walking
1519421804116,-11.838944,-0.83777404,-4.0644007,3,walking
1519421804121,-11.293194,-0.78990126,-3.7867386,3,walking
1519421804124,-10.843189,-0.56011176,-3.518651,3,walking
1519421804150,-8.842107,0.5792609,-2.0250196,3,walking
1519421804157,-8.803808,0.5505372,-2.0920415,3,walking
1519421804161,-8.832532,0.062234644,-2.475024,3,walking
1519421804182,-8.028269,-0.751603,-2.0537431,3,walking
1519421804190,-7.8846507,-0.9430942,-2.2165108,3,walking
1519421804196,-8.018694,-1.1154363,-2.2165108,3,walking
1519421804201,-7.961247,-1.1058618,-1.709059,3,walking
1519421804206,-7.4920936,-1.6994845,-1.4313968,3,walking
1519421804211,-7.511243,-1.469695,-1.4026731,3,walking
1519421804216,-7.5591154,-1.0484143,-0.93351966,3,walking
1519421804221,-7.281453,-1.2303311,-1.469695,3,walking
1519421804226,-7.3006024,-1.3643749,-1.862252,3,walking
1519421804231,-7.434646,-1.7377827,-2.0920415,3,walking
1519421804236,-7.482519,-2.0824668,-2.2931073,3,walking
1519421804241,-7.2623043,-2.2739582,-2.4367256,3,walking
1519421804247,-7.195282,-2.1973617,-2.4367256,3,walking
1519421804251,-7.1665583,-1.862252,-2.4463003,3,walking
1519421804256,-7.2527294,-1.7665064,-2.561195,3,walking
1519421804261,-7.35805,-1.6803354,-2.5324712,3,walking
1519421804266,-7.4729443,-1.6516117,-2.4845984,3,walking
1519421804271,-7.6740103,-1.7186337,-2.475024,3,walking
1519421804276,-7.7793303,-1.776081,-2.5899186,3,walking
1519421804282,-7.8846507,-1.862252,-2.6569405,3,walking
1519421804287,-7.9708214,-1.8909757,-2.8101335,3,walking
1519421804293,-8.047418,-1.8909757,-2.905879,3,walking
1519421804297,-8.095291,-1.9005502,-2.9346027,3,walking
1519421804301,-8.152739,-1.9388485,-2.9920502,3,walking
1519421804306,-8.152739,-1.9388485,-3.020774,3,walking
1519421804311,-8.085716,-1.9005502,-3.0111992,3,walking
1519421804316,-8.037844,-1.8143792,-2.905879,3,walking
1519421804321,-7.9708214,-1.6994845,-2.8580062,3,walking
1519421804327,-7.9708214,-1.6994845,-2.8580062,3,walking
1519421804331,-7.9037995,-1.622888,-2.7909844,3,walking
1519421804337,-7.846352,-1.622888,-2.7909844,3,walking
1519421804342,-7.7793303,-1.6707608,-2.7431116,3,walking
1519421804347,-7.7793303,-1.6707608,-2.7431116,3,walking
1519421804352,-7.5782647,-1.6420372,-2.5420458,3,walking
1519421804357,-7.5782647,-1.6420372,-2.5420458,3,walking
1519421804361,-7.5208173,-1.6133134,-2.513322,3,walking
1519421804366,-7.3771987,-1.4601204,-2.3984275,3,walking
1519421804371,-7.281453,-1.4218222,-2.3122563,3,walking
1519421804376,-7.2240057,-1.3260766,-2.2643836,3,walking
1519421804381,-7.0995364,-1.2111819,-2.149489,3,walking
1519421804386,-7.042089,-1.1250108,-2.1207652,3,walking
1519421804391,-6.9463434,-1.0388398,-2.101616,3,walking
1519421804396,-6.9463434,-1.0388398,-2.101616,3,walking
1519421804400,-6.8793216,-0.9622433,-2.0633178,3,walking
1519421804405,-6.764427,-0.9622433,-2.0441687,3,walking
1519421804411,-6.592085,-1.1154363,-2.1303396,3,walking
1519421804416,-6.592085,-1.1154363,-2.1303396,3,walking
1519421804421,-6.5346375,-1.2590547,-2.1973617,3,walking
1519421804426,-6.5346375,-1.3739494,-2.2356598,3,walking
1519421804431,-6.5059137,-1.4984187,-2.254809,3,walking
1519421804436,-6.5059137,-1.4984187,-2.254809,3,walking
1519421804441,-6.5059137,-1.8431029,-2.254809,3,walking
1519421804446,-6.5537868,-1.9675722,-2.254809,3,walking
1519421804451,-6.5537868,-2.0633178,-2.2356598,3,walking
1519421804456,-6.7069798,-2.3026817,-2.1303396,3,walking
1519421804461,-6.821874,-2.3792782,-2.0728924,3,walking
1519421804466,-6.9463434,-2.4175766,-2.0824668,3,walking
1519421804470,-7.1091113,-2.4367256,-2.0537431,3,walking
1519421804475,-7.4442205,-2.5228968,-2.0537431,3,walking
1519421804481,-7.664436,-2.580344,-2.015445,3,walking
1519421804485,-7.922949,-2.5994933,-2.0441687,3,walking
1519421804490,-8.34423,-2.666515,-2.0250196,3,walking
1519421804495,-8.535721,-2.666515,-1.9962958,3,walking
1519421804501,-8.947427,-2.7622607,-2.0537431,3,walking
1519421804506,-8.947427,-2.7622607,-2.0537431,3,walking
1519421804510,-9.330409,-2.8101335,-2.0537431,3,walking
1519421804516,-9.483603,-2.7814097,-2.015445,3,walking
1519421804520,-9.722966,-2.561195,-1.9196993,3,walking
1519421804526,-9.722966,-2.561195,-1.9196993,3,walking
1519421804531,-9.96233,-2.2643836,-1.8814012,3,walking
1519421804536,-10.06765,-2.1303396,-1.929274,3,walking
1519421804540,-10.163396,-2.0537431,-1.9101248,3,walking
1519421804546,-10.268716,-1.8909757,-1.9962958,3,walking
1519421804552,-10.278291,-1.6899099,-2.0728924,3,walking
1519421804557,-10.259142,-1.622888,-2.0920415,3,walking
1519421804563,-10.259142,-1.5654407,-2.015445,3,walking
1519421804567,-10.278291,-1.5175679,-1.8718265,3,walking
1519421804573,-10.29744,-1.5175679,-1.7665064,3,walking
1519421804577,-10.307014,-1.5462915,-1.6707608,3,walking
1519421804583,-10.287866,-1.6037389,-1.4888442,3,walking
1519421804588,-10.40276,-1.7665064,-1.1728836,3,walking
1519421804593,-10.469782,-1.862252,-1.0005416,3,walking
1519421804603,-10.776168,-2.168638,-0.751603,3,walking
1519421804608,-10.843189,-2.2260852,-0.6750065,3,walking
1519421804613,-10.871913,-2.2835326,-0.63670826,3,walking
1519421804622,-11.149575,-2.2931073,-0.6558574,3,walking
1519421804626,-11.465536,-2.2069361,-0.78032666,3,walking
1519421804631,-12.470865,-1.9005502,-1.2686293,3,walking
1519421804635,-12.470865,-1.9005502,-1.2686293,3,walking
1519421804638,-13.677259,-1.7665064,-1.9675722,3,walking
1519421804645,-14.165563,-1.7473572,-2.2643836,3,walking
1519421804649,-14.424075,-1.776081,-2.3314054,3,walking
1519421804653,-14.424075,-1.7665064,-2.3505547,3,walking
1519421804697,-9.062322,-3.078221,-0.6845811,3,walking
1519421804705,-8.171887,-3.193116,-0.5505372,3,walking
1519421804713,-7.8176284,-3.0016246,-0.56011176,3,walking
1519421804720,-8.104865,-2.647366,-0.8281995,3,walking
1519421804725,-8.104865,-2.647366,-0.8281995,3,walking
1519421804731,-9.18679,-2.168638,-1.2111819,3,walking
1519421804736,-10.010203,-1.9962958,-1.5941644,3,walking
1519421804741,-10.766593,-1.8143792,-1.862252,3,walking
1519421804772,-14.87408,-1.9101248,-2.3026817,3,walking
1519421804780,-14.462374,-1.8335283,-2.149489,3,walking
1519421804788,-13.524067,-1.3930986,-1.9196993,3,walking
1519421804795,-13.064487,-1.2686293,-1.929274,3,walking
1519421804801,-12.537887,-1.2111819,-2.254809,3,walking
1519421804806,-12.308098,-1.2399056,-2.408002,3,walking
1519421804810,-11.695326,-1.14416,-2.5707695,3,walking
1519421804852,-8.755936,-1.5271424,-2.0441687,3,walking
1519421804860,-8.392102,-1.7665064,-1.9867213,3,walking
1519421804868,-8.1623125,-1.9388485,-1.929274,3,walking
1519421804875,-7.741032,-2.254809,-1.8526775,3,walking
1519421804879,-7.549541,-2.321831,-1.9005502,3,walking
1519421804884,-7.348475,-2.3888528,-1.8431029,3,walking
1519421804893,-6.7548523,-2.494173,-1.7377827,3,walking
1519421804897,-6.5729356,-2.4845984,-1.6899099,3,walking
1519421804901,-6.4676156,-2.494173,-1.7665064,3,walking
1519421804906,-6.4676156,-2.494173,-1.7665064,3,walking
1519421804911,-6.256975,-2.513322,-1.7282082,3,walking
1519421804915,-6.1420803,-2.5324712,-1.7377827,3,walking
1519421804920,-5.979313,-2.6090677,-1.7473572,3,walking
1519421804925,-5.787822,-2.6377914,-1.8048047,3,walking
1519421804931,-5.6250544,-2.6760898,-1.8526775,3,walking
1519421804936,-5.6250544,-2.6760898,-1.8526775,3,walking
1519421804940,-5.6250544,-2.6760898,-1.8526775,3,walking
1519421804946,-5.605905,-2.752686,-1.9867213,3,walking
1519421804950,-5.7016506,-2.7048132,-2.0728924,3,walking
1519421804955,-5.7016506,-2.7048132,-2.0728924,3,walking
1519421804960,-5.8548436,-2.5994933,-2.101616,3,walking
1519421804965,-5.873993,-2.5899186,-2.1399143,3,walking
1519421804970,-5.9697385,-2.5516202,-2.168638,3,walking
1519421804975,-6.0750585,-2.475024,-2.1590633,3,walking
1519421804980,-6.2282515,-2.408002,-2.1303396,3,walking
1519421804986,-6.47719,-2.2835326,-2.0537431,3,walking
1519421804991,-6.5825105,-2.187787,-1.9771467,3,walking
1519421804996,-6.6878304,-2.1399143,-1.9388485,3,walking
1519421805001,-6.9080453,-2.0441687,-1.9101248,3,walking
1519421805006,-6.9654927,-2.0250196,-1.9101248,3,walking
1519421805012,-7.089962,-1.9675722,-1.8239537,3,walking
1519421805022,-7.3006024,-2.034594,-1.7473572,3,walking
1519421805027,-7.3771987,-2.0441687,-1.709059,3,walking
1519421805033,-7.549541,-2.0250196,-1.6707608,3,walking
1519421805037,-7.549541,-2.0250196,-1.6707608,3,walking
1519421805041,-7.6069884,-1.9771467,-1.6516117,3,walking
1519421805046,-7.6069884,-1.9771467,-1.6516117,3,walking
1519421805050,-7.7793303,-1.9962958,-1.5558661,3,walking
1519421805055,-7.7793303,-1.9771467,-1.4792696,3,walking
1519421805060,-7.8846507,-1.948423,-1.3452257,3,walking
1519421805065,-7.8846507,-1.948423,-1.3452257,3,walking
1519421805070,-7.999545,-1.9101248,-1.2973529,3,walking
1519421805075,-8.095291,-1.8909757,-1.3643749,3,walking
1519421805080,-8.210186,-1.8718265,-1.3356512,3,walking
1519421805085,-8.286782,-1.8143792,-1.2973529,3,walking
1519421805090,-8.392102,-1.7377827,-1.2973529,3,walking
1519421805095,-8.459125,-1.6803354,-1.2494801,3,walking
1519421805100,-8.55487,-1.6516117,-1.2877784,3,walking
1519421805105,-8.55487,-1.6516117,-1.2877784,3,walking
1519421805110,-8.784659,-1.5079932,-1.2494801,3,walking
1519421805115,-8.880404,-1.4984187,-1.2686293,3,walking
1519421805120,-9.0814705,-1.469695,-1.3643749,3,walking
1519421805126,-9.110194,-1.4505459,-1.3069274,3,walking
1519421805130,-9.301685,-1.4984187,-1.4792696,3,walking
1519421805135,-9.301685,-1.4984187,-1.4792696,3,walking
1519421805140,-9.531475,-1.469695,-1.5367169,3,walking
1519421805145,-9.579348,-1.4984187,-1.6037389,3,walking
1519421805150,-9.665519,-1.5558661,-1.6707608,3,walking
1519421805155,-9.703817,-1.5079932,-1.6516117,3,walking
1519421805160,-9.799562,-1.5845897,-1.6994845,3,walking
1519421805165,-9.847435,-1.6133134,-1.6611862,3,walking
1519421805170,-9.96233,-1.6994845,-1.5941644,3,walking
1519421805175,-10.048501,-1.7665064,-1.622888,3,walking
1519421805180,-10.182545,-1.9101248,-1.5271424,3,walking
1519421805185,-10.278291,-2.0058703,-1.4888442,3,walking
1519421805190,-10.5080805,-2.1303396,-1.3930986,3,walking
1519421805195,-10.5080805,-2.1303396,-1.3930986,3,walking
1519421805200,-11.092129,-2.3026817,-1.3930986,3,walking
1519421805206,-11.350641,-2.408002,-1.3930986,3,walking
1519421805211,-11.513409,-2.4463003,-1.3643749,3,walking
1519421805218,-11.858093,-2.5037475,-1.3643749,3,walking
1519421805224,-11.972988,-2.475024,-1.3548003,3,walking
1519421805228,-12.145329,-2.4558747,-1.3260766,3,walking
1519421805234,-12.269799,-2.3792782,-1.2782038,3,walking
1519421805238,-12.279374,-2.3984275,-1.3452257,3,walking
1519421805242,-12.317672,-2.321831,-1.4026731,3,walking
1519421805252,-12.145329,-1.9867213,-1.4409714,3,walking
1519421805258,-12.0400095,-1.929274,-1.5367169,3,walking
1519421805262,-11.905966,-1.7856555,-1.5558661,3,walking
1519421805272,-11.408089,-1.4026731,-1.5367169,3,walking
1519421805277,-11.187874,-1.2590547,-1.5845897,3,walking
1519421805282,-11.044255,-1.14416,-1.5367169,3,walking
1519421805292,-10.661273,-0.8760723,-1.5558661,3,walking
1519421805302,-10.680422,-0.7420284,-1.7377827,3,walking
1519421805308,-11.207023,-0.7228793,-2.1111906,3,walking
1519421805314,-11.628304,-0.8760723,-2.2452345,3,walking
1519421805318,-12.56661,-1.4409714,-2.1399143,3,walking
1519421805324,-12.805975,-1.79523,-1.9101248,3,walking
1519421805331,-12.595334,-2.5324712,-1.4218222,3,walking
1519421805337,-12.298523,-2.9441774,-1.0962871,3,walking
1519421805343,-11.618729,-3.5473747,-0.46436617,3,walking
1519421805382,-9.837861,-2.494173,-1.7856555,3,walking
1519421805389,-9.98148,-2.1782124,-2.1111906,3,walking
1519421805394,-9.98148,-2.1782124,-2.1111906,3,walking
1519421805399,-10.670848,-1.3069274,-2.9824755,3,walking
1519421805403,-10.938935,-1.0962871,-3.2218397,3,walking
1519421805411,-11.570856,-0.61755913,-3.7005677,3,walking
1519421805418,-12.059159,-0.34947145,-4.0356774,3,walking
1519421805423,-12.202777,-0.3111732,-4.121848,3,walking
1519421805431,-12.384694,-0.6558574,-4.2654667,3,walking
1519421805437,-12.490014,-0.8090504,-4.2558923,3,walking
1519421805442,-12.5474615,-0.9526688,-4.169721,3,walking
1519421805452,-12.269799,-1.5750152,-3.997379,3,walking
1519421805457,-12.183628,-1.8335283,-3.8920588,3,walking
1519421805462,-12.001712,-2.1399143,-3.7197168,3,walking
1519421805471,-11.570856,-2.9250283,-3.1643922,3,walking
1519421805477,-11.398514,-3.126094,-2.9824755,3,walking
1519421805481,-11.197449,-3.3080106,-2.7718353,3,walking
1519421805488,-10.843189,-3.5569491,-2.3888528,3,walking
1519421805493,-10.709146,-3.5952475,-2.168638,3,walking
1519421805498,-10.5080805,-3.3558834,-2.2069361,3,walking
1519421805503,-10.374036,-3.126094,-2.2069361,3,walking
1519421805508,-10.249567,-3.020774,-2.3122563,3,walking
1519421805514,-10.134672,-2.8101335,-2.3697038,3,walking
1519421805518,-9.8953085,-2.6569405,-2.3505547,3,walking
1519421805524,-9.474028,-2.360129,-2.494173,3,walking
1519421805528,-9.253813,-2.3122563,-2.666515,3,walking
1519421805534,-9.033598,-2.254809,-2.7622607,3,walking
1519421805539,-8.736787,-2.015445,-2.819708,3,walking
1519421805544,-8.66019,-1.862252,-2.752686,3,walking
1519421805549,-8.602742,-1.7856555,-2.7622607,3,walking
1519421805557,-8.286782,-1.4601204,-2.7814097,3,walking
1519421805562,-8.191036,-1.4026731,-2.752686,3,walking
1519421805567,-8.076141,-1.4122477,-2.714388,3,walking
1519421805573,-7.961247,-1.3930986,-2.6952388,3,walking
1519421805578,-7.616563,-1.3452257,-2.6377914,3,walking
1519421805584,-7.3771987,-1.3356512,-2.4845984,3,walking
1519421805588,-7.1857076,-1.3452257,-2.3026817,3,walking
1519421805594,-6.9942164,-1.3069274,-2.2165108,3,walking
1519421805599,-6.8888965,-1.383524,-2.2165108,3,walking
1519421805604,-6.764427,-1.4026731,-2.2069361,3,walking
1519421805609,-6.611234,-1.4218222,-2.015445,3,walking
1519421805617,-6.333572,-1.5558661,-2.0537431,3,walking
1519421805623,-6.1995277,-1.622888,-2.101616,3,walking
1519421805628,-6.0750585,-1.5558661,-2.1782124,3,walking
1519421805633,-6.0080366,-1.5367169,-2.187787,3,walking
1519421805638,-6.017611,-1.5654407,-2.3026817,3,walking
1519421805643,-6.0559096,-1.5175679,-2.3314054,3,walking
1519421805648,-6.1420803,-1.5941644,-2.475024,3,walking
1519421805654,-6.218677,-1.6037389,-2.561195,3,walking
1519421805658,-6.2665496,-1.622888,-2.580344,3,walking
1519421805663,-6.2665496,-1.622888,-2.580344,3,walking
1519421805667,-6.4005938,-1.709059,-2.6569405,3,walking
1519421805672,-6.458041,-1.7186337,-2.6952388,3,walking
1519421805681,-6.611234,-1.8239537,-2.7239625,3,walking
1519421805687,-6.6878304,-1.8718265,-2.7622607,3,walking
1519421805692,-6.745278,-1.9005502,-2.752686,3,walking
1519421805697,-6.8122997,-1.9196993,-2.714388,3,walking
1519421805702,-6.898471,-1.948423,-2.5994933,3,walking
1519421805707,-6.936769,-1.9388485,-2.6282167,3,walking
1519421805713,-6.9654927,-1.9675722,-2.6090677,3,walking
1519421805717,-6.9942164,-2.0920415,-2.5994933,3,walking
1519421805722,-7.0612383,-2.1399143,-2.580344,3,walking
1519421805727,-7.0612383,-2.1399143,-2.5707695,3,walking
1519421805731,-7.0708127,-2.1303396,-2.513322,3,walking
1519421805741,-7.0325146,-2.1111906,-2.3314054,3,walking
1519421805746,-7.0612383,-2.0920415,-2.321831,3,walking
1519421805751,-7.0325146,-2.101616,-2.2739582,3,walking
1519421805757,-7.0612383,-2.101616,-2.187787,3,walking
1519421805763,-7.0803876,-2.1207652,-2.101616,3,walking
1519421805767,-6.936769,-2.1303396,-2.0633178,3,walking
1519421805773,-6.936769,-2.1303396,-2.0633178,3,walking
1519421805778,-6.783576,-2.187787,-2.0441687,3,walking
1519421805783,-6.7261286,-2.254809,-2.034594,3,walking
1519421805788,-6.697405,-2.4175766,-2.034594,3,walking
1519421805793,-6.716554,-2.494173,-2.0824668,3,walking
1519421805798,-6.8027253,-2.5899186,-2.0250196,3,walking
1519421805804,-6.8888965,-2.7239625,-2.0058703,3,walking
1519421805809,-7.137835,-2.8771553,-2.0250196,3,walking
1519421805814,-7.329326,-3.0111992,-2.034594,3,walking
1519421805819,-7.769756,-3.059072,-2.0058703,3,walking
1519421805826,-8.32508,-3.0973704,-1.9579976,3,walking
1519421805831,-8.679339,-3.0877957,-1.948423,3,walking
1519421805836,-9.033598,-3.0973704,-1.9101248,3,walking
1519421805842,-9.3878565,-3.078221,-1.9101248,3,walking
1519421805847,-10.058076,-3.0303483,-1.9196993,3,walking
1519421805852,-10.364462,-2.972901,-1.9196993,3,walking
1519421805857,-10.642124,-2.9441774,-1.8909757,3,walking
1519421805862,-10.881488,-2.8963046,-1.8431029,3,walking
1519421805867,-11.274045,-2.8101335,-1.8239537,3,walking
1519421805873,-11.38894,-2.752686,-1.7473572,3,walking
1519421805877,-11.503835,-2.6569405,-1.709059,3,walking
1519421805883,-11.628304,-2.4654493,-1.6994845,3,walking
1519421805887,-11.647452,-2.3122563,-1.7377827,3,walking
1519421805893,-11.618729,-2.1207652,-1.6994845,3,walking
1519421805898,-11.618729,-1.6133134,-1.776081,3,walking
1519421805903,-11.570856,-1.4122477,-1.8335283,3,walking
1519421805910,-11.551707,-1.0579889,-1.7473572,3,walking
1519421805916,-11.542132,-0.6750065,-1.776081,3,walking
1519421805921,-11.609155,-0.5313881,-1.7569319,3,walking
1519421805926,-11.59958,-0.4835153,-1.7473572,3,walking
1519421805931,-11.618729,-0.45479164,-1.7186337,3,walking
1519421805936,-11.637878,-0.40691882,-1.6516117,3,walking
1519421805941,-11.59958,-0.42606795,-1.5845897,3,walking
1519421805946,-11.561282,-0.46436617,-1.5175679,3,walking
1519421805951,-11.570856,-0.5888355,-1.4122477,3,walking
1519421805957,-11.618729,-0.78990126,-1.2111819,3,walking
1519421805961,-11.7336235,-0.8186249,-1.2973529,3,walking
1519421805970,-12.595334,-0.7994758,-1.5462915,3,walking
1519421805977,-13.686834,-0.8186249,-2.1111906,3,walking
1519421805982,-14.09854,-0.8952214,-2.3026817,3,walking
1519421805990,-13.868751,-1.383524,-2.4654493,3,walking
1519421805996,-13.552791,-1.622888,-2.4175766,3,walking
1519421806061,-7.8176284,-2.6282167,-1.4409714,3,walking
1519421806066,-8.55487,-2.475024,-1.6994845,3,walking
1519421806071,-9.18679,-2.3984275,-1.9962958,3,walking
1519421806076,-10.852764,-2.2931073,-2.34098,3,walking
1519421806083,-11.618729,-2.321831,-2.4845984,3,walking
1519421806087,-12.35597,-2.2931073,-2.494173,3,walking
1519421806092,-12.892146,-2.3122563,-2.5037475,3,walking
1519421806096,-13.543216,-2.149489,-2.3122563,3,walking
1519421806101,-13.753856,-2.1111906,-2.2165108,3,walking
1519421806105,-13.830453,-1.929274,-2.2835326,3,walking
1519421806135,-12.059159,0.00478728,-2.427151,3,walking
1519421806139,-11.819795,0.37819514,-2.1303396,3,walking
1519421806145,-11.590006,0.78990126,-1.9196993,3,walking
1519421806150,-11.216598,0.9430942,-1.948423,3,walking
1519421806155,-10.670848,0.91437054,-2.034594,3,walking
1519421806158,-9.809137,0.40691882,-2.187787,3,walking
1519421806165,-9.809137,0.40691882,-2.187787,3,walking
1519421806169,-9.31126,-0.14840569,-2.3026817,3,walking
1519421806177,-9.20594,-0.50266445,-2.3122563,3,walking
1519421806181,-9.014449,-0.5792609,-2.2069361,3,walking
1519421806186,-8.392102,-0.665432,-1.9771467,3,walking
1519421806192,-8.037844,-0.69415563,-1.8718265,3,walking
1519421806196,-7.693159,-0.7228793,-1.776081,3,walking
1519421806201,-7.3771987,-0.92394507,-1.7186337,3,walking
1519421806206,-7.1091113,-1.5558661,-1.9867213,3,walking
1519421806216,-6.850598,-2.0537431,-1.9962958,3,walking
1519421806221,-6.6878304,-2.1303396,-1.948423,3,walking
1519421806226,-6.391019,-2.0537431,-1.7377827,3,walking
1519421806231,-6.2761245,-1.9196993,-1.622888,3,walking
1519421806240,-6.027186,-1.9579976,-1.6611862,3,walking
1519421806246,-5.835695,-2.0920415,-1.6324625,3,walking
1519421806250,-5.759098,-2.187787,-1.622888,3,walking
1519421806255,-5.682502,-2.2739582,-1.6611862,3,walking
1519421806260,-5.5484576,-2.2739582,-1.6994845,3,walking
1519421806266,-5.481436,-2.2452345,-1.8143792,3,walking
1519421806271,-5.433563,-2.2165108,-1.9579976,3,walking
1519421806276,-5.452712,-2.2739582,-2.1973617,3,walking
1519421806281,-5.4718614,-2.3122563,-2.2739582,3,walking
1519421806285,-5.5580325,-2.2931073,-2.2931073,3,walking
1519421806290,-5.586756,-2.2835326,-2.3505547,3,walking
1519421806296,-5.5771813,-2.0537431,-2.2739582,3,walking
1519421806301,-5.6633525,-1.9579976,-2.3026817,3,walking
1519421806305,-5.7495236,-1.9388485,-2.3697038,3,walking
1519421806310,-5.82612,-1.9005502,-2.3792782,3,walking
1519421806316,-5.950589,-1.8048047,-2.2356598,3,walking
1519421806321,-6.0080366,-1.862252,-2.1782124,3,walking
1519421806326,-6.323997,-2.015445,-2.5516202,3,walking
1519421806331,-6.323997,-2.015445,-2.5516202,3,walking
1519421806336,-6.3622956,-2.0824668,-2.3314054,3,walking
1519421806341,-6.333572,-2.0537431,-2.1590633,3,walking
1519421806349,-6.697405,-1.8335283,-2.2165108,3,walking
1519421806355,-6.9654927,-1.7856555,-2.1973617,3,walking
1519421806361,-7.1474094,-1.8335283,-2.1207652,3,walking
1519421806366,-7.4442205,-1.8814012,-2.0633178,3,walking
1519421806371,-7.4920936,-1.862252,-2.0633178,3,walking
1519421806376,-7.587839,-1.862252,-2.0441687,3,walking
1519421806381,-7.721883,-1.8143792,-1.9867213,3,walking
1519421806386,-7.8367777,-1.7473572,-1.9388485,3,walking
1519421806392,-7.922949,-1.7473572,-1.9101248,3,walking
1519421806397,-7.9803963,-1.7665064,-1.9579976,3,walking
1519421806402,-8.037844,-1.8335283,-1.8431029,3,walking
1519421806407,-8.018694,-1.8909757,-1.8143792,3,walking
1519421806412,-8.028269,-1.9771467,-1.7569319,3,walking
1519421806417,-7.9708214,-2.149489,-1.6611862,3,walking
1519421806422,-7.9899707,-2.2260852,-1.5845897,3,walking
1519421806428,-7.9037995,-2.3505547,-1.4505459,3,walking
1519421806433,-7.9420977,-2.3792782,-1.3930986,3,walking
1519421806438,-7.961247,-2.408002,-1.3930986,3,walking
1519421806448,-8.171887,-2.494173,-1.3452257,3,walking
1519421806453,-8.296356,-2.4845984,-1.3643749,3,walking
1519421806458,-8.382527,-2.4558747,-1.3643749,3,walking
1519421806465,-8.602742,-2.427151,-1.4409714,3,walking
1519421806471,-8.784659,-2.3314054,-1.4888442,3,walking
1519421806476,-9.129343,-2.2452345,-1.5750152,3,walking
1519421806481,-9.2825365,-2.187787,-1.6037389,3,walking
1519421806486,-9.474028,-2.1590633,-1.6707608,3,walking
1519421806491,-9.655944,-2.0824668,-1.6803354,3,walking
1519421806496,-9.971905,-1.9579976,-1.7186337,3,walking
1519421806501,-10.134672,-1.9005502,-1.6707608,3,walking
1519421806506,-10.460207,-1.79523,-1.5367169,3,walking
1519421806511,-10.622974,-1.8048047,-1.4313968,3,walking
1519421806517,-10.852764,-1.7569319,-1.4026731,3,walking
1519421806522,-11.05383,-1.7186337,-1.3069274,3,walking
1519421806527,-11.49426,-1.776081,-1.2016073,3,walking
1519421806532,-11.7336235,-1.862252,-1.1537346,3,walking
1519421806537,-12.221927,-2.1111906,-0.9622433,3,walking
1519421806542,-12.221927,-2.1111906,-0.9622433,3,walking
1519421806549,-12.786825,-2.5037475,-0.64628285,3,walking
1519421806555,-12.978316,-2.5516202,-0.63670826,3,walking
1519421806560,-13.102786,-2.580344,-0.56011176,3,walking
1519421806565,-13.284702,-2.5994933,-0.44521707,3,walking
1519421806571,-13.3612995,-2.5037475,-0.40691882,3,walking
1519421806579,-13.34215,-2.2835326,-0.39734426,3,walking
1519421806585,-13.198531,-1.9388485,-0.50266445,3,walking
1519421806590,-13.150659,-1.7282082,-0.59841,3,walking
1519421806594,-12.987891,-1.4984187,-0.5792609,3,walking
1519421806599,-12.90172,-1.2590547,-0.7228793,3,walking
1519421806605,-12.767676,-1.0579889,-0.8473486,3,walking
1519421806609,-12.442142,-0.6558574,-1.1154363,3,walking
1519421806614,-12.413418,-0.50266445,-1.3548003,3,walking
1519421806619,-12.384694,-0.27287498,-1.5558661,3,walking
1519421806625,-12.604909,0.13883112,-2.2452345,3,walking
1519421806630,-12.987891,0.33032233,-2.6090677,3,walking
1519421806634,-13.495343,0.46436617,-3.020774,3,walking
1519421806639,-13.935773,0.40691882,-3.2218397,3,walking
1519421806645,-14.500671,-0.20585304,-3.0973704,3,walking
1519421806650,-14.510246,-0.5888355,-2.7909844,3,walking
1519421806655,-13.983645,-1.4888442,-2.1590633,3,walking
1519421806661,-13.6676855,-1.9388485,-1.8335283,3,walking
1519421806665,-13.265553,-2.4367256,-1.4984187,3,walking
1519421806670,-12.777251,-2.9920502,-1.2877784,3,walking
1519421806675,-11.858093,-4.0261025,-0.9526688,3,walking
1519421806679,-11.455961,-4.4186597,-0.8952214,3,walking
1519421806684,-11.063405,-4.7058964,-0.8856468,3,walking
1519421806689,-10.728295,-4.83994,-0.90479594,3,walking
1519421806695,-10.077225,-4.7441945,-1.1154363,3,walking
1519421806700,-9.780414,-4.619725,-1.2590547,3,walking
1519421806705,-9.531475,-4.3707867,-1.469695,3,walking
1519421806710,-9.349558,-4.08355,-1.6899099,3,walking
1519421806715,-9.024023,-3.451629,-2.1782124,3,walking
1519421806720,-8.889979,-3.1643922,-2.3505547,3,walking
1519421806725,-8.832532,-2.5516202,-2.6856642,3,walking
1519421806731,-8.870831,-2.2643836,-2.800559,3,walking
1519421806736,-8.985725,-2.0058703,-2.9441774,3,walking
1519421806741,-9.359133,-1.5271424,-3.059072,3,walking
1519421806746,-9.636795,-1.3452257,-3.0686467,3,walking
1519421806751,-9.809137,-1.2303311,-2.9633265,3,walking
1519421806756,-9.98148,-1.1345854,-2.800559,3,walking
1519421806761,-10.498506,-1.0005416,-2.5899186,3,walking
1519421806767,-10.709146,-0.99096704,-2.3697038,3,walking
1519421806771,-10.862339,-1.1058618,-2.254809,3,walking
1519421806777,-11.092129,-1.4601204,-2.0250196,3,walking
1519421806782,-11.26447,-1.7186337,-1.9005502,3,walking
1519421806787,-11.360216,-1.9771467,-1.8718265,3,walking
1519421806792,-11.446387,-2.4558747,-1.8239537,3,walking
1519421806797,-11.465536,-2.6569405,-1.8143792,3,walking
1519421806807,-11.302769,-3.039923,-1.8909757,3,walking
1519421806812,-11.302769,-3.039923,-1.8909757,3,walking
1519421806818,-11.187874,-2.9346027,-2.0058703,3,walking
1519421806828,-10.92936,-2.800559,-2.475024,3,walking
1519421806833,-10.862339,-2.714388,-2.6090677,3,walking
1519421806838,-10.747444,-2.6282167,-2.7048132,3,walking
1519421806844,-10.383611,-2.5516202,-2.8580062,3,walking
1519421806849,-10.230418,-2.4367256,-2.7909844,3,walking
1519421806855,-9.866585,-2.321831,-2.7239625,3,walking
1519421806860,-9.703817,-2.2931073,-2.800559,3,walking
1519421806865,-9.5889225,-2.2452345,-2.7718353,3,walking
1519421806870,-9.407005,-2.2356598,-2.6856642,3,walking
1519421806875,-9.167642,-2.1303396,-2.4654493,3,walking
1519421806880,-9.100619,-1.9196993,-2.321831,3,walking
1519421806885,-8.861256,-1.4792696,-1.9196993,3,walking
1519421806890,-8.861256,-1.4792696,-1.9196993,3,walking
1519421806896,-8.822957,-1.2016073,-1.6803354,3,walking
1519421806901,-8.842107,-1.1920328,-1.6994845,3,walking
1519421806906,-8.842107,-1.1920328,-1.5750152,3,walking
1519421806910,-8.842107,-1.1920328,-1.5750152,3,walking
1519421806914,-8.6697645,-1.1154363,-1.469695,3,walking
1519421806919,-8.487848,-1.0388398,-1.4218222,3,walking
1519421806924,-8.258059,-0.85692316,-1.3452257,3,walking
1519421806930,-8.200611,-0.78032666,-1.3165021,3,walking
1519421806935,-8.104865,-0.71330476,-1.2877784,3,walking
1519421806940,-8.00912,-0.70373017,-1.2877784,3,walking
1519421806945,-7.894225,-0.76117754,-1.4122477,3,walking
1519421806951,-7.875076,-0.7420284,-1.4505459,3,walking
1519421806955,-7.8655014,-0.6558574,-1.5079932,3,walking
1519421806960,-7.769756,-0.7420284,-1.6037389,3,walking
1519421806966,-7.6835847,-0.7994758,-1.6707608,3,walking
1519421806970,-7.6835847,-0.9622433,-1.776081,3,walking
1519421806974,-7.702734,-1.0867126,-1.9196993,3,walking
1519421806978,-7.7506065,-1.1633091,-1.9962958,3,walking
1519421806984,-7.7793303,-1.2111819,-2.0537431,3,walking
1519421806989,-7.654861,-1.1537346,-2.0824668,3,walking
1519421806994,-7.587839,-1.1633091,-2.1303396,3,walking
1519421806998,-7.56869,-1.2303311,-2.1782124,3,walking
1519421807004,-7.635712,-1.5558661,-2.3122563,3,walking
1519421807009,-7.654861,-1.7569319,-2.408002,3,walking
1519421807014,-7.616563,-1.9388485,-2.360129,3,walking
1519421807019,-7.5208173,-2.149489,-2.3984275,3,walking
1519421807024,-7.35805,-2.3984275,-2.3505547,3,walking
1519421807029,-7.3197513,-2.4558747,-2.3505547,3,walking
1519421807034,-7.243155,-2.6090677,-2.321831,3,walking
1519421807039,-7.243155,-2.6952388,-2.3505547,3,walking
1519421807044,-7.281453,-2.7814097,-2.3697038,3,walking
1519421807050,-7.3197513,-2.8101335,-2.3984275,3,walking
1519421807055,-7.281453,-2.8388572,-2.3888528,3,walking
1519421807059,-7.2718787,-2.7431116,-2.360129,3,walking
1519421807069,-7.281453,-2.580344,-2.3697038,3,walking
1519421807074,-7.4537954,-2.3697038,-2.4654493,3,walking
1519421807078,-7.5303917,-2.2931073,-2.494173,3,walking
1519421807083,-7.5303917,-2.2452345,-2.5228968,3,walking
1519421807088,-7.511243,-2.1782124,-2.5420458,3,walking
1519421807094,-7.616563,-2.1303396,-2.513322,3,walking
1519421807099,-7.587839,-2.0920415,-2.494173,3,walking
1519421807104,-7.587839,-2.034594,-2.4463003,3,walking
1519421807109,-7.6261373,-1.9962958,-2.3792782,3,walking
1519421807114,-7.6835847,-1.8814012,-2.360129,3,walking
1519421807118,-7.7123084,-1.8431029,-2.321831,3,walking
1519421807124,-7.721883,-1.7282082,-2.3314054,3,walking
1519421807128,-7.7601814,-1.6994845,-2.3505547,3,walking
1519421807134,-7.7793303,-1.6516117,-2.3026817,3,walking
1519421807138,-7.855927,-1.6420372,-2.321831,3,walking
1519421807148,-8.028269,-1.6420372,-2.3505547,3,walking
1519421807153,-8.11444,-1.6516117,-2.2835326,3,walking
1519421807159,-8.200611,-1.6803354,-2.3314054,3,walking
1519421807164,-8.248484,-1.709059,-2.3792782,3,walking
1519421807168,-8.382527,-1.8335283,-2.254809,3,walking
1519421807173,-8.382527,-1.8335283,-2.254809,3,walking
1519421807178,-8.55487,-2.0633178,-2.34098,3,walking
1519421807184,-8.746361,-2.2835326,-2.321831,3,walking
1519421807188,-8.880404,-2.360129,-2.254809,3,walking
1519421807193,-8.966576,-2.408002,-2.254809,3,walking
1519421807198,-9.091045,-2.494173,-2.321831,3,walking
1519421807208,-9.368708,-2.6760898,-2.408002,3,walking
1519421807214,-9.41658,-2.6952388,-2.4367256,3,walking
1519421807218,-9.426155,-2.7048132,-2.3697038,3,walking
1519421807224,-9.483603,-2.647366,-2.3314054,3,walking
1519421807229,-9.493176,-2.6186423,-2.3122563,3,walking
1519421807234,-9.483603,-2.5324712,-2.1590633,3,walking
1519421807238,-9.435729,-2.561195,-2.1207652,3,walking
1519421807243,-9.445304,-2.5324712,-2.1590633,3,walking
1519421807248,-9.3878565,-2.5516202,-2.1207652,3,walking
1519421807253,-9.339984,-2.5899186,-2.0633178,3,walking
1519421807258,-9.18679,-2.6952388,-1.8335283,3,walking
1519421807263,-9.158067,-2.6760898,-1.7377827,3,walking
1519421807268,-9.167642,-2.752686,-1.6420372,3,walking
1519421807273,-9.215514,-2.7814097,-1.5367169,3,walking
1519421807278,-9.244238,-2.7622607,-1.4026731,3,walking
1519421807283,-9.20594,-2.7431116,-1.2973529,3,walking
1519421807288,-9.225089,-2.7431116,-1.2399056,3,walking
1519421807293,-9.368708,-2.6186423,-1.1728836,3,walking
1519421807298,-9.560199,-2.5324712,-1.2399056,3,walking
1519421807303,-9.914457,-2.3792782,-1.3069274,3,walking
1519421807308,-10.450633,-2.2165108,-1.469695,3,walking
1519421807312,-11.044255,-2.0441687,-1.6803354,3,walking
1519421807316,-12.3463955,-1.8431029,-2.1399143,3,walking
1519421807321,-12.863422,-1.8526775,-2.2643836,3,walking
1519421807326,-13.179382,-1.9196993,-2.321831,3,walking
1519421807330,-13.275128,-2.034594,-2.2260852,3,walking
1519421807335,-13.141085,-2.1207652,-2.0633178,3,walking
1519421807339,-12.863422,-2.1782124,-1.8335283,3,walking
1519421807343,-12.5474615,-2.2165108,-1.6707608,3,walking
1519421807373,-8.861256,-1.6611862,-0.47394073,3,walking
1519421807382,-7.999545,-1.4409714,-0.5218136,3,walking
1519421807401,-7.664436,-1.0962871,-0.90479594,3,walking
1519421807405,-9.091045,-0.6750065,-1.8431029,3,walking
1519421807409,-9.091045,-0.6750065,-1.8431029,3,walking
1519421807414,-9.933606,-0.63670826,-2.1782124,3,walking
1519421807443,-14.9794,-2.580344,-3.1835413,3,walking
1519421807452,-14.673014,-2.8484318,-3.039923,3,walking
1519421807460,-14.443225,-2.88673,-2.9920502,3,walking
1519421807468,-13.859177,-2.4558747,-3.039923,3,walking
1519421807475,-13.0549135,-2.1973617,-2.867581,3,walking
1519421807483,-12.231501,-1.862252,-2.7239625,3,walking
1519421807491,-11.848518,-1.6707608,-2.6569405,3,walking
1519421807499,-11.130426,-1.2303311,-2.5707695,3,walking
1519421807503,-10.335738,-0.8856468,-2.2835326,3,walking
1519421807508,-10.019777,-0.8186249,-2.2643836,3,walking
1519421807550,-7.8176284,-0.47394073,-1.8909757,3,walking
1519421807557,-7.721883,-0.40691882,-1.929274,3,walking
1519421807564,-7.587839,-1.0196906,-2.360129,3,walking
1519421807572,-7.6835847,-1.3452257,-2.0824668,3,walking
1519421807577,-7.3676243,-1.5558661,-1.862252,3,walking
1519421807583,-6.936769,-2.034594,-1.5750152,3,walking
1519421807589,-6.821874,-2.2643836,-1.5175679,3,walking
1519421807593,-6.8027253,-2.666515,-1.3452257,3,walking
1519421807598,-6.8888965,-2.8484318,-1.3165021,3,walking
1519421807603,-6.898471,-3.020774,-1.3165021,3,walking
1519421807608,-6.8122997,-3.1643922,-1.2686293,3,walking
1519421807613,-6.7548523,-3.2601378,-1.2399056,3,walking
1519421807618,-6.716554,-3.231414,-1.3069274,3,walking
1519421807624,-6.716554,-3.173967,-1.3643749,3,walking
1519421807629,-6.6208086,-2.9441774,-1.5175679,3,walking
1519421807634,-6.611234,-2.8580062,-1.622888,3,walking
1519421807638,-6.5537868,-2.6952388,-1.709059,3,walking
1519421807643,-6.5346375,-2.513322,-1.8239537,3,walking
1519421807648,-6.4963393,-2.3505547,-1.8718265,3,walking
1519421807653,-6.4484663,-2.034594,-1.9867213,3,walking
1519421807658,-6.410168,-1.9579976,-2.0058703,3,walking
1519421807663,-6.4197426,-1.8718265,-1.9579976,3,walking
1519421807669,-6.4197426,-1.8718265,-1.9579976,3,walking
1519421807674,-6.4293175,-1.9388485,-1.862252,3,walking
1519421807679,-6.410168,-1.948423,-1.6994845,3,walking
1519421807684,-6.438892,-1.9675722,-1.5845897,3,walking
1519421807689,-6.5537868,-2.034594,-1.3260766,3,walking
1519421807694,-6.668681,-2.0058703,-1.2494801,3,walking
1519421807699,-6.716554,-2.0441687,-1.14416,3,walking
1519421807703,-6.8601727,-2.0633178,-1.0579889,3,walking
1519421807708,-7.0133657,-2.101616,-0.90479594,3,walking
1519421807714,-7.204857,-2.1207652,-0.7228793,3,walking
1519421807719,-7.310177,-2.101616,-0.665432,3,walking
1519421807725,-7.4154973,-2.101616,-0.59841,3,walking
1519421807730,-7.6069884,-2.0441687,-0.49308985,3,walking
1519421807735,-7.7601814,-2.0058703,-0.42606795,3,walking
1519421807740,-7.922949,-1.9579976,-0.37819514,3,walking
1519421807745,-8.085716,-1.929274,-0.3877697,3,walking
1519421807750,-8.392102,-1.8048047,-0.36862057,3,walking
1519421807755,-8.5740185,-1.7665064,-0.36862057,3,walking
1519421807759,-8.5740185,-1.7665064,-0.36862057,3,walking
1519421807764,-8.880404,-1.6037389,-0.47394073,3,walking
1519421807769,-9.024023,-1.5079932,-0.5505372,3,walking
1519421807773,-9.29211,-1.3165021,-0.665432,3,walking
1519421807777,-9.29211,-1.3165021,-0.665432,3,walking
1519421807783,-9.531475,-1.2016073,-0.83777404,3,walking
1519421807788,-9.636795,-1.0675635,-0.90479594,3,walking
1519421807793,-9.780414,-0.8952214,-1.0005416,3,walking
1519421807798,-9.818711,-0.8952214,-1.0292653,3,walking
1519421807803,-9.876159,-0.83777404,-1.0196906,3,walking
1519421807808,-9.914457,-0.8281995,-0.98139244,3,walking
1519421807813,-9.914457,-0.83777404,-0.9526688,3,walking
1519421807817,-9.952756,-0.92394507,-0.8473486,3,walking
1519421807823,-9.933606,-0.92394507,-0.8090504,3,walking
1519421807827,-9.952756,-1.0101161,-0.7420284,3,walking
1519421807833,-10.105948,-1.0675635,-0.61755913,3,walking
1519421807837,-10.2016945,-1.0579889,-0.59841,3,walking
1519421807843,-10.441058,-1.0196906,-0.6271337,3,walking
1519421807848,-10.441058,-1.0196906,-0.6271337,3,walking
1519421807853,-10.804892,-1.0962871,-0.7228793,3,walking
1519421807858,-11.025106,-1.14416,-0.7324539,3,walking
1519421807863,-11.26447,-1.2686293,-0.7420284,3,walking
1519421807869,-11.819795,-1.469695,-0.8281995,3,walking
1519421807874,-12.25065,-1.7473572,-0.7994758,3,walking
1519421807879,-12.499589,-1.8526775,-0.8473486,3,walking
1519421807884,-12.69108,-1.9867213,-0.8664977,3,walking
1519421807889,-12.767676,-2.0633178,-0.85692316,3,walking
1519421807895,-12.805975,-2.149489,-0.92394507,3,walking
1519421807899,-12.758101,-2.187787,-1.0101161,3,walking
1519421807905,-12.681505,-2.2165108,-1.0675635,3,walking
1519421807912,-12.432567,-2.1973617,-1.2399056,3,walking
1519421807917,-12.288948,-2.1399143,-1.2782038,3,walking
1519421807922,-11.905966,-1.8143792,-1.469695,3,walking
1519421807928,-11.666602,-1.5941644,-1.4792696,3,walking
1519421807933,-11.140001,-1.0579889,-1.4601204,3,walking
1519421807938,-11.140001,-1.0579889,-1.4601204,3,walking
1519421807943,-10.642124,-0.6845811,-1.6133134,3,walking
1519421807948,-10.431483,-0.5888355,-1.6994845,3,walking
1519421807953,-10.287866,-0.56968635,-1.9101248,3,walking
1519421807958,-10.287866,-0.56968635,-1.9101248,3,walking
1519421807964,-11.197449,-0.63670826,-3.2697124,3,walking
1519421807968,-12.940019,-1.0675635,-3.6814184,3,walking
1519421807977,-14.299606,-2.2165108,-3.212265,3,walking
1519421807983,-14.299606,-3.7867386,-2.015445,3,walking
1519421807989,-14.041093,-4.495256,-1.5367169,3,walking
1519421807994,-13.744282,-4.954835,-1.1345854,3,walking
1519421807999,-13.437896,-5.2516465,-0.8760723,3,walking
1519421808004,-12.604909,-5.1367517,-0.69415563,3,walking
1519421808009,-12.059159,-4.8207912,-0.665432,3,walking
1519421808014,-11.551707,-4.351638,-0.71330476,3,walking
1519421808028,-10.038927,-2.6952388,-1.3548003,3,walking
1519421808033,-9.41658,-1.8143792,-1.8048047,3,walking
1519421808038,-9.225089,-1.4505459,-2.0633178,3,walking
1519421808043,-9.2825365,-0.76117754,-2.6856642,3,walking
1519421808048,-9.5219,-0.4164934,-3.059072,3,walking
1519421808054,-9.866585,-0.13883112,-3.4324799,3,walking
1519421808058,-10.364462,0.0718092,-3.7388659,3,walking
1519421808062,-11.475111,0.2441513,-4.1409974,3,walking
1519421808097,-13.610238,-1.6611862,-3.911208,3,walking
1519421808103,-13.571939,-2.1399143,-3.8920588,3,walking
1519421808112,-13.428321,-2.3984275,-3.9016335,3,walking
1519421808117,-13.303852,-2.475024,-3.9207826,3,walking
1519421808122,-12.834699,-2.513322,-3.8920588,3,walking
1519421808128,-12.56661,-2.4845984,-3.8058877,3,walking
1519421808132,-12.336822,-2.4558747,-3.7675896,3,walking
1519421808137,-12.078308,-2.408002,-3.777164,3,walking
1519421808142,-11.752773,-2.1782124,-3.7101421,3,walking
1519421808147,-11.647452,-2.0728924,-3.690993,3,walking
1519421808152,-11.570856,-1.9101248,-3.7675896,3,walking
1519421808157,-11.570856,-1.9101248,-3.7675896,3,walking
1519421808163,-11.28362,-1.8431029,-3.8058877,3,walking
1519421808167,-11.072979,-1.8335283,-3.8058877,3,walking
1519421808173,-10.757019,-1.8048047,-3.7675896,3,walking
1519421808178,-10.689997,-1.7282082,-3.7101421,3,walking
1519421808182,-10.661273,-1.4984187,-3.604822,3,walking
1519421808187,-10.527229,-1.2494801,-3.5282254,3,walking
1519421808192,-10.220843,-1.1058618,-3.384607,3,walking
1519421808197,-9.598496,-0.98139244,-3.3080106,3,walking
1519421808202,-9.272962,-1.0388398,-3.2601378,3,walking
1519421808207,-9.301685,-0.9718179,-3.1165195,3,walking
1519421808212,-9.3878565,-0.63670826,-2.4367256,3,walking
1519421808217,-9.330409,-0.61755913,-2.4558747,3,walking
1519421808222,-8.995299,-0.56011176,-2.3984275,3,walking
1519421808227,-8.995299,-0.56011176,-2.3984275,3,walking
1519421808232,-8.717637,-0.77075213,-2.321831,3,walking
1519421808238,-8.679339,-0.8856468,-2.3314054,3,walking
1519421808242,-8.631466,-1.0005416,-2.3984275,3,walking
1519421808247,-8.497422,-1.2303311,-2.4845984,3,walking
1519421808253,-8.420826,-1.8239537,-2.714388,3,walking
1519421808257,-8.296356,-2.1782124,-2.6760898,3,walking
1519421808262,-8.258059,-2.6952388,-2.905879,3,walking
1519421808267,-8.4686985,-4.0548263,-3.5282254,3,walking
1519421808271,-8.621892,-4.887813,-3.758015,3,walking
1519421808275,-8.784659,-5.759098,-3.8824842,3,walking
1519421808281,-9.024023,-6.47719,-3.9686553,3,walking
1519421808286,-9.64637,-7.1665583,-3.9878044,3,walking
1519421808290,-9.85701,-7.2144313,-3.9207826,3,walking
1519421808333,-10.010203,-3.6143966,-1.6707608,3,walking
1519421808342,-10.19212,-5.002708,-1.8335283,3,walking
1519421808350,-10.460207,-6.218677,-2.0633178,3,walking
1519421808358,-10.82404,-6.7931504,-2.6952388,3,walking
1519421808364,-10.94851,-6.8793216,-2.9250283,3,walking
1519421808371,-10.967659,-6.975067,-2.8484318,3,walking
1519421808376,-10.766593,-7.329326,-2.5037475,3,walking
1519421808380,-10.709146,-7.56869,-2.3314054,3,walking
1519421808385,-10.661273,-7.7314577,-2.101616,3,walking
1519421808423,-12.576185,-8.277207,1.7856555,3,walking
1519421808431,-13.179382,-7.1857076,2.513322,3,walking
1519421808439,-13.658111,-5.232497,3.4324799,3,walking
1519421808445,-13.648536,-4.1601467,4.0069537,3,walking
1519421808454,-12.805975,-1.383524,5.4718614,3,walking
1519421808458,-12.557036,-0.6079846,5.519734,3,walking
1519421808463,-12.260224,-0.081383765,5.38569,3,walking
1519421808467,-11.791071,0.043085523,5.108028,3,walking
1519421808472,-10.938935,-0.70373017,4.5910015,3,walking
1519421808479,-10.488931,-1.3739494,4.3803616,3,walking
1519421808484,-9.675094,-2.3888528,4.0069537,3,walking
1519421808489,-9.2825365,-2.5516202,3.825037,3,walking
1519421808494,-8.765511,-2.6377914,3.7867386,3,walking
1519421808532,-3.825037,-0.39734426,3.9207826,3,walking
1519421808544,-3.5569491,-0.23457673,4.428234,3,walking
1519421808551,-3.3080106,-0.00478728,4.782493,3,walking
1519421808559,-3.1356685,0.22500217,4.9069624,3,walking
1519421808565,-2.8484318,0.78990126,4.887813,3,walking
1519421808574,-2.714388,1.2016073,4.8590894,3,walking
1519421808578,-2.714388,1.2016073,4.8590894,3,walking
1519421808583,-2.494173,1.2399056,4.849515,3,walking
1519421808587,-2.494173,1.2399056,4.849515,3,walking
1519421808592,-2.1590633,1.0771381,4.811217,3,walking
1519421808597,-2.1782124,0.85692316,4.7441945,3,walking
1519421808602,-2.2452345,0.11968201,4.543129,3,walking
1519421808607,-2.494173,-0.2920241,4.303765,3,walking
1519421808613,-3.126094,-0.63670826,4.6388745,3,walking
1519421808618,-2.2165108,-0.77075213,2.9920502,3,walking
1519421808623,-1.709059,-0.751603,3.3080106,3,walking
1519421808636,-1.5654407,0.512239,5.0984535,3,walking
1519421808642,-1.4601204,0.14840569,6.6591067,3,walking
1519421808647,-1.6803354,-0.22500217,7.003791,3,walking
1519421808688,-4.1026993,-2.4558747,7.56869,3,walking
1519421808697,-4.2558923,-1.7473572,6.697405,3,walking
1519421808703,-3.930357,-1.1250108,6.333572,3,walking
1519421808709,-3.7388659,-0.9622433,6.4005938,3,walking
1519421808714,-3.5569491,-0.9430942,6.630383,3,walking
1519421808724,-3.2984362,-1.7473572,8.00912,3,walking
1519421808728,-3.384607,-2.0920415,8.363379,3,walking
1519421808734,-3.4229054,-2.4175766,8.727212,3,walking
1519421808738,-3.3941817,-2.6952388,9.062322,3,walking
1519421808742,-3.3080106,-3.0973704,9.483603,3,walking
1519421808747,-3.3175852,-3.2697124,9.703817,3,walking
1519421808753,-3.4420545,-3.365458,9.809137,3,walking
1519421808757,-3.4899273,-3.4612036,9.885734,3,walking
1519421808762,-3.6431203,-3.4899273,9.971905,3,walking
1519421808767,-3.7963133,-3.5090764,10.010203,3,walking
1519421808772,-4.0739756,-3.4707782,9.991054,3,walking
1519421808777,-4.2080193,-3.3367343,9.904882,3,walking
1519421808782,-4.275041,-3.1643922,9.8953085,3,walking
1519421808789,-4.2654667,-2.5899186,9.636795,3,walking
1519421808794,-4.2558923,-2.475024,9.608071,3,walking
1519421808799,-4.2175937,-2.3888528,9.531475,3,walking
1519421808804,-4.1792955,-2.3984275,9.426155,3,walking
1519421808809,-4.121848,-2.513322,9.263388,3,walking
1519421808815,-4.0548263,-2.580344,9.253813,3,walking
1519421808820,-3.8920588,-2.6856642,9.062322,3,walking
1519421808825,-3.8920588,-2.6856642,9.062322,3,walking
1519421808830,-3.690993,-2.6569405,8.784659,3,walking
1519421808836,-3.5378,-2.5707695,8.641041,3,walking
1519421808840,-3.3750327,-2.4654493,8.526146,3,walking
1519421808846,-3.020774,-2.2069361,8.258059,3,walking
1519421808850,-2.8388572,-2.0920415,8.095291,3,walking
1519421808856,-2.5899186,-1.9579976,7.9325233,3,walking
1519421808861,-2.5899186,-1.9579976,7.9325233,3,walking
1519421808866,-1.8814012,-1.6707608,7.5303917,3,walking
1519421808871,-1.5271424,-1.5941644,7.396348,3,walking
1519421808878,-1.5271424,-1.5941644,7.396348,3,walking
1519421808884,-1.1345854,-1.5941644,7.281453,3,walking
1519421808889,-1.0579889,-1.5367169,7.3006024,3,walking
1519421808894,-0.93351966,-1.4792696,7.2623043,3,walking
1519421808904,-0.6079846,-1.2016073,7.2527294,3,walking
1519421808909,-0.56968635,-1.14416,7.243155,3,walking
1519421808914,-0.5792609,-1.0771381,7.204857,3,walking
1519421808923,-0.54096264,-0.8186249,6.9942164,3,walking
1519421808929,-0.50266445,-0.71330476,6.8888965,3,walking
1519421808934,-0.56968635,-0.50266445,6.716554,3,walking
1519421808940,-0.5313881,-0.4356425,6.6208086,3,walking
1519421808945,-0.5792609,-0.33032233,6.5346375,3,walking
1519421808954,-0.64628285,-0.2920241,6.37187,3,walking
1519421808959,-0.665432,-0.359046,6.304848,3,walking
1519421808964,-0.7420284,-0.42606795,6.256975,3,walking
1519421808974,-0.8186249,-0.665432,6.47719,3,walking
1519421808979,-0.8664977,-0.76117754,6.6208086,3,walking
1519421808984,-0.90479594,-0.8090504,6.764427,3,walking
1519421808994,-0.98139244,-0.9622433,7.2527294,3,walking
1519421809004,-1.0388398,-0.9526688,7.3771987,3,walking
1519421809013,-1.1154363,-0.83777404,7.6261373,3,walking
1519421809019,-1.1537346,-0.7994758,7.721883,3,walking
1519421809024,-1.2494801,-0.6845811,7.846352,3,walking
1519421809030,-1.2973529,-0.59841,7.8846507,3,walking
1519421809034,-1.2494801,-0.5792609,7.8846507,3,walking
1519421809044,-1.4313968,-0.47394073,7.788905,3,walking
1519421809049,-1.4505459,-0.44521707,7.721883,3,walking
1519421809054,-1.4505459,-0.40691882,7.654861,3,walking
1519421809063,-1.5558661,-0.20585304,7.5782647,3,walking
1519421809069,-1.5558661,-0.19627848,7.6261373,3,walking
1519421809074,-1.5367169,-0.19627848,7.664436,3,walking
1519421809083,-1.5941644,-0.2441513,7.9420977,3,walking
1519421809089,-1.5941644,-0.2154276,7.9803963,3,walking
1519421809094,-1.5271424,-0.16755481,8.076141,3,walking
1519421809103,-1.3739494,-0.110107444,8.439975,3,walking
1519421809108,-1.3930986,-0.11968201,8.564445,3,walking
1519421809114,-1.3548003,-0.10053288,8.698488,3,walking
1519421809119,-1.2303311,-0.23457673,8.957002,3,walking
1519421809124,-1.2111819,-0.28244954,9.024023,3,walking
1519421809133,-1.0867126,-0.54096264,9.062322,3,walking
1519421809139,-0.98139244,-0.63670826,9.091045,3,walking
1519421809144,-0.85692316,-0.64628285,9.062322,3,walking
1519421809153,-0.32074776,-0.56968635,9.0814705,3,walking
1519421809158,-0.062234644,-0.512239,9.052747,3,walking
1519421809163,0.15798025,-0.44521707,9.0814705,3,walking
1519421809169,0.5218136,-0.33032233,9.320834,3,walking
1519421809174,0.69415563,-0.37819514,9.474028,3,walking
1519421809179,0.8090504,-0.44521707,9.684668,3,walking
1519421809184,0.9430942,-0.56968635,9.924032,3,walking
1519421809193,0.93351966,-1.0962871,10.92936,3,walking
1519421809198,0.8760723,-1.2494801,11.274045,3,walking
1519421809203,0.71330476,-1.3356512,11.513409,3,walking
1519421809209,0.2920241,-1.6037389,11.905966,3,walking
1519421809214,0.014361841,-1.7186337,11.992137,3,walking
1519421809223,-0.91437054,-2.168638,12.126181,3,walking
1519421809229,-1.1824582,-2.254809,12.154904,3,walking
1519421809234,-1.4601204,-2.2356598,12.059159,3,walking
1519421809239,-1.9101248,-2.149489,11.9346895,3,walking
1519421809244,-2.015445,-2.0441687,11.886817,3,walking
1519421809249,-2.1973617,-1.9101248,11.762347,3,walking
1519421809254,-2.321831,-1.7282082,11.609155,3,walking
1519421809259,-2.1399143,-1.3356512,11.216598,3,walking
1519421809263,-1.929274,-1.1824582,10.958084,3,walking
1519421809269,-1.5941644,-1.0484143,10.766593,3,walking
1519421809274,-1.0771381,-1.0196906,10.584677,3,walking
1519421809283,0.4356425,-1.709059,11.245321,3,walking
1519421809288,0.47394073,-2.1590633,12.0400095,3,walking
1519421809293,0.27287498,-2.7431116,12.805975,3,walking
1519421809300,-0.32074776,-3.690993,13.591088,3,walking
1519421809306,-0.4356425,-3.9495063,13.648536,3,walking
1519421809311,-0.61755913,-3.8824842,13.562365,3,walking
1519421809319,-0.8473486,-3.690993,13.102786,3,walking
1519421809323,-0.90479594,-3.7005677,12.662356,3,walking
1519421809352,-0.19627848,-2.4463003,10.125097,3,walking
1519421809360,0.023936402,-2.3888528,10.182545,3,walking
1519421809365,0.023936402,-2.3888528,10.182545,3,walking
1519421809370,0.5792609,-2.7814097,10.709146,3,walking
1519421809374,0.69415563,-2.8963046,10.871913,3,walking
1519421809378,0.7324539,-3.0686467,11.044255,3,walking
1519421809383,0.77075213,-3.2601378,11.207023,3,walking
1519421809389,0.665432,-3.5856729,11.360216,3,walking
1519421809393,0.49308985,-3.7963133,11.398514,3,walking
1519421809402,0.17712937,-4.1409974,11.28362,3,walking
1519421809408,-0.09095833,-4.275041,11.101703,3,walking
1519421809413,-0.16755481,-4.275041,10.977234,3,walking
1519421809422,-0.4164934,-4.1601467,10.938935,3,walking
1519421809428,-0.70373017,-4.1026993,10.910212,3,walking
1519421809433,-0.85692316,-4.0644007,10.82404,3,walking
1519421809443,-1.0962871,-4.131423,10.689997,3,walking
1519421809448,-1.14416,-4.169721,10.555953,3,walking
1519421809453,-1.1633091,-4.284616,10.479357,3,walking
1519421809458,-1.2111819,-4.437809,10.354887,3,walking
1519421809464,-1.1633091,-4.495256,10.364462,3,walking
1519421809468,-1.14416,-4.504831,10.29744,3,walking
1519421809474,-1.0771381,-4.4856815,10.287866,3,walking
1519421809479,-0.9622433,-4.351638,10.0868,3,walking
1519421809484,-0.91437054,-4.284616,9.98148,3,walking
1519421809488,-0.8186249,-4.1792955,9.837861,3,walking
1519421809494,-0.76117754,-4.0644007,9.732541,3,walking
1519421809499,-0.59841,-3.758015,9.41658,3,walking
1519421809504,-0.5313881,-3.6335456,9.263388,3,walking
1519421809508,-0.45479164,-3.346309,8.937852,3,walking
1519421809514,-0.44521707,-3.2505634,8.765511,3,walking
1519421809518,-0.40691882,-3.1643922,8.612317,3,walking
1519421809524,-0.34947145,-3.078221,8.44955,3,walking
1519421809529,-0.30159867,-2.867581,8.133589,3,walking
1519421809534,-0.33032233,-2.8101335,7.9708214,3,walking
1519421809539,-0.3111732,-2.7431116,7.846352,3,walking
1519421809544,-0.34947145,-2.666515,7.702734,3,walking
1519421809548,-0.36862057,-2.4654493,7.3867736,3,walking
1519421809554,-0.3398969,-2.3697038,7.329326,3,walking
1519421809558,-0.28244954,-2.2739582,7.281453,3,walking
1519421809563,-0.26330042,-2.168638,7.176133,3,walking
1519421809568,-0.17712937,-1.9867213,7.12826,3,walking
1519421809574,-0.15798025,-1.929274,7.0995364,3,walking
1519421809578,-0.14840569,-1.8718265,7.042089,3,walking
1519421809584,-0.110107444,-1.8431029,6.9271946,3,walking
1519421809589,-0.11968201,-1.79523,6.850598,3,walking
1519421809594,-0.09095833,-1.8048047,6.831449,3,walking
1519421809599,-0.10053288,-1.8431029,6.745278,3,walking
1519421809604,-0.062234644,-1.8909757,6.8027253,3,walking
1519421809609,-0.110107444,-1.9101248,6.8027253,3,walking
1519421809614,-0.062234644,-1.9196993,6.7931504,3,walking
1519421809618,-0.0718092,-1.8335283,6.764427,3,walking
1519421809623,-0.062234644,-1.8048047,6.821874,3,walking
1519421809628,-0.062234644,-1.7186337,6.8027253,3,walking
1519421809632,-0.081383765,-1.6611862,6.8122997,3,walking
1519421809638,-0.13883112,-1.622888,6.821874,3,walking
1519421809644,-0.17712937,-1.5941644,6.821874,3,walking
1519421809648,-0.19627848,-1.5941644,6.850598,3,walking
1519421809654,-0.19627848,-1.5558661,6.8027253,3,walking
1519421809658,-0.23457673,-1.3356512,6.936769,3,walking
1519421809663,-0.23457673,-1.2590547,6.9271946,3,walking
1519421809671,-0.26330042,-1.0196906,6.8027253,3,walking
1519421809678,-0.26330042,-0.8281995,6.7548523,3,walking
1519421809684,-0.2154276,-0.751603,6.783576,3,walking
1519421809689,-0.09095833,-0.5888355,6.869747,3,walking
1519421809694,-0.014361841,-0.56968635,6.869747,3,walking
1519421809699,0.081383765,-0.54096264,6.898471,3,walking
1519421809704,0.19627848,-0.5313881,6.9942164,3,walking
1519421809709,0.359046,-0.5792609,7.1665583,3,walking
1519421809715,0.44521707,-0.6750065,7.2718787,3,walking
1519421809720,0.5313881,-0.76117754,7.3676243,3,walking
1519421809725,0.5888355,-0.9526688,7.5974135,3,walking
1519421809730,0.61755913,-0.99096704,7.664436,3,walking
1519421809735,0.59841,-0.98139244,7.7601814,3,walking
1519421809740,0.64628285,-1.0005416,7.769756,3,walking
1519421809748,0.5313881,-0.8856468,7.8176284,3,walking
1519421809754,0.42606795,-0.8473486,7.8272033,3,walking
1519421809758,0.42606795,-0.8090504,7.846352,3,walking
1519421809764,0.4356425,-0.7228793,7.8176284,3,walking
1519421809768,0.46436617,-0.56968635,7.875076,3,walking
1519421809774,0.5218136,-0.56968635,7.961247,3,walking
1519421809779,0.5792609,-0.45479164,8.076141,3,walking
1519421809784,0.665432,-0.39734426,8.143164,3,walking
1519421809789,0.8281995,-0.34947145,8.392102,3,walking
1519421809794,0.8281995,-0.34947145,8.392102,3,walking
1519421809800,0.93351966,-0.36862057,8.612317,3,walking
1519421809805,0.9718179,-0.4356425,8.746361,3,walking
1519421809810,1.0388398,-0.59841,8.966576,3,walking
1519421809818,1.1058618,-0.69415563,9.244238,3,walking
1519421809823,1.0867126,-0.7228793,9.407005,3,walking
1519421809828,1.0196906,-0.7324539,9.5219,3,walking
1519421809834,1.0388398,-0.7228793,9.722966,3,walking
1519421809839,0.8952214,-0.8281995,9.98148,3,walking
1519421809844,0.83777404,-0.8856468,9.933606,3,walking
1519421809848,0.78032666,-0.9718179,9.904882,3,walking
1519421809854,0.7228793,-1.0101161,9.866585,3,walking
1519421809859,0.751603,-1.1824582,9.799562,3,walking
1519421809864,0.77075213,-1.2016073,9.809137,3,walking
1519421809869,0.8664977,-1.3643749,9.828286,3,walking
1519421809874,0.85692316,-1.4313968,9.837861,3,walking
1519421809881,0.9622433,-1.5079932,9.8953085,3,walking
1519421809886,1.0101161,-1.5558661,9.914457,3,walking
1519421809892,1.0675635,-1.6420372,10.115523,3,walking
1519421809897,1.0675635,-1.7186337,10.211268,3,walking
1519421809903,1.0771381,-1.709059,10.316589,3,walking
1519421809908,1.0005416,-1.709059,10.555953,3,walking
1519421809913,0.93351966,-1.7282082,10.661273,3,walking
1519421809918,0.85692316,-1.7282082,10.689997,3,walking
1519421809923,0.78032666,-1.7665064,10.709146,3,walking
1519421809928,0.665432,-1.7186337,10.642124,3,walking
1519421809933,0.751603,-1.6516117,10.584677,3,walking
1519421809938,0.9622433,-1.6324625,10.728295,3,walking
1519421809944,1.1058618,-1.6420372,11.149575,3,walking
1519421809949,0.70373017,-2.2452345,12.681505,3,walking
1519421809954,0.12925656,-2.7718353,13.418746,3,walking
1519421809961,-0.8952214,-3.7963133,14.184711,3,walking
1519421809968,-1.4792696,-4.1122737,14.32833,3,walking
1519421809973,-1.6803354,-4.0739756,14.165563,3,walking
1519421810016,-1.2111819,-4.0739756,10.689997,3,walking
1519421810024,-0.83777404,-4.169721,10.996383,3,walking
1519421810032,-0.25372586,-4.2654667,11.561282,3,walking
1519421810037,-0.10053288,-4.351638,11.848518,3,walking
1519421810042,-0.05266008,-4.4473834,11.896391,3,walking
1519421810046,-0.014361841,-4.495256,11.858093,3,walking
1519421810051,-0.0718092,-4.476107,11.838944,3,walking
1519421810057,-0.34947145,-4.2271686,11.609155,3,walking
1519421810062,-0.47394073,-4.016528,11.360216,3,walking
1519421810071,-0.64628285,-3.6239712,10.699572,3,walking
1519421810077,-0.8281995,-3.173967,9.98148,3,walking
1519421810082,-0.85692316,-3.0111992,9.809137,3,walking
1519421810087,-0.9526688,-2.7814097,9.435729,3,walking
1519421810092,-1.0005416,-2.7814097,9.320834,3,walking
1519421810096,-1.0771381,-2.9154537,9.2825365,3,walking
1519421810101,-1.0962871,-3.1165195,9.339984,3,walking
1519421810107,-1.1633091,-3.4229054,9.454879,3,walking
1519421810112,-1.1728836,-3.4707782,9.598496,3,walking
1519421810116,-1.1345854,-3.5569491,9.732541,3,walking
1519421810121,-1.1058618,-3.604822,9.828286,3,walking
1519421810127,-1.1537346,-3.5856729,9.904882,3,walking
1519421810132,-1.2207564,-3.4899273,9.770839,3,walking
1519421810136,-1.2590547,-3.3750327,9.684668,3,walking
1519421810141,-1.2111819,-3.1835413,9.531475,3,walking
1519421810147,-1.1633091,-2.8101335,9.138918,3,walking
1519421810152,-1.1058618,-2.6856642,9.014449,3,walking
1519421810157,-1.0484143,-2.561195,8.755936,3,walking
1519421810161,-0.9622433,-2.4654493,8.602742,3,walking
1519421810167,-0.8186249,-2.3122563,8.248484,3,walking
1519421810172,-0.751603,-2.254809,8.095291,3,walking
1519421810177,-0.5888355,-2.1590633,7.788905,3,walking
1519421810181,-0.56011176,-2.0824668,7.6740103,3,walking
1519421810186,-0.44521707,-2.0058703,7.587839,3,walking
1519421810191,-0.34947145,-1.8814012,7.482519,3,walking
1519421810197,-0.18670394,-1.6803354,7.3006024,3,walking
1519421810201,-0.110107444,-1.5175679,7.2240057,3,walking
1519421810206,-0.03351096,-1.4026731,7.156984,3,walking
1519421810210,0.05266008,-1.3165021,7.1186857,3,walking
1519421810216,0.15798025,-1.2111819,7.051664,3,walking
1519421810221,0.25372586,-1.1250108,6.8793216,3,walking
1519421810226,0.26330042,-1.0962871,6.8122997,3,walking
1519421810231,0.27287498,-1.0484143,6.7069798,3,walking
1519421810237,0.23457673,-0.8473486,6.6878304,3,walking
1519421810241,0.2441513,-0.64628285,6.783576,3,walking
1519421810250,0.26330042,-0.2920241,6.7740016,3,walking
1519421810256,0.3398969,-0.13883112,6.7740016,3,walking
1519421810261,0.26330042,-0.12925656,6.7261286,3,walking
1519421810266,0.25372586,-0.18670394,6.697405,3,walking
1519421810271,0.16755481,-0.2154276,6.5729356,3,walking
1519421810277,0.12925656,-0.15798025,6.563361,3,walking
1519421810281,0.13883112,-0.081383765,6.5537868,3,walking
1519421810286,0.3111732,-0.03351096,6.7357035,3,walking
1519421810291,0.3398969,-0.14840569,6.6016593,3,walking
1519421810296,0.23457673,-0.42606795,6.458041,3,walking
1519421810301,0.14840569,-0.8664977,6.410168,3,walking
1519421810307,0.081383765,-1.3165021,6.4484663,3,walking
1519421810311,0.014361841,-1.8335283,6.639958,3,walking
1519421810316,-0.014361841,-1.8718265,6.8888965,3,walking
1519421810321,-0.043085523,-1.8526775,7.137835,3,walking
1519421810327,0.03351096,-1.5750152,7.4920936,3,walking
1519421810332,0.023936402,-1.5175679,7.5591154,3,walking
1519421810337,-0.062234644,-1.4026731,7.6835847,3,walking
1519421810342,-0.062234644,-1.4026731,7.6835847,3,walking
1519421810347,-0.28244954,-1.2303311,7.7506065,3,walking
1519421810351,-0.39734426,-1.1058618,7.9325233,3,walking
1519421810356,-0.359046,-0.9526688,8.124015,3,walking
1519421810361,-0.34947145,-0.751603,8.296356,3,walking
1519421810366,-0.25372586,-0.5313881,8.44955,3,walking
1519421810372,-0.2441513,-0.63670826,8.401677,3,walking
1519421810377,-0.34947145,-1.1824582,8.229335,3,walking
1519421810382,-0.5218136,-1.5462915,8.11444,3,walking
1519421810387,-0.6750065,-1.8718265,8.210186,3,walking
1519421810392,-0.751603,-2.1399143,8.353804,3,walking
1519421810398,-0.61755913,-2.3697038,8.564445,3,walking
1519421810403,-0.56968635,-2.4175766,8.650616,3,walking
1519421810408,-0.4164934,-2.5707695,8.66019,3,walking
1519421810413,-0.37819514,-2.6377914,8.583593,3,walking
1519421810418,-0.22500217,-2.800559,8.497422,3,walking
1519421810423,-0.16755481,-2.9633265,8.32508,3,walking
1519421810428,-0.043085523,-3.4707782,8.018694,3,walking
1519421810433,0.10053288,-3.7867386,7.9803963,3,walking
1519421810439,0.64628285,-4.2175937,7.654861,3,walking
1519421810443,0.83777404,-4.5910015,7.46337,3,walking
1519421810449,0.91437054,-4.935686,7.195282,3,walking
1519421810459,1.1250108,-5.4718614,6.438892,3,walking
1519421810464,1.4313968,-5.7686725,6.180379,3,walking
1519421810469,1.622888,-6.065484,5.998462,3,walking
1519421810474,1.862252,-6.7357035,5.8165455,3,walking
1519421810479,1.9675722,-7.051664,5.519734,3,walking
1519421810484,1.8909757,-7.3867736,5.2707953,3,walking
1519421810490,1.9675722,-8.047418,5.088879,3,walking
1519421810495,2.0920415,-8.392102,4.926111,3,walking
1519421810500,2.2931073,-8.727212,5.079304,3,walking
1519421810508,2.7048132,-9.483603,5.1271772,3,walking
1519421810513,3.384607,-10.211268,4.9739842,3,walking
1519421810518,3.8058877,-12.518738,2.8388572,3,walking
1519421810526,3.8920588,-14.481523,1.5750152,3,walking
1519421810531,3.3271596,-19.287952,-1.1154363,3,walking
1519421810536,1.5750152,-19.584763,-4.8303657,3,walking
1519421810541,1.5750152,-19.584763,-4.8303657,3,walking
1519421810577,1.7569319,-14.510246,-0.30159867,3,walking
1519421810582,2.5516202,-10.871913,-0.05266008,3,walking
1519421810587,3.1643922,-4.8973875,1.4505459,3,walking
1519421810599,2.9441774,-0.44521707,6.065484,3,walking
1519421810605,2.9441774,-0.44521707,6.065484,3,walking
1519421810610,2.513322,-0.28244954,5.8835673,3,walking
1519421810647,-2.2931073,-0.665432,8.794233,3,walking
1519421810655,-1.7569319,0.3398969,9.6942425,3,walking
1519421810663,-1.0771381,1.0962871,10.517654,3,walking
1519421810671,-0.70373017,1.4218222,10.584677,3,walking
1519421810676,-0.6271337,1.14416,10.747444,3,walking
1519421810680,-0.45479164,0.50266445,10.891063,3,walking
1519421810686,-0.14840569,-0.23457673,11.015532,3,walking
1519421810691,0.15798025,-1.862252,11.015532,3,walking
1519421810695,0.28244954,-2.733537,11.015532,3,walking
1519421810700,0.40691882,-3.604822,10.881488,3,walking
1519421810706,0.40691882,-4.4186597,10.527229,3,walking
1519421810710,0.3111732,-5.912291,9.991054,3,walking
1519421810716,0.13883112,-6.936769,9.828286,3,walking
1519421810721,0.13883112,-6.936769,9.828286,3,walking
1519421810726,0.15798025,-7.1186857,9.7899885,3,walking
1519421810731,0.11968201,-6.936769,9.799562,3,walking
1519421810736,0.10053288,-6.3622956,9.7899885,3,walking
1519421810740,0.10053288,-6.3622956,9.7899885,3,walking
1519421810746,0.05266008,-5.5963306,9.85701,3,walking
1519421810751,-0.062234644,-5.299519,9.809137,3,walking
1519421810756,-0.17712937,-4.648449,9.713391,3,walking
1519421810761,-0.15798025,-4.3995104,9.684668,3,walking
1519421810766,-0.081383765,-4.236743,9.608071,3,walking
1519421810772,0.043085523,-3.997379,9.598496,3,walking
1519421810777,0.062234644,-3.9495063,9.560199,3,walking
1519421810782,0.09095833,-3.9207826,9.464453,3,walking
1519421810787,0.22500217,-3.844186,9.244238,3,walking
1519421810792,0.3111732,-3.8058877,9.148493,3,walking
1519421810797,0.42606795,-3.7963133,9.119769,3,walking
1519421810802,0.56968635,-3.8920588,8.861256,3,walking
1519421810807,0.59841,-3.911208,8.822957,3,walking
1519421810813,0.5888355,-3.930357,8.727212,3,walking
1519421810818,0.6558574,-3.8920588,8.545295,3,walking
1519421810823,0.6750065,-3.8058877,8.506997,3,walking
1519421810828,0.6750065,-3.671844,8.478273,3,walking
1519421810838,0.71330476,-3.2601378,8.353804,3,walking
1519421810843,0.69415563,-3.0877957,8.286782,3,walking
1519421810848,0.64628285,-2.9441774,8.200611,3,walking
1519421810854,0.5792609,-2.6760898,7.8655014,3,walking
1519421810859,0.5313881,-2.513322,7.7984796,3,walking
1519421810864,0.50266445,-2.3697038,7.7123084,3,walking
1519421810869,0.512239,-2.187787,7.5399666,3,walking
1519421810874,0.512239,-2.187787,7.5399666,3,walking
1519421810879,0.49308985,-2.149489,7.4250717,3,walking
1519421810885,0.4835153,-2.1207652,7.3867736,3,walking
1519421810890,0.4835153,-2.1590633,7.3006024,3,walking
1519421810895,0.5218136,-2.2260852,7.2910275,3,walking
1519421810901,0.5218136,-2.2739582,7.2623043,3,walking
1519421810906,0.54096264,-2.2260852,7.2623043,3,walking
1519421810911,0.59841,-2.1973617,7.2718787,3,walking
1519421810916,0.6558574,-2.1207652,7.35805,3,walking
1519421810921,0.6558574,-2.0728924,7.3389006,3,walking
1519421810926,0.63670826,-2.015445,7.35805,3,walking
1519421810931,0.6558574,-1.9771467,7.3867736,3,walking
1519421810936,0.7228793,-1.9101248,7.3771987,3,walking
1519421810941,0.69415563,-1.8718265,7.35805,3,walking
1519421810946,0.6845811,-1.8239537,7.348475,3,walking
1519421810951,0.71330476,-1.7856555,7.4059224,3,walking
1519421810956,0.70373017,-1.7473572,7.434646,3,walking
1519421810961,0.71330476,-1.7186337,7.5208173,3,walking
1519421810966,0.61755913,-1.6420372,7.549541,3,walking
1519421810972,0.5888355,-1.5941644,7.549541,3,walking
1519421810977,0.54096264,-1.5367169,7.5208173,3,walking
1519421810982,0.47394073,-1.4984187,7.5303917,3,walking
1519421810987,0.50266445,-1.4984187,7.501668,3,walking
1519421810992,0.5218136,-1.4601204,7.5303917,3,walking
1519421810997,0.54096264,-1.4122477,7.635712,3,walking
1519421811002,0.5505372,-1.3260766,7.788905,3,walking
1519421811007,0.5888355,-1.2590547,7.8655014,3,walking
1519421811018,0.64628285,-1.14416,8.047418,3,walking
1519421811023,0.665432,-1.1537346,8.076141,3,walking
1519421811028,0.5888355,-1.1920328,8.11444,3,walking
1519421811035,0.59841,-1.2877784,8.085716,3,walking
1519421811040,0.59841,-1.3069274,8.124015,3,walking
1519421811045,0.5888355,-1.3548003,8.1623125,3,walking
1519421811051,0.56011176,-1.3260766,8.171887,3,walking
1519421811055,0.5505372,-1.2973529,8.191036,3,walking
1519421811061,0.54096264,-1.1633091,8.124015,3,walking
1519421811066,0.5888355,-1.1154363,8.133589,3,walking
1519421811071,0.6079846,-1.0388398,8.181462,3,walking
1519421811076,0.69415563,-0.8952214,8.2676325,3,walking
1519421811081,0.76117754,-0.8664977,8.305931,3,walking
1519421811085,0.77075213,-0.8760723,8.382527,3,walking
1519421811089,0.78990126,-0.85692316,8.459125,3,walking
1519421811095,0.8473486,-0.85692316,8.487848,3,walking
1519421811100,0.90479594,-0.8186249,8.5740185,3,walking
1519421811104,1.0484143,-0.8090504,8.736787,3,walking
1519421811110,1.1154363,-0.83777404,8.813383,3,walking
1519421811115,1.1345854,-0.85692316,8.909128,3,walking
1519421811119,1.1345854,-0.8856468,8.995299,3,walking
1519421811125,1.1154363,-0.9526688,9.033598,3,walking
1519421811130,1.1633091,-0.9718179,9.091045,3,walking
1519421811135,1.1824582,-0.9718179,9.177217,3,walking
1519421811139,1.1633091,-0.9622433,9.272962,3,walking
1519421811144,1.1058618,-1.0196906,9.320834,3,walking
1519421811149,1.0867126,-1.0675635,9.435729,3,walking
1519421811155,1.0484143,-1.0675635,9.435729,3,walking
1519421811160,0.9718179,-1.2686293,9.502751,3,walking
1519421811165,0.83777404,-1.5079932,9.474028,3,walking
1519421811171,0.83777404,-1.5079932,9.474028,3,walking
1519421811175,0.69415563,-1.7473572,9.560199,3,walking
1519421811180,0.64628285,-1.8431029,9.569773,3,walking
1519421811185,0.6079846,-1.948423,9.665519,3,walking
1519421811190,0.6079846,-1.948423,9.665519,3,walking
1519421811194,0.6079846,-1.948423,9.665519,3,walking
1519421811200,0.6558574,-1.776081,9.7899885,3,walking
1519421811204,0.7420284,-1.6994845,9.809137,3,walking
1519421811209,0.77075213,-1.6516117,9.885734,3,walking
1519421811214,0.9526688,-1.5462915,9.952756,3,walking
1519421811220,1.1154363,-1.4792696,9.971905,3,walking
1519421811225,1.6037389,-1.3165021,10.115523,3,walking
1519421811230,1.6037389,-1.3165021,10.115523,3,walking
1519421811234,1.8431029,-1.3356512,10.575102,3,walking
1519421811239,1.7282082,-1.4026731,10.967659,3,walking
1519421811244,1.1537346,-1.8048047,11.848518,3,walking
1519421811249,0.8664977,-2.168638,12.288948,3,walking
1519421811256,0.20585304,-2.819708,12.8538475,3,walking
1519421811260,0.20585304,-2.819708,12.8538475,3,walking
1519421811265,-0.512239,-3.2792869,12.892146,3,walking
1519421811269,-0.9526688,-3.3271596,12.786825,3,walking
1519421811274,-1.4122477,-3.3367343,12.470865,3,walking
1519421811279,-1.8239537,-3.2984362,12.087883,3,walking
1519421811284,-2.149489,-3.2026904,11.647452,3,walking
1519421811289,-2.4367256,-3.0973704,10.804892,3,walking
1519421811294,-2.4175766,-3.0111992,10.498506,3,walking
1519421811299,-2.34098,-2.9920502,10.239992,3,walking
1519421811304,-2.0537431,-3.039923,9.818711,3,walking
1519421811310,-1.862252,-3.126094,9.780414,3,walking
1519421811314,-1.4888442,-3.4037561,10.010203,3,walking
1519421811320,-1.4888442,-3.4037561,10.010203,3,walking
1519421811324,-1.1345854,-3.5952475,10.374036,3,walking
1519421811331,-0.7420284,-3.7484405,10.709146,3,walking
1519421811336,-0.54096264,-3.7963133,10.881488,3,walking
1519421811340,-0.44521707,-3.8154624,11.015532,3,walking
1519421811345,-0.45479164,-3.825037,11.140001,3,walking
1519421811349,-0.49308985,-3.7867386,11.197449,3,walking
1519421811354,-0.61755913,-3.7101421,11.207023,3,walking
1519421811359,-0.90479594,-3.6431203,11.015532,3,walking
1519421811364,-1.0388398,-3.5282254,10.82404,3,walking
1519421811369,-1.1728836,-3.451629,10.670848,3,walking
1519421811374,-1.4026731,-3.2601378,10.307014,3,walking
1519421811380,-1.5941644,-3.1643922,10.134672,3,walking
1519421811385,-1.9771467,-3.0877957,9.866585,3,walking
1519421811390,-1.9771467,-3.0877957,9.866585,3,walking
1519421811395,-2.254809,-3.039923,9.675094,3,walking
1519421811400,-2.4175766,-3.059072,9.5889225,3,walking
1519421811404,-2.6186423,-2.9633265,9.493176,3,walking
1519421811410,-2.6186423,-2.9633265,9.493176,3,walking
1519421811414,-2.6760898,-3.0877957,9.608071,3,walking
1519421811420,-2.7239625,-3.1835413,9.722966,3,walking
1519421811425,-2.752686,-3.2601378,9.799562,3,walking
1519421811430,-2.7718353,-3.3175852,9.933606,3,walking
1519421811435,-2.7431116,-3.3367343,9.914457,3,walking
1519421811440,-2.733537,-3.4037561,10.000628,3,walking
1519421811445,-2.752686,-3.5282254,10.000628,3,walking
1519421811450,-2.7814097,-3.5856729,9.914457,3,walking
1519421811455,-2.7048132,-3.5760984,9.732541,3,walking
1519421811460,-2.7048132,-3.5760984,9.732541,3,walking
1519421811464,-2.7048132,-3.5760984,9.732541,3,walking
1519421811469,-2.5420458,-3.2984362,9.062322,3,walking
1519421811475,-2.5707695,-2.647366,8.076141,3,walking
1519421811479,-2.5707695,-2.647366,8.076141,3,walking
1519421811484,-2.7431116,-1.8431029,6.898471,3,walking
1519421811491,-2.8101335,-1.3930986,5.941015,3,walking
1519421811496,-2.819708,-1.2303311,5.6633525,3,walking
1519421811543,-1.3548003,-2.475024,7.0325146,3,walking
1519421811551,-1.3260766,-2.5324712,7.3389006,3,walking
1519421811559,-1.3548003,-2.475024,7.396348,3,walking
1519421811566,-1.3260766,-2.2835326,7.3867736,3,walking
1519421811574,-1.3356512,-2.1782124,7.3389006,3,walking
1519421811580,-1.3930986,-2.0058703,7.281453,3,walking
1519421811584,-1.4218222,-1.8526775,7.204857,3,walking
1519421811589,-1.4218222,-1.8526775,7.204857,3,walking
1519421811594,-1.4601204,-1.7377827,7.176133,3,walking
1519421811599,-1.4984187,-1.7186337,7.1665583,3,walking
1519421811604,-1.5079932,-1.6899099,7.2144313,3,walking
1519421811609,-1.5941644,-1.6707608,7.3676243,3,walking
1519421811615,-1.6516117,-1.7186337,7.501668,3,walking
1519421811620,-1.7186337,-1.7665064,7.5782647,3,walking
1519421811625,-1.776081,-1.79523,7.7506065,3,walking
1519421811629,-1.8048047,-1.862252,7.846352,3,walking
1519421811634,-1.9005502,-1.8814012,7.9708214,3,walking
1519421811639,-1.948423,-1.9196993,8.095291,3,walking
1519421811644,-2.015445,-1.9771467,8.229335,3,walking
1519421811649,-2.015445,-1.9579976,8.2676325,3,walking
1519421811654,-2.0633178,-1.948423,8.334655,3,walking
1519421811659,-2.0728924,-1.9867213,8.44955,3,walking
1519421811664,-2.1590633,-1.9675722,8.459125,3,walking
1519421811670,-2.2165108,-1.9771467,8.459125,3,walking
1519421811674,-2.2931073,-1.9675722,8.44955,3,walking
1519421811679,-2.2931073,-1.9675722,8.44955,3,walking
1519421811684,-2.3314054,-1.9196993,8.4686985,3,walking
1519421811689,-2.4175766,-1.8718265,8.545295,3,walking
1519421811694,-2.4463003,-1.8335283,8.55487,3,walking
1519421811699,-2.4463003,-1.8335283,8.55487,3,walking
1519421811705,-2.561195,-1.6133134,8.593168,3,walking
1519421811710,-2.5899186,-1.4792696,8.631466,3,walking
1519421811715,-2.5516202,-1.4505459,8.612317,3,walking
1519421811720,-2.5324712,-1.4888442,8.631466,3,walking
1519421811725,-2.5228968,-1.5941644,8.688913,3,walking
1519421811730,-2.4845984,-1.622888,8.717637,3,walking
1519421811736,-2.408002,-1.6420372,8.765511,3,walking
1519421811740,-2.2835326,-1.709059,8.861256,3,walking
1519421811745,-2.2069361,-1.7473572,8.947427,3,walking
1519421811751,-2.1590633,-1.7473572,8.985725,3,walking
1519421811756,-2.1111906,-1.7665064,9.138918,3,walking
1519421811761,-2.0728924,-1.7282082,9.158067,3,walking
1519421811766,-2.0250196,-1.7282082,9.20594,3,walking
1519421811776,-1.8431029,-1.709059,9.368708,3,walking
1519421811781,-1.862252,-1.6994845,9.445304,3,walking
1519421811786,-1.8048047,-1.7186337,9.531475,3,walking
1519421811797,-1.862252,-1.7473572,9.914457,3,walking
1519421811801,-1.9196993,-1.8335283,10.0868,3,walking
1519421811807,-1.9196993,-1.929274,10.163396,3,walking
1519421811812,-2.0441687,-2.1303396,10.469782,3,walking
1519421811819,-2.1111906,-2.2260852,10.565528,3,walking
1519421811824,-2.3026817,-2.360129,10.737869,3,walking
1519421811829,-2.3792782,-2.360129,10.804892,3,walking
1519421811834,-2.5707695,-2.408002,10.881488,3,walking
1519421811840,-2.6377914,-2.4367256,10.92936,3,walking
1519421811845,-2.7239625,-2.4463003,10.94851,3,walking
1519421811850,-2.905879,-2.3792782,10.986808,3,walking
1519421811855,-2.9537518,-2.34098,10.996383,3,walking
1519421811860,-3.0303483,-2.3314054,10.94851,3,walking
1519421811865,-3.1069448,-2.3122563,10.910212,3,walking
1519421811869,-3.1356685,-2.2452345,10.862339,3,walking
1519421811874,-3.1643922,-2.2356598,10.776168,3,walking
1519421811879,-3.2026904,-2.149489,10.737869,3,walking
1519421811885,-3.1165195,-2.0633178,10.565528,3,walking
1519421811889,-3.020774,-1.9867213,10.431483,3,walking
1519421811894,-2.8771553,-1.929274,10.259142,3,walking
1519421811898,-2.5516202,-1.7473572,10.058076,3,walking
1519421811904,-1.4313968,-1.5462915,9.885734,3,walking
1519421811909,-0.8760723,-1.5558661,10.058076,3,walking
1519421811915,-0.5313881,-2.0058703,11.005958,3,walking
1519421811920,-0.6845811,-2.34098,11.618729,3,walking
1519421811926,-1.1537346,-3.193116,12.403843,3,walking
1519421811936,-1.3930986,-3.825037,12.537887,3,walking
1519421811979,-3.2888615,-3.6239712,10.364462,3,walking
1519421811987,-3.3175852,-3.5665238,10.460207,3,walking
1519421811995,-3.039923,-3.758015,10.460207,3,walking
1519421812003,-2.8963046,-3.8154624,10.374036,3,walking
1519421812007,-2.580344,-3.8729098,10.383611,3,walking
1519421812012,-2.427151,-3.8824842,10.307014,3,walking
1519421812017,-2.3026817,-3.9207826,10.364462,3,walking
1519421812026,-2.1303396,-3.9782298,10.211268,3,walking
1519421812030,-2.034594,-4.0261025,10.163396,3,walking
1519421812035,-1.9388485,-4.121848,10.06765,3,walking
1519421812039,-1.9388485,-4.121848,10.06765,3,walking
1519421812043,-1.9388485,-4.121848,10.06765,3,walking
1519421812049,-1.8526775,-4.0644007,9.761265,3,walking
1519421812053,-1.7569319,-4.0548263,9.397431,3,walking
1519421812059,-1.7569319,-4.0548263,9.397431,3,walking
1519421812064,-1.6324625,-3.8154624,8.784659,3,walking
1519421812069,-1.5654407,-3.7292912,8.372953,3,walking
1519421812074,-1.4122477,-3.825037,8.056993,3,walking
1519421812079,-1.4026731,-3.9399316,7.6740103,3,walking
1519421812084,-1.469695,-4.1601467,7.1665583,3,walking
1519421812089,-1.5367169,-4.284616,7.0133657,3,walking
1519421812093,-1.5175679,-4.456958,7.0325146,3,walking
1519421812098,-1.7569319,-4.351638,7.156984,3,walking
1519421812104,-1.8239537,-3.8824842,7.721883,3,walking
1519421812111,-1.8909757,-3.6526947,8.037844,3,walking
1519421812116,-1.9867213,-3.4229054,8.641041,3,walking
1519421812122,-2.0633178,-3.346309,8.832532,3,walking
1519421812127,-2.0824668,-3.3080106,8.9761505,3,walking
1519421812136,-2.2643836,-3.5665238,9.071896,3,walking
1519421812141,-2.2739582,-3.690993,9.024023,3,walking
1519421812146,-2.2739582,-3.777164,9.014449,3,walking
1519421812156,-2.2835326,-3.671844,8.727212,3,walking
1519421812161,-2.1973617,-3.5378,8.612317,3,walking
1519421812166,-2.1590633,-3.4229054,8.44955,3,walking
1519421812176,-1.9101248,-2.9633265,8.037844,3,walking
1519421812186,-1.7665064,-2.7718353,7.7314577,3,walking
1519421812195,-1.6037389,-2.6282167,7.243155,3,walking
1519421812201,-1.5462915,-2.6282167,7.089962,3,walking
1519421812206,-1.4601204,-2.5516202,6.9176197,3,walking
1519421812212,-1.4505459,-2.4367256,6.831449,3,walking
1519421812216,-1.4026731,-2.3314054,6.745278,3,walking
1519421812225,-1.3452257,-1.8718265,6.7740016,3,walking
1519421812231,-1.3069274,-1.7473572,6.8027253,3,walking
1519421812236,-1.3069274,-1.6133134,6.821874,3,walking
1519421812246,-1.2111819,-1.4984187,6.9271946,3,walking
1519421812251,-1.1824582,-1.5175679,6.9942164,3,walking
1519421812255,-1.2016073,-1.5079932,7.0133657,3,walking
1519421812266,-1.1537346,-1.5941644,7.2527294,3,walking
1519421812271,-1.1824582,-1.6324625,7.3389006,3,walking
1519421812275,-1.1920328,-1.5941644,7.4154973,3,walking
1519421812285,-1.3165021,-1.6611862,7.5974135,3,walking
1519421812291,-1.3260766,-1.6899099,7.6452866,3,walking
1519421812296,-1.2973529,-1.6899099,7.741032,3,walking
1519421812302,-1.2590547,-1.7665064,7.7793303,3,walking
1519421812306,-1.2399056,-1.8239537,7.769756,3,walking
1519421812316,-1.1633091,-2.168638,7.8272033,3,walking
1519421812321,-1.1154363,-2.3026817,7.8176284,3,walking
1519421812327,-1.1537346,-2.3122563,7.894225,3,walking
1519421812332,-1.0101161,-2.6569405,7.9420977,3,walking
1519421812337,-0.8856468,-2.580344,7.5591154,3,walking
1519421812346,-0.85692316,-2.9154537,7.788905,3,walking
1519421812356,-0.99096704,-2.6282167,8.248484,3,walking
1519421812360,-0.91437054,-2.4845984,8.286782,3,walking
1519421812366,-0.83777404,-2.2835326,8.095291,3,walking
1519421812371,-0.99096704,-2.1782124,8.1623125,3,walking
1519421812376,-0.9622433,-2.2165108,8.286782,3,walking
1519421812385,-1.3260766,-1.9101248,8.200611,3,walking
1519421812391,-1.3643749,-1.6707608,8.32508,3,walking
1519421812396,-1.3643749,-1.6707608,8.315506,3,walking
1519421812405,-1.4122477,-1.4984187,8.430401,3,walking
1519421812411,-1.4313968,-1.383524,8.478273,3,walking
1519421812415,-1.383524,-1.2494801,8.487848,3,walking
1519421812425,-1.3165021,-0.93351966,8.593168,3,walking
1519421812430,-1.2399056,-0.8664977,8.612317,3,walking
1519421812435,-1.2303311,-0.8090504,8.66019,3,walking
1519421812445,-1.1824582,-0.7420284,8.861256,3,walking
1519421812450,-1.1633091,-0.77075213,8.957002,3,walking
1519421812454,-1.2111819,-0.76117754,9.033598,3,walking
1519421812461,-1.2111819,-0.8281995,9.119769,3,walking
1519421812466,-1.2111819,-0.85692316,9.177217,3,walking
1519421812475,-1.2303311,-0.9622433,9.253813,3,walking
1519421812481,-1.2782038,-1.0292653,9.320834,3,walking
1519421812486,-1.3356512,-1.0675635,9.378282,3,walking
1519421812495,-1.4313968,-1.3260766,9.5889225,3,walking
1519421812501,-1.4313968,-1.2877784,9.6942425,3,walking
1519421812505,-1.4601204,-1.4122477,9.732541,3,walking
1519421812515,-1.6133134,-1.7473572,9.96233,3,walking
1519421812520,-1.709059,-1.9675722,10.163396,3,walking
1519421812524,-1.7473572,-2.0728924,10.211268,3,walking
1519421812534,-1.79523,-2.3122563,10.527229,3,walking
1519421812540,-1.862252,-2.4463003,10.622974,3,walking
1519421812544,-1.9867213,-2.580344,10.82404,3,walking
1519421812551,-2.1111906,-2.6760898,11.034681,3,walking
1519421812555,-2.1399143,-2.7048132,11.168725,3,walking
1519421812560,-2.1399143,-2.7048132,11.168725,3,walking
1519421812564,-2.2452345,-2.6760898,11.321918,3,walking
1519421812571,-2.0824668,-2.580344,11.436812,3,walking
1519421812575,-1.8814012,-2.4845984,11.503835,3,walking
1519421812580,-1.8814012,-2.4845984,11.503835,3,walking
1519421812584,-1.5750152,-2.3792782,11.905966,3,walking
1519421812590,-2.101616,-2.4845984,12.67193,3,walking
1519421812594,-2.5994933,-2.6282167,13.045339,3,walking
1519421812601,-3.518651,-3.1165195,13.552791,3,walking
1519421812605,-3.7867386,-3.4133308,13.581514,3,walking
1519421812610,-4.045252,-3.7484405,13.562365,3,walking
1519421812614,-4.2175937,-4.0931244,13.418746,3,walking
1519421812620,-4.2175937,-4.0931244,13.418746,3,walking
1519421812624,-4.715471,-4.5622783,13.102786,3,walking
1519421812630,-5.2516465,-4.658024,12.365545,3,walking
1519421812634,-5.3952646,-4.5718527,11.953838,3,walking
1519421812641,-5.155901,-4.0931244,11.034681,3,walking
1519421812645,-4.8207912,-3.8058877,10.709146,3,walking
1519421812650,-4.466532,-3.5952475,10.460207,3,walking
1519421812654,-4.045252,-3.518651,10.374036,3,walking
1519421812661,-3.5569491,-3.5473747,10.335738,3,walking
1519421812665,-3.4707782,-3.6239712,10.335738,3,walking
1519421812674,-3.2792869,-3.8537605,10.374036,3,walking
1519421812681,-3.1356685,-3.7484405,10.19212,3,walking
1519421812685,-3.0494976,-3.5760984,10.115523,3,walking
1519421812694,-2.867581,-3.0016246,9.924032,3,walking
1519421812700,-2.7814097,-2.5994933,9.770839,3,walking
1519421812704,-2.7718353,-2.4463003,9.742115,3,walking
1519421812714,-3.0686467,-2.2260852,9.5219,3,walking
1519421812720,-3.2026904,-2.187787,9.368708,3,walking
1519421812724,-3.4229054,-2.321831,8.899554,3,walking
1519421812730,-3.4420545,-2.5994933,8.535721,3,walking
1519421812734,-3.4803526,-2.8101335,8.372953,3,walking
1519421812739,-3.4612036,-2.972901,8.23891,3,walking
1519421812744,-3.451629,-3.078221,8.11444,3,walking
1519421812750,-3.4803526,-3.2409887,7.9420977,3,walking
1519421812754,-3.5090764,-3.3175852,7.9325233,3,walking
1519421812759,-3.451629,-3.384607,7.999545,3,walking
1519421812764,-3.4612036,-3.4133308,8.018694,3,walking
1519421812770,-3.4612036,-3.4420545,8.23891,3,walking
1519421812774,-3.4324799,-3.451629,8.2676325,3,walking
1519421812783,-3.4612036,-3.5090764,8.516571,3,walking
1519421812790,-3.5473747,-3.5665238,8.679339,3,walking
1519421812794,-3.5952475,-3.6431203,8.679339,3,walking
1519421812803,-3.5952475,-3.690993,8.736787,3,walking
1519421812809,-3.6431203,-3.6143966,8.755936,3,walking
1519421812813,-3.6143966,-3.5282254,8.7750845,3,walking
1519421812820,-3.5665238,-3.4133308,8.832532,3,walking
1519421812824,-3.5378,-3.3175852,8.822957,3,walking
1519421812829,-3.4803526,-3.2026904,8.832532,3,walking
1519421812834,-3.3941817,-3.0494976,8.7750845,3,walking
1519421812841,-3.1548176,-2.7431116,8.6697645,3,walking
1519421812845,-3.0494976,-2.6569405,8.593168,3,walking
1519421812849,-2.9346027,-2.5516202,8.526146,3,walking
1519421812853,-2.800559,-2.475024,8.401677,3,walking
1519421812860,-2.513322,-2.34098,8.124015,3,walking
1519421812864,-2.3792782,-2.2931073,8.056993,3,walking
1519421812869,-2.254809,-2.254809,7.9037995,3,walking
1519421812873,-2.0920415,-2.2356598,7.8367777,3,walking
1519421812880,-1.862252,-2.1973617,7.7506065,3,walking
1519421812884,-1.79523,-2.187787,7.693159,3,walking
1519421812889,-1.6611862,-2.1399143,7.7123084,3,walking
1519421812893,-1.6516117,-2.1207652,7.741032,3,walking
1519421812899,-1.5941644,-2.0633178,7.7123084,3,walking
1519421812903,-1.5175679,-1.9101248,7.769756,3,walking
1519421812910,-1.5367169,-1.8239537,7.846352,3,walking
1519421812914,-1.5654407,-1.7377827,7.8655014,3,walking
1519421812919,-1.5654407,-1.7377827,7.8655014,3,walking
1519421812923,-1.6133134,-1.622888,7.7601814,3,walking
1519421812930,-1.6133134,-1.5175679,7.6452866,3,walking
1519421812934,-1.6037389,-1.4026731,7.5782647,3,walking
1519421812939,-1.6516117,-1.3643749,7.5208173,3,walking
1519421812943,-1.6707608,-1.3643749,7.4920936,3,walking
1519421812950,-1.6133134,-1.3452257,7.511243,3,walking
1519421812954,-1.6133134,-1.3260766,7.587839,3,walking
1519421812959,-1.5941644,-1.3356512,7.587839,3,walking
1519421812963,-1.5941644,-1.3356512,7.616563,3,walking
1519421812970,-1.5367169,-1.2877784,7.7793303,3,walking
1519421812974,-1.5175679,-1.2686293,7.8367777,3,walking
1519421812983,-1.4792696,-1.2686293,7.9708214,3,walking
1519421812989,-1.4601204,-1.2973529,8.124015,3,walking
1519421812993,-1.4792696,-1.2877784,8.171887,3,walking
1519421813000,-1.4888442,-1.2877784,8.181462,3,walking
1519421813004,-1.5079932,-1.2111819,8.11444,3,walking
1519421813009,-1.5079932,-1.2111819,8.11444,3,walking
1519421813013,-1.5079932,-1.2111819,8.11444,3,walking
1519421813020,-1.3548003,-0.8664977,8.047418,3,walking
1519421813024,-1.3356512,-0.8090504,8.028269,3,walking
1519421813029,-1.3069274,-0.78990126,8.047418,3,walking
1519421813033,-1.2782038,-0.7228793,8.095291,3,walking
1519421813040,-1.2303311,-0.78990126,8.133589,3,walking
1519421813044,-1.2016073,-0.8281995,8.191036,3,walking
1519421813049,-1.2016073,-0.8281995,8.191036,3,walking
1519421813053,-1.14416,-0.90479594,8.277207,3,walking
1519421813060,-1.1728836,-0.8856468,8.277207,3,walking
1519421813064,-1.2111819,-0.90479594,8.305931,3,walking
1519421813073,-1.2207564,-0.90479594,8.315506,3,walking
1519421813079,-1.2303311,-0.91437054,8.305931,3,walking
1519421813083,-1.2399056,-0.85692316,8.210186,3,walking
1519421813090,-1.2111819,-0.71330476,8.11444,3,walking
1519421813094,-1.2016073,-0.63670826,8.11444,3,walking
1519421813099,-1.1824582,-0.5888355,8.104865,3,walking
1519421813103,-1.1345854,-0.56968635,8.171887,3,walking
1519421813110,-1.1058618,-0.50266445,8.382527,3,walking
1519421813114,-1.0388398,-0.50266445,8.44955,3,walking
1519421813124,-0.9526688,-0.5218136,8.66019,3,walking
1519421813130,-0.8664977,-0.54096264,8.861256,3,walking
1519421813134,-0.8186249,-0.5792609,8.9761505,3,walking
1519421813144,-0.7994758,-0.5888355,9.100619,3,walking
1519421813149,-0.77075213,-0.61755913,9.177217,3,walking
1519421813154,-0.76117754,-0.5888355,9.18679,3,walking
1519421813163,-0.751603,-0.44521707,9.244238,3,walking
1519421813169,-0.8090504,-0.2920241,9.177217,3,walking
1519421813173,-0.7994758,-0.25372586,9.167642,3,walking
1519421813179,-0.7994758,-0.25372586,9.320834,3,walking
1519421813184,-0.8090504,-0.23457673,9.368708,3,walking
1519421813189,-0.8664977,-0.27287498,9.483603,3,walking
1519421813193,-0.8664977,-0.32074776,9.579348,3,walking
1519421813199,-1.0005416,-0.359046,9.770839,3,walking
1519421813204,-1.0675635,-0.39734426,9.799562,3,walking
1519421813208,-1.0675635,-0.39734426,9.799562,3,walking
1519421813213,-1.1633091,-0.50266445,9.98148,3,walking
1519421813219,-1.2686293,-0.56968635,10.019777,3,walking
1519421813224,-1.3548003,-0.5218136,10.000628,3,walking
1519421813234,-1.4218222,-0.4356425,9.98148,3,walking
1519421813239,-1.4409714,-0.26330042,9.924032,3,walking
1519421813243,-1.383524,-0.16755481,9.809137,3,walking
1519421813253,-1.1154363,0.0,9.64637,3,walking
1519421813259,-0.2441513,0.12925656,9.454879,3,walking
1519421813263,0.4835153,0.17712937,9.378282,3,walking
1519421813269,1.7569319,0.03351096,9.876159,3,walking
1519421813273,2.0250196,-0.17712937,10.393186,3,walking
1519421813277,2.0250196,-0.17712937,10.393186,3,walking
1519421813280,2.1111906,-0.45479164,10.94851,3,walking
1519421813285,2.101616,-0.7994758,11.331492,3,walking
1519421813290,1.7856555,-1.4792696,11.9346895,3,walking
1519421813294,1.5654407,-1.8718265,12.221927,3,walking
1519421813298,1.5654407,-1.8718265,12.221927,3,walking
1519421813302,0.83777404,-2.7048132,12.844273,3,walking
1519421813336,-3.3558834,-3.0877957,11.05383,3,walking
1519421813342,-3.4803526,-2.7718353,10.757019,3,walking
1519421813347,-3.499502,-2.494173,10.603826,3,walking
1519421813362,-2.9824755,-2.0633178,10.287866,3,walking
1519421813368,-2.2069361,-2.2452345,10.029352,3,walking
1519421813373,-1.7856555,-2.3697038,9.924032,3,walking
1519421813379,-1.0101161,-2.5516202,9.904882,3,walking
1519421813383,-0.7324539,-2.6186423,10.010203,3,walking
1519421813408,0.14840569,-3.1356685,9.866585,3,walking
1519421813413,0.10053288,-3.0016246,9.7899885,3,walking
1519421813419,-0.014361841,-2.5420458,9.531475,3,walking
1519421813424,-0.081383765,-2.3122563,9.31126,3,walking
1519421813433,-0.25372586,-1.9771467,8.851681,3,walking
1519421813439,-0.3877697,-1.8526775,8.526146,3,walking
1519421813444,-0.50266445,-1.8239537,8.439975,3,walking
1519421813449,-0.76117754,-1.9196993,8.459125,3,walking
1519421813453,-0.8856468,-2.0824668,8.487848,3,walking
1519421813458,-0.9718179,-2.2835326,8.602742,3,walking
1519421813462,-1.1058618,-2.494173,8.794233,3,walking
1519421813469,-1.2590547,-2.9633265,9.253813,3,walking
1519421813474,-1.3165021,-3.1356685,9.397431,3,walking
1519421813478,-1.4218222,-3.2409887,9.531475,3,walking
1519421813483,-1.4888442,-3.2888615,9.598496,3,walking
1519421813489,-1.5271424,-3.078221,9.5219,3,walking
1519421813494,-1.5367169,-2.88673,9.464453,3,walking
1519421813503,-1.5271424,-2.4845984,9.29211,3,walking
1519421813509,-1.4409714,-2.149489,9.100619,3,walking
1519421813514,-1.4026731,-2.0058703,8.957002,3,walking
1519421813522,-1.2399056,-1.6994845,8.746361,3,walking
1519421813529,-1.0101161,-1.4505459,8.631466,3,walking
1519421813533,-0.8664977,-1.4026731,8.535721,3,walking
1519421813539,-0.70373017,-1.5079932,8.305931,3,walking
1519421813543,-0.59841,-1.6324625,8.21976,3,walking
1519421813548,-0.59841,-1.6324625,8.21976,3,walking
1519421813552,-0.45479164,-1.7856555,7.9325233,3,walking
1519421813559,-0.33032233,-1.6516117,7.616563,3,walking
1519421813564,-0.2441513,-1.5175679,7.4537954,3,walking
1519421813568,-0.13883112,-1.2973529,7.310177,3,walking
1519421813573,-0.05266008,-1.0675635,7.1186857,3,walking
1519421813578,0.0718092,-0.8281995,7.003791,3,walking
1519421813583,0.23457673,-0.39734426,6.7740016,3,walking
1519421813588,0.3111732,-0.25372586,6.716554,3,walking
1519421813593,0.3398969,-0.16755481,6.7357035,3,walking
1519421813599,0.2920241,-0.19627848,6.898471,3,walking
1519421813604,0.25372586,-0.22500217,6.9271946,3,walking
1519421813609,0.17712937,-0.3398969,7.0133657,3,walking
1519421813614,0.17712937,-0.3398969,7.0133657,3,walking
1519421813619,0.03351096,-0.5218136,6.9271946,3,walking
1519421813624,-0.10053288,-0.6750065,6.8410234,3,walking
1519421813629,-0.27287498,-1.1058618,6.5825105,3,walking
1519421813634,-0.359046,-1.2016073,6.438892,3,walking
1519421813638,-0.4356425,-1.2399056,6.2665496,3,walking
1519421813643,-0.44521707,-1.2111819,6.113357,3,walking
1519421813649,-0.50266445,-0.9622433,5.912291,3,walking
1519421813654,-0.50266445,-0.7994758,5.797396,3,walking
1519421813658,-0.56011176,-0.5792609,5.6633525,3,walking
1519421813663,-0.49308985,-0.4356425,5.634629,3,walking
1519421813668,-0.5218136,-0.0718092,5.414414,3,walking
1519421813674,-0.61755913,0.20585304,5.299519,3,walking
1519421813679,-0.6558574,0.5218136,5.194199,3,walking
1519421813684,-0.70373017,0.78032666,5.002708,3,walking
1519421813689,-0.8856468,1.3643749,4.8303657,3,walking
1519421813694,-0.8856468,1.5654407,4.7537694,3,walking
1519421813702,-1.0867126,1.9196993,4.7058964,3,walking
1519421813709,-1.0962871,1.7473572,4.801642,3,walking
1519421813714,-1.1250108,1.622888,4.8973875,3,walking
1519421813718,-1.2399056,1.3452257,5.0984535,3,walking
1519421813723,-1.3930986,1.2686293,5.1654754,3,walking
1519421813728,-1.3739494,1.1058618,5.2899446,3,walking
1519421813733,-1.4409714,0.93351966,5.3378177,3,walking
1519421813739,-1.5845897,0.39734426,5.6154795,3,walking
1519421813743,-1.5750152,0.081383765,5.6633525,3,walking
1519421813747,-1.6994845,-0.13883112,5.692076,3,walking
1519421813753,-1.7665064,-0.359046,5.6633525,3,walking
1519421813758,-1.8143792,-0.6079846,5.6154795,3,walking
1519421813764,-1.8143792,-0.6271337,5.5101595,3,walking
1519421813768,-1.7186337,-0.665432,5.5484576,3,walking
1519421813773,-1.709059,-0.6271337,5.529309,3,walking
1519421813779,-1.5941644,-0.5505372,5.2707953,3,walking
1519421813783,-1.5654407,-0.44521707,5.155901,3,walking
1519421813792,-1.5558661,-0.19627848,4.8973875,3,walking
1519421813798,-1.6707608,0.0718092,4.437809,3,walking
1519421813803,-1.6803354,0.081383765,4.303765,3,walking
1519421813808,-1.9675722,0.3398969,3.7005677,3,walking
1519421813814,-2.2452345,0.45479164,3.6143966,3,walking
1519421813818,-2.4175766,0.44521707,3.2792869,3,walking
1519421813823,-2.5516202,0.33032233,3.0016246,3,walking
1519421813828,-3.0686467,0.11968201,2.3888528,3,walking
1519421813834,-3.3080106,-0.09095833,2.0633178,3,walking
1519421813838,-3.5856729,-0.34947145,1.622888,3,walking
1519421813843,-3.7867386,-0.56968635,1.2494801,3,walking
1519421813848,-4.2654667,-0.9430942,0.5313881,3,walking
1519421813854,-4.5622783,-1.0675635,0.25372586,3,walking
1519421813858,-4.8207912,-1.1728836,-0.10053288,3,walking
1519421813863,-5.0984535,-1.2303311,-0.2920241,3,walking
1519421813868,-5.806971,-1.2016073,-0.8952214,3,walking
1519421813873,-6.0750585,-1.1250108,-1.1728836,3,walking
1519421813882,-6.668681,-1.0388398,-1.7569319,3,walking
1519421813888,-7.2527294,-0.90479594,-2.3888528,3,walking
1519421813893,-7.6261373,-0.83777404,-2.647366,3,walking
1519421813898,-8.526146,-0.54096264,-3.4803526,3,walking
1519421813903,-9.033598,-0.4356425,-3.8154624,3,walking
1519421813908,-9.5889225,-0.3111732,-4.2558923,3,walking
1519421813915,-10.967659,-0.16755481,-5.155901,3,walking
1519421813920,-11.877242,-0.05266008,-5.586756,3,walking
1519421813925,-12.805975,-0.0718092,-6.103782,3,walking
1519421813929,-15.381532,0.03351096,-7.741032,3,walking
1519421813934,-15.381532,0.03351096,-7.741032,3,walking
1519421813938,-16.884737,0.0,-8.66019,3,walking
1519421813942,-19.058163,-0.93351966,-10.316589,3,walking
1519421813947,-19.594337,-1.79523,-10.527229,3,walking
1519421813966,-19.603912,-5.6250544,-11.36979,3,walking
1519421813970,-19.603912,-6.2474008,-12.068733,3,walking
1519421813974,-19.603912,-6.2474008,-12.068733,3,walking
1519421814008,-19.603912,-19.594337,6.764427,3,walking
1519421814015,-19.058163,-19.594337,9.608071,3,walking
1519421814019,-15.984729,-19.594337,8.411251,3,walking
1519421814031,-17.890066,-19.594337,0.13883112,3,walking
1519421814035,-15.075146,-18.876245,-4.351638,3,walking
1519421814040,-13.02619,-14.127264,-6.2474008,3,walking
1519421814093,-19.24008,9.665519,-5.5580325,3,walking
1519421814098,-19.603912,9.359133,-5.8931417,3,walking
1519421814103,-17.07623,6.4676156,-6.9654927,3,walking
1519421814108,-14.634716,4.8782387,-6.821874,3,walking
1519421814113,-13.629387,4.1888704,-5.672927,3,walking
1519421814117,-14.041093,4.581427,-3.8633351,3,walking
1519421814121,-14.500671,5.433563,-3.825037,3,walking
1519421814127,-14.634716,6.2378263,-4.4090853,3,walking
1519421814132,-14.510246,6.630383,-4.9835587,3,walking
1519421814137,-14.261308,6.3527207,-5.2133484,3,walking
1519421814144,-12.825124,3.6622694,-5.2133484,3,walking
1519421814148,-12.078308,1.8431029,-4.8782387,3,walking
1519421814152,-11.542132,0.10053288,-4.658024,3,walking
1519421814197,-6.7357035,-4.4186597,-3.126094,3,walking
1519421814208,-5.806971,-5.7686725,-3.3367343,3,walking
1519421814212,-5.82612,-6.410168,-3.6143966,3,walking
1519421814217,-5.797396,-6.486765,-3.7101421,3,walking
1519421814222,-5.7782474,-6.4676156,-3.6431203,3,walking
1519421814227,-5.5963306,-6.065484,-3.4899273,3,walking
1519421814232,-5.5101595,-5.7112255,-3.5952475,3,walking
1519421814236,-5.452712,-5.347392,-3.6526947,3,walking
1519421814241,-5.309094,-5.1176023,-3.758015,3,walking
1519421814247,-5.0984535,-5.021857,-3.7484405,3,walking
1519421814252,-4.715471,-5.0314317,-3.5569491,3,walking
1519421814257,-4.428234,-5.108028,-3.5378,3,walking
1519421814262,-4.2080193,-5.2037735,-3.6335456,3,walking
1519421814267,-4.1792955,-5.309094,-3.6814184,3,walking
1519421814271,-4.131423,-5.529309,-3.7867386,3,walking
1519421814288,-3.9878044,-6.2665496,-3.8824842,3,walking
1519421814293,-3.9782298,-6.2952733,-3.7484405,3,walking
1519421814297,-3.911208,-6.2665496,-3.3271596,3,walking
1519421814301,-3.9686553,-6.180379,-3.0494976,3,walking
1519421814306,-3.997379,-6.0559096,-2.666515,3,walking
1519421814312,-3.9590807,-5.979313,-2.2931073,3,walking
1519421814317,-3.997379,-5.950589,-1.7856555,3,walking
1519421814331,-4.715471,-5.5963306,-0.09095833,3,walking
1519421814340,-5.1654754,-5.002708,1.2016073,3,walking
1519421814344,-5.328243,-4.7441945,1.5079932,3,walking
1519421814349,-5.433563,-4.5335546,1.776081,3,walking
1519421814353,-5.433563,-4.5335546,1.776081,3,walking
1519421814358,-5.787822,-4.1601467,2.0633178,3,walking
1519421814367,-6.1420803,-3.6814184,2.4654493,3,walking
1519421814372,-6.3431463,-3.4803526,2.4654493,3,walking
1519421814377,-6.4676156,-3.3558834,2.408002,3,walking
1519421814382,-6.630383,-3.2409887,2.34098,3,walking
1519421814387,-6.936769,-2.9441774,2.0728924,3,walking
1519421814391,-7.051664,-2.819708,1.9962958,3,walking
1519421814396,-7.281453,-2.647366,1.8909757,3,walking
1519421814402,-7.4154973,-2.561195,1.79523,3,walking
1519421814407,-7.6740103,-2.321831,1.6324625,3,walking
1519421814411,-7.8655014,-2.2260852,1.5367169,3,walking
1519421814416,-7.922949,-2.0728924,1.4505459,3,walking
1519421814421,-7.9803963,-1.9196993,1.3643749,3,walking
1519421814427,-7.9708214,-1.8718265,1.3260766,3,walking
1519421814431,-8.056993,-1.7377827,1.4218222,3,walking
1519421814437,-8.1623125,-1.7186337,1.469695,3,walking
1519421814441,-8.305931,-1.6803354,1.3548003,3,walking
1519421814447,-8.631466,-1.7377827,1.3356512,3,walking
1519421814452,-8.870831,-1.7377827,1.1250108,3,walking
1519421814457,-9.20594,-1.7186337,1.0771381,3,walking
1519421814461,-9.483603,-1.709059,0.98139244,3,walking
1519421814467,-10.134672,-1.6037389,0.59841,3,walking
1519421814472,-10.527229,-1.5941644,0.36862057,3,walking
1519421814477,-11.475111,-1.469695,-0.33032233,3,walking
1519421814481,-11.9346895,-1.5079932,-0.50266445,3,walking
1519421814489,-12.90172,-1.383524,-1.0005416,3,walking
1519421814494,-13.294277,-1.4505459,-1.2111819,3,walking
1519421814499,-13.6676855,-1.5367169,-1.4026731,3,walking
1519421814503,-13.99322,-1.6324625,-1.6611862,3,walking
1519421814507,-14.30918,-1.7473572,-1.8526775,3,walking
1519421814511,-14.548545,-1.9101248,-2.149489,3,walking
1519421814517,-14.835781,-2.0728924,-2.34098,3,walking
1519421814521,-15.209189,-2.2739582,-2.5707695,3,walking
1519421814527,-15.400681,-2.321831,-2.6952388,3,walking
1519421814531,-15.419829,-2.254809,-2.666515,3,walking
1519421814537,-15.295361,-2.0824668,-2.513322,3,walking
1519421814541,-15.151742,-2.0441687,-2.4367256,3,walking
1519421814546,-15.075146,-1.9771467,-2.3122563,3,walking
1519421814551,-14.9794,-1.8718265,-2.1590633,3,walking
1519421814556,-14.653865,-1.709059,-1.8048047,3,walking
1519421814564,-14.280457,-1.4313968,-1.5367169,3,walking
1519421814569,-14.050668,-1.2590547,-1.383524,3,walking
1519421814574,-13.725132,-1.0484143,-1.3069274,3,walking
1519421814578,-13.409172,-0.78032666,-1.1728836,3,walking
1519421814582,-13.141085,-0.54096264,-1.0962871,3,walking
1519421814586,-12.805975,-0.043085523,-1.1345854,3,walking
1519421814591,-12.738953,0.23457673,-1.3356512,3,walking
1519421814596,-12.940019,0.5218136,-1.7665064,3,walking
1519421814601,-13.323001,0.7228793,-2.0920415,3,walking
1519421814606,-14.031518,0.8090504,-2.2931073,3,walking
1519421814609,-14.854931,0.8664977,-2.2452345,3,walking
1519421814615,-15.620895,0.44521707,-1.5845897,3,walking
1519421814619,-15.659194,0.0718092,-1.14416,3,walking
1519421814628,-14.950676,-0.8760723,-0.19627848,3,walking
1519421814632,-14.385777,-1.3930986,0.19627848,3,walking
1519421814636,-13.954922,-1.7282082,0.46436617,3,walking
1519421814641,-13.4666195,-1.9867213,0.5792609,3,walking
1519421814646,-12.69108,-2.187787,0.3877697,3,walking
1519421814652,-12.451715,-2.254809,0.15798025,3,walking
1519421814666,-11.657027,-2.6952388,-0.76117754,3,walking
1519421814671,-11.455961,-2.733537,-0.9622433,3,walking
1519421814676,-11.274045,-2.7431116,-1.2303311,3,walking
1519421814681,-11.082554,-2.5994933,-1.5175679,3,walking
1519421814686,-11.111278,-2.513322,-1.776081,3,walking
1519421814691,-11.197449,-2.3792782,-1.9867213,3,walking
1519421814696,-11.398514,-2.1782124,-2.254809,3,walking
1519421814701,-11.848518,-1.9388485,-2.7431116,3,walking
1519421814706,-12.059159,-1.9196993,-2.8963046,3,walking
1519421814711,-12.212352,-1.862252,-3.0973704,3,walking
1519421814716,-12.5474615,-1.8526775,-3.2218397,3,walking
1519421814721,-12.633633,-1.929274,-3.193116,3,walking
1519421814726,-12.681505,-1.9005502,-3.1835413,3,walking
1519421814731,-12.719804,-1.9675722,-3.1643922,3,walking
1519421814736,-12.738953,-2.2452345,-3.2601378,3,walking
1519421814742,-12.643207,-2.4463003,-3.193116,3,walking
1519421814746,-12.470865,-2.6282167,-2.972901,3,walking
1519421814751,-12.2410755,-2.7909844,-2.8292825,3,walking
1519421814756,-12.145329,-2.8101335,-2.8771553,3,walking
1519421814761,-12.011286,-2.8101335,-2.9154537,3,walking
1519421814766,-11.7336235,-2.7239625,-2.7239625,3,walking
1519421814771,-11.762347,-2.733537,-2.7239625,3,walking
1519421814776,-11.858093,-2.7239625,-2.7431116,3,walking
1519421814781,-11.7336235,-2.8484318,-2.800559,3,walking
1519421814786,-11.26447,-3.1548176,-2.7814097,3,walking
1519421814791,-11.140001,-3.2026904,-2.8101335,3,walking
1519421814796,-11.044255,-3.1643922,-2.647366,3,walking
1519421814801,-10.996383,-3.0494976,-2.6377914,3,walking
1519421814806,-10.986808,-2.9633265,-2.5994933,3,walking
1519421814811,-10.833615,-2.8580062,-2.7814097,3,walking
1519421814816,-10.766593,-2.88673,-2.752686,3,walking
1519421814821,-10.622974,-2.88673,-2.8484318,3,walking
1519421814826,-10.29744,-2.972901,-2.7718353,3,walking
1519421814832,-10.096374,-2.972901,-2.8484318,3,walking
1519421814836,-9.866585,-2.9346027,-2.9250283,3,walking
1519421814841,-9.560199,-2.4558747,-2.800559,3,walking
1519421814846,-9.560199,-2.4558747,-2.800559,3,walking
1519421814851,-9.158067,-2.0824668,-2.5994933,3,walking
1519421814856,-8.803808,-1.8526775,-2.5037475,3,walking
1519421814861,-8.66019,-1.776081,-2.5324712,3,walking
1519421814867,-8.5740185,-1.6803354,-2.5228968,3,walking
1519421814871,-8.526146,-1.6133134,-2.5228968,3,walking
1519421814876,-8.420826,-1.5558661,-2.5420458,3,walking
1519421814881,-8.23891,-1.3452257,-2.494173,3,walking
1519421814886,-8.133589,-1.2877784,-2.513322,3,walking
1519421814891,-7.9516726,-1.2686293,-2.4463003,3,walking
1519421814896,-7.875076,-1.2399056,-2.5228968,3,walking
1519421814901,-7.6069884,-1.2494801,-2.494173,3,walking
1519421814906,-7.5208173,-1.2877784,-2.5324712,3,walking
1519421814911,-7.4250717,-1.3452257,-2.5324712,3,walking
1519421814916,-7.2144313,-1.4313968,-2.494173,3,walking
1519421814922,-7.204857,-1.469695,-2.666515,3,walking
1519421814926,-7.0803876,-1.5750152,-2.6282167,3,walking
1519421814931,-7.0803876,-1.5750152,-2.6282167,3,walking
1519421814936,-6.975067,-1.6899099,-2.7431116,3,walking
1519421814941,-7.02294,-1.7569319,-2.7431116,3,walking
1519421814946,-7.02294,-1.8335283,-2.819708,3,walking
1519421814951,-7.12826,-1.948423,-2.800559,3,walking
1519421814957,-7.1186857,-1.9962958,-2.8101335,3,walking
1519421814962,-7.2144313,-1.9867213,-2.7814097,3,walking
1519421814966,-7.195282,-2.0633178,-2.8101335,3,walking
1519421814971,-7.281453,-2.0920415,-2.6952388,3,walking
1519421814976,-7.3771987,-2.1303396,-2.6760898,3,walking
1519421814981,-7.4154973,-2.1399143,-2.6186423,3,walking
1519421814986,-7.5208173,-2.2452345,-2.561195,3,walking
1519421814991,-7.5208173,-2.2739582,-2.513322,3,walking
1519421814996,-7.5399666,-2.3026817,-2.427151,3,walking
1519421815001,-7.5399666,-2.3314054,-2.34098,3,walking
1519421815006,-7.396348,-2.3697038,-2.2452345,3,walking
1519421815012,-7.396348,-2.3697038,-2.254809,3,walking
1519421815016,-7.2623043,-2.3697038,-2.168638,3,walking
1519421815021,-7.2623043,-2.3697038,-2.168638,3,walking
1519421815026,-7.1665583,-2.321831,-2.187787,3,walking
1519421815031,-7.089962,-2.3026817,-2.1111906,3,walking
1519421815036,-7.0995364,-2.2069361,-2.2260852,3,walking
1519421815041,-7.137835,-2.1590633,-2.3026817,3,walking
1519421815047,-7.0995364,-2.2165108,-2.3888528,3,walking
1519421815051,-7.051664,-2.3026817,-2.4175766,3,walking
1519421815056,-6.984642,-2.3505547,-2.5228968,3,walking
1519421815061,-6.9559183,-2.3314054,-2.5228968,3,walking
1519421815066,-6.8888965,-2.3026817,-2.5228968,3,walking
1519421815071,-6.8888965,-2.2260852,-2.5228968,3,walking
1519421815076,-6.821874,-2.1973617,-2.5994933,3,walking
1519421815081,-6.831449,-2.2260852,-2.6090677,3,walking
1519421815086,-6.764427,-2.2452345,-2.5420458,3,walking
1519421815091,-6.7357035,-2.2835326,-2.5516202,3,walking
1519421815096,-6.8410234,-2.321831,-2.580344,3,walking
1519421815102,-6.936769,-2.3792782,-2.6282167,3,walking
1519421815106,-6.984642,-2.494173,-2.5420458,3,walking
1519421815111,-6.984642,-2.494173,-2.5420458,3,walking
1519421815116,-7.12826,-2.5899186,-2.475024,3,walking
1519421815121,-7.2335806,-2.647366,-2.4463003,3,walking
1519421815126,-7.3676243,-2.6377914,-2.3697038,3,walking
1519421815131,-7.5591154,-2.6952388,-2.2643836,3,walking
1519421815136,-7.7506065,-2.6952388,-2.2165108,3,walking
1519421815141,-7.875076,-2.7718353,-2.0824668,3,walking
1519421815146,-7.999545,-2.819708,-1.929274,3,walking
1519421815151,-8.305931,-2.905879,-1.7377827,3,walking
1519421815156,-8.392102,-2.9346027,-1.6133134,3,walking
1519421815162,-8.641041,-2.9441774,-1.3930986,3,walking
1519421815166,-8.679339,-2.9250283,-1.3356512,3,walking
1519421815171,-8.641041,-2.9537518,-1.1920328,3,walking
1519421815176,-8.708063,-2.9154537,-1.1154363,3,walking
1519421815181,-8.688913,-2.905879,-0.98139244,3,walking
1519421815186,-8.717637,-2.867581,-0.83777404,3,walking
1519421815191,-8.66019,-2.8580062,-0.78032666,3,walking
1519421815196,-8.497422,-2.800559,-0.5218136,3,walking
1519421815201,-8.497422,-2.800559,-0.5218136,3,walking
1519421815206,-8.439975,-2.6282167,-0.22500217,3,walking
1519421815211,-8.516571,-2.5037475,-0.081383765,3,walking
1519421815216,-8.928278,-2.2356598,-0.062234644,3,walking
1519421815221,-8.928278,-2.2356598,-0.062234644,3,walking
1519421815226,-9.866585,-1.8143792,-0.40691882,3,walking
1519421815231,-10.469782,-1.6803354,-0.70373017,3,walking
1519421815235,-11.657027,-1.6994845,-1.2590547,3,walking
1519421815254,-12.614484,-2.101616,-1.4218222,3,walking
1519421815260,-12.202777,-2.561195,-0.83777404,3,walking
1519421815264,-11.905966,-2.7909844,-0.4835153,3,walking
1519421815269,-11.637878,-3.0016246,-0.18670394,3,walking
1519421815278,-11.044255,-3.3367343,0.39734426,3,walking
1519421815281,-10.670848,-3.4612036,0.665432,3,walking
1519421815286,-10.105948,-3.7484405,0.99096704,3,walking
1519421815290,-10.105948,-3.7484405,0.99096704,3,walking
1519421815295,-10.105948,-3.7484405,0.99096704,3,walking
1519421815301,-9.761265,-3.8824842,1.2399056,3,walking
1519421815305,-9.866585,-3.7867386,1.1537346,3,walking
1519421815310,-10.010203,-3.671844,1.0484143,3,walking
1519421815316,-10.709146,-3.212265,0.6845811,3,walking
1519421815321,-11.274045,-3.020774,0.50266445,3,walking
1519421815325,-11.886817,-2.752686,0.11968201,3,walking
1519421815330,-13.265553,-2.34098,-0.4164934,3,walking
1519421815337,-14.625141,-1.8909757,-1.0771381,3,walking
1519421815343,-15.190041,-1.6994845,-1.469695,3,walking
1519421815347,-15.783663,-1.469695,-1.8239537,3,walking
1519421815393,-14.759185,0.34947145,-3.2984362,3,walking
1519421815402,-14.759185,0.34947145,-3.2984362,3,walking
1519421815408,-13.638962,0.45479164,-2.9250283,3,walking
1519421815415,-13.246405,0.36862057,-2.7814097,3,walking
1519421815426,-11.666602,-0.014361841,-1.9005502,3,walking
1519421815433,-11.302769,-0.09095833,-1.7186337,3,walking
1519421815480,-7.587839,-1.7665064,0.39734426,3,walking
1519421815488,-7.3867736,-1.776081,0.46436617,3,walking
1519421815495,-6.8793216,-1.709059,0.50266445,3,walking
1519421815502,-6.6878304,-1.5845897,0.19627848,3,walking
1519421815507,-6.6016593,-1.5558661,0.110107444,3,walking
1519421815517,-6.2378263,-1.79523,-0.05266008,3,walking
1519421815521,-6.1420803,-1.9196993,-0.09095833,3,walking
1519421815526,-6.132506,-2.1111906,-0.25372586,3,walking
1519421815530,-6.1612296,-2.2260852,-0.22500217,3,walking
1519421815535,-6.0846334,-2.3314054,-0.23457673,3,walking
1519421815540,-6.0750585,-2.4654493,-0.39734426,3,walking
1519421815545,-6.027186,-2.9633265,-0.7228793,3,walking
1519421815551,-6.0750585,-3.1835413,-0.8664977,3,walking
1519421815555,-6.2091026,-3.4324799,-1.0579889,3,walking
1519421815561,-6.2091026,-3.4324799,-1.0579889,3,walking
1519421815565,-6.1612296,-3.7867386,-1.4122477,3,walking
1519421815570,-6.151655,-3.8824842,-1.4792696,3,walking
1519421815575,-6.2665496,-3.930357,-1.5462915,3,walking
1519421815580,-6.2665496,-3.930357,-1.5462915,3,walking
1519421815586,-6.2952733,-3.8537605,-1.5367169,3,walking
1519421815592,-6.3431463,-3.8058877,-1.4984187,3,walking
1519421815597,-6.4197426,-3.825037,-1.3930986,3,walking
1519421815607,-6.525063,-3.4324799,-1.0005416,3,walking
1519421815612,-6.6208086,-3.2697124,-0.9718179,3,walking
1519421815617,-6.7069798,-3.1069448,-0.83777404,3,walking
1519421815622,-6.850598,-2.8292825,-0.6845811,3,walking
1519421815628,-6.9654927,-2.752686,-0.6271337,3,walking
1519421815633,-7.003791,-2.7048132,-0.61755913,3,walking
1519421815638,-7.243155,-2.5037475,-0.56011176,3,walking
1519421815643,-7.348475,-2.408002,-0.5505372,3,walking
1519421815648,-7.511243,-2.2739582,-0.56968635,3,walking
1519421815658,-7.922949,-2.101616,-0.4356425,3,walking
1519421815663,-8.085716,-2.0633178,-0.46436617,3,walking
1519421815668,-8.23891,-2.034594,-0.4835153,3,walking
1519421815673,-8.392102,-1.9101248,-0.512239,3,walking
1519421815679,-8.411251,-1.8718265,-0.50266445,3,walking
1519421815684,-8.459125,-1.8431029,-0.46436617,3,walking
1519421815689,-8.478273,-1.8335283,-0.45479164,3,walking
1519421815694,-8.478273,-1.9101248,-0.39734426,3,walking
1519421815699,-8.506997,-1.9579976,-0.40691882,3,walking
1519421815704,-8.583593,-2.0058703,-0.44521707,3,walking
1519421815709,-8.679339,-2.0537431,-0.54096264,3,walking
1519421815714,-8.727212,-2.0728924,-0.5888355,3,walking
1519421815719,-8.7750845,-2.0824668,-0.5888355,3,walking
1519421815724,-8.947427,-2.1782124,-0.64628285,3,walking
1519421815729,-9.091045,-2.2069361,-0.6750065,3,walking
1519421815734,-9.20594,-2.2452345,-0.70373017,3,walking
1519421815740,-9.378282,-2.2931073,-0.71330476,3,walking
1519421815745,-9.684668,-2.3314054,-0.71330476,3,walking
1519421815751,-9.818711,-2.3505547,-0.7324539,3,walking
1519421815755,-9.991054,-2.2931073,-0.7324539,3,walking
1519421815761,-10.19212,-2.3984275,-0.8090504,3,walking
1519421815766,-10.412334,-2.3792782,-0.8760723,3,walking
1519421815771,-10.804892,-2.427151,-0.99096704,3,walking
1519421815776,-11.05383,-2.475024,-0.99096704,3,walking
1519421815787,-11.7049,-2.5899186,-0.8760723,3,walking
1519421815791,-11.867668,-2.5994933,-0.78032666,3,walking
1519421815797,-11.992137,-2.666515,-0.7228793,3,walking
1519421815802,-12.116607,-2.7814097,-0.665432,3,walking
1519421815807,-12.126181,-2.867581,-0.5888355,3,walking
1519421815812,-12.078308,-2.9633265,-0.56011176,3,walking
1519421815817,-11.9346895,-3.0877957,-0.56968635,3,walking
1519421815822,-11.848518,-3.0973704,-0.6079846,3,walking
1519421815827,-11.695326,-3.039923,-0.6845811,3,walking
1519421815834,-11.570856,-3.0016246,-0.69415563,3,walking
1519421815840,-11.235746,-2.8292825,-0.91437054,3,walking
1519421815845,-11.101703,-2.6760898,-1.0579889,3,walking
1519421815851,-10.871913,-2.2931073,-1.4601204,3,walking
1519421815856,-10.82404,-1.8048047,-2.0058703,3,walking
1519421815863,-11.072979,-1.5175679,-2.475024,3,walking
1519421815868,-11.49426,-1.2303311,-3.0016246,3,walking
1519421815873,-12.968742,-0.8473486,-3.5473747,3,walking
1519421815878,-13.753856,-0.83777404,-3.365458,3,walking
1519421815884,-14.797483,-1.3356512,-2.1973617,3,walking
1519421815888,-14.797483,-1.3356512,-2.1973617,3,walking
1519421815893,-15.075146,-2.2739582,-0.91437054,3,walking
1519421815898,-14.816632,-2.7718353,-0.17712937,3,walking
1519421815907,-13.99322,-3.6622694,0.9430942,3,walking
1519421815913,-12.987891,-3.9878044,1.776081,3,walking
1519421815918,-12.614484,-3.9686553,1.8431029,3,walking
1519421815935,-10.94851,-3.126094,-0.043085523,3,walking
1519421815943,-10.843189,-2.475024,-1.0771381,3,walking
1519421815948,-10.833615,-2.1303396,-1.5271424,3,walking
1519421815953,-10.938935,-1.7377827,-1.948423,3,walking
1519421815958,-11.063405,-1.3260766,-2.2835326,3,walking
1519421815963,-11.522984,-0.63670826,-2.9824755,3,walking
1519421815968,-11.800646,-0.47394073,-3.2888615,3,walking
1519421815973,-12.432567,-0.19627848,-3.7197168,3,walking
1519421815979,-12.432567,-0.19627848,-3.7197168,3,walking
1519421815984,-12.815549,-0.14840569,-3.7867386,3,walking
1519421815989,-12.786825,-0.15798025,-3.6335456,3,walking
1519421815994,-12.69108,-0.17712937,-3.5282254,3,walking
1519421815999,-12.422992,-0.36862057,-3.039923,3,walking
1519421816004,-12.327247,-0.4356425,-2.7909844,3,walking
1519421816009,-12.212352,-0.5505372,-2.4558747,3,walking
1519421816014,-12.212352,-0.5505372,-2.4558747,3,walking
1519421816019,-11.551707,-0.71330476,-1.8909757,3,walking
1519421816024,-11.015532,-1.0579889,-1.4792696,3,walking
1519421816032,-10.594251,-1.4888442,-1.1154363,3,walking
1519421816038,-10.393186,-1.6899099,-1.0005416,3,walking
1519421816043,-10.163396,-1.8909757,-0.8760723,3,walking
1519421816048,-10.010203,-2.0728924,-0.8664977,3,walking
1519421816053,-9.818711,-2.34098,-0.91437054,3,walking
1519421816059,-9.761265,-2.4367256,-1.0196906,3,walking
1519421816063,-9.770839,-2.5420458,-1.1728836,3,walking
1519421816069,-9.770839,-2.5420458,-1.1728836,3,walking
1519421816074,-9.828286,-2.561195,-1.469695,3,walking
1519421816079,-9.85701,-2.5516202,-1.6420372,3,walking
1519421816084,-9.914457,-2.5324712,-1.8718265,3,walking
1519421816089,-10.029352,-2.4845984,-2.168638,3,walking
1519421816094,-10.077225,-2.3888528,-2.3792782,3,walking
1519421816099,-10.0868,-2.3505547,-2.408002,3,walking
1519421816105,-10.019777,-2.321831,-2.5516202,3,walking
1519421816112,-9.847435,-2.168638,-2.647366,3,walking
1519421816117,-9.703817,-2.0441687,-2.561195,3,walking
1519421816127,-9.31126,-1.776081,-2.666515,3,walking
1519421816132,-9.215514,-1.5845897,-2.5228968,3,walking
1519421816137,-9.004874,-1.469695,-2.3314054,3,walking
1519421816147,-8.679339,-1.4409714,-2.3026817,3,walking
1519421816152,-8.612317,-1.4409714,-2.3697038,3,walking
1519421816158,-8.535721,-1.6324625,-2.475024,3,walking
1519421816163,-8.516571,-1.8431029,-2.6952388,3,walking
1519421816167,-8.420826,-1.8718265,-2.6952388,3,walking
1519421816176,-8.23891,-1.8718265,-2.6186423,3,walking
1519421816183,-8.152739,-1.9962958,-2.6569405,3,walking
1519421816189,-8.133589,-2.1590633,-2.714388,3,walking
1519421816194,-8.21976,-2.3122563,-2.6952388,3,walking
1519421816199,-8.1623125,-2.6377914,-2.666515,3,walking
1519421816204,-8.143164,-2.6952388,-2.6282167,3,walking
1519421816208,-8.181462,-2.733537,-2.5324712,3,walking
1519421816213,-8.258059,-2.7048132,-2.3888528,3,walking
1519421816217,-8.305931,-2.714388,-2.321831,3,walking
1519421816222,-8.392102,-2.6282167,-2.2452345,3,walking
1519421816227,-8.487848,-2.6186423,-2.2835326,3,walking
1519421816236,-8.6697645,-2.6377914,-2.2931073,3,walking
1519421816242,-8.708063,-2.6090677,-2.2643836,3,walking
1519421816247,-8.688913,-2.5899186,-2.2739582,3,walking
1519421816257,-8.66019,-2.4175766,-2.408002,3,walking
1519421816261,-8.593168,-2.3697038,-2.4175766,3,walking
1519421816266,-8.487848,-2.3026817,-2.4175766,3,walking
1519421816273,-8.34423,-2.1207652,-2.4175766,3,walking
1519421816277,-8.21976,-2.034594,-2.408002,3,walking
1519421816282,-8.076141,-1.948423,-2.4175766,3,walking
1519421816287,-7.855927,-1.8335283,-2.3984275,3,walking
1519421816292,-7.7123084,-1.8048047,-2.4463003,3,walking
1519421816297,-7.587839,-1.7473572,-2.4367256,3,walking
1519421816306,-7.2335806,-1.6803354,-2.427151,3,walking
1519421816312,-7.1091113,-1.6516117,-2.4845984,3,walking
1519421816316,-7.0325146,-1.6516117,-2.4558747,3,walking
1519421816326,-6.8122997,-1.6707608,-2.3984275,3,walking
1519421816332,-6.7357035,-1.6707608,-2.3888528,3,walking
1519421816336,-6.8122997,-1.6707608,-2.408002,3,walking
1519421816343,-6.8410234,-1.6803354,-2.3792782,3,walking
1519421816348,-6.9942164,-1.6611862,-2.3888528,3,walking
1519421816352,-7.051664,-1.709059,-2.427151,3,walking
1519421816357,-7.137835,-1.79523,-2.3888528,3,walking
1519421816362,-7.4537954,-1.8909757,-2.427151,3,walking
1519421816367,-7.654861,-1.948423,-2.4367256,3,walking
1519421816377,-8.152739,-2.1303396,-2.3984275,3,walking
1519421816382,-8.286782,-2.2260852,-2.3505547,3,walking
1519421816387,-8.392102,-2.34098,-2.3026817,3,walking
1519421816392,-8.535721,-2.5516202,-2.1207652,3,walking
1519421816398,-8.564445,-2.6377914,-2.015445,3,walking
1519421816403,-8.5740185,-2.7431116,-1.8239537,3,walking
1519421816407,-8.535721,-2.8292825,-1.6994845,3,walking
1519421816412,-8.5740185,-2.905879,-1.5271424,3,walking
1519421816417,-8.583593,-2.9633265,-1.4601204,3,walking
1519421816421,-8.583593,-3.0016246,-1.3930986,3,walking
1519421816426,-8.602742,-2.972901,-1.3260766,3,walking
1519421816432,-8.66019,-2.8580062,-1.2782038,3,walking
1519421816437,-8.6697645,-2.7622607,-1.2494801,3,walking
1519421816442,-8.679339,-2.6856642,-1.1728836,3,walking
1519421816447,-8.736787,-2.5994933,-1.14416,3,walking
1519421816452,-8.803808,-2.408002,-1.0388398,3,walking
1519421816457,-8.7750845,-2.3314054,-0.9526688,3,walking
1519421816462,-8.803808,-2.3026817,-0.8473486,3,walking
1519421816467,-8.861256,-2.254809,-0.56011176,3,walking
1519421816472,-8.880404,-2.2260852,-0.3877697,3,walking
1519421816478,-8.832532,-2.2356598,-0.15798025,3,walking
1519421816483,-8.861256,-2.187787,0.3877697,3,walking
1519421816488,-9.138918,-2.0824668,0.56011176,3,walking
1519421816493,-9.608071,-1.8909757,0.512239,3,walking
1519421816498,-10.230418,-1.7473572,0.34947145,3,walking
1519421816503,-11.455961,-1.5750152,-0.30159867,3,walking
1519421816511,-12.0400095,-1.6420372,-0.8473486,3,walking
1519421816516,-12.059159,-1.6516117,-1.0675635,3,walking
1519421816522,-11.762347,-1.6420372,-1.4505459,3,walking
1519421816562,-8.401677,-2.800559,-0.8186249,3,walking
1519421816570,-8.143164,-2.819708,-0.6558574,3,walking
1519421816578,-8.018694,-2.4845984,-0.49308985,3,walking
1519421816584,-8.315506,-2.2931073,-0.54096264,3,walking
1519421816591,-9.655944,-1.8143792,-0.665432,3,walking
1519421816596,-11.676176,-1.2973529,-0.69415563,3,walking
1519421816602,-12.614484,-1.1058618,-0.7228793,3,walking
1519421816607,-13.562365,-1.0101161,-0.77075213,3,walking
1519421816612,-15.151742,-1.0579889,-1.0292653,3,walking
1519421816654,-13.983645,-1.6899099,-3.451629,3,walking
1519421816662,-13.284702,-1.929274,-3.7963133,3,walking
1519421816674,-12.614484,-2.149489,-3.911208,3,walking
1519421816681,-11.867668,-2.1973617,-3.777164,3,walking
1519421816686,-11.28362,-2.1207652,-3.4707782,3,walking
1519421816725,-9.732541,-0.63670826,-0.45479164,3,walking
1519421816734,-9.129343,-0.28244954,0.0,3,walking
1519421816742,-8.631466,0.00478728,0.13883112,3,walking
1519421816747,-8.392102,0.10053288,0.2920241,3,walking
1519421816752,-8.124015,0.0718092,0.09095833,3,walking
1519421816756,-8.047418,0.0,-0.03351096,3,walking
1519421816761,-7.9133744,-0.05266008,-0.13883112,3,walking
1519421816766,-7.846352,-0.11968201,-0.20585304,3,walking
1519421816776,-7.1665583,-0.33032233,-0.00478728,3,walking
1519421816781,-7.0325146,-0.512239,-0.062234644,3,walking
1519421816785,-7.02294,-0.8186249,-0.2154276,3,walking
1519421816792,-7.0133657,-1.4601204,-0.2441513,3,walking
1519421816796,-7.0133657,-1.7473572,-0.33032233,3,walking
1519421816806,-6.8888965,-2.2739582,-0.37819514,3,walking
1519421816811,-6.8027253,-2.6090677,-0.4164934,3,walking
1519421816816,-6.8122997,-2.7909844,-0.5313881,3,walking
1519421816826,-6.9654927,-2.9633265,-0.61755913,3,walking
1519421816832,-7.1857076,-3.231414,-0.90479594,3,walking
1519421816837,-7.281453,-3.365458,-1.1154363,3,walking
1519421816843,-7.511243,-3.4707782,-1.383524,3,walking
1519421816848,-7.5208173,-3.499502,-1.4888442,3,walking
1519421816853,-7.549541,-3.451629,-1.5462915,3,walking
1519421816858,-7.511243,-3.4612036,-1.5558661,3,walking
1519421816863,-7.501668,-3.2601378,-1.5845897,3,walking
1519421816868,-7.511243,-3.173967,-1.6516117,3,walking
1519421816874,-7.511243,-3.0877957,-1.6994845,3,walking
1519421816881,-7.6261373,-2.8580062,-1.6516117,3,walking
1519421816887,-7.664436,-2.819708,-1.5462915,3,walking
1519421816892,-7.6835847,-2.7622607,-1.5079932,3,walking
1519421816897,-7.6452866,-2.6760898,-1.4313968,3,walking
1519421816903,-7.7601814,-2.5420458,-1.2877784,3,walking
1519421816907,-7.8367777,-2.494173,-1.2111819,3,walking
1519421816913,-7.9516726,-2.427151,-1.0579889,3,walking
1519421816918,-8.229335,-2.321831,-0.8473486,3,walking
1519421816923,-8.372953,-2.2452345,-0.7228793,3,walking
1519421816927,-8.506997,-2.149489,-0.59841,3,walking
1519421816932,-8.621892,-1.8143792,-0.4164934,3,walking
1519421816936,-8.621892,-1.8143792,-0.4164934,3,walking
1519421816941,-8.688913,-1.5654407,-0.33032233,3,walking
1519421816946,-8.794233,-1.4792696,-0.22500217,3,walking
1519421816955,-9.014449,-1.3260766,-0.12925656,3,walking
1519421816961,-9.033598,-1.2399056,-0.16755481,3,walking
1519421816965,-9.052747,-1.2207564,-0.19627848,3,walking
1519421816971,-9.062322,-1.1920328,-0.2920241,3,walking
1519421816976,-9.033598,-1.2494801,-0.33032233,3,walking
1519421816980,-9.0814705,-1.3260766,-0.4356425,3,walking
1519421816985,-9.052747,-1.4122477,-0.5218136,3,walking
1519421816991,-9.158067,-1.6516117,-0.6845811,3,walking
1519421816996,-9.196365,-1.8048047,-0.8281995,3,walking
1519421817005,-9.378282,-2.101616,-0.99096704,3,walking
1519421817011,-9.636795,-2.2931073,-1.14416,3,walking
1519421817016,-9.828286,-2.360129,-1.1633091,3,walking
1519421817025,-10.096374,-2.5420458,-1.2111819,3,walking
1519421817031,-10.450633,-2.7239625,-1.1824582,3,walking
1519421817036,-10.632549,-2.7909844,-1.1728836,3,walking
1519421817041,-11.005958,-2.8771553,-1.0005416,3,walking
1519421817046,-11.245321,-2.819708,-0.93351966,3,walking
1519421817050,-11.417664,-2.752686,-0.8856468,3,walking
1519421817055,-11.580431,-2.666515,-0.8186249,3,walking
1519421817061,-11.791071,-2.5324712,-0.70373017,3,walking
1519421817066,-11.867668,-2.5037475,-0.69415563,3,walking
1519421817070,-11.944264,-2.4463003,-0.59841,3,walking
1519421817075,-11.944264,-2.4654493,-0.5792609,3,walking
1519421817081,-11.886817,-2.4175766,-0.61755913,3,walking
1519421817086,-11.838944,-2.4367256,-0.63670826,3,walking
1519421817090,-11.714475,-2.427151,-0.665432,3,walking
1519421817095,-11.618729,-2.427151,-0.6750065,3,walking
1519421817101,-11.379365,-2.34098,-0.7994758,3,walking
1519421817106,-11.302769,-2.254809,-0.91437054,3,walking
1519421817110,-11.197449,-2.149489,-1.0196906,3,walking
1519421817115,-11.063405,-2.0920415,-1.0675635,3,walking
1519421817121,-10.910212,-1.9196993,-1.3260766,3,walking
1519421817126,-10.900637,-1.8143792,-1.4313968,3,walking
1519421817131,-11.140001,-1.5941644,-1.8909757,3,walking
1519421817136,-11.465536,-1.5271424,-2.149489,3,walking
1519421817140,-12.011286,-1.4888442,-2.427151,3,walking
1519421817145,-12.58576,-1.5558661,-2.5707695,3,walking
1519421817152,-13.734707,-1.948423,-2.494173,3,walking
1519421817157,-14.194285,-2.2356598,-2.168638,3,walking
1519421817161,-14.424075,-2.6377914,-1.7473572,3,walking
1519421817204,-10.594251,-3.7005677,-0.20585304,3,walking
1519421817213,-9.617646,-2.8580062,-0.93351966,3,walking
1519421817243,-10.766593,-0.5313881,-2.7814097,3,walking
1519421817248,-11.140001,-0.3398969,-3.020774,3,walking
1519421817253,-11.676176,-0.27287498,-3.1835413,3,walking
1519421817257,-11.676176,-0.27287498,-3.1835413,3,walking
1519421817262,-11.886817,-0.50266445,-2.9250283,3,walking
1519421817267,-11.972988,-0.69415563,-2.6952388,3,walking
1519421817272,-12.059159,-0.85692316,-2.5707695,3,walking
1519421817276,-12.174053,-1.0962871,-2.408002,3,walking
1519421817281,-12.288948,-1.5558661,-2.254809,3,walking
1519421817285,-12.279374,-1.8048047,-2.0824668,3,walking
1519421817294,-12.078308,-2.3122563,-1.8526775,3,walking
1519421817300,-11.858093,-2.6760898,-1.6420372,3,walking
1519421817305,-11.752773,-2.752686,-1.5079932,3,walking
1519421817310,-11.637878,-2.8101335,-1.4409714,3,walking
1519421817314,-11.532558,-2.752686,-1.4026731,3,walking
1519421817320,-11.302769,-2.5899186,-1.3548003,3,walking
1519421817325,-11.216598,-2.494173,-1.3739494,3,walking
1519421817330,-11.044255,-2.2931073,-1.5079932,3,walking
1519421817335,-11.015532,-2.1782124,-1.6994845,3,walking
1519421817340,-11.005958,-2.0728924,-1.8143792,3,walking
1519421817347,-10.996383,-2.0920415,-2.168638,3,walking
1519421817352,-11.025106,-2.149489,-2.3792782,3,walking
1519421817356,-11.1208515,-2.101616,-2.4654493,3,walking
1519421817360,-11.140001,-2.0824668,-2.6377914,3,walking
1519421817365,-11.101703,-2.1303396,-2.800559,3,walking
1519421817370,-11.025106,-2.2165108,-2.88673,3,walking
1519421817375,-11.044255,-2.360129,-3.059072,3,walking
1519421817380,-11.092129,-2.321831,-2.9824755,3,walking
1519421817384,-11.111278,-2.2260852,-2.972901,3,walking
1519421817390,-10.833615,-2.3122563,-2.9633265,3,walking
1519421817395,-10.709146,-2.2739582,-2.752686,3,walking
1519421817404,-10.546378,-2.149489,-2.494173,3,walking
1519421817410,-10.469782,-2.2260852,-2.7814097,3,walking
1519421817415,-10.421909,-2.254809,-2.8101335,3,walking
1519421817420,-10.287866,-2.2069361,-2.7431116,3,walking
1519421817425,-9.96233,-1.9388485,-2.6090677,3,walking
1519421817430,-9.85701,-1.8143792,-2.6090677,3,walking
1519421817435,-9.828286,-1.6994845,-2.5707695,3,walking
1519421817440,-9.732541,-1.4984187,-2.561195,3,walking
1519421817445,-9.761265,-1.4409714,-2.6760898,3,walking
1519421817454,-9.904882,-1.3260766,-2.8101335,3,walking
1519421817460,-9.866585,-1.0771381,-2.8292825,3,walking
1519421817465,-9.780414,-1.0005416,-2.8580062,3,walking
1519421817470,-9.780414,-0.8856468,-2.88673,3,walking
1519421817476,-9.780414,-0.8856468,-2.88673,3,walking
1519421817480,-9.512326,-0.9430942,-2.819708,3,walking
1519421817485,-9.41658,-1.0579889,-2.8292825,3,walking
1519421817490,-9.3878565,-1.1058618,-2.819708,3,walking
1519421817494,-9.301685,-1.2111819,-2.8484318,3,walking
1519421817500,-9.0814705,-1.4026731,-2.800559,3,walking
1519421817505,-8.937852,-1.5175679,-2.7718353,3,walking
1519421817510,-8.765511,-1.6803354,-2.5707695,3,walking
1519421817515,-8.641041,-1.7856555,-2.475024,3,walking
1519421817519,-8.430401,-1.8526775,-2.3697038,3,walking
1519421817524,-8.315506,-1.8718265,-2.2739582,3,walking
1519421817530,-8.095291,-1.9196993,-2.254809,3,walking
1519421817534,-8.00912,-1.8814012,-2.149489,3,walking
1519421817539,-7.8367777,-1.8526775,-2.1111906,3,walking
1519421817544,-7.616563,-1.8143792,-2.0250196,3,walking
1519421817550,-7.4442205,-1.7473572,-1.9579976,3,walking
1519421817554,-7.2144313,-1.5941644,-1.9962958,3,walking
1519421817559,-7.2144313,-1.5941644,-1.9962958,3,walking
1519421817564,-7.1186857,-1.5750152,-2.101616,3,walking
1519421817569,-7.0612383,-1.6037389,-2.3026817,3,walking
1519421817574,-6.975067,-1.5845897,-2.360129,3,walking
1519421817579,-6.975067,-1.5845897,-2.360129,3,walking
1519421817583,-6.7548523,-1.5845897,-2.475024,3,walking
1519421817589,-6.5346375,-1.5079932,-2.4845984,3,walking
1519421817594,-6.4197426,-1.5462915,-2.4654493,3,walking
1519421817599,-6.333572,-1.5750152,-2.4367256,3,walking
1519421817604,-6.323997,-1.5367169,-2.427151,3,walking
1519421817609,-6.170804,-1.4984187,-2.3026817,3,walking
1519421817614,-6.1229315,-1.4409714,-2.34098,3,walking
1519421817619,-6.0750585,-1.3356512,-2.321831,3,walking
1519421817624,-6.0367603,-1.2494801,-2.2931073,3,walking
1519421817629,-6.0559096,-1.2207564,-2.1782124,3,walking
1519421817634,-6.027186,-1.1728836,-2.1207652,3,walking
1519421817639,-6.0846334,-1.0196906,-2.0250196,3,walking
1519421817644,-6.1229315,-1.0101161,-2.015445,3,walking
1519421817649,-6.180379,-0.9718179,-1.8909757,3,walking
1519421817654,-6.2665496,-0.99096704,-1.8335283,3,walking
1519421817659,-6.410168,-1.0388398,-1.862252,3,walking
1519421817665,-6.630383,-1.0771381,-1.7282082,3,walking
1519421817673,-6.7357035,-1.1824582,-1.6324625,3,walking
1519421817679,-6.898471,-1.2303311,-1.4026731,3,walking
1519421817684,-6.831449,-1.3930986,-1.1728836,3,walking
1519421817689,-6.869747,-1.469695,-1.0962871,3,walking
1519421817694,-6.869747,-1.5367169,-0.8856468,3,walking
1519421817699,-6.850598,-1.6803354,-0.78032666,3,walking
1519421817704,-6.898471,-1.7282082,-0.6845811,3,walking
1519421817709,-6.9463434,-1.929274,-0.5313881,3,walking
1519421817715,-6.9559183,-1.9771467,-0.44521707,3,walking
1519421817719,-7.02294,-2.0728924,-0.50266445,3,walking
1519421817724,-7.089962,-2.1590633,-0.49308985,3,walking
1519421817729,-7.1474094,-2.2069361,-0.5218136,3,walking
1519421817735,-7.2718787,-2.3505547,-0.4356425,3,walking
1519421817739,-7.329326,-2.4175766,-0.46436617,3,walking
1519421817744,-7.46337,-2.3984275,-0.46436617,3,walking
1519421817749,-7.5591154,-2.4845984,-0.42606795,3,walking
1519421817755,-7.769756,-2.5037475,-0.39734426,3,walking
1519421817759,-7.788905,-2.5899186,-0.37819514,3,walking
1519421817765,-7.846352,-2.666515,-0.23457673,3,walking
1519421817769,-8.085716,-2.8771553,-0.03351096,3,walking
1519421817775,-8.258059,-2.9920502,0.09095833,3,walking
1519421817779,-8.736787,-3.2601378,0.3398969,3,walking
1519421817785,-8.736787,-3.2601378,0.3398969,3,walking
1519421817789,-9.407005,-3.4803526,0.6079846,3,walking
1519421817795,-9.85701,-3.5378,0.7420284,3,walking
1519421817799,-11.092129,-3.518651,0.98139244,3,walking
1519421817805,-11.7336235,-3.4612036,1.0771381,3,walking
1519421817813,-12.930444,-3.2888615,1.0771381,3,walking
1519421817819,-13.275128,-3.173967,1.0292653,3,walking
1519421817824,-13.524067,-2.972901,0.70373017,3,walking
1519421817863,-11.293194,-2.0728924,-1.7186337,3,walking
1519421817872,-11.063405,-2.1111906,-1.8431029,3,walking
1519421817880,-10.785743,-2.101616,-2.149489,3,walking
1519421817886,-10.680422,-1.8909757,-2.3026817,3,walking
1519421817890,-10.900637,-1.7856555,-2.4654493,3,walking
1519421817895,-11.168725,-1.622888,-2.4845984,3,walking
1519421817901,-11.743198,-1.4218222,-2.6856642,3,walking
1519421817906,-13.265553,-1.0388398,-2.9633265,3,walking
1519421817912,-14.921952,-0.8090504,-3.4037561,3,walking
1519421817917,-14.921952,-0.8090504,-3.4037561,3,walking
1519421817921,-16.147495,-0.9718179,-3.8824842,3,walking
1519421817964,-13.0549135,-2.0250196,-2.5420458,3,walking
1519421817973,-12.422992,-2.0250196,-2.3792782,3,walking
1519421817981,-11.915541,-1.7856555,-2.1207652,3,walking
1519421817988,-11.637878,-1.5845897,-1.8909757,3,walking
1519421817993,-10.910212,-1.0867126,-1.4313968,3,walking
1519421817999,-10.374036,-0.8473486,-1.1633091,3,walking
1519421818004,-10.19212,-0.7228793,-0.98139244,3,walking
1519421818008,-9.943181,-0.665432,-0.78990126,3,walking
1519421818013,-9.636795,-0.6558574,-0.63670826,3,walking
1519421818040,-8.353804,-2.1111906,-0.71330476,3,walking
1519421818045,-8.200611,-2.3314054,-0.64628285,3,walking
1519421818050,-7.6069884,-2.733537,-0.45479164,3,walking
1519421818055,-7.35805,-2.8963046,-0.46436617,3,walking
1519421818060,-7.195282,-3.059072,-0.45479164,3,walking
1519421818064,-7.089962,-3.193116,-0.46436617,3,walking
1519421818069,-6.745278,-3.5569491,-0.4164934,3,walking
1519421818074,-6.745278,-3.5569491,-0.4164934,3,walking
1519421818079,-6.486765,-3.6335456,-0.42606795,3,walking
1519421818084,-6.4197426,-3.5856729,-0.47394073,3,walking
1519421818088,-6.4197426,-3.4324799,-0.6558574,3,walking
1519421818093,-6.410168,-3.384607,-0.76117754,3,walking
1519421818098,-6.4293175,-3.3271596,-0.8664977,3,walking
1519421818104,-6.3622956,-3.2697124,-0.92394507,3,walking
1519421818109,-6.2952733,-3.212265,-1.0196906,3,walking
1519421818114,-6.2378263,-3.0016246,-1.14416,3,walking
1519421818123,-6.2282515,-2.7622607,-1.2399056,3,walking
1519421818129,-6.2761245,-2.6090677,-1.3260766,3,walking
1519421818133,-6.4197426,-2.3792782,-1.3930986,3,walking
1519421818139,-6.4963393,-2.2643836,-1.3930986,3,walking
1519421818144,-6.6208086,-2.1973617,-1.4026731,3,walking
1519421818148,-6.8122997,-2.1207652,-1.383524,3,walking
1519421818153,-6.8888965,-2.0920415,-1.3643749,3,walking
1519421818159,-7.0995364,-2.0824668,-1.2399056,3,walking
1519421818164,-7.0995364,-2.0824668,-1.2399056,3,walking
1519421818169,-7.1665583,-2.1303396,-1.1154363,3,walking
1519421818174,-7.2623043,-2.1782124,-1.0484143,3,walking
1519421818179,-7.5399666,-2.3314054,-0.90479594,3,walking
1519421818183,-7.7123084,-2.3984275,-0.8664977,3,walking
1519421818188,-7.855927,-2.4367256,-0.78990126,3,walking
1519421818194,-7.9899707,-2.4845984,-0.7324539,3,walking
1519421818198,-8.056993,-2.475024,-0.6558574,3,walking
1519421818203,-8.258059,-2.475024,-0.4835153,3,walking
1519421818208,-8.2676325,-2.4845984,-0.39734426,3,walking
1519421818213,-8.382527,-2.4558747,-0.30159867,3,walking
1519421818218,-8.516571,-2.3792782,-0.3111732,3,walking
1519421818223,-8.593168,-2.360129,-0.28244954,3,walking
1519421818229,-8.650616,-2.3314054,-0.28244954,3,walking
1519421818234,-8.765511,-2.3026817,-0.2920241,3,walking
1519421818238,-8.832532,-2.2356598,-0.28244954,3,walking
1519421818243,-8.937852,-2.1207652,-0.28244954,3,walking
1519421818248,-8.966576,-2.0728924,-0.3111732,3,walking
1519421818253,-9.043172,-2.0441687,-0.28244954,3,walking
1519421818258,-9.20594,-1.8718265,-0.2920241,3,walking
1519421818264,-9.301685,-1.862252,-0.3398969,3,walking
1519421818268,-9.435729,-1.776081,-0.359046,3,walking
1519421818273,-9.579348,-1.6324625,-0.45479164,3,walking
1519421818278,-9.608071,-1.5941644,-0.5218136,3,walking
1519421818283,-9.655944,-1.5654407,-0.6271337,3,walking
1519421818288,-9.75169,-1.5558661,-0.751603,3,walking
1519421818293,-9.866585,-1.6133134,-0.90479594,3,walking
1519421818298,-9.952756,-1.6324625,-1.0292653,3,walking
1519421818303,-9.98148,-1.6994845,-1.1250108,3,walking
1519421818308,-10.096374,-1.8143792,-1.1728836,3,walking
1519421818313,-10.249567,-2.015445,-1.2590547,3,walking
1519421818319,-10.488931,-2.1303396,-1.3452257,3,walking
1519421818324,-10.488931,-2.1303396,-1.3452257,3,walking
1519421818328,-10.632549,-2.1973617,-1.3548003,3,walking
1519421818333,-10.919786,-2.2452345,-1.3548003,3,walking
1519421818338,-11.072979,-2.3026817,-1.4026731,3,walking
1519421818343,-11.245321,-2.3984275,-1.3739494,3,walking
1519421818348,-11.580431,-2.6377914,-1.3069274,3,walking
1519421818353,-11.743198,-2.8101335,-1.2590547,3,walking
1519421818358,-11.877242,-2.8484318,-1.1920328,3,walking
1519421818363,-11.992137,-2.9441774,-1.1633091,3,walking
1519421818368,-12.193203,-3.0973704,-1.0771381,3,walking
1519421818373,-12.279374,-3.0877957,-1.0675635,3,walking
1519421818378,-12.336822,-3.126094,-1.0101161,3,walking
1519421818384,-12.260224,-3.1356685,-1.0101161,3,walking
1519421818388,-12.231501,-3.1356685,-1.0388398,3,walking
1519421818394,-12.126181,-3.0973704,-1.0196906,3,walking
1519421818400,-11.982562,-3.059072,-1.0771381,3,walking
1519421818405,-11.886817,-2.972901,-1.0867126,3,walking
1519421818409,-11.685751,-2.7622607,-1.1633091,3,walking
1519421818414,-11.685751,-2.7622607,-1.1633091,3,walking
1519421818418,-11.436812,-2.4463003,-1.2016073,3,walking
1519421818423,-11.331492,-2.3122563,-1.2399056,3,walking
1519421818428,-11.245321,-2.168638,-1.2877784,3,walking
1519421818433,-11.226172,-1.9675722,-1.3930986,3,walking
1519421818438,-11.522984,-1.7377827,-1.862252,3,walking
1519421818444,-11.915541,-1.6707608,-2.2069361,3,walking
1519421818448,-13.016615,-1.9771467,-2.561195,3,walking
1519421818453,-13.016615,-1.9771467,-2.561195,3,walking
1519421818459,-13.916624,-2.5324712,-2.427151,3,walking
1519421818464,-14.088965,-2.9346027,-2.1303396,3,walking
1519421818469,-13.859177,-3.8537605,-1.5558661,3,walking
1519421818474,-13.648536,-4.275041,-1.2494801,3,walking
1519421818526,-9.952756,-1.8814012,-2.0633178,3,walking
1519421818535,-10.230418,-1.2016073,-2.34098,3,walking
1519421818543,-10.479357,-0.92394507,-2.5228968,3,walking
1519421818547,-11.015532,-0.4356425,-2.8292825,3,walking
1519421818553,-11.26447,-0.32074776,-2.9920502,3,walking
1519421818558,-11.714475,-0.2920241,-3.0877957,3,walking
1519421818563,-11.915541,-0.37819514,-3.1452432,3,walking
1519421818568,-12.116607,-0.45479164,-3.1548176,3,walking
1519421818573,-12.317672,-0.63670826,-3.126094,3,walking
1519421818577,-12.624058,-1.1345854,-2.9250283,3,walking
1519421818583,-12.719804,-1.4122477,-2.7909844,3,walking
1519421818588,-12.767676,-2.0537431,-2.4845984,3,walking
1519421818594,-12.681505,-2.3314054,-2.2835326,3,walking
1519421818599,-12.633633,-2.6090677,-2.0441687,3,walking
1519421818604,-12.557036,-2.7718353,-1.9196993,3,walking
1519421818609,-12.422992,-2.9824755,-1.7856555,3,walking
1519421818613,-12.327247,-3.193116,-1.7282082,3,walking
1519421818618,-12.164479,-3.2697124,-1.7665064,3,walking
1519421818623,-12.011286,-3.1835413,-1.7473572,3,walking
1519421818628,-11.877242,-3.0686467,-1.8143792,3,walking
1519421818633,-11.781497,-2.9537518,-1.9675722,3,walking
1519421818637,-11.379365,-2.5899186,-2.2931073,3,walking
1519421818643,-11.140001,-2.360129,-2.4367256,3,walking
1519421818648,-10.938935,-2.187787,-2.4845984,3,walking
1519421818653,-10.488931,-2.1207652,-2.714388,3,walking
1519421818658,-10.383611,-2.0633178,-2.8101335,3,walking
1519421818663,-10.29744,-1.9579976,-2.9250283,3,walking
1519421818667,-9.8953085,-1.7377827,-2.9824755,3,walking
1519421818672,-9.617646,-1.7186337,-3.078221,3,walking
1519421818678,-9.474028,-1.5750152,-3.0303483,3,walking
1519421818683,-9.263388,-1.2399056,-2.6377914,3,walking
1519421818688,-8.679339,-1.14416,-2.321831,3,walking
1519421818693,-8.66019,-0.98139244,-2.6952388,3,walking
1519421818698,-8.727212,-1.14416,-2.905879,3,walking
1519421818703,-8.526146,-1.3165021,-2.867581,3,walking
1519421818707,-8.439975,-1.2303311,-2.647366,3,walking
1519421818713,-8.21976,-1.2877784,-2.7239625,3,walking
1519421818718,-7.654861,-1.0484143,-2.408002,3,walking
1519421818723,-7.654861,-1.0484143,-2.408002,3,walking
1519421818728,-7.434646,-1.0484143,-2.3505547,3,walking
1519421818733,-7.3676243,-1.2016073,-2.3505547,3,walking
1519421818737,-7.2718787,-1.5367169,-2.3122563,3,walking
1519421818742,-7.2718787,-1.5367169,-2.3122563,3,walking
1519421818747,-7.3006024,-1.5558661,-2.3697038,3,walking
1519421818753,-7.2718787,-1.4505459,-2.427151,3,walking
1519421818757,-7.2910275,-1.4122477,-2.4463003,3,walking
1519421818763,-7.156984,-1.2973529,-2.4463003,3,walking
1519421818768,-7.1857076,-1.3165021,-2.408002,3,walking
1519421818774,-7.2335806,-1.383524,-2.4175766,3,walking
1519421818779,-7.329326,-1.4313968,-2.4367256,3,walking
1519421818784,-7.4154973,-1.5654407,-2.4654493,3,walking
1519421818788,-7.5782647,-1.6611862,-2.5516202,3,walking
1519421818794,-7.6452866,-1.7282082,-2.494173,3,walking
1519421818799,-7.635712,-1.8143792,-2.5228968,3,walking
1519421818804,-7.654861,-1.9771467,-2.4654493,3,walking
1519421818809,-7.6740103,-2.0537431,-2.3984275,3,walking
1519421818820,-7.875076,-2.2165108,-2.2835326,3,walking
1519421818825,-7.9133744,-2.2165108,-2.2643836,3,walking
1519421818830,-7.875076,-2.187787,-2.1973617,3,walking
1519421818840,-7.769756,-2.0728924,-2.149489,3,walking
1519421818845,-7.7314577,-2.0250196,-2.0824668,3,walking
1519421818850,-7.616563,-1.9388485,-1.9771467,3,walking
1519421818855,-7.501668,-1.9101248,-1.9388485,3,walking
1519421818861,-7.434646,-1.8718265,-1.862252,3,walking
1519421818865,-7.35805,-1.9196993,-1.8143792,3,walking
1519421818871,-7.1474094,-1.9196993,-1.6899099,3,walking
1519421818876,-7.12826,-1.9388485,-1.6133134,3,walking
1519421818881,-7.1091113,-1.9388485,-1.5941644,3,walking
1519421818886,-7.042089,-1.9771467,-1.5941644,3,walking
1519421818890,-7.02294,-2.0250196,-1.6324625,3,walking
1519421818895,-7.02294,-2.0058703,-1.6420372,3,walking
1519421818899,-7.0133657,-2.0250196,-1.6707608,3,walking
1519421818904,-6.9942164,-2.0728924,-1.7282082,3,walking
1519421818909,-6.9942164,-2.0250196,-1.7665064,3,walking
1519421818914,-7.003791,-2.0537431,-1.862252,3,walking
1519421818920,-6.984642,-2.0250196,-1.8814012,3,walking
1519421818930,-7.0133657,-2.0441687,-1.948423,3,walking
1519421818935,-7.12826,-2.0441687,-1.929274,3,walking
1519421818940,-7.2910275,-2.0537431,-1.9101248,3,walking
1519421818945,-7.35805,-2.0728924,-1.9196993,3,walking
1519421818949,-7.4729443,-2.0920415,-1.8909757,3,walking
1519421818954,-7.6261373,-2.101616,-1.862252,3,walking
1519421818958,-7.721883,-2.1782124,-1.8239537,3,walking
1519421818963,-7.8176284,-2.2452345,-1.7473572,3,walking
1519421818968,-8.037844,-2.3505547,-1.7186337,3,walking
1519421818973,-8.104865,-2.3984275,-1.709059,3,walking
1519421818978,-8.277207,-2.4845984,-1.6516117,3,walking
1519421818983,-8.334655,-2.5324712,-1.6133134,3,walking
1519421818988,-8.401677,-2.6090677,-1.6133134,3,walking
1519421818993,-8.564445,-2.666515,-1.5079932,3,walking
1519421818999,-8.698488,-2.666515,-1.5175679,3,walking
1519421819004,-8.870831,-2.733537,-1.4601204,3,walking
1519421819009,-8.918703,-2.733537,-1.4026731,3,walking
1519421819019,-9.091045,-2.5994933,-1.3452257,3,walking
1519421819024,-9.138918,-2.561195,-1.3260766,3,walking
1519421819029,-9.196365,-2.5420458,-1.3643749,3,walking
1519421819034,-9.349558,-2.494173,-1.3260766,3,walking
1519421819042,-9.426155,-2.4654493,-1.2686293,3,walking
1519421819047,-9.493176,-2.3984275,-1.1824582,3,walking
1519421819053,-9.560199,-2.4175766,-1.1154363,3,walking
1519421819058,-9.617646,-2.4463003,-0.8856468,3,walking
1519421819063,-9.6942425,-2.475024,-0.78990126,3,walking
1519421819068,-9.6942425,-2.5516202,-0.64628285,3,walking
1519421819073,-9.722966,-2.5516202,-0.54096264,3,walking
1519421819078,-9.85701,-2.5324712,-0.46436617,3,walking
1519421819082,-9.85701,-2.5324712,-0.46436617,3,walking
1519421819087,-10.326163,-2.4175766,-0.512239,3,walking
1519421819093,-10.785743,-2.2165108,-0.6558574,3,walking
1519421819097,-11.819795,-2.015445,-1.0484143,3,walking
1519421819102,-11.819795,-2.015445,-1.0484143,3,walking
1519421819108,-12.719804,-2.034594,-1.5079932,3,walking
1519421819113,-13.064487,-2.0920415,-1.622888,3,walking
1519421819117,-13.112361,-2.2260852,-1.6611862,3,walking
1519421819122,-13.112361,-2.2260852,-1.6611862,3,walking
1519421819161,-9.464453,-2.34098,-0.28244954,3,walking
1519421819169,-8.947427,-2.4175766,-0.22500217,3,walking
1519421819177,-8.861256,-2.2835326,-0.17712937,3,walking
1519421819184,-9.052747,-2.1782124,-0.22500217,3,walking
1519421819189,-9.41658,-2.0058703,-0.30159867,3,walking
1519421819198,-10.335738,-1.709059,-0.54096264,3,walking
1519421819202,-10.967659,-1.5941644,-0.665432,3,walking
1519421819209,-12.336822,-1.4218222,-0.9718179,3,walking
1519421819218,-14.146413,-1.7665064,-1.709059,3,walking
1519421819282,-12.126181,-2.101616,-2.7431116,3,walking
1519421819288,-11.800646,-2.0058703,-2.3697038,3,walking
1519421819300,-11.034681,-1.6994845,-1.5462915,3,walking
1519421819309,-10.421909,-1.5941644,-0.9718179,3,walking
1519421819313,-10.239992,-1.6037389,-0.90479594,3,walking
1519421819318,-10.010203,-1.5079932,-0.8090504,3,walking
1519421819323,-9.62722,-1.5175679,-0.7420284,3,walking
1519421819328,-9.071896,-1.3452257,-0.7324539,3,walking
1519421819352,-7.7506065,-0.26330042,-0.92394507,3,walking
1519421819357,-7.549541,-0.14840569,-1.1058618,3,walking
1519421819362,-7.616563,-0.34947145,-1.7856555,3,walking
1519421819367,-7.511243,-0.30159867,-2.168638,3,walking
1519421819372,-7.511243,-0.30159867,-2.168638,3,walking
1519421819377,-7.2335806,-0.3398969,-2.4463003,3,walking
1519421819382,-6.869747,-0.44521707,-2.4558747,3,walking
1519421819387,-6.486765,-0.54096264,-2.4367256,3,walking
1519421819392,-6.2474008,-0.56011176,-2.4175766,3,walking
1519421819398,-5.912291,-0.85692316,-2.254809,3,walking
1519421819402,-5.806971,-1.0388398,-2.1590633,3,walking
1519421819407,-5.845269,-1.2111819,-2.149489,3,walking
1519421819412,-5.797396,-1.4601204,-2.0441687,3,walking
1519421819417,-5.7495236,-2.034594,-1.9579976,3,walking
1519421819422,-5.787822,-2.2739582,-1.8335283,3,walking
1519421819427,-5.787822,-2.7431116,-1.5845897,3,walking
1519421819432,-5.845269,-2.9537518,-1.4601204,3,walking
1519421819437,-5.8835673,-3.126094,-1.3165021,3,walking
1519421819442,-5.960164,-3.2888615,-1.2207564,3,walking
1519421819447,-6.103782,-3.6335456,-1.1728836,3,walking
1519421819452,-6.218677,-3.7675896,-1.1250108,3,walking
1519421819457,-6.4676156,-3.9686553,-1.1345854,3,walking
1519421819462,-6.4676156,-3.9686553,-1.1345854,3,walking
1519421819467,-6.6208086,-4.0739756,-1.0867126,3,walking
1519421819471,-6.678256,-4.0644007,-1.0292653,3,walking
1519421819477,-6.783576,-3.9878044,-1.0962871,3,walking
1519421819482,-6.8410234,-3.930357,-1.1728836,3,walking
1519421819487,-7.0133657,-3.4899273,-1.0962871,3,walking
1519421819493,-7.0708127,-3.3271596,-1.1250108,3,walking
1519421819498,-7.1474094,-3.1165195,-1.1728836,3,walking
1519421819507,-7.3867736,-2.9346027,-1.2111819,3,walking
1519421819512,-7.511243,-2.8484318,-1.2111819,3,walking
1519421819517,-7.721883,-2.7239625,-1.1537346,3,walking
1519421819523,-7.8367777,-2.6952388,-1.1728836,3,walking
1519421819527,-8.104865,-2.6186423,-1.0388398,3,walking
1519421819532,-8.104865,-2.6186423,-1.0388398,3,walking
1519421819537,-8.34423,-2.5228968,-0.8856468,3,walking
1519421819542,-8.516571,-2.5037475,-0.7228793,3,walking
1519421819547,-8.7750845,-2.4463003,-0.47394073,3,walking
1519421819552,-8.7750845,-2.4463003,-0.47394073,3,walking
1519421819557,-8.957002,-2.3505547,-0.20585304,3,walking
1519421819561,-9.052747,-2.2835326,-0.15798025,3,walking
1519421819567,-9.091045,-2.2452345,-0.11968201,3,walking
1519421819572,-9.177217,-2.1782124,-0.03351096,3,walking
1519421819577,-9.301685,-2.1111906,0.0718092,3,walking
1519421819582,-9.407005,-2.0441687,0.03351096,3,walking
1519421819586,-9.474028,-1.9962958,0.03351096,3,walking
1519421819591,-9.608071,-1.8431029,-0.014361841,3,walking
1519421819597,-9.876159,-1.7377827,-0.25372586,3,walking
1519421819602,-9.991054,-1.7282082,-0.27287498,3,walking
1519421819607,-10.172971,-1.6707608,-0.42606795,3,walking
1519421819613,-10.364462,-1.5845897,-0.5792609,3,walking
1519421819618,-10.575102,-1.5941644,-0.6079846,3,walking
1519421819622,-10.766593,-1.5845897,-0.78990126,3,walking
1519421819626,-11.254896,-1.6516117,-1.1154363,3,walking
1519421819632,-11.503835,-1.6611862,-1.2303311,3,walking
1519421819636,-11.877242,-1.8431029,-1.383524,3,walking
1519421819641,-11.877242,-1.8431029,-1.383524,3,walking
1519421819646,-12.183628,-2.1111906,-1.4409714,3,walking
1519421819651,-12.365545,-2.254809,-1.4313968,3,walking
1519421819656,-12.69108,-2.513322,-1.4218222,3,walking
1519421819664,-12.90172,-2.819708,-1.3069274,3,walking
1519421819668,-13.016615,-2.9154537,-1.2016073,3,walking
1519421819674,-13.02619,-3.0494976,-1.1345854,3,walking
1519421819679,-13.074062,-3.1069448,-1.0579889,3,walking
1519421819689,-12.987891,-3.059072,-0.8952214,3,walking
1519421819699,-12.662356,-2.7718353,-0.90479594,3,walking
1519421819705,-12.537887,-2.6760898,-0.90479594,3,walking
1519421819710,-12.499589,-2.5899186,-0.9430942,3,walking
1519421819716,-12.202777,-2.321831,-0.98139244,3,walking
1519421819724,-11.925115,-2.0633178,-1.0292653,3,walking
1519421819729,-11.791071,-1.948423,-1.0867126,3,walking
1519421819734,-11.685751,-1.8239537,-1.1824582,3,walking
1519421819740,-11.963413,-1.5462915,-1.7856555,3,walking
1519421819744,-12.413418,-1.4122477,-2.1111906,3,walking
1519421819749,-13.02619,-1.3643749,-2.4175766,3,walking
1519421819755,-14.021944,-1.8431029,-2.3122563,3,walking
1519421819761,-14.261308,-2.2452345,-1.929274,3,walking
1519421819767,-14.127264,-3.1069448,-1.1537346,3,walking
1519421819774,-13.533641,-3.758015,-0.5888355,3,walking
1519421819778,-13.208106,-3.911208,-0.39734426,3,walking
1519421819813,-9.636795,-2.7814097,-0.99096704,3,walking
1519421819822,-9.397431,-2.4845984,-1.1537346,3,walking
1519421819830,-8.966576,-1.469695,-1.6516117,3,walking
1519421819835,-8.995299,-1.1633091,-1.7856555,3,walking
1519421819840,-9.138918,-0.90479594,-1.9005502,3,walking
1519421819844,-9.598496,-0.5792609,-2.1111906,3,walking
1519421819849,-9.924032,-0.50266445,-2.1782124,3,walking
1519421819854,-10.307014,-0.49308985,-2.1973617,3,walking
1519421819858,-10.584677,-0.5792609,-2.2165108,3,walking
1519421819868,-11.360216,-1.0579889,-2.0250196,3,walking
1519421819874,-11.590006,-1.2782038,-1.9675722,3,walking
1519421819878,-11.858093,-1.4984187,-1.9962958,3,walking
1519421819885,-12.260224,-2.0537431,-1.9196993,3,walking
1519421819889,-12.413418,-2.2931073,-1.9101248,3,walking
1519421819894,-12.738953,-2.7622607,-1.8814012,3,walking
1519421819900,-12.834699,-2.9250283,-1.9675722,3,walking
1519421819905,-12.911295,-3.059072,-1.9771467,3,walking
1519421819910,-12.949593,-3.126094,-2.0058703,3,walking
1519421819915,-12.997466,-3.2026904,-2.101616,3,walking
1519421819920,-13.016615,-3.2601378,-2.168638,3,walking
1519421819925,-12.968742,-3.2409887,-2.2643836,3,walking
1519421819930,-12.9591675,-3.2888615,-2.3314054,3,walking
1519421819935,-12.7964,-3.212265,-2.4463003,3,walking
1519421819940,-12.710229,-3.2505634,-2.4845984,3,walking
1519421819945,-12.595334,-3.2888615,-2.5899186,3,walking
1519421819951,-12.595334,-3.2888615,-2.5899186,3,walking
1519421819956,-12.308098,-3.1643922,-2.7239625,3,walking
1519421819963,-11.992137,-2.867581,-2.714388,3,walking
1519421819969,-11.82937,-2.6856642,-2.7048132,3,walking
1519421819974,-11.436812,-2.475024,-2.475024,3,walking
1519421819979,-11.28362,-2.475024,-2.3984275,3,walking
1519421819984,-11.111278,-2.6282167,-2.1111906,3,walking
1519421819990,-11.168725,-2.513322,-2.015445,3,walking
1519421819995,-11.1208515,-2.3697038,-1.9867213,3,walking
1519421819999,-11.005958,-2.254809,-1.9388485,3,walking
1519421820004,-10.852764,-2.187787,-1.9388485,3,walking
1519421820008,-10.757019,-1.7856555,-1.8048047,3,walking
1519421820013,-10.603826,-1.6803354,-1.6899099,3,walking
1519421820018,-10.431483,-1.79523,-1.709059,3,walking
1519421820028,-10.105948,-1.6324625,-1.7473572,3,walking
1519421820033,-9.924032,-1.5175679,-1.7665064,3,walking
1519421820038,-9.62722,-1.3643749,-1.7377827,3,walking
1519421820048,-9.320834,-1.3452257,-1.9196993,3,walking
1519421820053,-9.225089,-1.4313968,-1.9962958,3,walking
1519421820058,-9.071896,-1.5462915,-2.015445,3,walking
1519421820064,-8.832532,-1.709059,-2.2356598,3,walking
1519421820068,-8.822957,-1.7282082,-2.34098,3,walking
1519421820078,-8.6697645,-1.929274,-2.513322,3,walking
1519421820084,-8.66019,-1.9771467,-2.6282167,3,walking
1519421820088,-8.688913,-2.0441687,-2.7239625,3,walking
1519421820097,-8.650616,-2.0920415,-2.88673,3,walking
1519421820103,-8.621892,-2.168638,-2.972901,3,walking
1519421820108,-8.631466,-2.2069361,-3.0686467,3,walking
1519421820117,-8.612317,-2.2931073,-3.1643922,3,walking
1519421820123,-8.55487,-2.3122563,-3.1548176,3,walking
1519421820127,-8.535721,-2.3314054,-3.1835413,3,walking
1519421820137,-8.2676325,-2.2643836,-3.0111992,3,walking
1519421820143,-8.277207,-2.2835326,-2.9824755,3,walking
1519421820148,-8.210186,-2.2643836,-2.9920502,3,walking
1519421820154,-8.085716,-2.254809,-2.8388572,3,walking
1519421820158,-8.085716,-2.2452345,-2.800559,3,walking
1519421820167,-7.8176284,-2.2069361,-2.6186423,3,walking
1519421820174,-7.5399666,-2.2165108,-2.3888528,3,walking
1519421820178,-7.4250717,-2.168638,-2.3505547,3,walking
1519421820187,-7.1186857,-2.149489,-2.1399143,3,walking
1519421820193,-6.869747,-2.0537431,-1.9771467,3,walking
1519421820198,-6.7357035,-2.034594,-1.8909757,3,walking
1519421820207,-6.151655,-1.8814012,-1.6037389,3,walking
1519421820213,-5.950589,-1.8909757,-1.5845897,3,walking
1519421820217,-5.806971,-1.8814012,-1.5367169,3,walking
1519421820227,-5.644203,-1.7186337,-1.5079932,3,walking
1519421820233,-5.653778,-1.709059,-1.5271424,3,walking
1519421820237,-5.644203,-1.6803354,-1.622888,3,walking
1519421820244,-5.7303743,-1.6037389,-1.7473572,3,walking
1519421820249,-5.8165455,-1.5654407,-1.8431029,3,walking
1519421820254,-5.8835673,-1.469695,-1.9388485,3,walking
1519421820259,-5.988888,-1.4409714,-2.0728924,3,walking
1519421820264,-6.333572,-1.3548003,-2.2739582,3,walking
1519421820268,-6.438892,-1.3930986,-2.3505547,3,walking
1519421820277,-6.6208086,-1.4313968,-2.4845984,3,walking
1519421820283,-6.8410234,-1.469695,-2.5516202,3,walking
1519421820288,-6.7931504,-1.5367169,-2.494173,3,walking
1519421820297,-7.003791,-1.7186337,-2.4463003,3,walking
1519421820303,-7.0803876,-1.8431029,-2.3505547,3,walking
1519421820308,-7.0803876,-1.948423,-2.2260852,3,walking
1519421820318,-7.02294,-2.3505547,-1.8048047,3,walking
1519421820323,-7.0325146,-2.3984275,-1.7282082,3,walking
1519421820327,-6.869747,-2.5228968,-1.4984187,3,walking
1519421820334,-6.8027253,-2.714388,-1.0962871,3,walking
1519421820338,-6.764427,-2.7239625,-0.8856468,3,walking
1519421820343,-6.7548523,-2.800559,-0.751603,3,walking
1519421820347,-6.831449,-2.800559,-0.5888355,3,walking
1519421820353,-6.869747,-2.8484318,-0.20585304,3,walking
1519421820358,-6.9559183,-2.9346027,-0.043085523,3,walking
1519421820367,-7.0803876,-2.9920502,0.17712937,3,walking
1519421820373,-7.46337,-2.9537518,0.15798025,3,walking
1519421820378,-7.5591154,-3.0111992,0.26330042,3,walking
1519421820383,-7.7123084,-2.9633265,0.27287498,3,walking
1519421820387,-8.420826,-2.7622607,0.0,3,walking
1519421820393,-8.966576,-2.5994933,-0.19627848,3,walking
1519421820397,-9.579348,-2.427151,-0.49308985,3,walking
1519421820402,-10.680422,-2.360129,-0.92394507,3,walking
1519421820420,-11.465536,-2.867581,-1.0771381,3,walking
1519421820427,-11.360216,-3.0111992,-0.8952214,3,walking
1519421820432,-11.28362,-3.039923,-0.76117754,3,walking
1519421820437,-11.216598,-3.020774,-0.63670826,3,walking
1519421820443,-10.871913,-2.9824755,-0.512239,3,walking
1519421820448,-10.642124,-3.0016246,-0.37819514,3,walking
1519421820453,-10.431483,-3.0686467,-0.3111732,3,walking
1519421820457,-10.134672,-3.078221,-0.30159867,3,walking
1519421820463,-9.761265,-3.1356685,-0.36862057,3,walking
1519421820468,-9.64637,-3.1165195,-0.39734426,3,walking
1519421820477,-9.62722,-2.8292825,-0.69415563,3,walking
1519421820483,-9.837861,-2.6377914,-0.83777404,3,walking
1519421820487,-10.077225,-2.513322,-0.9526688,3,walking
1519421820494,-11.063405,-2.1111906,-1.4601204,3,walking
1519421820498,-11.685751,-1.9579976,-1.6516117,3,walking
1519421820507,-13.112361,-1.7569319,-2.0537431,3,walking
1519421820549,-16.875162,-1.2590547,-2.9920502,3,walking
1519421820557,-16.49218,-0.8473486,-2.9250283,3,walking
1519421820564,-16.013453,-0.61755913,-2.9824755,3,walking
1519421820575,-15.477277,-0.5313881,-2.8963046,3,walking
1519421820582,-15.103869,-0.5888355,-2.8388572,3,walking
1519421820587,-14.567694,-0.63670826,-2.7431116,3,walking
1519421820592,-14.337904,-0.56968635,-2.647366,3,walking
1519421820597,-13.99322,-0.34947145,-2.3792782,3,walking
1519421820602,-13.457045,-0.16755481,-2.0537431,3,walking
1519421820606,-12.882571,-0.0718092,-1.7186337,3,walking
1519421820627,-10.833615,-0.7228793,-0.5313881,3,walking
1519421820635,-10.335738,-0.7420284,-0.19627848,3,walking
1519421820643,-9.703817,-0.9622433,-0.0718092,3,walking
1519421820651,-9.426155,-1.4601204,-0.11968201,3,walking
1519421820656,-9.349558,-1.6516117,-0.15798025,3,walking
1519421820663,-8.937852,-2.0920415,-0.18670394,3,walking
1519421820668,-8.765511,-2.2356598,-0.32074776,3,walking
1519421820673,-8.526146,-2.4654493,-0.5888355,3,walking
1519421820677,-8.315506,-2.5228968,-0.56968635,3,walking
1519421820682,-8.152739,-2.561195,-0.5888355,3,walking
1519421820687,-7.8846507,-2.5324712,-0.5505372,3,walking
1519421820693,-7.4442205,-2.2835326,-0.56968635,3,walking
1519421820697,-7.2623043,-2.168638,-0.5792609,3,walking
1519421820702,-7.1474094,-2.0728924,-0.61755913,3,walking
1519421820706,-7.0995364,-1.9675722,-0.70373017,3,walking
1519421820713,-6.8888965,-1.7186337,-0.751603,3,walking
1519421820718,-6.8410234,-1.6611862,-0.8186249,3,walking
1519421820723,-6.563361,-1.6037389,-0.8281995,3,walking
1519421820728,-6.563361,-1.6037389,-0.8281995,3,walking
1519421820733,-6.391019,-1.776081,-0.90479594,3,walking
1519421820738,-6.3527207,-1.9101248,-0.9718179,3,walking
1519421820747,-6.37187,-2.4463003,-1.0867126,3,walking
1519421820752,-6.438892,-2.5994933,-1.2111819,3,walking
1519421820757,-6.525063,-2.7909844,-1.2111819,3,walking
1519421820762,-6.668681,-3.059072,-1.3548003,3,walking
1519421820767,-6.7357035,-3.1835413,-1.383524,3,walking
1519421820772,-6.783576,-3.2792869,-1.4218222,3,walking
1519421820778,-6.8793216,-3.3367343,-1.4122477,3,walking
1519421820783,-7.0133657,-3.3941817,-1.3452257,3,walking
1519421820788,-7.1186857,-3.3558834,-1.4122477,3,walking
1519421820793,-7.2527294,-3.3175852,-1.4218222,3,walking
1519421820798,-7.3676243,-3.231414,-1.3739494,3,walking
1519421820802,-7.6261373,-2.9633265,-1.4409714,3,walking
1519421820807,-7.693159,-2.7909844,-1.3930986,3,walking
1519421820812,-7.7601814,-2.6856642,-1.3356512,3,walking
1519421820817,-7.846352,-2.5037475,-1.1728836,3,walking
1519421820823,-7.961247,-2.168638,-1.0771381,3,walking
1519421820828,-8.00912,-2.0537431,-1.0101161,3,walking
1519421820833,-8.143164,-1.8526775,-0.8664977,3,walking
1519421820839,-8.191036,-1.8048047,-0.8856468,3,walking
1519421820843,-8.21976,-1.7569319,-0.7994758,3,walking
1519421820849,-8.277207,-1.7282082,-0.78032666,3,walking
1519421820854,-8.516571,-1.6516117,-0.70373017,3,walking
1519421820858,-8.602742,-1.5750152,-0.69415563,3,walking
1519421820863,-8.688913,-1.5175679,-0.63670826,3,walking
1519421820867,-8.822957,-1.5079932,-0.6845811,3,walking
1519421820872,-9.024023,-1.4122477,-0.7228793,3,walking
1519421820877,-9.158067,-1.3930986,-0.751603,3,walking
1519421820881,-9.244238,-1.3452257,-0.77075213,3,walking
1519421820886,-9.339984,-1.3452257,-0.8090504,3,walking
1519421820892,-9.617646,-1.3260766,-0.8473486,3,walking
1519421820898,-9.742115,-1.3356512,-0.8664977,3,walking
1519421820903,-10.096374,-1.3260766,-0.91437054,3,walking
1519421820908,-10.096374,-1.3260766,-0.91437054,3,walking
1519421820913,-10.326163,-1.4409714,-0.98139244,3,walking
1519421820918,-10.5080805,-1.5175679,-1.0196906,3,walking
1519421820922,-10.757019,-1.6516117,-1.0388398,3,walking
1519421820927,-10.757019,-1.6516117,-1.0388398,3,walking
1519421820932,-11.05383,-1.8335283,-1.0579889,3,walking
1519421820937,-11.207023,-1.8909757,-1.0771381,3,walking
1519421820946,-11.637878,-2.101616,-1.2782038,3,walking
1519421820952,-11.82937,-2.187787,-1.3260766,3,walking
1519421820957,-11.963413,-2.254809,-1.3356512,3,walking
1519421820962,-12.221927,-2.4175766,-1.2207564,3,walking
1519421820967,-12.288948,-2.494173,-1.1537346,3,walking
1519421820973,-12.365545,-2.5994933,-1.0292653,3,walking
1519421820978,-12.3463955,-2.6856642,-0.8856468,3,walking
1519421820982,-12.260224,-2.7431116,-0.5888355,3,walking
1519421820987,-12.202777,-2.800559,-0.46436617,3,walking
1519421820991,-12.107032,-2.7622607,-0.39734426,3,walking
1519421820996,-12.001712,-2.666515,-0.36862057,3,walking
1519421821002,-11.743198,-2.3792782,-0.37819514,3,walking
1519421821008,-11.666602,-2.2260852,-0.40691882,3,walking
1519421821013,-11.580431,-1.929274,-0.54096264,3,walking
1519421821018,-11.580431,-1.929274,-0.54096264,3,walking
1519421821024,-11.4272375,-1.7377827,-0.751603,3,walking
1519421821030,-11.197449,-1.6420372,-0.99096704,3,walking
1519421821036,-11.005958,-1.6037389,-1.1824582,3,walking
1519421821042,-10.900637,-1.5654407,-1.3548003,3,walking
1519421821048,-10.852764,-1.6133134,-1.6037389,3,walking
1519421821053,-10.996383,-1.6420372,-2.3314054,3,walking
1519421821058,-11.302769,-1.7569319,-2.800559,3,walking
1519421821063,-11.762347,-1.9101248,-3.1548176,3,walking
1519421821068,-12.997466,-2.3984275,-3.0111992,3,walking
1519421821076,-13.543216,-3.2697124,-2.168638,3,walking
1519421821081,-13.504917,-3.8537605,-1.709059,3,walking
1519421821086,-13.390023,-4.428234,-1.1824582,3,walking
1519421821092,-12.949593,-5.4239883,-0.33032233,3,walking
1519421821097,-12.662356,-5.739949,-0.05266008,3,walking
1519421821127,-10.460207,-4.476107,-0.26330042,3,walking
1519421821132,-10.345312,-4.2558923,-0.54096264,3,walking
1519421821138,-10.316589,-4.0069537,-0.7324539,3,walking
1519421821143,-10.488931,-3.3558834,-1.1154363,3,walking
1519421821147,-10.689997,-2.972901,-1.2494801,3,walking
1519421821152,-10.967659,-2.5994933,-1.3930986,3,walking
1519421821156,-11.341067,-2.3026817,-1.5079932,3,walking
1519421821162,-12.107032,-1.8431029,-1.8431029,3,walking
1519421821167,-12.528313,-1.6420372,-2.0058703,3,walking
1519421821171,-12.834699,-1.4888442,-2.1782124,3,walking
1519421821176,-13.093211,-1.3643749,-2.408002,3,walking
1519421821182,-13.485768,-1.1633091,-2.7814097,3,walking
1519421821188,-13.562365,-1.1633091,-2.9250283,3,walking
1519421821193,-13.686834,-1.1154363,-3.2601378,3,walking
1519421821198,-13.782579,-1.1058618,-3.365458,3,walking
1519421821234,-12.748528,-1.5175679,-3.825037,3,walking
1519421821243,-12.413418,-1.6707608,-3.7675896,3,walking
1519421821251,-12.087883,-1.776081,-3.671844,3,walking
1519421821256,-11.858093,-1.8431029,-3.4612036,3,walking
1519421821261,-11.580431,-1.8143792,-3.3175852,3,walking
1519421821266,-11.26447,-1.8239537,-3.1165195,3,walking
1519421821272,-10.814466,-1.8909757,-2.8388572,3,walking
1519421821277,-10.603826,-1.9579976,-2.6377914,3,walking
1519421821281,-10.393186,-1.9101248,-2.3888528,3,walking
1519421821286,-10.278291,-1.8814012,-2.0824668,3,walking
1519421821291,-10.029352,-1.9675722,-1.9771467,3,walking
1519421821296,-10.029352,-1.9962958,-1.9675722,3,walking
1519421821305,-9.665519,-2.2643836,-1.9579976,3,walking
1519421821311,-9.301685,-2.4175766,-1.8718265,3,walking
1519421821316,-9.100619,-2.4463003,-1.8718265,3,walking
1519421821321,-8.641041,-2.3984275,-1.79523,3,walking
1519421821327,-8.497422,-2.3792782,-1.7856555,3,walking
1519421821331,-8.334655,-2.3888528,-1.79523,3,walking
1519421821336,-8.315506,-2.4845984,-1.9388485,3,walking
1519421821341,-8.124015,-2.7718353,-2.2069361,3,walking
1519421821346,-7.999545,-2.867581,-2.2835326,3,walking
1519421821350,-7.9037995,-2.9250283,-2.3888528,3,walking
1519421821356,-7.8272033,-2.9441774,-2.4845984,3,walking
1519421821361,-7.7793303,-2.9441774,-2.6090677,3,walking
1519421821366,-7.7601814,-2.9346027,-2.819708,3,walking
1519421821370,-7.7601814,-2.9346027,-2.819708,3,walking
1519421821375,-7.8367777,-3.020774,-3.0973704,3,walking
1519421821381,-7.894225,-3.0303483,-3.231414,3,walking
1519421821386,-8.047418,-3.078221,-3.4420545,3,walking
1519421821395,-8.2676325,-2.9441774,-3.5569491,3,walking
1519421821401,-8.478273,-2.800559,-3.5665238,3,walking
1519421821406,-8.564445,-2.6952388,-3.5952475,3,walking
1519421821411,-8.717637,-2.5516202,-3.5569491,3,walking
1519421821416,-8.755936,-2.4558747,-3.5282254,3,walking
1519421821421,-8.784659,-2.3314054,-3.4707782,3,walking
1519421821426,-8.765511,-2.2165108,-3.384607,3,walking
1519421821431,-8.66019,-1.9579976,-3.193116,3,walking
1519421821437,-8.535721,-1.8814012,-3.126094,3,walking
1519421821441,-8.4686985,-1.8335283,-3.0973704,3,walking
1519421821446,-8.420826,-1.7473572,-3.0973704,3,walking
1519421821451,-8.248484,-1.622888,-2.9441774,3,walking
1519421821456,-8.133589,-1.4984187,-2.9346027,3,walking
1519421821465,-7.9325233,-1.3260766,-2.8484318,3,walking
1519421821471,-7.808054,-1.2590547,-2.752686,3,walking
1519421821476,-7.5208173,-1.0867126,-2.6377914,3,walking
1519421821485,-7.2910275,-0.9526688,-2.494173,3,walking
1519421821491,-7.0612383,-0.8090504,-2.427151,3,walking
1519421821496,-7.0325146,-0.76117754,-2.3792782,3,walking
1519421821501,-6.831449,-0.7420284,-2.3314054,3,walking
1519421821506,-6.7548523,-0.76117754,-2.2835326,3,walking
1519421821511,-6.668681,-0.8090504,-2.2452345,3,walking
1519421821516,-6.525063,-0.8952214,-2.1590633,3,walking
1519421821521,-6.256975,-1.0292653,-2.0250196,3,walking
1519421821526,-6.218677,-1.1058618,-1.9101248,3,walking
1519421821530,-6.132506,-1.2016073,-1.9675722,3,walking
1519421821536,-6.0846334,-1.2973529,-1.8814012,3,walking
1519421821541,-6.0367603,-1.4122477,-1.8143792,3,walking
1519421821546,-6.113357,-1.5367169,-1.8048047,3,walking
1519421821550,-6.113357,-1.6420372,-1.8335283,3,walking
1519421821555,-6.2091026,-1.6611862,-1.7856555,3,walking
1519421821561,-6.438892,-1.79523,-1.79523,3,walking
1519421821566,-6.5729356,-1.8431029,-1.79523,3,walking
1519421821571,-6.8410234,-1.948423,-1.776081,3,walking
1519421821576,-6.8410234,-1.948423,-1.776081,3,walking
1519421821581,-7.051664,-2.0250196,-1.7856555,3,walking
1519421821586,-7.1857076,-2.0824668,-1.79523,3,walking
1519421821590,-7.2910275,-2.0920415,-1.7282082,3,walking
1519421821595,-7.4154973,-2.1399143,-1.7569319,3,walking
1519421821601,-7.616563,-2.2835326,-1.622888,3,walking
1519421821606,-7.7123084,-2.3505547,-1.5750152,3,walking
1519421821610,-7.8367777,-2.3984275,-1.5558661,3,walking
1519421821615,-7.9037995,-2.3697038,-1.4888442,3,walking
1519421821620,-7.894225,-2.3697038,-1.4409714,3,walking
1519421821626,-7.894225,-2.3314054,-1.383524,3,walking
1519421821631,-7.9133744,-2.254809,-1.2590547,3,walking
1519421821635,-7.9708214,-2.168638,-1.1250108,3,walking
1519421821640,-7.9803963,-2.1207652,-1.0292653,3,walking
1519421821645,-7.9803963,-2.034594,-0.8952214,3,walking
1519421821650,-7.875076,-1.8718265,-0.69415563,3,walking
1519421821656,-7.8272033,-1.8335283,-0.56968635,3,walking
1519421821661,-7.6452866,-1.7665064,-0.23457673,3,walking
1519421821668,-7.6452866,-1.7665064,-0.23457673,3,walking
1519421821674,-7.769756,-1.7473572,0.13883112,3,walking
1519421821678,-7.875076,-1.8048047,0.23457673,3,walking
1519421821683,-8.00912,-1.8239537,0.2441513,3,walking
1519421821692,-8.5740185,-1.8718265,0.27287498,3,walking
1519421821696,-9.100619,-1.862252,0.2441513,3,walking
1519421821701,-10.441058,-1.7856555,-0.11968201,3,walking
1519421821707,-11.274045,-1.8048047,-0.32074776,3,walking
1519421821714,-12.67193,-1.9675722,-0.7324539,3,walking
1519421821719,-13.188957,-2.168638,-0.8473486,3,walking
1519421821725,-13.820878,-2.4175766,-1.0675635,3,walking
1519421821730,-13.859177,-2.5420458,-1.1154363,3,walking
1519421821735,-13.7730055,-2.5899186,-0.98139244,3,walking
1519421821766,-10.335738,-2.5037475,-0.110107444,3,walking
1519421821771,-9.75169,-2.3792782,-0.2154276,3,walking
1519421821776,-9.75169,-2.3792782,-0.2154276,3,walking
1519421821781,-9.617646,-2.1782124,-0.56968635,3,walking
1519421821786,-9.904882,-1.948423,-0.9718179,3,walking
1519421821792,-10.153821,-1.8239537,-1.1058618,3,walking
1519421821796,-10.661273,-1.6420372,-1.2590547,3,walking
1519421821800,-11.178299,-1.4984187,-1.5367169,3,walking
1519421821805,-11.953838,-1.2877784,-1.7186337,3,walking
1519421821810,-13.44747,-1.0484143,-2.101616,3,walking
1519421821816,-14.242159,-0.9430942,-2.2739582,3,walking
1519421821820,-14.864505,-1.0101161,-2.3888528,3,walking
1519421821826,-15.410255,-1.1537346,-2.5037475,3,walking
1519421821831,-16.319838,-1.383524,-2.5420458,3,walking
1519421821836,-16.40601,-1.4984187,-2.494173,3,walking
1519421821841,-16.444307,-1.79523,-2.475024,3,walking
1519421821846,-16.444307,-1.79523,-2.475024,3,walking
1519421821852,-16.26239,-1.8814012,-2.494173,3,walking
1519421821856,-15.774088,-1.8335283,-2.4654493,3,walking
1519421821862,-15.419829,-1.8814012,-2.4558747,3,walking
1519421821867,-14.9794,-1.948423,-2.408002,3,walking
1519421821872,-14.548545,-1.9579976,-2.254809,3,walking
1519421821877,-13.705983,-1.9771467,-2.0920415,3,walking
1519421821883,-13.323001,-1.9388485,-2.0824668,3,walking
1519421821887,-12.940019,-1.8526775,-2.034594,3,walking
1519421821893,-12.2410755,-1.6420372,-1.7856555,3,walking
1519421821897,-11.877242,-1.4792696,-1.6324625,3,walking
1519421821903,-11.522984,-1.2973529,-1.5079932,3,walking
1519421821908,-10.881488,-1.0484143,-1.2782038,3,walking
1519421821913,-10.603826,-0.8856468,-1.1728836,3,walking
1519421821923,-9.876159,-0.56011176,-0.8952214,3,walking
1519421821928,-9.636795,-0.5218136,-0.8664977,3,walking
1519421821934,-9.368708,-0.71330476,-0.92394507,3,walking
1519421821944,-9.129343,-1.3643749,-1.2399056,3,walking
1519421821948,-9.004874,-1.5654407,-1.3069274,3,walking
1519421821954,-8.832532,-1.79523,-1.3452257,3,walking
1519421821960,-8.392102,-2.0728924,-1.3260766,3,walking
1519421821966,-8.181462,-2.3697038,-1.469695,3,walking
1519421821971,-7.9708214,-2.7622607,-1.4888442,3,walking
1519421821976,-7.922949,-3.0111992,-1.5175679,3,walking
1519421821981,-7.721883,-3.4133308,-1.6516117,3,walking
1519421821986,-7.664436,-3.5569491,-1.7282082,3,walking
1519421821992,-7.616563,-3.604822,-1.7186337,3,walking
1519421821997,-7.4920936,-3.7101421,-1.7377827,3,walking
1519421822002,-7.3006024,-3.7388659,-1.7665064,3,walking
1519421822007,-7.195282,-3.7292912,-1.6994845,3,walking
1519421822012,-7.176133,-3.7292912,-1.7186337,3,walking
1519421822017,-7.1186857,-3.6814184,-1.6133134,3,walking
1519421822022,-7.0612383,-3.6143966,-1.5271424,3,walking
1519421822027,-7.02294,-3.6239712,-1.5654407,3,walking
1519421822033,-6.975067,-3.6239712,-1.5079932,3,walking
1519421822037,-6.936769,-3.5760984,-1.4122477,3,walking
1519421822043,-6.9463434,-3.5856729,-1.3452257,3,walking
1519421822053,-6.9080453,-3.5090764,-1.1824582,3,walking
1519421822058,-6.8888965,-3.4803526,-1.1250108,3,walking
1519421822063,-6.898471,-3.4037561,-0.9718179,3,walking
1519421822073,-6.7261286,-3.1356685,-0.7420284,3,walking
1519421822078,-6.716554,-3.059072,-0.665432,3,walking
1519421822083,-6.697405,-2.800559,-0.56011176,3,walking
1519421822088,-6.697405,-2.800559,-0.56011176,3,walking
1519421822094,-6.7069798,-2.5516202,-0.44521707,3,walking
1519421822098,-6.7261286,-2.4845984,-0.44521707,3,walking
1519421822103,-6.8793216,-2.3505547,-0.4356425,3,walking
1519421822108,-6.9942164,-2.321831,-0.40691882,3,walking
1519421822114,-7.0995364,-2.2931073,-0.36862057,3,walking
1519421822119,-7.2240057,-2.2739582,-0.37819514,3,walking
1519421822124,-7.4729443,-2.254809,-0.32074776,3,walking
1519421822130,-7.6069884,-2.2739582,-0.26330042,3,walking
1519421822135,-7.855927,-2.2069361,-0.23457673,3,walking
1519421822140,-8.152739,-2.1111906,-0.15798025,3,walking
1519421822145,-8.286782,-2.0633178,-0.13883112,3,walking
1519421822150,-8.602742,-2.0728924,-0.05266008,3,walking
1519421822156,-8.755936,-2.0920415,-0.081383765,3,walking
1519421822161,-8.918703,-2.0824668,-0.062234644,3,walking
1519421822166,-9.138918,-2.0633178,-0.15798025,3,walking
1519421822171,-9.272962,-2.0441687,-0.23457673,3,walking
1519421822176,-9.426155,-2.0441687,-0.32074776,3,walking
1519421822181,-9.7899885,-2.0250196,-0.5888355,3,walking
1519421822186,-9.96233,-2.0441687,-0.70373017,3,walking
1519421822191,-10.134672,-2.0537431,-0.83777404,3,walking
1519421822196,-10.307014,-2.0441687,-0.9526688,3,walking
1519421822201,-10.699572,-2.0441687,-1.1633091,3,walking
1519421822207,-10.843189,-2.0537431,-1.2494801,3,walking
1519421822212,-10.996383,-2.0824668,-1.3452257,3,walking
1519421822217,-11.207023,-2.1399143,-1.4026731,3,walking
1519421822222,-11.331492,-2.1782124,-1.4601204,3,walking
1519421822232,-11.676176,-2.3697038,-1.4026731,3,walking
1519421822237,-11.771922,-2.5420458,-1.3069274,3,walking
1519421822241,-11.905966,-2.6282167,-1.2399056,3,walking
1519421822245,-11.905966,-2.6282167,-1.2399056,3,walking
1519421822250,-12.135756,-2.8771553,-1.14416,3,walking
1519421822255,-12.2410755,-2.9920502,-1.0771381,3,walking
1519421822259,-12.422992,-3.2505634,-0.8760723,3,walking
1519421822264,-12.422992,-3.2505634,-0.8760723,3,walking
1519421822269,-12.557036,-3.3941817,-0.7228793,3,walking
1519421822275,-12.58576,-3.3941817,-0.665432,3,walking
1519421822279,-12.56661,-3.3271596,-0.512239,3,walking
1519421822284,-12.470865,-3.2601378,-0.54096264,3,walking
1519421822290,-12.298523,-3.1452432,-0.54096264,3,walking
1519421822295,-12.164479,-3.020774,-0.61755913,3,walking
1519421822299,-12.030436,-2.8580062,-0.6558574,3,walking
1519421822304,-11.7336235,-2.4654493,-0.78032666,3,walking
1519421822310,-11.38894,-2.1207652,-1.0005416,3,walking
1519421822315,-11.274045,-1.9196993,-1.1920328,3,walking
1519421822321,-11.101703,-1.709059,-1.3165021,3,walking
1519421822339,-11.82937,-0.9718179,-2.6282167,3,walking
1519421822345,-13.121935,-1.0196906,-2.9633265,3,walking
1519421822349,-13.485768,-1.8239537,-2.4463003,3,walking
1519421822354,-13.485768,-1.8239537,-2.4463003,3,walking
1519421822359,-13.265553,-2.666515,-1.4026731,3,walking
1519421822364,-13.00704,-2.9537518,-1.0771381,3,walking
1519421822369,-12.6527815,-3.173967,-0.7228793,3,walking
1519421822374,-11.886817,-3.2601378,-0.359046,3,walking
1519421822380,-11.475111,-3.2409887,-0.23457673,3,walking
1519421822385,-11.034681,-3.193116,-0.22500217,3,walking
1519421822389,-10.29744,-2.905879,-0.33032233,3,walking
1519421822394,-10.038927,-2.6952388,-0.6271337,3,walking
1519421822399,-9.876159,-2.4463003,-0.92394507,3,walking
1519421822404,-9.809137,-2.254809,-1.2782038,3,walking
1519421822409,-9.952756,-1.7186337,-1.8718265,3,walking
1519421822414,-10.249567,-1.4218222,-2.1973617,3,walking
1519421822419,-10.747444,-1.14416,-2.5228968,3,walking
1519421822424,-11.360216,-0.85692316,-2.8771553,3,walking
1519421822429,-12.442142,-0.45479164,-3.451629,3,walking
1519421822435,-12.834699,-0.37819514,-3.671844,3,walking
1519421822439,-13.141085,-0.36862057,-3.7388659,3,walking
1519421822444,-13.399597,-0.40691882,-3.8154624,3,walking
1519421822449,-13.801729,-0.54096264,-3.844186,3,walking
1519421822454,-13.935773,-0.6845811,-3.8920588,3,walking
1519421822461,-14.155988,-1.0484143,-3.9495063,3,walking
1519421822466,-14.242159,-1.2111819,-3.9686553,3,walking
1519421822470,-14.09854,-1.4601204,-3.930357,3,walking
1519421822475,-14.09854,-1.4601204,-3.930357,3,walking
1519421822479,-14.031518,-1.5750152,-3.9495063,3,walking
1519421822484,-13.696408,-1.6516117,-3.8729098,3,walking
1519421822489,-13.600663,-1.6611862,-3.844186,3,walking
1519421822494,-13.437896,-1.6803354,-3.758015,3,walking
1519421822499,-13.227255,-1.6803354,-3.5952475,3,walking
1519421822504,-13.083637,-1.6707608,-3.5090764,3,walking
1519421822509,-12.90172,-1.709059,-3.4133308,3,walking
1519421822514,-12.69108,-1.776081,-3.2792869,3,walking
1519421822519,-12.174053,-1.7473572,-3.1165195,3,walking
1519421822525,-11.953838,-1.6899099,-2.9633265,3,walking
1519421822530,-11.436812,-1.6611862,-2.9250283,3,walking
1519421822535,-11.274045,-1.6324625,-2.905879,3,walking
1519421822540,-11.092129,-1.5845897,-2.972901,3,walking
1519421822544,-10.804892,-1.5175679,-2.9250283,3,walking
1519421822549,-10.134672,-1.4984187,-2.8101335,3,walking
1519421822554,-10.134672,-1.4984187,-2.8101335,3,walking
1519421822560,-9.445304,-1.5750152,-2.7239625,3,walking
1519421822565,-9.339984,-1.469695,-2.5707695,3,walking
1519421822571,-9.177217,-1.3452257,-2.5899186,3,walking
1519421822576,-8.937852,-1.2973529,-2.4654493,3,walking
1519421822581,-8.880404,-1.3548003,-2.34098,3,walking
1519421822586,-8.870831,-1.3739494,-2.2835326,3,walking
1519421822591,-8.880404,-1.4601204,-2.34098,3,walking
1519421822596,-8.803808,-1.709059,-2.6952388,3,walking
1519421822601,-8.765511,-1.8143792,-2.752686,3,walking
1519421822611,-8.708063,-1.7569319,-2.972901,3,walking
1519421822616,-8.679339,-1.7569319,-3.0494976,3,walking
1519421822622,-8.602742,-1.7282082,-3.0686467,3,walking
1519421822632,-8.258059,-1.8335283,-3.0303483,3,walking
1519421822637,-8.143164,-1.9005502,-3.020774,3,walking
1519421822642,-8.104865,-1.8814012,-3.020774,3,walking
1519421822647,-8.056993,-1.8526775,-3.0973704,3,walking
1519421822652,-7.961247,-1.8239537,-3.1165195,3,walking
1519421822661,-7.693159,-1.8814012,-3.0494976,3,walking
1519421822666,-7.6452866,-1.9196993,-3.0686467,3,walking
1519421822670,-7.5782647,-1.9771467,-3.0016246,3,walking
1519421822674,-7.5782647,-1.9771467,-3.0016246,3,walking
1519421822679,-7.5399666,-1.9867213,-2.972901,3,walking
1519421822684,-7.46337,-1.9867213,-2.9537518,3,walking
1519421822689,-7.434646,-1.9675722,-2.9346027,3,walking
1519421822694,-7.4059224,-1.9675722,-2.905879,3,walking
1519421822699,-7.348475,-1.9101248,-2.819708,3,walking
1519421822704,-7.2910275,-1.8718265,-2.7239625,3,walking
1519421822709,-7.2240057,-1.7856555,-2.7431116,3,walking
1519421822714,-7.2240057,-1.7856555,-2.7431116,3,walking
1519421822718,-7.0803876,-1.7569319,-2.7431116,3,walking
1519421822724,-6.9942164,-1.7186337,-2.7718353,3,walking
1519421822729,-6.8793216,-1.6899099,-2.7909844,3,walking
1519421822734,-6.8793216,-1.6899099,-2.7909844,3,walking
1519421822740,-6.515488,-1.6324625,-2.9154537,3,walking
1519421822745,-6.4676156,-1.6420372,-3.0016246,3,walking
1519421822749,-6.3814445,-1.709059,-3.0686467,3,walking
1519421822754,-6.285699,-1.7473572,-3.0877957,3,walking
1519421822759,-6.2761245,-1.8335283,-3.173967,3,walking
1519421822764,-6.180379,-1.8526775,-3.1835413,3,walking
1519421822769,-6.017611,-1.9867213,-3.0111992,3,walking
1519421822774,-5.941015,-2.0058703,-2.972901,3,walking
1519421822779,-5.950589,-2.0537431,-2.819708,3,walking
1519421822784,-5.8931417,-2.1111906,-2.714388,3,walking
1519421822789,-5.8548436,-2.1782124,-2.3888528,3,walking
1519421822794,-5.835695,-2.1590633,-2.254809,3,walking
1519421822799,-5.8835673,-2.1207652,-1.929274,3,walking
1519421822804,-5.8835673,-2.1207652,-1.929274,3,walking
1519421822809,-5.988888,-2.0537431,-1.7473572,3,walking
1519421822814,-6.113357,-1.9867213,-1.6516117,3,walking
1519421822819,-6.180379,-2.015445,-1.622888,3,walking
1519421822824,-6.180379,-2.015445,-1.622888,3,walking
1519421822830,-6.9463434,-1.9196993,-1.6324625,3,walking
1519421822835,-7.1474094,-1.929274,-1.6994845,3,walking
1519421822841,-7.3006024,-1.9962958,-1.7473572,3,walking
1519421822845,-7.616563,-2.0728924,-1.776081,3,walking
1519421822851,-7.7793303,-2.034594,-1.7856555,3,walking
1519421822856,-7.961247,-2.034594,-1.79523,3,walking
1519421822861,-8.104865,-2.015445,-1.7856555,3,walking
1519421822866,-8.401677,-2.0250196,-1.8143792,3,walking
1519421822870,-8.5740185,-2.0824668,-1.8143792,3,walking
1519421822875,-8.755936,-2.101616,-1.8431029,3,walking
1519421822879,-8.909128,-2.101616,-1.8526775,3,walking
1519421822884,-9.033598,-2.1207652,-1.8718265,3,walking
1519421822889,-9.119769,-2.101616,-1.8431029,3,walking
1519421822895,-9.31126,-2.0058703,-1.8431029,3,walking
1519421822900,-9.493176,-1.929274,-1.709059,3,walking
1519421822905,-9.579348,-1.8909757,-1.622888,3,walking
1519421822910,-9.64637,-1.8814012,-1.5175679,3,walking
1519421822920,-9.761265,-1.8239537,-1.1250108,3,walking
1519421822925,-9.761265,-1.8239537,-0.99096704,3,walking
1519421822931,-9.713391,-1.7377827,-0.7994758,3,walking
1519421822941,-9.579348,-1.79523,-0.46436617,3,walking
1519421822946,-9.550624,-1.8143792,-0.359046,3,walking
1519421822951,-9.550624,-1.79523,-0.32074776,3,walking
1519421822956,-9.531475,-1.8335283,-0.22500217,3,walking
1519421822961,-9.550624,-1.8526775,-0.18670394,3,walking
1519421822968,-9.531475,-1.862252,-0.15798025,3,walking
1519421822974,-9.54105,-1.8909757,-0.22500217,3,walking
1519421822979,-9.837861,-1.709059,-0.47394073,3,walking
1519421822985,-10.182545,-1.5462915,-0.69415563,3,walking
1519421822989,-10.689997,-1.3548003,-1.0771381,3,walking
1519421822994,-11.312344,-1.1920328,-1.4313968,3,walking
1519421823000,-12.422992,-1.0579889,-2.0920415,3,walking
1519421823009,-12.8538475,-1.14416,-2.3026817,3,walking
1519421823014,-12.805975,-1.2016073,-2.1973617,3,walking
1519421823018,-12.67193,-1.3356512,-2.0250196,3,walking
1519421823052,-9.943181,-2.2069361,-0.17712937,3,walking
1519421823057,-9.655944,-2.2165108,-0.05266008,3,walking
1519421823061,-9.177217,-2.2452345,0.014361841,3,walking
1519421823066,-9.062322,-2.3026817,-0.05266008,3,walking
1519421823070,-9.043172,-2.3314054,-0.15798025,3,walking
1519421823074,-9.091045,-2.3026817,-0.2920241,3,walking
1519421823079,-9.272962,-2.2643836,-0.40691882,3,walking
1519421823083,-9.512326,-2.1973617,-0.50266445,3,walking
1519421823088,-10.29744,-2.168638,-0.7324539,3,walking
1519421823094,-10.29744,-2.168638,-0.7324539,3,walking
1519421823098,-11.609155,-2.2931073,-0.91437054,3,walking
1519421823108,-13.188957,-2.6090677,-1.1824582,3,walking
1519421823114,-13.188957,-2.6090677,-1.1824582,3,walking
1519421823119,-15.5060005,-2.9537518,-1.6611862,3,walking
1519421823160,-14.9985485,-2.2165108,-3.4324799,3,walking
1519421823169,-13.571939,-1.929274,-3.126094,3,walking
1519421823181,-12.662356,-1.9005502,-2.6377914,3,walking
1519421823187,-12.011286,-1.8814012,-2.1111906,3,walking
1519421823191,-11.666602,-1.8335283,-1.8526775,3,walking
1519421823195,-11.331492,-1.8143792,-1.6420372,3,walking
1519421823200,-10.881488,-1.776081,-1.2207564,3,walking
1519421823233,-8.124015,-2.3792782,-0.59841,3,walking
1519421823242,-7.5591154,-2.2165108,-0.6271337,3,walking
1519421823250,-7.2910275,-2.187787,-0.70373017,3,walking
1519421823256,-7.2335806,-2.1399143,-0.77075213,3,walking
1519421823260,-7.156984,-2.0824668,-1.0196906,3,walking
1519421823266,-7.051664,-2.1207652,-1.1345854,3,walking
1519421823271,-6.8793216,-2.1590633,-1.1824582,3,walking
1519421823281,-6.563361,-2.34098,-1.2207564,3,walking
1519421823285,-6.458041,-2.2452345,-1.1920328,3,walking
1519421823290,-6.2474008,-2.2452345,-1.14416,3,walking
1519421823300,-6.113357,-2.2835326,-1.3069274,3,walking
1519421823306,-6.218677,-2.2835326,-1.3356512,3,walking
1519421823311,-6.2761245,-2.427151,-1.3452257,3,walking
1519421823320,-6.2665496,-2.647366,-1.3260766,3,walking
1519421823326,-6.1899533,-2.666515,-1.2973529,3,walking
1519421823330,-5.988888,-2.714388,-1.2303311,3,walking
1519421823336,-5.998462,-2.714388,-1.2590547,3,walking
1519421823341,-6.0463347,-2.7622607,-1.2303311,3,walking
1519421823350,-6.2282515,-3.0303483,-1.2399056,3,walking
1519421823356,-6.333572,-3.078221,-1.2303311,3,walking
1519421823360,-6.3622956,-3.1452432,-1.2590547,3,walking
1519421823370,-6.5346375,-3.1548176,-1.2303311,3,walking
1519421823375,-6.630383,-3.1643922,-1.2399056,3,walking
1519421823381,-6.745278,-3.0877957,-1.2207564,3,walking
1519421823390,-7.1474094,-2.8484318,-1.1728836,3,walking
1519421823395,-7.2623043,-2.7909844,-1.1824582,3,walking
1519421823400,-7.4154973,-2.714388,-1.0771381,3,walking
1519421823409,-7.7793303,-2.6760898,-0.9622433,3,walking
1519421823415,-7.9037995,-2.6760898,-0.92394507,3,walking
1519421823420,-8.00912,-2.6856642,-0.8856468,3,walking
1519421823426,-8.2676325,-2.6856642,-0.77075213,3,walking
1519421823431,-8.286782,-2.6377914,-0.7324539,3,walking
1519421823440,-8.411251,-2.408002,-0.6845811,3,walking
1519421823446,-8.430401,-2.3314054,-0.69415563,3,walking
1519421823451,-8.583593,-2.254809,-0.77075213,3,walking
1519421823460,-9.014449,-2.0441687,-0.8760723,3,walking
1519421823465,-9.138918,-1.929274,-0.9718179,3,walking
1519421823470,-9.225089,-1.9196993,-1.0388398,3,walking
1519421823480,-9.62722,-1.7569319,-1.2973529,3,walking
1519421823485,-9.713391,-1.7377827,-1.4122477,3,walking
1519421823490,-9.885734,-1.6611862,-1.5654407,3,walking
1519421823499,-10.393186,-1.6707608,-1.929274,3,walking
1519421823505,-10.498506,-1.79523,-2.015445,3,walking
1519421823510,-10.680422,-1.9196993,-2.149489,3,walking
1519421823516,-10.910212,-2.1590633,-2.3505547,3,walking
1519421823521,-10.996383,-2.2739582,-2.5899186,3,walking
1519421823530,-11.398514,-2.6856642,-2.7622607,3,walking
1519421823536,-11.436812,-2.8292825,-2.714388,3,walking
1519421823541,-11.484685,-2.867581,-2.6377914,3,walking
1519421823546,-11.475111,-3.0494976,-2.2739582,3,walking
1519421823551,-11.475111,-3.1069448,-2.0250196,3,walking
1519421823556,-11.408089,-3.1356685,-1.7186337,3,walking
1519421823561,-11.4272375,-3.1069448,-1.3739494,3,walking
1519421823570,-11.312344,-2.6186423,-0.7420284,3,walking
1519421823575,-11.38894,-2.321831,-0.7228793,3,walking
1519421823580,-11.417664,-2.0441687,-0.70373017,3,walking
1519421823585,-11.28362,-1.3356512,-0.8186249,3,walking
1519421823591,-11.149575,-0.9718179,-0.90479594,3,walking
1519421823596,-11.005958,-0.63670826,-1.0867126,3,walking
1519421823601,-10.82404,-0.3111732,-1.3069274,3,walking
1519421823608,-11.044255,0.56968635,-2.2165108,3,walking
1519421823615,-11.503835,0.85692316,-2.6856642,3,walking
1519421823619,-12.231501,1.0579889,-3.173967,3,walking
1519421823626,-13.830453,1.0867126,-3.6526947,3,walking
1519421823632,-14.558119,0.9718179,-3.4803526,3,walking
1519421823638,-14.835781,0.25372586,-2.2739582,3,walking
1519421823643,-14.548545,-0.2920241,-1.6611862,3,walking
1519421823648,-14.223009,-0.85692316,-1.2016073,3,walking
1519421823655,-13.208106,-2.0441687,-0.44521707,3,walking
1519421823685,-11.59958,-1.4026731,-1.9675722,3,walking
1519421823689,-11.455961,-1.0962871,-2.34098,3,walking
1519421823696,-11.26447,-0.5313881,-3.1452432,3,walking
1519421823701,-11.302769,-0.20585304,-3.4420545,3,walking
1519421823706,-11.293194,0.0718092,-3.7005677,3,walking
1519421823711,-11.475111,0.56968635,-4.2271686,3,walking
1519421823716,-11.570856,0.70373017,-4.389936,3,walking
1519421823720,-11.59958,0.751603,-4.437809,3,walking
1519421823729,-11.714475,0.40691882,-4.275041,3,walking
1519421823735,-11.666602,0.28244954,-4.0644007,3,walking
1519421823739,-11.609155,0.19627848,-3.825037,3,walking
1519421823745,-11.38894,0.00478728,-3.2218397,3,walking
1519421823750,-11.26447,-0.22500217,-2.9824755,3,walking
1519421823755,-11.216598,-0.45479164,-2.666515,3,walking
1519421823760,-11.235746,-0.76117754,-2.427151,3,walking
1519421823765,-11.140001,-1.5079932,-1.862252,3,walking
1519421823771,-11.1208515,-1.8431029,-1.5558661,3,walking
1519421823776,-10.977234,-2.1303396,-1.3069274,3,walking
1519421823781,-10.900637,-2.4175766,-1.1537346,3,walking
1519421823786,-10.680422,-2.905879,-0.91437054,3,walking
1519421823791,-10.622974,-3.0686467,-0.8473486,3,walking
1519421823796,-10.450633,-3.3080106,-0.99096704,3,walking
1519421823801,-10.450633,-3.3080106,-0.99096704,3,walking
1519421823806,-10.268716,-3.2888615,-1.2686293,3,walking
1519421823811,-10.125097,-3.1356685,-1.4505459,3,walking
1519421823816,-9.924032,-2.8580062,-1.9962958,3,walking
1519421823821,-9.85701,-2.7431116,-2.149489,3,walking
1519421823826,-9.780414,-2.7048132,-2.3888528,3,walking
1519421823831,-9.722966,-2.6377914,-2.5707695,3,walking
1519421823836,-9.426155,-2.5228968,-2.8388572,3,walking
1519421823840,-9.339984,-2.494173,-2.800559,3,walking
1519421823844,-9.263388,-2.3792782,-2.7622607,3,walking
1519421823849,-9.158067,-2.3697038,-2.7048132,3,walking
1519421823859,-8.631466,-2.2931073,-2.2260852,3,walking
1519421823864,-8.545295,-2.3314054,-2.0920415,3,walking
1519421823869,-8.526146,-2.34098,-2.0920415,3,walking
1519421823875,-8.32508,-2.2643836,-1.8335283,3,walking
1519421823880,-8.258059,-2.2835326,-1.8335283,3,walking
1519421823889,-8.32508,-2.4654493,-1.8048047,3,walking
1519421823895,-8.066567,-2.3505547,-1.8239537,3,walking
1519421823900,-7.9420977,-2.1973617,-1.7569319,3,walking
1519421823905,-7.8846507,-1.9196993,-1.5462915,3,walking
1519421823911,-7.875076,-1.929274,-1.4984187,3,walking
1519421823915,-7.9325233,-1.9867213,-1.4409714,3,walking
1519421823920,-7.875076,-1.9675722,-1.3356512,3,walking
1519421823929,-7.9133744,-1.6324625,-1.2207564,3,walking
1519421823935,-7.9803963,-1.5750152,-1.2686293,3,walking
1519421823940,-8.00912,-1.5175679,-1.2303311,3,walking
1519421823945,-7.9516726,-1.4026731,-1.3165021,3,walking
1519421823950,-7.9516726,-1.4601204,-1.4122477,3,walking
1519421823955,-7.961247,-1.4601204,-1.469695,3,walking
1519421823959,-7.961247,-1.5175679,-1.6324625,3,walking
1519421823965,-8.076141,-1.4984187,-1.8526775,3,walking
1519421823970,-8.076141,-1.5079932,-1.9388485,3,walking
1519421823975,-8.11444,-1.5175679,-2.034594,3,walking
1519421823980,-8.152739,-1.5079932,-2.149489,3,walking
1519421823985,-8.1623125,-1.6324625,-2.34098,3,walking
1519421823990,-8.191036,-1.7665064,-2.408002,3,walking
1519421823995,-8.248484,-1.9962958,-2.580344,3,walking
1519421824000,-8.296356,-2.0920415,-2.6282167,3,walking
1519421824005,-8.305931,-2.1782124,-2.6090677,3,walking
1519421824010,-8.334655,-2.187787,-2.647366,3,walking
1519421824015,-8.2676325,-2.360129,-2.6569405,3,walking
1519421824020,-8.258059,-2.408002,-2.6856642,3,walking
1519421824024,-8.200611,-2.4463003,-2.7431116,3,walking
1519421824029,-8.133589,-2.5037475,-2.6569405,3,walking
1519421824039,-8.085716,-2.4367256,-2.494173,3,walking
1519421824044,-8.076141,-2.408002,-2.5037475,3,walking
1519421824048,-8.028269,-2.3505547,-2.475024,3,walking
1519421824055,-7.961247,-2.3026817,-2.3792782,3,walking
1519421824060,-7.922949,-2.2835326,-2.2835326,3,walking
1519421824065,-7.855927,-2.2356598,-2.2739582,3,walking
1519421824070,-7.7793303,-2.2069361,-2.187787,3,walking
1519421824075,-7.702734,-2.1973617,-2.2260852,3,walking
1519421824081,-7.587839,-2.2356598,-2.1782124,3,walking
1519421824085,-7.6069884,-2.2260852,-2.168638,3,walking
1519421824091,-7.56869,-2.2452345,-2.149489,3,walking
1519421824096,-7.5208173,-2.2069361,-2.101616,3,walking
1519421824101,-7.5591154,-2.1973617,-2.1782124,3,walking
1519421824106,-7.5591154,-2.1973617,-2.1782124,3,walking
1519421824111,-7.511243,-2.2165108,-2.1590633,3,walking
1519421824116,-7.511243,-2.187787,-2.2643836,3,walking
1519421824121,-7.511243,-2.187787,-2.2643836,3,walking
1519421824127,-7.7601814,-2.1399143,-2.4175766,3,walking
1519421824131,-7.8272033,-2.1590633,-2.475024,3,walking
1519421824137,-7.999545,-2.149489,-2.5994933,3,walking
1519421824144,-8.315506,-2.3026817,-2.6186423,3,walking
1519421824150,-8.497422,-2.3314054,-2.6090677,3,walking
1519421824155,-8.516571,-2.4175766,-2.5324712,3,walking
1519421824160,-8.545295,-2.494173,-2.4845984,3,walking
1519421824165,-8.717637,-2.580344,-2.3026817,3,walking
1519421824170,-8.7750845,-2.5994933,-2.2452345,3,walking
1519421824175,-8.995299,-2.6760898,-2.168638,3,walking
1519421824180,-8.995299,-2.6760898,-2.168638,3,walking
1519421824187,-9.253813,-2.8101335,-2.0633178,3,walking
1519421824193,-9.263388,-2.8388572,-2.0058703,3,walking
1519421824198,-9.330409,-2.7718353,-2.0058703,3,walking
1519421824204,-9.301685,-2.6856642,-1.9675722,3,walking
1519421824210,-9.263388,-2.5516202,-1.9962958,3,walking
1519421824215,-9.215514,-2.3314054,-1.9962958,3,walking
1519421824220,-9.196365,-2.2069361,-1.9101248,3,walking
1519421824225,-9.20594,-2.0728924,-1.8814012,3,walking
1519421824230,-9.148493,-1.9675722,-1.7856555,3,walking
1519421824235,-9.148493,-1.8526775,-1.5654407,3,walking
1519421824240,-9.158067,-1.8526775,-1.4122477,3,walking
1519421824245,-9.129343,-1.8048047,-1.3260766,3,walking
1519421824250,-9.071896,-1.7665064,-1.0484143,3,walking
1519421824256,-8.995299,-1.8239537,-0.8952214,3,walking
1519421824261,-8.899554,-1.8718265,-0.71330476,3,walking
1519421824266,-8.880404,-1.9388485,-0.37819514,3,walking
1519421824271,-8.899554,-1.948423,-0.22500217,3,walking
1519421824276,-9.091045,-1.929274,-0.0718092,3,walking
1519421824281,-9.091045,-1.929274,-0.0718092,3,walking
1519421824286,-9.952756,-1.6994845,-0.33032233,3,walking
1519421824291,-10.661273,-1.5079932,-0.56011176,3,walking
1519421824296,-11.465536,-1.4218222,-0.8281995,3,walking
1519421824303,-12.825124,-1.4601204,-1.2877784,3,walking
1519421824307,-13.169807,-1.6133134,-1.3930986,3,walking
1519421824314,-13.00704,-2.034594,-1.4984187,3,walking
1519421824385,-9.608071,-1.6420372,-1.3165021,3,walking
1519421824390,-10.249567,-1.4026731,-1.3930986,3,walking
1519421824395,-11.513409,-1.1250108,-1.4122477,3,walking
1519421824406,-13.121935,-1.0771381,-1.3069274,3,walking
1519421824411,-13.504917,-1.1250108,-1.2686293,3,walking
1519421824415,-13.792154,-1.2494801,-1.2877784,3,walking
1519421824419,-13.983645,-1.4218222,-1.4409714,3,walking
1519421824424,-14.146413,-1.5079932,-1.4984187,3,walking
1519421824428,-14.184711,-1.5558661,-1.6611862,3,walking
1519421824434,-14.050668,-1.5271424,-1.9962958,3,walking
1519421824438,-13.99322,-1.4505459,-2.2452345,3,walking
1519421824443,-13.811303,-1.3452257,-2.3505547,3,walking
1519421824448,-13.648536,-1.2782038,-2.475024,3,walking
1519421824454,-13.332576,-1.0771381,-2.647366,3,walking
1519421824458,-13.1602335,-0.98139244,-2.647366,3,walking
1519421824467,-12.6527815,-0.91437054,-2.714388,3,walking
1519421824474,-12.193203,-1.0101161,-2.6760898,3,walking
1519421824478,-11.982562,-1.0771381,-2.5516202,3,walking
1519421824485,-11.503835,-1.1728836,-2.1782124,3,walking
1519421824490,-11.293194,-1.1633091,-1.9579976,3,walking
1519421824494,-11.082554,-1.2016073,-1.8143792,3,walking
1519421824499,-10.919786,-1.2303311,-1.5271424,3,walking
1519421824504,-10.661273,-1.4026731,-1.2494801,3,walking
1519421824508,-10.421909,-1.5271424,-1.0771381,3,walking
1519421824513,-10.421909,-1.5271424,-1.0771381,3,walking
1519421824518,-10.172971,-1.7377827,-1.0101161,3,walking
1519421824523,-9.828286,-2.034594,-1.0867126,3,walking
1519421824528,-9.636795,-2.0633178,-1.0196906,3,walking
1519421824533,-9.474028,-1.9675722,-1.0579889,3,walking
1519421824538,-9.225089,-1.9388485,-1.14416,3,walking
1519421824544,-8.650616,-1.8814012,-1.14416,3,walking
1519421824548,-8.372953,-1.7665064,-0.9622433,3,walking
1519421824553,-8.210186,-1.8526775,-1.0867126,3,walking
1519421824558,-8.056993,-1.862252,-1.1154363,3,walking
1519421824563,-7.5303917,-1.8909757,-0.93351966,3,walking
1519421824569,-7.4442205,-1.9962958,-1.0484143,3,walking
1519421824574,-7.195282,-2.3888528,-1.1154363,3,walking
1519421824579,-7.137835,-2.4845984,-1.0484143,3,walking
1519421824584,-6.975067,-2.513322,-0.9718179,3,walking
1519421824588,-6.850598,-2.561195,-0.8856468,3,walking
1519421824594,-6.639958,-2.580344,-0.69415563,3,walking
1519421824598,-6.6208086,-2.6186423,-0.61755913,3,walking
1519421824603,-6.611234,-2.6569405,-0.512239,3,walking
1519421824608,-6.5729356,-2.7239625,-0.40691882,3,walking
1519421824613,-6.592085,-2.7718353,-0.32074776,3,walking
1519421824619,-6.5825105,-2.800559,-0.33032233,3,walking
1519421824624,-6.5537868,-2.8292825,-0.34947145,3,walking
1519421824629,-6.5729356,-2.8388572,-0.3111732,3,walking
1519421824634,-6.563361,-2.752686,-0.3111732,3,walking
1519421824639,-6.592085,-2.7239625,-0.3398969,3,walking
1519421824644,-6.6591067,-2.7622607,-0.46436617,3,walking
1519421824649,-6.6591067,-2.7622607,-0.46436617,3,walking
1519421824653,-6.7548523,-2.647366,-0.54096264,3,walking
1519421824657,-6.7740016,-2.561195,-0.56011176,3,walking
1519421824662,-6.8122997,-2.4367256,-0.63670826,3,walking
1519421824667,-6.8793216,-2.360129,-0.70373017,3,walking
1519421824673,-7.003791,-2.149489,-0.78990126,3,walking
1519421824678,-7.137835,-2.0633178,-0.85692316,3,walking
1519421824683,-7.1474094,-1.9579976,-0.83777404,3,walking
1519421824687,-7.329326,-1.7569319,-0.9430942,3,walking
1519421824693,-7.3867736,-1.6994845,-0.9718179,3,walking
1519421824697,-7.4729443,-1.6324625,-1.0675635,3,walking
1519421824703,-7.5782647,-1.6133134,-1.0484143,3,walking
1519421824708,-7.654861,-1.6516117,-1.0867126,3,walking
1519421824712,-7.721883,-1.709059,-1.0579889,3,walking
1519421824717,-7.8176284,-1.8143792,-1.0388398,3,walking
1519421824723,-7.9420977,-1.9005502,-0.9526688,3,walking
1519421824728,-8.181462,-2.0633178,-0.76117754,3,walking
1519421824733,-8.258059,-2.1303396,-0.665432,3,walking
1519421824738,-8.34423,-2.2165108,-0.56968635,3,walking
1519421824743,-8.353804,-2.3314054,-0.3111732,3,walking
1519421824748,-8.392102,-2.3697038,-0.2920241,3,walking
1519421824753,-8.535721,-2.321831,-0.25372586,3,walking
1519421824758,-8.535721,-2.321831,-0.25372586,3,walking
1519421824763,-8.688913,-2.1973617,-0.23457673,3,walking
1519421824768,-8.794233,-2.1399143,-0.3111732,3,walking
1519421824773,-8.851681,-2.1207652,-0.34947145,3,walking
1519421824777,-8.9761505,-2.0058703,-0.4835153,3,walking
1519421824783,-9.043172,-1.9579976,-0.6558574,3,walking
1519421824787,-9.110194,-1.929274,-0.7324539,3,walking
1519421824793,-9.263388,-1.8048047,-0.8473486,3,walking
1519421824797,-9.368708,-1.7282082,-0.8952214,3,walking
1519421824802,-9.426155,-1.7377827,-0.93351966,3,walking
1519421824807,-9.493176,-1.6899099,-0.9718179,3,walking
1519421824813,-9.569773,-1.6899099,-1.0196906,3,walking
1519421824818,-9.6942425,-1.8048047,-1.1345854,3,walking
1519421824823,-9.799562,-1.79523,-1.1154363,3,walking
1519421824827,-9.876159,-1.8431029,-1.14416,3,walking
1519421824833,-9.991054,-1.8909757,-1.1728836,3,walking
1519421824837,-10.335738,-1.9579976,-1.2877784,3,walking
1519421824842,-10.527229,-2.0537431,-1.3356512,3,walking
1519421824847,-10.737869,-2.1399143,-1.4122477,3,walking
1519421824853,-11.197449,-2.3122563,-1.2877784,3,walking
1519421824858,-11.398514,-2.3888528,-1.2686293,3,walking
1519421824863,-11.743198,-2.513322,-1.1728836,3,walking
1519421824869,-11.838944,-2.5899186,-1.0771381,3,walking
1519421824874,-11.925115,-2.5707695,-1.0101161,3,walking
1519421824879,-11.972988,-2.561195,-1.0101161,3,walking
1519421824884,-11.963413,-2.5037475,-1.0675635,3,walking
1519421824888,-11.905966,-2.4654493,-1.14416,3,walking
1519421824892,-11.82937,-2.3888528,-1.2399056,3,walking
1519421824897,-11.800646,-2.3122563,-1.3452257,3,walking
1519421824901,-11.695326,-2.1973617,-1.3739494,3,walking
1519421824906,-11.475111,-1.9101248,-1.4984187,3,walking
1519421824910,-11.360216,-1.79523,-1.6037389,3,walking
1519421824915,-11.245321,-1.6037389,-1.6994845,3,walking
1519421824919,-11.245321,-1.6037389,-1.6994845,3,walking
1519421824924,-10.986808,-1.3452257,-1.8526775,3,walking
1519421824928,-10.891063,-1.2686293,-1.8814012,3,walking
1519421824932,-10.728295,-1.2016073,-1.948423,3,walking
1519421824937,-10.594251,-1.1824582,-2.0250196,3,walking
1519421824943,-10.536804,-1.1633091,-2.360129,3,walking
1519421824947,-10.776168,-1.1058618,-2.714388,3,walking
1519421824952,-11.28362,-1.0771381,-3.0494976,3,walking
1519421824955,-12.020861,-1.1250108,-3.2505634,3,walking
1519421824961,-13.332576,-1.5558661,-3.0016246,3,walking
1519421824966,-13.610238,-1.9101248,-2.513322,3,walking
1519421824970,-13.811303,-2.3888528,-2.0728924,3,walking
1519421825013,-11.207023,-4.2080193,-0.8760723,3,walking
1519421825022,-10.938935,-3.5665238,-1.4505459,3,walking
1519421825030,-10.900637,-2.800559,-2.187787,3,walking
1519421825038,-11.245321,-2.0058703,-2.8388572,3,walking
1519421825044,-11.513409,-1.6420372,-3.1548176,3,walking
1519421825048,-11.513409,-1.6420372,-3.1548176,3,walking
1519421825053,-12.298523,-1.1824582,-3.671844,3,walking
1519421825058,-12.700654,-1.0005416,-3.8154624,3,walking
1519421825064,-13.351725,-0.6558574,-4.0739756,3,walking
1519421825069,-13.457045,-0.5505372,-4.150572,3,walking
1519421825073,-13.44747,-0.512239,-4.0931244,3,walking
1519421825115,-11.341067,-1.5175679,-2.6377914,3,walking
1519421825123,-10.785743,-1.6420372,-2.3697038,3,walking
1519421825131,-10.6134,-1.6994845,-2.3505547,3,walking
1519421825136,-10.412334,-1.7856555,-2.2452345,3,walking
1519421825142,-10.010203,-1.9675722,-2.0920415,3,walking
1519421825146,-9.885734,-2.0824668,-2.1590633,3,walking
1519421825152,-9.550624,-2.2835326,-2.0537431,3,walking
1519421825157,-9.41658,-2.408002,-2.034594,3,walking
1519421825162,-9.31126,-2.4845984,-2.015445,3,walking
1519421825167,-9.20594,-2.6186423,-2.0920415,3,walking
1519421825172,-9.043172,-2.752686,-2.1590633,3,walking
1519421825176,-8.947427,-2.752686,-2.2835326,3,walking
1519421825182,-8.899554,-2.7239625,-2.4558747,3,walking
1519421825187,-8.861256,-2.6952388,-2.513322,3,walking
1519421825192,-8.784659,-2.752686,-2.513322,3,walking
1519421825197,-8.688913,-2.752686,-2.5037475,3,walking
1519421825201,-8.66019,-2.6856642,-2.494173,3,walking
1519421825206,-8.602742,-2.5516202,-2.561195,3,walking
1519421825212,-8.478273,-2.2260852,-2.714388,3,walking
1519421825217,-8.392102,-2.168638,-2.7718353,3,walking
1519421825222,-8.229335,-1.9675722,-2.7048132,3,walking
1519421825227,-8.229335,-1.9675722,-2.7048132,3,walking
1519421825232,-7.961247,-1.8048047,-2.6569405,3,walking
1519421825237,-7.8367777,-1.6899099,-2.6569405,3,walking
1519421825242,-7.6069884,-1.4984187,-2.8388572,3,walking
1519421825247,-7.6069884,-1.4984187,-2.8388572,3,walking
1519421825253,-7.4920936,-1.4601204,-3.078221,3,walking
1519421825257,-7.396348,-1.4792696,-3.1356685,3,walking
1519421825262,-7.396348,-1.4984187,-3.193116,3,walking
1519421825267,-7.2718787,-1.4122477,-3.2984362,3,walking
1519421825272,-7.195282,-1.3165021,-3.2888615,3,walking
1519421825277,-7.0708127,-1.3165021,-3.2601378,3,walking
1519421825282,-7.003791,-1.2877784,-3.212265,3,walking
1519421825287,-6.8888965,-1.3548003,-3.1548176,3,walking
1519421825292,-6.936769,-1.4792696,-3.0303483,3,walking
1519421825298,-6.936769,-1.4792696,-3.0303483,3,walking
1519421825302,-6.9271946,-1.5654407,-2.8484318,3,walking
1519421825308,-6.9654927,-1.5845897,-2.6952388,3,walking
1519421825313,-6.9654927,-1.8143792,-2.666515,3,walking
1519421825318,-6.9942164,-1.9005502,-2.6569405,3,walking
1519421825323,-7.02294,-2.0441687,-2.5899186,3,walking
1519421825328,-7.0325146,-2.187787,-2.5228968,3,walking
1519421825334,-7.003791,-2.2739582,-2.5228968,3,walking
1519421825344,-7.0133657,-2.4175766,-2.5516202,3,walking
1519421825349,-7.003791,-2.5037475,-2.5324712,3,walking
1519421825354,-6.984642,-2.5516202,-2.561195,3,walking
1519421825359,-6.9942164,-2.5707695,-2.580344,3,walking
1519421825364,-7.003791,-2.5994933,-2.5994933,3,walking
1519421825369,-7.003791,-2.580344,-2.5994933,3,walking
1519421825374,-6.975067,-2.513322,-2.6760898,3,walking
1519421825379,-7.0133657,-2.513322,-2.6856642,3,walking
1519421825385,-7.051664,-2.4845984,-2.7048132,3,walking
1519421825395,-7.1186857,-2.3984275,-2.7239625,3,walking
1519421825400,-7.1474094,-2.321831,-2.7048132,3,walking
1519421825405,-7.137835,-2.3026817,-2.666515,3,walking
1519421825410,-7.156984,-2.2643836,-2.6856642,3,walking
1519421825415,-7.2144313,-2.2165108,-2.6377914,3,walking
1519421825420,-7.2335806,-2.1973617,-2.5899186,3,walking
1519421825424,-7.2527294,-2.187787,-2.6186423,3,walking
1519421825433,-7.2527294,-2.1590633,-2.580344,3,walking
1519421825438,-7.3006024,-2.1303396,-2.5516202,3,walking
1519421825442,-7.3197513,-2.1303396,-2.5707695,3,walking
1519421825446,-7.434646,-2.0920415,-2.494173,3,walking
1519421825451,-7.46337,-2.101616,-2.4558747,3,walking
1519421825456,-7.511243,-2.1111906,-2.427151,3,walking
1519421825461,-7.6452866,-2.1111906,-2.2739582,3,walking
1519421825466,-7.769756,-2.1303396,-2.2260852,3,walking
1519421825472,-7.9325233,-2.0633178,-2.2452345,3,walking
1519421825477,-8.085716,-2.015445,-2.1973617,3,walking
1519421825481,-8.2676325,-2.034594,-2.2069361,3,walking
1519421825486,-8.612317,-2.0250196,-2.0728924,3,walking
1519421825491,-8.794233,-2.015445,-2.034594,3,walking
1519421825496,-8.985725,-2.0250196,-1.9101248,3,walking
1519421825501,-9.234664,-2.0058703,-1.8143792,3,walking
1519421825506,-9.426155,-1.948423,-1.7856555,3,walking
1519421825511,-9.608071,-1.8814012,-1.7856555,3,walking
1519421825516,-9.770839,-1.8718265,-1.7856555,3,walking
1519421825521,-10.077225,-1.7186337,-1.6899099,3,walking
1519421825526,-10.153821,-1.6611862,-1.709059,3,walking
1519421825530,-10.182545,-1.622888,-1.7282082,3,walking
1519421825535,-10.182545,-1.5750152,-1.7186337,3,walking
1519421825543,-10.278291,-1.4122477,-1.6994845,3,walking
1519421825547,-10.278291,-1.4122477,-1.6994845,3,walking
1519421825552,-10.316589,-1.3739494,-1.6707608,3,walking
1519421825556,-10.249567,-1.3165021,-1.6516117,3,walking
1519421825562,-10.2016945,-1.3356512,-1.622888,3,walking
1519421825566,-10.182545,-1.3452257,-1.6037389,3,walking
1519421825571,-10.096374,-1.4792696,-1.3930986,3,walking
1519421825576,-10.105948,-1.5845897,-1.2973529,3,walking
1519421825581,-10.077225,-1.6516117,-1.2494801,3,walking
1519421825586,-10.048501,-1.7186337,-1.1633091,3,walking
1519421825591,-10.115523,-1.7665064,-1.0867126,3,walking
1519421825596,-10.431483,-1.8239537,-1.1058618,3,walking
1519421825602,-11.484685,-1.5941644,-1.469695,3,walking
1519421825607,-12.260224,-1.5079932,-1.7856555,3,walking
1519421825613,-12.987891,-1.5079932,-2.0441687,3,walking
1519421825619,-14.012369,-1.8143792,-2.2739582,3,walking
1519421825624,-14.0793915,-2.0824668,-2.1782124,3,walking
1519421825671,-9.062322,-2.752686,-0.7994758,3,walking
1519421825678,-8.334655,-2.5516202,-0.7420284,3,walking
1519421825685,-8.028269,-2.1973617,-0.8186249,3,walking
1519421825693,-8.258059,-1.8048047,-0.8856468,3,walking
1519421825697,-8.641041,-1.709059,-1.0388398,3,walking
1519421825702,-9.18679,-1.622888,-1.2303311,3,walking
1519421825706,-9.837861,-1.5654407,-1.3930986,3,walking
1519421825716,-11.341067,-1.469695,-1.5079932,3,walking
1519421825721,-12.748528,-1.4888442,-1.5941644,3,walking
1519421825726,-13.4666195,-1.6037389,-1.6516117,3,walking
1519421825768,-13.3612995,-1.709059,-3.020774,3,walking
1519421825776,-12.7964,-1.2207564,-3.1452432,3,walking
1519421825784,-12.480439,-1.1537346,-3.2505634,3,walking
1519421825792,-11.647452,-1.2590547,-3.1356685,3,walking
1519421825799,-11.111278,-1.2877784,-2.819708,3,walking
1519421825806,-11.111278,-1.2877784,-2.819708,3,walking
1519421825811,-10.441058,-1.1824582,-2.34098,3,walking
1519421825816,-10.163396,-1.0484143,-2.015445,3,walking
1519421825821,-10.019777,-1.0292653,-1.8239537,3,walking
1519421825826,-9.7899885,-1.2016073,-1.6516117,3,walking
1519421825832,-9.512326,-1.3069274,-1.2686293,3,walking
1519421825836,-9.244238,-1.3356512,-0.99096704,3,walking
1519421825841,-8.899554,-1.3356512,-0.78032666,3,walking
1519421825846,-8.372953,-1.5558661,-0.64628285,3,walking
1519421825851,-8.305931,-1.7186337,-0.8090504,3,walking
1519421825856,-8.459125,-2.0058703,-1.2494801,3,walking
1519421825861,-8.296356,-2.2356598,-1.2782038,3,walking
1519421825866,-7.46337,-2.3984275,-0.83777404,3,walking
1519421825871,-6.821874,-2.168638,-0.6271337,3,walking
1519421825877,-6.7357035,-2.0920415,-0.512239,3,walking
1519421825882,-6.5825105,-2.0441687,-0.5505372,3,walking
1519421825887,-6.410168,-2.0920415,-0.56011176,3,walking
1519421825892,-6.323997,-2.149489,-0.6079846,3,walking
1519421825897,-6.3527207,-2.321831,-0.77075213,3,walking
1519421825902,-6.333572,-2.3314054,-0.9622433,3,walking
1519421825907,-6.333572,-2.3314054,-0.9622433,3,walking
1519421825911,-6.285699,-2.2835326,-1.1250108,3,walking
1519421825916,-6.285699,-2.2835326,-1.1250108,3,walking
1519421825922,-6.065484,-2.2643836,-1.4122477,3,walking
1519421825927,-6.0750585,-2.2260852,-1.4888442,3,walking
1519421825933,-6.094208,-2.2739582,-1.5558661,3,walking
1519421825938,-6.1612296,-2.2835326,-1.6037389,3,walking
1519421825943,-6.170804,-2.2643836,-1.5941644,3,walking
1519421825948,-6.2378263,-2.2356598,-1.6037389,3,walking
1519421825953,-6.3144226,-2.2165108,-1.5750152,3,walking
1519421825958,-6.525063,-2.2069361,-1.6037389,3,walking
1519421825964,-6.678256,-2.187787,-1.5558661,3,walking
1519421825973,-6.8027253,-2.101616,-1.4792696,3,walking
1519421825977,-6.831449,-2.0728924,-1.469695,3,walking
1519421825981,-6.9080453,-2.0058703,-1.3643749,3,walking
1519421825986,-6.9080453,-2.0058703,-1.3643749,3,walking
1519421825990,-7.02294,-1.9579976,-1.3069274,3,walking
1519421825996,-7.089962,-1.9196993,-1.2973529,3,walking
1519421826000,-7.137835,-1.8431029,-1.3260766,3,walking
1519421826006,-7.137835,-1.8431029,-1.3260766,3,walking
1519421826011,-7.3006024,-1.6803354,-1.3260766,3,walking
1519421826016,-7.348475,-1.6324625,-1.3069274,3,walking
1519421826022,-7.4059224,-1.5462915,-1.3452257,3,walking
1519421826026,-7.434646,-1.4984187,-1.3260766,3,walking
1519421826031,-7.4154973,-1.4792696,-1.3739494,3,walking
1519421826036,-7.4154973,-1.4313968,-1.3356512,3,walking
1519421826041,-7.434646,-1.4313968,-1.383524,3,walking
1519421826046,-7.511243,-1.4505459,-1.4026731,3,walking
1519421826051,-7.6261373,-1.4601204,-1.4313968,3,walking
1519421826056,-7.6261373,-1.4601204,-1.4313968,3,walking
1519421826061,-7.8272033,-1.5271424,-1.4026731,3,walking
1519421826067,-7.875076,-1.5462915,-1.4313968,3,walking
1519421826071,-7.9899707,-1.622888,-1.4409714,3,walking
1519421826076,-8.076141,-1.6803354,-1.3930986,3,walking
1519421826081,-8.286782,-1.7665064,-1.3069274,3,walking
1519421826086,-8.372953,-1.79523,-1.2973529,3,walking
1519421826090,-8.478273,-1.8431029,-1.2399056,3,walking
1519421826096,-8.602742,-1.8909757,-1.2399056,3,walking
1519421826102,-8.822957,-1.9579976,-1.1920328,3,walking
1519421826106,-8.995299,-2.015445,-1.2303311,3,walking
1519421826111,-9.119769,-2.034594,-1.2303311,3,walking
1519421826115,-9.119769,-2.034594,-1.2303311,3,walking
1519421826121,-9.5219,-2.101616,-1.2686293,3,walking
1519421826126,-9.617646,-2.0441687,-1.3069274,3,walking
1519421826130,-9.837861,-2.015445,-1.3930986,3,walking
1519421826136,-10.000628,-1.929274,-1.4409714,3,walking
1519421826141,-10.134672,-1.9005502,-1.5462915,3,walking
1519421826147,-10.412334,-1.8526775,-1.6707608,3,walking
1519421826152,-10.527229,-1.8048047,-1.7377827,3,walking
1519421826157,-10.661273,-1.7856555,-1.7665064,3,walking
1519421826162,-10.919786,-1.8048047,-1.8718265,3,walking
1519421826167,-11.044255,-1.8431029,-1.8335283,3,walking
1519421826172,-11.274045,-1.9196993,-1.7377827,3,walking
1519421826177,-11.36979,-1.9962958,-1.6420372,3,walking
1519421826183,-11.446387,-2.0250196,-1.5175679,3,walking
1519421826193,-11.637878,-2.1973617,-1.1345854,3,walking
1519421826197,-11.676176,-2.2452345,-1.0292653,3,walking
1519421826203,-11.7049,-2.254809,-0.9526688,3,walking
1519421826213,-11.590006,-2.3314054,-0.70373017,3,walking
1519421826220,-11.532558,-2.34098,-0.6845811,3,walking
1519421826225,-11.38894,-2.254809,-0.7324539,3,walking
1519421826231,-11.312344,-2.187787,-0.751603,3,walking
1519421826237,-11.15915,-1.9962958,-0.90479594,3,walking
1519421826242,-11.072979,-1.8431029,-1.0484143,3,walking
1519421826247,-10.804892,-1.5750152,-1.2590547,3,walking
1519421826253,-10.699572,-1.4601204,-1.3356512,3,walking
1519421826263,-10.6134,-1.1633091,-2.0824668,3,walking
1519421826267,-10.900637,-1.0579889,-2.513322,3,walking
1519421826272,-11.4272375,-0.9622433,-2.9441774,3,walking
1519421826276,-11.4272375,-0.9622433,-2.9441774,3,walking
1519421826283,-13.705983,-1.6420372,-3.126094,3,walking
1519421826288,-14.232584,-2.1303396,-2.800559,3,walking
1519421826292,-14.491097,-2.6377914,-2.2356598,3,walking
1519421826335,-12.6527815,-3.0303483,-1.9388485,3,walking
1519421826343,-12.308098,-2.5516202,-2.3026817,3,walking
1519421826350,-12.001712,-2.0537431,-2.4845984,3,walking
1519421826358,-11.819795,-1.5462915,-2.5516202,3,walking
1519421826363,-11.771922,-1.3452257,-2.5324712,3,walking
1519421826373,-11.791071,-0.8664977,-2.6186423,3,walking
1519421826378,-11.858093,-0.78032666,-2.6090677,3,walking
1519421826383,-11.905966,-0.7228793,-2.647366,3,walking
1519421826392,-11.685751,-0.665432,-2.427151,3,walking
1519421826398,-11.561282,-0.70373017,-2.3026817,3,walking
1519421826403,-11.4272375,-0.751603,-2.1973617,3,walking
1519421826413,-11.130426,-1.0579889,-2.1590633,3,walking
1519421826422,-10.833615,-1.1154363,-2.0250196,3,walking
1519421826428,-10.326163,-1.1824582,-1.9196993,3,walking
1519421826434,-10.144247,-1.2686293,-1.8814012,3,walking
1519421826442,-9.713391,-1.4313968,-1.929274,3,walking
1519421826448,-9.608071,-1.5367169,-2.0058703,3,walking
1519421826453,-9.54105,-1.6133134,-1.9867213,3,walking
1519421826463,-9.397431,-1.8048047,-2.1590633,3,walking
1519421826468,-9.435729,-1.8526775,-2.2356598,3,walking
1519421826473,-9.445304,-1.9101248,-2.3122563,3,walking
1519421826482,-9.320834,-2.254809,-2.427151,3,walking
1519421826488,-9.464453,-2.3888528,-2.5707695,3,walking
1519421826492,-9.569773,-2.513322,-2.6760898,3,walking
1519421826502,-9.62722,-2.4558747,-2.88673,3,walking
1519421826507,-9.550624,-2.3122563,-2.88673,3,walking
1519421826512,-9.512326,-2.101616,-2.9346027,3,walking
1519421826518,-9.531475,-1.8431029,-2.6569405,3,walking
1519421826523,-9.502751,-1.79523,-2.475024,3,walking
1519421826532,-9.761265,-1.6899099,-2.3888528,3,walking
1519421826538,-9.809137,-1.6611862,-2.4558747,3,walking
1519421826542,-9.761265,-1.6133134,-2.5324712,3,walking
1519421826553,-9.560199,-1.3452257,-2.2069361,3,walking
1519421826558,-9.502751,-1.2782038,-2.1207652,3,walking
1519421826563,-9.397431,-1.2686293,-2.1207652,3,walking
1519421826572,-9.043172,-1.4505459,-2.1973617,3,walking
1519421826577,-9.043172,-1.469695,-2.2643836,3,walking
1519421826582,-9.004874,-1.4792696,-2.2835326,3,walking
1519421826592,-8.842107,-1.3165021,-2.3888528,3,walking
1519421826597,-8.736787,-1.2973529,-2.408002,3,walking
1519421826602,-8.698488,-1.2973529,-2.4367256,3,walking
1519421826608,-8.631466,-1.3930986,-2.5707695,3,walking
1519421826613,-8.679339,-1.4792696,-2.6377914,3,walking
1519421826618,-8.736787,-1.5079932,-2.6856642,3,walking
1519421826622,-8.746361,-1.6133134,-2.7814097,3,walking
1519421826628,-8.717637,-1.6516117,-2.8101335,3,walking
1519421826633,-8.631466,-1.7473572,-2.7814097,3,walking
1519421826638,-8.641041,-1.8718265,-2.752686,3,walking
1519421826644,-8.602742,-1.9675722,-2.7622607,3,walking
1519421826648,-8.564445,-2.1111906,-2.714388,3,walking
1519421826653,-8.545295,-2.2452345,-2.8292825,3,walking
1519421826661,-8.401677,-2.4558747,-2.8771553,3,walking
1519421826667,-8.32508,-2.4845984,-2.8963046,3,walking
1519421826672,-8.21976,-2.5228968,-2.905879,3,walking
1519421826682,-7.9708214,-2.5037475,-2.88673,3,walking
1519421826687,-7.894225,-2.5420458,-2.8484318,3,walking
1519421826693,-7.7601814,-2.561195,-2.800559,3,walking
1519421826698,-7.7123084,-2.4463003,-2.7622607,3,walking
1519421826703,-7.664436,-2.4175766,-2.6856642,3,walking
1519421826707,-7.6069884,-2.360129,-2.6186423,3,walking
1519421826712,-7.434646,-2.2260852,-2.5037475,3,walking
1519421826718,-7.35805,-2.187787,-2.4367256,3,walking
1519421826722,-7.243155,-2.1303396,-2.360129,3,walking
1519421826727,-7.0612383,-2.1111906,-2.2452345,3,walking
1519421826733,-6.936769,-2.1207652,-2.1782124,3,walking
1519421826738,-6.8601727,-2.0728924,-2.101616,3,walking
1519421826743,-6.716554,-2.0441687,-2.0441687,3,walking
1519421826748,-6.611234,-2.0537431,-1.9579976,3,walking
1519421826754,-6.4005938,-1.9867213,-1.9388485,3,walking
1519421826758,-6.3144226,-1.9867213,-1.929274,3,walking
1519421826763,-6.2378263,-1.9388485,-1.8814012,3,walking
1519421826768,-6.065484,-1.8239537,-1.8909757,3,walking
1519421826774,-5.988888,-1.862252,-1.9005502,3,walking
1519421826778,-5.979313,-1.8048047,-1.929274,3,walking
1519421826784,-5.979313,-1.8048047,-1.929274,3,walking
1519421826789,-6.094208,-1.7856555,-1.9771467,3,walking
1519421826796,-6.2665496,-1.7473572,-2.1111906,3,walking
1519421826801,-6.4197426,-1.6899099,-2.1973617,3,walking
1519421826807,-6.850598,-1.6899099,-2.3314054,3,walking
1519421826812,-7.12826,-1.7377827,-2.408002,3,walking
1519421826821,-7.8655014,-1.8335283,-2.408002,3,walking
1519421826827,-8.095291,-1.9101248,-2.3984275,3,walking
1519421826833,-8.277207,-1.9579976,-2.3314054,3,walking
1519421826838,-8.526146,-2.168638,-2.168638,3,walking
1519421826843,-8.602742,-2.254809,-2.0537431,3,walking
1519421826848,-8.736787,-2.321831,-2.0058703,3,walking
1519421826853,-8.717637,-2.4463003,-1.8143792,3,walking
1519421826858,-8.708063,-2.5994933,-1.5750152,3,walking
1519421826863,-8.688913,-2.6090677,-1.4601204,3,walking
1519421826868,-8.688913,-2.5228968,-1.2590547,3,walking
1519421826874,-8.650616,-2.408002,-1.1633091,3,walking
1519421826879,-8.698488,-2.34098,-1.1154363,3,walking
1519421826884,-8.736787,-2.2452345,-1.0196906,3,walking
1519421826889,-8.813383,-2.1207652,-1.0867126,3,walking
1519421826894,-8.957002,-1.9675722,-1.0962871,3,walking
1519421826899,-9.119769,-1.8526775,-1.0675635,3,walking
1519421826906,-9.20594,-1.8048047,-1.0292653,3,walking
1519421826912,-9.301685,-1.8239537,-0.8856468,3,walking
1519421826917,-9.368708,-1.8143792,-0.7994758,3,walking
1519421826922,-9.445304,-1.8335283,-0.71330476,3,walking
1519421826927,-9.675094,-1.929274,-0.5792609,3,walking
1519421826933,-9.847435,-1.9675722,-0.5505372,3,walking
1519421826937,-10.0868,-1.9675722,-0.6271337,3,walking
1519421826943,-10.527229,-1.9101248,-0.6845811,3,walking
1519421826948,-11.858093,-1.6994845,-1.1824582,3,walking
1519421826953,-12.700654,-1.5941644,-1.5845897,3,walking
1519421826961,-14.117689,-1.8143792,-2.0633178,3,walking
1519421826967,-14.673014,-2.2165108,-2.254809,3,walking
1519421826973,-14.462374,-2.4367256,-2.1399143,3,walking
1519421827013,-9.320834,-3.193116,-0.91437054,3,walking
1519421827021,-9.052747,-3.0877957,-0.78032666,3,walking
1519421827028,-9.196365,-2.733537,-0.70373017,3,walking
1519421827036,-9.809137,-2.3026817,-0.76117754,3,walking
1519421827044,-10.220843,-2.1207652,-0.78032666,3,walking
1519421827048,-11.484685,-1.79523,-0.8760723,3,walking
1519421827053,-11.484685,-1.79523,-0.8760723,3,walking
1519421827057,-12.834699,-1.709059,-1.1633091,3,walking
1519421827064,-13.380448,-1.6611862,-1.1250108,3,walking
1519421827068,-13.974071,-1.6324625,-1.1920328,3,walking
1519421827073,-13.974071,-1.6324625,-1.1920328,3,walking
1519421827115,-12.729378,-0.2920241,-3.059072,3,walking
1519421827123,-12.231501,-0.23457673,-3.059072,3,walking
1519421827131,-11.503835,-0.30159867,-2.8388572,3,walking
1519421827136,-11.15915,-0.3877697,-2.7048132,3,walking
1519421827141,-10.814466,-0.5218136,-2.561195,3,walking
1519421827147,-10.431483,-0.8952214,-2.254809,3,walking
1519421827151,-10.326163,-1.0484143,-2.0824668,3,walking
1519421827160,-10.029352,-1.3930986,-1.8143792,3,walking
1519421827167,-9.64637,-1.6037389,-1.622888,3,walking
1519421827172,-9.426155,-1.7569319,-1.5462915,3,walking
1519421827176,-9.225089,-1.862252,-1.4984187,3,walking
1519421827182,-9.129343,-2.034594,-1.4792696,3,walking
1519421827186,-8.851681,-2.3984275,-1.6037389,3,walking
1519421827192,-8.765511,-2.5899186,-1.5941644,3,walking
1519421827196,-8.487848,-2.819708,-1.6324625,3,walking
1519421827201,-8.229335,-2.972901,-1.6324625,3,walking
1519421827206,-8.066567,-3.1356685,-1.6707608,3,walking
1519421827211,-7.961247,-3.173967,-1.6611862,3,walking
1519421827217,-7.702734,-3.231414,-1.6994845,3,walking
1519421827221,-7.5303917,-3.2505634,-1.6611862,3,walking
1519421827226,-7.434646,-3.231414,-1.6994845,3,walking
1519421827230,-7.3771987,-3.2409887,-1.6707608,3,walking
1519421827237,-7.3676243,-3.2601378,-1.7377827,3,walking
1519421827241,-7.329326,-3.2409887,-1.7473572,3,walking
1519421827245,-7.243155,-3.2409887,-1.709059,3,walking
1519421827250,-7.195282,-3.2026904,-1.6803354,3,walking
1519421827256,-7.0708127,-3.1643922,-1.6707608,3,walking
1519421827261,-7.042089,-3.1165195,-1.6611862,3,walking
1519421827270,-7.0612383,-3.1165195,-1.6516117,3,walking
1519421827276,-7.0995364,-3.0016246,-1.5845897,3,walking
1519421827282,-7.1186857,-3.020774,-1.5462915,3,walking
1519421827287,-7.156984,-2.867581,-1.4601204,3,walking
1519421827292,-7.1857076,-2.7814097,-1.4218222,3,walking
1519421827297,-7.1665583,-2.7048132,-1.4409714,3,walking
1519421827303,-7.2335806,-2.5037475,-1.2973529,3,walking
1519421827308,-7.2623043,-2.4558747,-1.2686293,3,walking
1519421827313,-7.281453,-2.3984275,-1.2016073,3,walking
1519421827318,-7.4059224,-2.2356598,-1.1058618,3,walking
1519421827323,-7.46337,-2.149489,-1.0771381,3,walking
1519421827328,-7.482519,-2.0633178,-1.0196906,3,walking
1519421827333,-7.501668,-2.0058703,-0.98139244,3,walking
1519421827338,-7.511243,-1.9388485,-0.9718179,3,walking
1519421827342,-7.549541,-1.8814012,-0.93351966,3,walking
1519421827346,-7.635712,-1.8335283,-0.8664977,3,walking
1519421827350,-7.6740103,-1.776081,-0.85692316,3,walking
1519421827355,-7.6835847,-1.709059,-0.8664977,3,walking
1519421827360,-7.7314577,-1.6803354,-0.83777404,3,walking
1519421827367,-7.702734,-1.5558661,-0.8664977,3,walking
1519421827371,-7.702734,-1.5462915,-0.83777404,3,walking
1519421827376,-7.741032,-1.5462915,-0.83777404,3,walking
1519421827380,-7.808054,-1.6516117,-0.78990126,3,walking
1519421827386,-7.875076,-1.7282082,-0.77075213,3,walking
1519421827391,-7.922949,-1.8048047,-0.77075213,3,walking
1519421827396,-8.085716,-1.8814012,-0.6845811,3,walking
1519421827401,-8.124015,-1.9196993,-0.6845811,3,walking
1519421827405,-8.1623125,-1.9579976,-0.665432,3,walking
1519421827410,-8.191036,-1.9579976,-0.61755913,3,walking
1519421827416,-8.23891,-1.929274,-0.59841,3,walking
1519421827421,-8.277207,-1.9005502,-0.6079846,3,walking
1519421827425,-8.334655,-1.8431029,-0.665432,3,walking
1519421827430,-8.420826,-1.7665064,-0.7228793,3,walking
1519421827436,-8.631466,-1.6037389,-0.83777404,3,walking
1519421827440,-8.698488,-1.5367169,-0.8952214,3,walking
1519421827445,-8.784659,-1.4601204,-1.0005416,3,walking
1519421827450,-8.889979,-1.4218222,-1.0579889,3,walking
1519421827456,-9.138918,-1.3739494,-1.1824582,3,walking
1519421827461,-9.2825365,-1.2782038,-1.2399056,3,walking
1519421827470,-9.512326,-1.3548003,-1.2782038,3,walking
1519421827476,-9.799562,-1.4313968,-1.383524,3,walking
1519421827481,-9.943181,-1.4409714,-1.3643749,3,walking
1519421827486,-10.153821,-1.5271424,-1.3548003,3,walking
1519421827490,-10.230418,-1.5750152,-1.3643749,3,walking
1519421827496,-10.335738,-1.5941644,-1.3069274,3,walking
1519421827500,-10.450633,-1.6037389,-1.2686293,3,walking
1519421827506,-10.651698,-1.5654407,-1.2111819,3,walking
1519421827510,-10.776168,-1.5079932,-1.1824582,3,walking
1519421827515,-10.852764,-1.5367169,-1.2016073,3,walking
1519421827520,-10.958084,-1.5558661,-1.1728836,3,walking
1519421827526,-11.140001,-1.6611862,-1.1154363,3,walking
1519421827530,-11.235746,-1.7377827,-1.1154363,3,walking
1519421827535,-11.26447,-1.79523,-1.0484143,3,walking
1519421827540,-11.28362,-1.8431029,-1.0388398,3,walking
1519421827546,-11.302769,-1.8814012,-1.0388398,3,walking
1519421827550,-11.302769,-1.8909757,-1.1345854,3,walking
1519421827559,-11.341067,-1.8335283,-1.2303311,3,walking
1519421827566,-11.379365,-1.5845897,-1.4026731,3,walking
1519421827572,-11.38894,-1.2782038,-1.6324625,3,walking
1519421827577,-11.331492,-1.1920328,-1.7665064,3,walking
1519421827582,-11.274045,-1.0962871,-1.7856555,3,walking
1519421827586,-11.197449,-0.98139244,-1.8718265,3,walking
1519421827591,-11.063405,-0.8856468,-1.9388485,3,walking
1519421827595,-10.737869,-0.7228793,-2.0250196,3,walking
1519421827600,-10.5080805,-0.6558574,-2.101616,3,walking
1519421827605,-10.5080805,-0.6558574,-2.101616,3,walking
1519421827609,-10.335738,-0.61755913,-2.3314054,3,walking
1519421827615,-10.498506,-0.6079846,-2.494173,3,walking
1519421827620,-11.331492,-0.751603,-2.972901,3,walking
1519421827624,-11.925115,-0.98139244,-3.059072,3,walking
1519421827632,-12.940019,-1.6516117,-2.819708,3,walking
1519421827636,-13.150659,-2.149489,-2.4654493,3,walking
1519421827641,-13.13151,-2.714388,-2.1782124,3,walking
1519421827645,-13.035764,-3.346309,-1.7282082,3,walking
1519421827684,-10.517654,-4.016528,-1.2111819,3,walking
1519421827693,-10.134672,-3.2792869,-1.6420372,3,walking
1519421827700,-10.06765,-2.8484318,-1.79523,3,walking
1519421827706,-9.98148,-2.0920415,-2.1399143,3,walking
1519421827711,-9.914457,-1.8048047,-2.2931073,3,walking
1519421827715,-9.96233,-1.4984187,-2.4558747,3,walking
1519421827720,-9.98148,-1.2207564,-2.6186423,3,walking
1519421827725,-10.172971,-0.8760723,-2.8484318,3,walking
1519421827730,-10.670848,-0.2154276,-3.3367343,3,walking
1519421827740,-11.178299,0.15798025,-3.7388659,3,walking
1519421827745,-11.408089,0.062234644,-3.7197168,3,walking
1519421827750,-11.455961,-0.12925656,-3.5665238,3,walking
1519421827755,-11.49426,-0.33032233,-3.499502,3,walking
1519421827760,-11.532558,-0.50266445,-3.451629,3,walking
1519421827765,-11.771922,-0.8090504,-3.3271596,3,walking
1519421827771,-11.858093,-1.0196906,-3.212265,3,walking
1519421827776,-11.915541,-1.5175679,-3.020774,3,walking
1519421827781,-11.982562,-1.776081,-2.9441774,3,walking
1519421827786,-12.0400095,-2.0537431,-2.867581,3,walking
1519421827791,-12.097457,-2.2931073,-2.7431116,3,walking
1519421827796,-12.087883,-2.7718353,-2.647366,3,walking
1519421827801,-12.097457,-2.9920502,-2.6186423,3,walking
1519421827806,-11.877242,-3.1548176,-2.6760898,3,walking
1519421827811,-11.752773,-3.193116,-2.6760898,3,walking
1519421827816,-11.7336235,-3.1165195,-2.7814097,3,walking
1519421827821,-11.676176,-3.1069448,-2.8580062,3,walking
1519421827826,-11.532558,-2.905879,-2.9920502,3,walking
1519421827831,-11.436812,-2.819708,-3.0877957,3,walking
1519421827837,-11.350641,-2.647366,-3.1069448,3,walking
1519421827842,-11.082554,-2.360129,-3.0877957,3,walking
1519421827847,-10.919786,-2.3314054,-3.1356685,3,walking
1519421827852,-10.651698,-2.2356598,-3.1835413,3,walking
1519421827857,-10.2016945,-2.0920415,-3.059072,3,walking
1519421827862,-9.98148,-2.168638,-2.9824755,3,walking
1519421827867,-9.818711,-2.2069361,-2.8580062,3,walking
1519421827873,-9.732541,-2.2739582,-2.7909844,3,walking
1519421827878,-9.598496,-2.2643836,-2.733537,3,walking
1519421827882,-9.464453,-2.3122563,-2.7239625,3,walking
1519421827888,-9.20594,-2.321831,-2.7048132,3,walking
1519421827893,-9.014449,-2.2739582,-2.6186423,3,walking
1519421827898,-8.813383,-2.1782124,-2.5324712,3,walking
1519421827908,-8.32508,-2.0058703,-2.5420458,3,walking
1519421827913,-8.32508,-2.0058703,-2.5420458,3,walking
1519421827918,-8.133589,-2.0920415,-2.647366,3,walking
1519421827923,-8.056993,-2.101616,-2.6856642,3,walking
1519421827928,-7.8367777,-1.79523,-2.6856642,3,walking
1519421827932,-7.6740103,-1.6707608,-2.6186423,3,walking
1519421827937,-7.5974135,-1.622888,-2.6282167,3,walking
1519421827941,-7.5974135,-1.622888,-2.6282167,3,walking
1519421827946,-7.5591154,-1.5750152,-2.7048132,3,walking
1519421827950,-7.5208173,-1.6611862,-2.733537,3,walking
1519421827954,-7.549541,-1.7282082,-2.752686,3,walking
1519421827959,-7.587839,-1.709059,-2.7622607,3,walking
1519421827965,-7.46337,-1.6611862,-2.6569405,3,walking
1519421827970,-7.3771987,-1.6133134,-2.561195,3,walking
1519421827975,-7.3197513,-1.6516117,-2.4367256,3,walking
1519421827980,-7.3867736,-1.6994845,-2.4654493,3,walking
1519421827985,-7.4442205,-1.7473572,-2.4558747,3,walking
1519421827990,-7.5399666,-1.8048047,-2.3697038,3,walking
1519421827995,-7.5399666,-1.8526775,-2.2931073,3,walking
1519421827999,-7.549541,-1.8048047,-2.1111906,3,walking
1519421828004,-7.511243,-1.8239537,-2.0920415,3,walking
1519421828009,-7.5303917,-1.8526775,-2.187787,3,walking
1519421828014,-7.549541,-1.8814012,-2.2260852,3,walking
1519421828020,-7.482519,-1.9388485,-2.2643836,3,walking
1519421828025,-7.4250717,-1.9196993,-2.3122563,3,walking
1519421828030,-7.3867736,-1.8526775,-2.408002,3,walking
1519421828035,-7.2623043,-1.7473572,-2.5324712,3,walking
1519421828040,-7.2144313,-1.6707608,-2.647366,3,walking
1519421828045,-7.0708127,-1.5654407,-2.819708,3,walking
1519421828050,-7.0708127,-1.5654407,-2.819708,3,walking
1519421828055,-7.0612383,-1.4122477,-2.972901,3,walking
1519421828059,-7.042089,-1.3356512,-2.9824755,3,walking
1519421828064,-6.9176197,-1.1537346,-3.126094,3,walking
1519421828069,-6.898471,-1.0867126,-3.173967,3,walking
1519421828074,-6.8027253,-1.0484143,-3.1548176,3,walking
1519421828079,-6.7548523,-1.0292653,-3.1835413,3,walking
1519421828084,-6.716554,-1.0675635,-3.212265,3,walking
1519421828089,-6.6495323,-1.1537346,-3.1452432,3,walking
1519421828094,-6.6208086,-1.2111819,-3.1069448,3,walking
1519421828100,-6.6591067,-1.2590547,-3.078221,3,walking
1519421828104,-6.678256,-1.3165021,-2.9824755,3,walking
1519421828109,-6.7548523,-1.5079932,-2.8771553,3,walking
1519421828115,-6.8410234,-1.5271424,-2.7718353,3,walking
1519421828119,-6.821874,-1.6037389,-2.666515,3,walking
1519421828124,-6.9080453,-1.7186337,-2.4367256,3,walking
1519421828130,-7.02294,-1.7377827,-2.321831,3,walking
1519421828135,-7.1857076,-1.9005502,-2.0920415,3,walking
1519421828140,-7.1857076,-1.9005502,-2.0920415,3,walking
1519421828145,-7.3771987,-1.9867213,-1.9005502,3,walking
1519421828150,-7.5782647,-2.0728924,-1.7569319,3,walking
1519421828156,-7.654861,-2.1303396,-1.7186337,3,walking
1519421828160,-7.702734,-2.168638,-1.6899099,3,walking
1519421828165,-7.7793303,-2.2069361,-1.6994845,3,walking
1519421828171,-7.9325233,-2.2260852,-1.6707608,3,walking
1519421828176,-8.00912,-2.2260852,-1.7377827,3,walking
1519421828181,-8.095291,-2.187787,-1.8143792,3,walking
1519421828186,-8.23891,-2.0728924,-1.948423,3,walking
1519421828191,-8.258059,-2.015445,-2.0058703,3,walking
1519421828196,-8.34423,-1.9196993,-2.101616,3,walking
1519421828201,-8.497422,-1.8335283,-2.2835326,3,walking
1519421828207,-8.5740185,-1.79523,-2.34098,3,walking
1519421828211,-8.650616,-1.79523,-2.427151,3,walking
1519421828217,-8.880404,-1.8526775,-2.4845984,3,walking
1519421828221,-9.004874,-1.929274,-2.4845984,3,walking
1519421828227,-9.100619,-2.0250196,-2.3888528,3,walking
1519421828237,-9.41658,-2.3792782,-2.0633178,3,walking
1519421828242,-9.41658,-2.5228968,-1.8909757,3,walking
1519421828247,-9.483603,-2.666515,-1.6899099,3,walking
1519421828254,-9.54105,-2.972901,-1.3069274,3,walking
1519421828259,-9.598496,-3.059072,-1.2111819,3,walking
1519421828264,-9.617646,-3.1452432,-1.0675635,3,walking
1519421828269,-9.675094,-3.2697124,-0.8090504,3,walking
1519421828274,-9.75169,-3.2697124,-0.6845811,3,walking
1519421828279,-9.770839,-3.2792869,-0.56968635,3,walking
1519421828284,-9.933606,-3.1835413,-0.4356425,3,walking
1519421828288,-10.058076,-3.078221,-0.44521707,3,walking
1519421828294,-10.316589,-2.8388572,-0.512239,3,walking
1519421828299,-10.82404,-2.4654493,-0.6845811,3,walking
1519421828303,-11.532558,-2.0633178,-0.98139244,3,walking
1519421828310,-14.232584,-1.2782038,-2.2069361,3,walking
1519421828315,-15.017698,-1.2877784,-2.494173,3,walking
1519421828319,-15.017698,-1.2877784,-2.494173,3,walking
1519421828362,-10.374036,-2.321831,-0.54096264,3,walking
1519421828371,-9.675094,-2.4845984,-0.36862057,3,walking
1519421828379,-9.349558,-2.254809,-0.34947145,3,walking
1519421828385,-9.64637,-1.929274,-0.71330476,3,walking
1519421828389,-9.64637,-1.929274,-0.71330476,3,walking
1519421828394,-9.64637,-1.929274,-0.71330476,3,walking
1519421828398,-11.245321,-1.1250108,-1.3739494,3,walking
1519421828403,-11.905966,-0.9622433,-1.4984187,3,walking
1519421828413,-13.840027,-0.78032666,-1.862252,3,walking
1519421828417,-14.414501,-0.8664977,-1.929274,3,walking
1519421828421,-14.797483,-0.9622433,-1.9867213,3,walking
1519421828469,-13.705983,-1.3165021,-3.499502,3,walking
1519421828474,-13.390023,-1.3069274,-3.5378,3,walking
1519421828479,-12.940019,-1.2877784,-3.4899273,3,walking
1519421828484,-12.097457,-1.3356512,-3.3080106,3,walking
1519421828491,-11.350641,-1.383524,-2.9633265,3,walking
1519421828495,-10.986808,-1.4409714,-2.7909844,3,walking
1519421828500,-10.986808,-1.4409714,-2.7909844,3,walking
1519421828504,-10.5080805,-1.469695,-2.4463003,3,walking
1519421828513,-10.06765,-1.4505459,-2.2356598,3,walking
1519421828518,-9.780414,-1.3548003,-1.9771467,3,walking
1519421828523,-9.31126,-1.2782038,-1.862252,3,walking
1519421828529,-8.995299,-1.3643749,-1.8431029,3,walking
1519421828534,-8.746361,-1.7569319,-2.168638,3,walking
1519421828538,-8.746361,-1.7569319,-2.168638,3,walking
1519421828543,-8.248484,-1.6133134,-1.776081,3,walking
1519421828548,-7.7793303,-1.3930986,-1.4409714,3,walking
1519421828555,-7.3389006,-0.71330476,-1.5175679,3,walking
1519421828559,-7.051664,-0.42606795,-1.469695,3,walking
1519421828564,-6.7261286,-0.19627848,-1.3165021,3,walking
1519421828569,-6.5059137,0.023936402,-1.2111819,3,walking
1519421828573,-6.285699,0.26330042,-1.1345854,3,walking
1519421828578,-5.82612,0.63670826,-1.1537346,3,walking
1519421828584,-5.500585,0.665432,-1.3452257,3,walking
1519421828589,-5.232497,0.5792609,-1.4984187,3,walking
1519421828594,-4.772918,0.081383765,-1.8909757,3,walking
1519421828599,-4.715471,-0.2920241,-1.9962958,3,walking
1519421828604,-4.610151,-1.2877784,-2.0633178,3,walking
1519421828609,-4.610151,-1.2877784,-2.0633178,3,walking
1519421828614,-4.610151,-2.360129,-1.9867213,3,walking
1519421828619,-4.7250457,-2.733537,-1.9388485,3,walking
1519421828623,-5.06973,-3.2505634,-1.8909757,3,walking
1519421828628,-5.06973,-3.2505634,-1.8909757,3,walking
1519421828633,-5.3952646,-3.3941817,-1.8814012,3,walking
1519421828638,-5.5963306,-3.3271596,-1.9388485,3,walking
1519421828643,-5.759098,-3.2984362,-1.9867213,3,walking
1519421828648,-6.0750585,-3.2792869,-1.929274,3,walking
1519421828654,-6.391019,-3.2888615,-2.0250196,3,walking
1519421828659,-6.611234,-3.3367343,-2.0537431,3,walking
1519421828665,-6.821874,-3.346309,-1.9675722,3,walking
1519421828669,-7.0612383,-3.3080106,-1.9196993,3,walking
1519421828674,-7.243155,-3.2792869,-1.862252,3,walking
1519421828679,-7.4729443,-3.2218397,-1.8048047,3,walking
1519421828683,-7.7984796,-3.059072,-1.6994845,3,walking
1519421828689,-7.9133744,-2.9441774,-1.6037389,3,walking
1519421828694,-8.258059,-2.752686,-1.469695,3,walking
1519421828699,-8.334655,-2.6090677,-1.3548003,3,walking
1519421828704,-8.411251,-2.5228968,-1.2973529,3,walking
1519421828709,-8.593168,-2.3792782,-1.1728836,3,walking
1519421828714,-8.6697645,-2.2452345,-1.1154363,3,walking
1519421828719,-8.937852,-2.015445,-0.8281995,3,walking
1519421828725,-9.263388,-1.6899099,-0.56011176,3,walking
1519421828729,-9.359133,-1.5079932,-0.44521707,3,walking
1519421828735,-9.464453,-1.3260766,-0.33032233,3,walking
1519421828745,-9.713391,-0.7420284,0.23457673,3,walking
1519421828750,-9.598496,-0.5218136,0.36862057,3,walking
1519421828755,-9.703817,-0.2441513,0.36862057,3,walking
1519421828760,-9.512326,0.18670394,0.36862057,3,walking
1519421828765,-9.359133,0.28244954,0.3398969,3,walking
1519421828770,-9.31126,0.44521707,0.2441513,3,walking
1519421828776,-9.20594,0.47394073,0.081383765,3,walking
1519421828780,-9.071896,0.59841,-0.26330042,3,walking
1519421828786,-8.909128,0.6079846,-0.3877697,3,walking
1519421828796,-8.420826,0.4164934,-0.7228793,3,walking
1519421828801,-8.32508,0.34947145,-0.7324539,3,walking
1519421828806,-8.21976,0.20585304,-0.8281995,3,walking
1519421828811,-8.124015,-0.11968201,-0.92394507,3,walking
1519421828816,-8.229335,-0.33032233,-0.92394507,3,walking
1519421828821,-8.353804,-0.5505372,-1.0005416,3,walking
1519421828827,-8.564445,-0.78032666,-1.0962871,3,walking
1519421828831,-9.062322,-1.383524,-1.2782038,3,walking
1519421828837,-9.359133,-1.6707608,-1.3548003,3,walking
1519421828842,-9.713391,-1.9867213,-1.3930986,3,walking
1519421828847,-10.441058,-2.5420458,-1.5367169,3,walking
1519421828852,-10.871913,-2.8292825,-1.5462915,3,walking
1519421828857,-11.216598,-3.1069448,-1.5079932,3,walking
1519421828866,-11.896391,-3.6431203,-1.3739494,3,walking
1519421828871,-12.231501,-4.0644007,-1.1345854,3,walking
1519421828876,-12.288948,-4.1888704,-0.9622433,3,walking
1519421828881,-12.097457,-4.169721,-0.63670826,3,walking
1519421828886,-12.001712,-3.9207826,-0.5505372,3,walking
1519421828915,-10.2016945,-2.2165108,-0.98139244,3,walking
1519421828926,-9.761265,-1.5558661,-1.14416,3,walking
1519421828930,-9.6942425,-1.4026731,-1.2303311,3,walking
1519421828935,-9.713391,-1.2686293,-1.3069274,3,walking
1519421828939,-9.799562,-1.14416,-1.4792696,3,walking
1519421828943,-10.0868,-1.0101161,-1.8048047,3,walking
1519421828948,-10.6134,-0.93351966,-2.1782124,3,walking
1519421828952,-11.38894,-0.83777404,-2.6090677,3,walking
1519421828956,-12.394268,-0.8952214,-2.8771553,3,walking
1519421828961,-14.443225,-1.3739494,-2.752686,3,walking
1519421828966,-15.180466,-1.862252,-2.2739582,3,walking
1519421829014,-11.36979,-2.7431116,-2.2165108,3,walking
1519421829024,-10.938935,-2.0728924,-2.905879,3,walking
1519421829034,-10.766593,-1.1250108,-3.7292912,3,walking
1519421829039,-10.766593,-1.1250108,-3.7292912,3,walking
1519421829043,-10.910212,-0.6271337,-3.997379,3,walking
1519421829048,-11.015532,-0.46436617,-4.0356774,3,walking
1519421829053,-11.26447,-0.2920241,-4.045252,3,walking
1519421829058,-11.26447,-0.2920241,-4.045252,3,walking
1519421829063,-11.522984,-0.25372586,-3.8537605,3,walking
1519421829085,-11.810221,-0.8281995,-2.647366,3,walking
1519421829090,-11.819795,-1.0771381,-2.4845984,3,walking
1519421829096,-11.858093,-1.3165021,-2.2931073,3,walking
1519421829106,-11.867668,-1.8909757,-2.0250196,3,walking
1519421829110,-11.82937,-1.9867213,-1.9675722,3,walking
1519421829115,-11.781497,-2.0824668,-1.9675722,3,walking
1519421829123,-11.637878,-2.2452345,-2.0058703,3,walking
1519421829128,-11.522984,-2.2452345,-2.0250196,3,walking
1519421829133,-11.302769,-2.0920415,-2.101616,3,walking
1519421829138,-11.226172,-1.9196993,-2.1303396,3,walking
1519421829143,-10.862339,-1.6994845,-2.2931073,3,walking
1519421829148,-10.862339,-1.6994845,-2.2931073,3,walking
1519421829153,-10.421909,-1.4409714,-2.427151,3,walking
1519421829158,-10.2016945,-1.3548003,-2.475024,3,walking
1519421829163,-9.98148,-1.3643749,-2.5420458,3,walking
1519421829168,-9.722966,-1.4122477,-2.6090677,3,walking
1519421829173,-9.474028,-1.3260766,-2.7622607,3,walking
1519421829178,-9.320834,-1.2782038,-2.8484318,3,walking
1519421829183,-9.071896,-1.1728836,-2.8771553,3,walking
1519421829188,-8.34423,-1.3165021,-2.6952388,3,walking
1519421829194,-8.277207,-1.3643749,-2.6569405,3,walking
1519421829199,-8.286782,-1.3548003,-2.5707695,3,walking
1519421829204,-8.21976,-1.3739494,-2.5228968,3,walking
1519421829214,-7.9325233,-1.3260766,-2.2069361,3,walking
1519421829219,-7.9708214,-1.2016073,-2.0633178,3,walking
1519421829224,-8.018694,-1.2877784,-2.0441687,3,walking
1519421829229,-7.8846507,-1.2782038,-1.9388485,3,walking
1519421829235,-7.788905,-1.3356512,-1.8048047,3,walking
1519421829239,-7.7506065,-1.3260766,-1.7186337,3,walking
1519421829245,-7.894225,-1.4505459,-1.7282082,3,walking
1519421829250,-7.9516726,-1.4505459,-1.7856555,3,walking
1519421829255,-7.961247,-1.3643749,-1.7186337,3,walking
1519421829266,-7.9708214,-1.5941644,-1.862252,3,walking
1519421829270,-8.00912,-1.6324625,-1.9005502,3,walking
1519421829276,-8.00912,-1.6037389,-1.9101248,3,walking
1519421829281,-8.037844,-1.4409714,-2.0250196,3,walking
1519421829286,-8.095291,-1.383524,-2.1207652,3,walking
1519421829291,-8.037844,-1.4026731,-2.1590633,3,walking
1519421829296,-8.037844,-1.4505459,-2.1973617,3,walking
1519421829301,-8.095291,-1.4601204,-2.2260852,3,walking
1519421829306,-8.047418,-1.4122477,-2.2165108,3,walking
1519421829311,-8.018694,-1.3260766,-2.1973617,3,walking
1519421829317,-8.028269,-1.3548003,-2.2165108,3,walking
1519421829322,-8.047418,-1.4792696,-2.1782124,3,walking
1519421829327,-8.056993,-1.5367169,-2.1782124,3,walking
1519421829332,-8.018694,-1.7282082,-2.1111906,3,walking
1519421829337,-8.018694,-1.7282082,-2.1399143,3,walking
1519421829342,-7.999545,-1.7377827,-2.1111906,3,walking
1519421829350,-7.9420977,-1.6803354,-2.015445,3,walking
1519421829355,-7.875076,-1.5654407,-2.015445,3,walking
1519421829360,-7.894225,-1.5558661,-2.0537431,3,walking
1519421829366,-7.9325233,-1.5367169,-2.0633178,3,walking
1519421829370,-7.961247,-1.4984187,-2.149489,3,walking
1519421829376,-7.961247,-1.5079932,-2.2069361,3,walking
1519421829381,-7.9899707,-1.469695,-2.1973617,3,walking
1519421829386,-7.9803963,-1.4792696,-2.2739582,3,walking
1519421829391,-7.922949,-1.4601204,-2.34098,3,walking
1519421829396,-7.875076,-1.5175679,-2.3888528,3,walking
1519421829401,-7.7601814,-1.5175679,-2.4463003,3,walking
1519421829407,-7.7601814,-1.5175679,-2.4463003,3,walking
1519421829412,-7.654861,-1.5750152,-2.427151,3,walking
1519421829417,-7.587839,-1.5941644,-2.4175766,3,walking
1519421829422,-7.482519,-1.6420372,-2.3984275,3,walking
1519421829431,-7.4059224,-1.7282082,-2.34098,3,walking
1519421829436,-7.396348,-1.7282082,-2.2931073,3,walking
1519421829441,-7.329326,-1.7282082,-2.1973617,3,walking
1519421829446,-7.2910275,-1.709059,-2.0728924,3,walking
1519421829451,-7.3006024,-1.6803354,-1.929274,3,walking
1519421829456,-7.3006024,-1.6803354,-1.929274,3,walking
1519421829461,-7.310177,-1.6420372,-1.8718265,3,walking
1519421829465,-7.35805,-1.6803354,-1.8335283,3,walking
1519421829470,-7.4154973,-1.7377827,-1.8335283,3,walking
1519421829474,-7.549541,-1.709059,-1.9101248,3,walking
1519421829485,-8.085716,-1.79523,-2.168638,3,walking
1519421829489,-8.363379,-1.8431029,-2.2356598,3,walking
1519421829495,-8.564445,-1.8239537,-2.34098,3,walking
1519421829505,-9.062322,-1.8718265,-2.5037475,3,walking
1519421829509,-9.20594,-1.8143792,-2.475024,3,walking
1519421829515,-9.244238,-1.776081,-2.513322,3,walking
1519421829520,-9.407005,-1.6516117,-2.6090677,3,walking
1519421829525,-9.502751,-1.6516117,-2.6377914,3,walking
1519421829534,-9.560199,-1.776081,-2.4654493,3,walking
1519421829540,-9.54105,-1.7377827,-2.321831,3,walking
1519421829545,-9.493176,-1.7186337,-2.2165108,3,walking
1519421829554,-9.177217,-1.6037389,-1.7473572,3,walking
1519421829559,-9.119769,-1.6324625,-1.6037389,3,walking
1519421829564,-9.004874,-1.709059,-1.3548003,3,walking
1519421829574,-8.822957,-2.0250196,-0.69415563,3,walking
1519421829579,-8.698488,-2.168638,-0.4356425,3,walking
1519421829584,-8.593168,-2.2356598,-0.16755481,3,walking
1519421829594,-8.688913,-2.2931073,0.14840569,3,walking
1519421829599,-8.736787,-2.2931073,0.17712937,3,walking
1519421829604,-8.698488,-2.3314054,0.23457673,3,walking
1519421829610,-8.755936,-2.2643836,0.2920241,3,walking
1519421829615,-8.784659,-2.1973617,0.30159867,3,walking
1519421829624,-9.483603,-1.9101248,-0.00478728,3,walking
1519421829630,-10.019777,-1.776081,-0.26330042,3,walking
1519421829635,-10.757019,-1.5079932,-0.5792609,3,walking
1519421829646,-13.418746,-0.91437054,-1.6611862,3,walking
1519421829651,-14.213435,-0.9526688,-1.9771467,3,walking
1519421829656,-14.711312,-1.1154363,-2.2452345,3,walking
1519421829660,-14.960251,-1.6420372,-2.3314054,3,walking
1519421829665,-14.653865,-1.929274,-2.1207652,3,walking
1519421829670,-14.223009,-2.1782124,-2.0058703,3,walking
1519421829698,-9.991054,-2.8963046,-0.33032233,3,walking
1519421829704,-9.569773,-2.9633265,-0.25372586,3,walking
1519421829729,-10.134672,-2.0728924,-1.0484143,3,walking
1519421829735,-10.584677,-1.8814012,-1.2111819,3,walking
1519421829740,-11.140001,-1.6994845,-1.3356512,3,walking
1519421829762,-13.945347,-1.2399056,-1.6420372,3,walking
1519421829769,-14.194285,-1.1633091,-1.5558661,3,walking
1519421829774,-14.261308,-1.1537346,-1.6420372,3,walking
1519421829779,-14.194285,-1.3548003,-1.5750152,3,walking
1519421829784,-14.165563,-1.5271424,-1.6324625,3,walking
1519421829790,-13.974071,-1.5654407,-1.6516117,3,walking
1519421829794,-13.782579,-1.5175679,-1.6516117,3,walking
1519421829803,-12.872996,-1.2399056,-1.4313968,3,walking
1519421829810,-12.154904,-1.0771381,-1.3356512,3,walking
1519421829814,-12.020861,-1.1250108,-1.4122477,3,walking
1519421829862,-9.052747,-1.4601204,-1.1824582,3,walking
1519421829870,-8.832532,-1.4313968,-1.2111819,3,walking
1519421829878,-8.210186,-1.3739494,-1.3643749,3,walking
1519421829885,-8.047418,-1.3356512,-1.3643749,3,walking
1519421829889,-7.8846507,-1.2877784,-1.4313968,3,walking
1519421829894,-7.6740103,-1.2973529,-1.5750152,3,walking
1519421829900,-7.56869,-1.2494801,-1.7569319,3,walking
1519421829905,-7.3676243,-1.2016073,-1.7569319,3,walking
1519421829914,-6.9271946,-0.93351966,-1.8526775,3,walking
1519421829919,-6.8793216,-0.92394507,-1.9675722,3,walking
1519421829924,-6.8793216,-0.9430942,-2.0920415,3,walking
1519421829933,-6.745278,-1.1345854,-2.4175766,3,walking
1519421829939,-6.6591067,-1.2111819,-2.5324712,3,walking
1519421829944,-6.4197426,-1.1154363,-2.3888528,3,walking
1519421829949,-6.3527207,-1.3452257,-2.6760898,3,walking
1519421829955,-6.3622956,-1.3548003,-2.752686,3,walking
1519421829959,-6.333572,-1.4026731,-2.800559,3,walking
1519421829965,-6.2282515,-1.5175679,-2.819708,3,walking
1519421829970,-5.9697385,-1.6611862,-2.6952388,3,walking
1519421829975,-5.8165455,-1.7856555,-2.6760898,3,walking
1519421829980,-5.7495236,-2.0441687,-2.6282167,3,walking
1519421829985,-5.7495236,-2.0441687,-2.6282167,3,walking
1519421829990,-5.759098,-2.4654493,-2.6090677,3,walking
1519421829995,-5.787822,-2.647366,-2.561195,3,walking
1519421830001,-5.835695,-2.9346027,-2.408002,3,walking
1519421830006,-5.797396,-3.0877957,-2.3122563,3,walking
1519421830010,-5.8165455,-3.3271596,-2.1399143,3,walking
1519421830016,-5.8165455,-3.3271596,-2.1399143,3,walking
1519421830021,-5.9697385,-3.5665238,-2.015445,3,walking
1519421830026,-6.0559096,-3.6335456,-1.9675722,3,walking
1519421830031,-6.1995277,-3.7675896,-1.9388485,3,walking
1519421830038,-6.323997,-3.777164,-1.8909757,3,walking
1519421830044,-6.391019,-3.7292912,-1.8526775,3,walking
1519421830048,-6.458041,-3.690993,-1.8143792,3,walking
1519421830054,-6.525063,-3.671844,-1.7473572,3,walking
1519421830059,-6.6208086,-3.5760984,-1.6133134,3,walking
1519421830065,-6.678256,-3.5569491,-1.6324625,3,walking
1519421830069,-6.7548523,-3.499502,-1.5654407,3,walking
1519421830074,-6.8410234,-3.4707782,-1.5271424,3,walking
1519421830079,-7.051664,-3.3558834,-1.4505459,3,walking
1519421830084,-7.204857,-3.3271596,-1.4026731,3,walking
1519421830089,-7.511243,-3.2218397,-1.3643749,3,walking
1519421830095,-7.511243,-3.2218397,-1.3643749,3,walking
1519421830100,-7.846352,-3.0877957,-1.2686293,3,walking
1519421830105,-8.028269,-3.0494976,-1.2494801,3,walking
1519421830110,-8.411251,-2.9154537,-1.14416,3,walking
1519421830115,-8.602742,-2.867581,-1.0962871,3,walking
1519421830120,-8.7750845,-2.7431116,-1.0675635,3,walking
1519421830125,-8.966576,-2.6377914,-1.0484143,3,walking
1519421830130,-9.263388,-2.494173,-1.0388398,3,walking
1519421830135,-9.41658,-2.4845984,-1.0196906,3,walking
1519421830139,-9.550624,-2.3984275,-1.0675635,3,walking
1519421830143,-9.675094,-2.3122563,-1.0005416,3,walking
1519421830149,-9.85701,-2.187787,-0.90479594,3,walking
1519421830154,-10.010203,-2.1207652,-0.8952214,3,walking
1519421830158,-10.134672,-2.0633178,-0.83777404,3,walking
1519421830163,-10.19212,-2.0537431,-0.77075213,3,walking
1519421830169,-10.383611,-2.0058703,-0.6271337,3,walking
1519421830173,-10.450633,-1.9962958,-0.5218136,3,walking
1519421830182,-10.699572,-1.9101248,-0.36862057,3,walking
1519421830189,-10.94851,-1.8909757,-0.19627848,3,walking
1519421830193,-11.245321,-1.8431029,-0.20585304,3,walking
1519421830198,-11.417664,-1.8335283,-0.19627848,3,walking
1519421830203,-11.810221,-1.8718265,-0.081383765,3,walking
1519421830209,-12.030436,-1.862252,-0.05266008,3,walking
1519421830214,-12.183628,-1.9196993,-0.014361841,3,walking
1519421830222,-12.729378,-2.0633178,0.05266008,3,walking
1519421830228,-12.777251,-2.0728924,0.110107444,3,walking
1519421830233,-12.7964,-2.0537431,0.12925656,3,walking
1519421830239,-12.825124,-1.9579976,0.05266008,3,walking
1519421830244,-12.7964,-1.8909757,-0.062234644,3,walking
1519421830249,-12.719804,-1.776081,-0.20585304,3,walking
1519421830254,-12.719804,-1.6420372,-0.359046,3,walking
1519421830259,-12.470865,-1.4792696,-0.77075213,3,walking
1519421830264,-12.46129,-1.3260766,-0.93351966,3,walking
1519421830273,-12.212352,-1.1058618,-1.3165021,3,walking
1519421830278,-11.915541,-1.0101161,-1.8239537,3,walking
1519421830283,-11.7336235,-0.99096704,-2.0250196,3,walking
1519421830292,-11.628304,-1.0388398,-2.6186423,3,walking
1519421830299,-12.375119,-1.0867126,-3.451629,3,walking
1519421830303,-13.0549135,-1.1728836,-3.6814184,3,walking
1519421830314,-14.491097,-1.8526775,-2.972901,3,walking
1519421830323,-14.376203,-2.7622607,-2.149489,3,walking
1519421830328,-14.136839,-3.6143966,-1.0771381,3,walking
1519421830333,-14.002794,-3.8920588,-0.7228793,3,walking
1519421830337,-13.868751,-4.1888704,-0.40691882,3,walking
1519421830342,-13.658111,-4.3995104,-0.18670394,3,walking
1519421830348,-13.083637,-4.715471,0.18670394,3,walking
1519421830353,-12.748528,-4.715471,0.3111732,3,walking
1519421830357,-12.46129,-4.5718527,0.32074776,3,walking
1519421830362,-12.164479,-4.351638,0.17712937,3,walking
1519421830368,-11.4272375,-3.604822,-0.11968201,3,walking
1519421830373,-11.082554,-3.126094,-0.4356425,3,walking
1519421830378,-10.938935,-2.6090677,-0.6271337,3,walking
1519421830382,-10.900637,-2.0537431,-0.90479594,3,walking
1519421830388,-11.111278,-0.9718179,-1.5367169,3,walking
1519421830393,-11.38894,-0.49308985,-1.776081,3,walking
1519421830402,-12.614484,0.5218136,-2.580344,3,walking
1519421830408,-12.930444,0.6845811,-2.8580062,3,walking
1519421830413,-13.1602335,0.78990126,-2.9250283,3,walking
1519421830418,-13.227255,1.0292653,-3.039923,3,walking
1519421830423,-13.102786,1.0579889,-3.020774,3,walking
1519421830427,-13.102786,1.0579889,-3.020774,3,walking
1519421830432,-12.815549,1.0579889,-3.0494976,3,walking
1519421830438,-12.633633,0.98139244,-3.1069448,3,walking
1519421830443,-12.518738,0.9430942,-3.0877957,3,walking
1519421830448,-12.480439,1.0005416,-3.078221,3,walking
1519421830452,-12.317672,1.0101161,-3.1643922,3,walking
1519421830458,-12.145329,1.0962871,-3.2026904,3,walking
1519421830463,-11.714475,0.98139244,-3.4420545,3,walking
1519421830467,-11.609155,0.92394507,-3.499502,3,walking
1519421830472,-11.532558,0.78990126,-3.4707782,3,walking
1519421830478,-11.28362,0.63670826,-3.4229054,3,walking
1519421830483,-11.111278,0.5792609,-3.4037561,3,walking
1519421830492,-10.622974,0.22500217,-3.0686467,3,walking
1519421830498,-10.460207,0.043085523,-3.0494976,3,walking
1519421830503,-10.29744,-0.081383765,-2.8771553,3,walking
1519421830508,-10.010203,-0.56968635,-2.8580062,3,walking
1519421830513,-9.876159,-0.77075213,-2.752686,3,walking
1519421830517,-9.847435,-0.78032666,-2.6856642,3,walking
1519421830522,-9.799562,-0.7994758,-2.4367256,3,walking
1519421830528,-9.943181,-0.93351966,-2.4845984,3,walking
1519421830533,-9.914457,-1.1250108,-2.6282167,3,walking
1519421830537,-9.8953085,-1.2686293,-2.666515,3,walking
1519421830542,-9.847435,-1.3643749,-2.6952388,3,walking
1519421830548,-9.780414,-1.383524,-2.6377914,3,walking
1519421830552,-9.703817,-0.98139244,-2.6282167,3,walking
1519421830557,-9.62722,-0.7228793,-2.7239625,3,walking
1519421830562,-9.608071,-0.78990126,-2.9824755,3,walking
1519421830568,-9.091045,-1.1154363,-3.3175852,3,walking
1519421830573,-9.014449,-1.2016073,-3.384607,3,walking
1519421830581,-8.66019,-1.0579889,-3.3941817,3,walking
1519421830588,-8.277207,-0.751603,-3.4229054,3,walking
1519421830593,-8.037844,-0.6750065,-3.5569491,3,walking
1519421830598,-7.5974135,-0.512239,-3.346309,3,walking
1519421830602,-7.4920936,-0.42606795,-3.3367343,3,walking
1519421830607,-7.348475,-0.37819514,-3.4324799,3,walking
1519421830612,-7.2718787,-0.28244954,-3.4899273,3,walking
1519421830617,-7.0325146,-0.15798025,-3.3750327,3,walking
1519421830622,-6.975067,-0.110107444,-3.2888615,3,walking
1519421830627,-6.936769,-0.12925656,-3.193116,3,walking
1519421830632,-6.9559183,-0.16755481,-3.1452432,3,walking
1519421830637,-7.042089,-0.28244954,-3.078221,3,walking
1519421830642,-7.2335806,-0.56968635,-3.039923,3,walking
1519421830647,-7.243155,-0.76117754,-3.020774,3,walking
1519421830652,-7.281453,-0.93351966,-2.9346027,3,walking
1519421830658,-7.2910275,-1.1633091,-2.6377914,3,walking
1519421830662,-7.35805,-1.2686293,-2.6186423,3,walking
1519421830671,-7.482519,-1.3930986,-2.5228968,3,walking
1519421830678,-7.6452866,-1.4026731,-2.4654493,3,walking
1519421830682,-7.721883,-1.3739494,-2.427151,3,walking
1519421830688,-7.635712,-1.2016073,-2.6186423,3,walking
1519421830693,-7.5399666,-1.0771381,-2.6377914,3,walking
1519421830697,-7.4537954,-1.0101161,-2.6569405,3,walking
1519421830702,-7.4442205,-0.90479594,-2.666515,3,walking
1519421830707,-7.3676243,-0.8473486,-2.7239625,3,walking
1519421830712,-7.35805,-0.751603,-2.6856642,3,walking
1519421830717,-7.310177,-0.71330476,-2.6090677,3,walking
1519421830722,-7.2623043,-0.7228793,-2.6186423,3,walking
1519421830727,-7.2623043,-0.7228793,-2.5324712,3,walking
1519421830732,-7.1665583,-0.8186249,-2.475024,3,walking
1519421830737,-7.12826,-0.8664977,-2.4175766,3,walking
1519421830742,-7.051664,-0.91437054,-2.3026817,3,walking
1519421830747,-6.975067,-0.98139244,-2.1973617,3,walking
1519421830752,-6.9463434,-1.0675635,-2.1590633,3,walking
1519421830761,-6.831449,-1.2494801,-1.9675722,3,walking
1519421830767,-6.678256,-1.3930986,-1.862252,3,walking
1519421830772,-6.630383,-1.469695,-1.8526775,3,walking
1519421830777,-6.525063,-1.5079932,-1.8143792,3,walking
1519421830782,-6.458041,-1.5941644,-1.79523,3,walking
1519421830787,-6.391019,-1.5462915,-1.7377827,3,walking
1519421830791,-6.4293175,-1.5271424,-1.7377827,3,walking
1519421830797,-6.515488,-1.4409714,-1.8526775,3,walking
1519421830801,-6.6495323,-1.4026731,-1.9388485,3,walking
1519421830807,-6.7931504,-1.3643749,-1.9867213,3,walking
1519421830812,-6.936769,-1.3739494,-2.034594,3,walking
1519421830817,-7.0612383,-1.3643749,-2.0633178,3,walking
1519421830821,-7.2718787,-1.2877784,-2.0728924,3,walking
1519421830826,-7.4250717,-1.2782038,-2.0633178,3,walking
1519421830831,-7.5303917,-1.2590547,-2.0633178,3,walking
1519421830837,-7.6452866,-1.3069274,-2.0441687,3,walking
1519421830841,-7.8655014,-1.3548003,-1.9675722,3,walking
1519421830846,-7.8655014,-1.3548003,-1.9675722,3,walking
1519421830851,-8.037844,-1.4505459,-1.9388485,3,walking
1519421830856,-8.124015,-1.5079932,-1.9101248,3,walking
1519421830861,-8.286782,-1.5750152,-1.9388485,3,walking
1519421830867,-8.430401,-1.6324625,-1.9101248,3,walking
1519421830871,-8.535721,-1.6899099,-1.9388485,3,walking
1519421830877,-8.870831,-1.7856555,-2.015445,3,walking
1519421830881,-8.9761505,-1.8814012,-1.948423,3,walking
1519421830887,-9.158067,-1.9388485,-1.9867213,3,walking
1519421830891,-9.407005,-2.0824668,-1.948423,3,walking
1519421830896,-9.54105,-2.187787,-1.8909757,3,walking
1519421830902,-9.636795,-2.2643836,-1.862252,3,walking
1519421830907,-9.866585,-2.4463003,-1.79523,3,walking
1519421830911,-9.952756,-2.5707695,-1.709059,3,walking
1519421830916,-9.952756,-2.5707695,-1.709059,3,walking
1519421830921,-10.19212,-2.800559,-1.5845897,3,walking
1519421830927,-10.230418,-2.905879,-1.5175679,3,walking
1519421830931,-10.29744,-3.0877957,-1.3643749,3,walking
1519421830936,-10.393186,-3.0973704,-1.2303311,3,walking
1519421830941,-10.431483,-3.1356685,-1.1633091,3,walking
1519421830947,-10.488931,-3.1548176,-1.0579889,3,walking
1519421830951,-10.833615,-3.0303483,-1.0484143,3,walking
1519421830957,-11.072979,-2.9824755,-1.1728836,3,walking
1519421830961,-11.360216,-2.9441774,-1.2111819,3,walking
1519421830967,-12.442142,-2.4367256,-1.5462915,3,walking
1519421830971,-13.198531,-2.1111906,-1.8526775,3,walking
1519421830978,-14.577269,-1.5367169,-2.3505547,3,walking
1519421830983,-15.055996,-1.4409714,-2.513322,3,walking
1519421830992,-15.151742,-1.5367169,-2.6856642,3,walking
1519421830997,-14.242159,-1.5750152,-2.0633178,3,walking
1519421831001,-13.926198,-1.5462915,-2.1111906,3,walking
1519421831006,-13.782579,-1.6516117,-2.1590633,3,walking
1519421831011,-13.715558,-1.8048047,-2.1590633,3,walking
1519421831016,-13.524067,-1.9579976,-2.168638,3,walking
1519421831021,-12.624058,-2.2739582,-1.7569319,3,walking
1519421831026,-12.231501,-2.494173,-1.5462915,3,walking
1519421831031,-12.087883,-2.7431116,-1.79523,3,walking
1519421831037,-10.900637,-3.2218397,-1.5558661,3,walking
1519421831041,-10.0868,-3.384607,-1.0484143,3,walking
1519421831048,-9.004874,-3.2984362,-0.7228793,3,walking
1519421831053,-9.004874,-3.2984362,-0.7228793,3,walking
1519421831057,-9.071896,-3.2026904,-1.2494801,3,walking
1519421831104,-15.027272,-2.800559,-2.7239625,3,walking
1519421831113,-14.730461,-2.6856642,-2.867581,3,walking
1519421831121,-14.510246,-2.5228968,-2.9633265,3,walking
1519421831128,-13.878325,-2.168638,-3.173967,3,walking
1519421831133,-13.476193,-2.0441687,-3.2888615,3,walking
1519421831138,-12.786825,-1.6994845,-3.384607,3,walking
1519421831142,-12.786825,-1.6994845,-3.384607,3,walking
1519421831185,-9.445304,-0.8952214,-1.9962958,3,walking
1519421831192,-8.755936,-1.0101161,-1.6994845,3,walking
1519421831200,-8.277207,-1.1537346,-1.6037389,3,walking
1519421831205,-8.085716,-1.2399056,-1.5654407,3,walking
1519421831212,-7.8176284,-1.2877784,-1.5558661,3,walking
1519421831216,-7.654861,-1.2877784,-1.4984187,3,walking
1519421831221,-7.2623043,-1.1537346,-1.5175679,3,walking
1519421831226,-7.02294,-1.1250108,-1.5558661,3,walking
1519421831231,-6.8888965,-1.0771381,-1.5941644,3,walking
1519421831236,-6.6878304,-1.0484143,-1.6324625,3,walking
1519421831241,-6.4197426,-1.0579889,-1.6803354,3,walking
1519421831246,-6.132506,-0.99096704,-1.776081,3,walking
1519421831252,-6.132506,-0.99096704,-1.776081,3,walking
1519421831256,-5.9697385,-0.8760723,-1.9196993,3,walking
1519421831262,-5.9027166,-0.83777404,-1.948423,3,walking
1519421831266,-5.9218655,-0.78990126,-2.0728924,3,walking
1519421831271,-5.8548436,-0.7994758,-2.1782124,3,walking
1519421831276,-5.845269,-0.85692316,-2.254809,3,walking
1519421831281,-5.8835673,-0.91437054,-2.2835326,3,walking
1519421831286,-5.873993,-1.0292653,-2.360129,3,walking
1519421831291,-5.9314404,-1.3548003,-2.3984275,3,walking
1519421831296,-5.988888,-1.5079932,-2.408002,3,walking
1519421831302,-6.017611,-1.6994845,-2.4175766,3,walking
1519421831307,-6.0846334,-2.0633178,-2.494173,3,walking
1519421831312,-6.0559096,-2.2069361,-2.5228968,3,walking
1519421831317,-6.180379,-2.5420458,-2.4654493,3,walking
1519421831322,-6.2378263,-2.7239625,-2.4558747,3,walking
1519421831328,-6.2474008,-2.8580062,-2.3984275,3,walking
1519421831333,-6.410168,-3.0303483,-2.4175766,3,walking
1519421831338,-6.486765,-3.0686467,-2.3697038,3,walking
1519421831343,-6.563361,-3.059072,-2.2931073,3,walking
1519421831348,-6.678256,-2.88673,-2.1303396,3,walking
1519421831353,-6.7261286,-2.8101335,-2.034594,3,walking
1519421831358,-6.821874,-2.7048132,-2.0250196,3,walking
1519421831363,-6.8793216,-2.6282167,-1.8814012,3,walking
1519421831368,-7.042089,-2.475024,-1.7377827,3,walking
1519421831373,-7.1091113,-2.3792782,-1.6611862,3,walking
1519421831378,-7.156984,-2.321831,-1.5941644,3,walking
1519421831384,-7.2240057,-2.2739582,-1.5271424,3,walking
1519421831388,-7.3676243,-2.0824668,-1.4601204,3,walking
1519421831393,-7.4250717,-2.0250196,-1.4026731,3,walking
1519421831397,-7.434646,-1.929274,-1.2590547,3,walking
1519421831401,-7.5303917,-1.8239537,-1.1058618,3,walking
1519421831406,-7.6452866,-1.776081,-1.0005416,3,walking
1519421831411,-7.7601814,-1.7856555,-0.9622433,3,walking
1519421831416,-8.00912,-1.8239537,-0.90479594,3,walking
1519421831422,-8.104865,-1.8143792,-0.76117754,3,walking
1519421831426,-8.277207,-1.7665064,-0.54096264,3,walking
1519421831432,-8.315506,-1.7186337,-0.40691882,3,walking
1519421831437,-8.372953,-1.7377827,-0.3398969,3,walking
1519421831442,-8.55487,-1.6899099,-0.27287498,3,walking
1519421831447,-8.6697645,-1.6133134,-0.26330042,3,walking
1519421831451,-8.755936,-1.5845897,-0.18670394,3,walking
1519421831456,-8.870831,-1.5079932,-0.20585304,3,walking
1519421831461,-9.014449,-1.383524,-0.19627848,3,walking
1519421831466,-9.148493,-1.3260766,-0.26330042,3,walking
1519421831471,-9.483603,-1.1920328,-0.46436617,3,walking
1519421831476,-9.64637,-1.0962871,-0.59841,3,walking
1519421831481,-9.818711,-1.0005416,-0.6079846,3,walking
1519421831486,-10.134672,-0.8760723,-0.7994758,3,walking
1519421831492,-10.287866,-0.8473486,-0.8760723,3,walking
1519421831497,-10.603826,-0.90479594,-1.0292653,3,walking
1519421831502,-10.689997,-0.9526688,-1.0771381,3,walking
1519421831507,-10.82404,-1.1537346,-1.1920328,3,walking
1519421831511,-10.919786,-1.2686293,-1.2303311,3,walking
1519421831516,-10.986808,-1.3452257,-1.1345854,3,walking
1519421831520,-11.034681,-1.4409714,-1.14416,3,walking
1519421831526,-10.996383,-1.622888,-1.0196906,3,walking
1519421831531,-11.072979,-1.6994845,-0.98139244,3,walking
1519421831536,-11.178299,-1.709059,-0.9526688,3,walking
1519421831541,-11.245321,-1.8048047,-0.9526688,3,walking
1519421831545,-11.245321,-1.8048047,-0.9526688,3,walking
1519421831552,-11.522984,-2.0633178,-0.91437054,3,walking
1519421831557,-11.609155,-2.0250196,-0.93351966,3,walking
1519421831561,-11.609155,-1.9579976,-0.9718179,3,walking
1519421831565,-11.609155,-1.9579976,-0.9718179,3,walking
1519421831570,-11.695326,-1.9196993,-0.90479594,3,walking
1519421831575,-11.695326,-1.8814012,-0.8952214,3,walking
1519421831580,-11.695326,-1.8239537,-0.98139244,3,walking
1519421831586,-11.618729,-1.8048047,-0.9526688,3,walking
1519421831591,-11.590006,-1.7377827,-0.93351966,3,walking
1519421831595,-11.484685,-1.6611862,-0.93351966,3,walking
1519421831600,-11.26447,-1.6133134,-1.0101161,3,walking
1519421831606,-11.140001,-1.6516117,-1.0675635,3,walking
1519421831610,-10.977234,-1.6803354,-1.1058618,3,walking
1519421831616,-10.747444,-1.6611862,-1.2303311,3,walking
1519421831621,-10.651698,-1.6420372,-1.3452257,3,walking
1519421831626,-10.689997,-1.4218222,-1.7186337,3,walking
1519421831630,-10.689997,-1.4218222,-1.7186337,3,walking
1519421831635,-11.312344,-1.1345854,-2.4175766,3,walking
1519421831640,-11.867668,-1.0484143,-2.6377914,3,walking
1519421831650,-13.112361,-1.6516117,-2.3984275,3,walking
1519421831655,-13.303852,-2.0633178,-2.0633178,3,walking
1519421831660,-13.275128,-2.513322,-1.6803354,3,walking
1519421831665,-13.150659,-2.972901,-1.4218222,3,walking
1519421831671,-12.882571,-3.7292912,-0.8281995,3,walking
1519421831702,-11.082554,-3.8537605,-0.9622433,3,walking
1519421831711,-10.728295,-2.88673,-1.8431029,3,walking
1519421831718,-10.814466,-2.5324712,-2.1782124,3,walking
1519421831726,-11.551707,-1.6324625,-3.1835413,3,walking
1519421831733,-11.953838,-1.3548003,-3.499502,3,walking
1519421831738,-12.394268,-1.0962871,-3.7675896,3,walking
1519421831742,-12.786825,-0.8664977,-4.0356774,3,walking
1519421831749,-13.34215,-0.6079846,-4.1792955,3,walking
1519421831753,-13.485768,-0.5218136,-4.2080193,3,walking
1519421831758,-13.552791,-0.5218136,-4.1122737,3,walking
1519421831801,-11.618729,-0.9622433,-3.193116,3,walking
1519421831808,-11.254896,-0.92394507,-2.972901,3,walking
1519421831816,-10.795317,-0.7420284,-2.819708,3,walking
1519421831824,-10.699572,-0.76117754,-2.8101335,3,walking
1519421831828,-10.661273,-0.8090504,-2.8771553,3,walking
1519421831837,-10.584677,-0.92394507,-2.8580062,3,walking
1519421831841,-10.594251,-0.98139244,-2.9154537,3,walking
1519421831845,-10.565528,-1.0101161,-2.9633265,3,walking
1519421831850,-10.575102,-1.2016073,-2.9537518,3,walking
1519421831856,-10.603826,-1.2399056,-2.972901,3,walking
1519421831860,-10.565528,-1.3069274,-2.972901,3,walking
1519421831865,-10.536804,-1.469695,-3.0877957,3,walking
1519421831870,-10.479357,-1.5654407,-3.1452432,3,walking
1519421831876,-10.268716,-1.6516117,-3.0877957,3,walking
1519421831880,-10.096374,-1.7665064,-3.059072,3,walking
1519421831885,-9.971905,-1.9101248,-3.1356685,3,walking
1519421831891,-9.7899885,-1.9579976,-3.1165195,3,walking
1519421831896,-9.617646,-1.8431029,-3.1356685,3,walking
1519421831901,-9.301685,-1.5271424,-3.3175852,3,walking
1519421831906,-9.004874,-1.3643749,-3.346309,3,walking
1519421831911,-8.650616,-1.0292653,-3.1835413,3,walking
1519421831917,-8.411251,-0.9718179,-3.078221,3,walking
1519421831921,-8.411251,-0.9718179,-3.078221,3,walking
1519421831925,-7.846352,-1.0675635,-3.3080106,3,walking
1519421831930,-7.654861,-0.9526688,-3.212265,3,walking
1519421831935,-7.3389006,-0.6271337,-3.1069448,3,walking
1519421831941,-7.156984,-0.37819514,-3.0686467,3,walking
1519421831946,-7.003791,-0.2154276,-2.972901,3,walking
1519421831951,-6.7740016,-0.05266008,-2.905879,3,walking
1519421831956,-6.697405,-0.110107444,-2.8484318,3,walking
1519421831961,-6.5825105,-0.18670394,-2.7431116,3,walking
1519421831966,-6.391019,-0.3111732,-2.475024,3,walking
1519421831971,-6.3144226,-0.40691882,-2.4654493,3,walking
1519421831977,-6.3144226,-0.5313881,-2.4654493,3,walking
1519421831982,-6.218677,-0.91437054,-2.34098,3,walking
1519421831987,-6.1229315,-1.0867126,-2.2165108,3,walking
1519421831992,-6.0750585,-1.1920328,-2.1111906,3,walking
1519421831997,-5.941015,-1.3739494,-1.929274,3,walking
1519421832002,-5.9218655,-1.4122477,-1.8526775,3,walking
1519421832008,-5.912291,-1.5367169,-1.8335283,3,walking
1519421832018,-5.8931417,-1.8048047,-1.8431029,3,walking
1519421832022,-5.8644185,-1.9005502,-1.8143792,3,walking
1519421832028,-5.8165455,-1.9101248,-1.8335283,3,walking
1519421832033,-5.634629,-2.015445,-1.8335283,3,walking
1519421832037,-5.634629,-2.015445,-1.8335283,3,walking
1519421832042,-5.6154795,-1.9962958,-1.7856555,3,walking
1519421832046,-5.6250544,-2.0058703,-1.79523,3,walking
1519421832050,-5.586756,-1.948423,-1.79523,3,walking
1519421832055,-5.5484576,-1.9005502,-1.862252,3,walking
1519421832060,-5.5484576,-1.9005502,-1.862252,3,walking
1519421832065,-5.519734,-1.8718265,-1.9101248,3,walking
1519421832071,-5.605905,-1.8431029,-1.9579976,3,walking
1519421832076,-5.5771813,-1.8431029,-2.0441687,3,walking
1519421832081,-5.586756,-1.8814012,-2.0633178,3,walking
1519421832086,-5.567607,-1.9196993,-2.0633178,3,walking
1519421832091,-5.5771813,-2.0537431,-2.0633178,3,walking
1519421832096,-5.5771813,-2.1111906,-2.0441687,3,walking
1519421832100,-5.5771813,-2.1111906,-2.0441687,3,walking
1519421832105,-5.653778,-2.187787,-1.9867213,3,walking
1519421832110,-5.6633525,-2.2739582,-1.9771467,3,walking
1519421832115,-5.7112255,-2.3505547,-1.862252,3,walking
1519421832121,-5.7112255,-2.3505547,-1.862252,3,walking
1519421832127,-5.8835673,-2.714388,-1.5462915,3,walking
1519421832131,-5.912291,-2.819708,-1.4984187,3,walking
1519421832137,-5.998462,-2.8484318,-1.4218222,3,walking
1519421832141,-6.094208,-2.9154537,-1.4026731,3,walking
1519421832147,-6.4197426,-2.905879,-1.3739494,3,walking
1519421832152,-6.6878304,-2.8580062,-1.469695,3,walking
1519421832157,-6.9463434,-2.819708,-1.5654407,3,walking
1519421832161,-7.310177,-2.7718353,-1.5654407,3,walking
1519421832165,-7.9325233,-2.7048132,-1.6516117,3,walking
1519421832170,-7.9325233,-2.7048132,-1.6516117,3,walking
1519421832175,-8.679339,-2.6186423,-1.79523,3,walking
1519421832181,-9.052747,-2.6186423,-1.8143792,3,walking
1519421832185,-9.742115,-2.5516202,-1.8718265,3,walking
1519421832190,-9.742115,-2.5516202,-1.8718265,3,walking
1519421832195,-10.383611,-2.5228968,-1.9005502,3,walking
1519421832200,-10.622974,-2.5324712,-1.8814012,3,walking
1519421832205,-10.871913,-2.5324712,-1.8239537,3,walking
1519421832210,-11.178299,-2.5324712,-1.6899099,3,walking
1519421832216,-11.455961,-2.4175766,-1.6516117,3,walking
1519421832221,-11.647452,-2.2452345,-1.6133134,3,walking
1519421832226,-11.791071,-2.187787,-1.6324625,3,walking
1519421832231,-11.925115,-2.0537431,-1.6516117,3,walking
1519421832236,-12.087883,-1.9579976,-1.6516117,3,walking
1519421832241,-12.317672,-1.7569319,-1.6133134,3,walking
1519421832246,-12.451715,-1.6803354,-1.622888,3,walking
1519421832254,-12.729378,-1.469695,-1.6899099,3,walking
1519421832259,-12.8538475,-1.3069274,-1.7282082,3,walking
1519421832263,-12.968742,-1.0962871,-1.7377827,3,walking
1519421832269,-13.016615,-1.0101161,-1.7186337,3,walking
1519421832274,-13.064487,-0.9526688,-1.6707608,3,walking
1519421832279,-12.987891,-0.93351966,-1.5941644,3,walking
1519421832283,-12.892146,-0.90479594,-1.4601204,3,walking
1519421832288,-12.624058,-0.99096704,-1.2207564,3,walking
1519421832292,-12.490014,-1.0484143,-1.0292653,3,walking
1519421832297,-12.279374,-1.1250108,-0.83777404,3,walking
1519421832305,-11.963413,-1.2016073,-0.512239,3,walking
1519421832310,-11.858093,-1.1824582,-0.45479164,3,walking
1519421832315,-11.810221,-1.1154363,-0.3877697,3,walking
1519421832320,-12.001712,-0.7228793,-0.5792609,3,walking
1519421832325,-12.451715,-0.40691882,-0.98139244,3,walking
1519421832330,-12.940019,-0.18670394,-1.3930986,3,walking
1519421832336,-14.194285,0.023936402,-2.3505547,3,walking
1519421832341,-14.443225,0.014361841,-2.5324712,3,walking
1519421832345,-13.648536,-0.4356425,-2.3122563,3,walking
1519421832389,-7.7984796,-2.6569405,-0.7324539,3,walking
1519421832397,-7.3006024,-2.7431116,-1.14416,3,walking
1519421832405,-7.6261373,-2.8101335,-1.4888442,3,walking
1519421832413,-7.961247,-2.752686,-1.79523,3,walking
1519421832421,-8.947427,-2.7239625,-2.2356598,3,walking
1519421832427,-10.431483,-2.5707695,-2.3697038,3,walking
1519421832432,-11.101703,-2.4558747,-2.4175766,3,walking
1519421832441,-12.537887,-2.513322,-2.6282167,3,walking
1519421832446,-13.246405,-2.7239625,-2.7622607,3,walking
1519421832493,-11.886817,-3.212265,-3.3558834,3,walking
1519421832501,-10.833615,-2.88673,-3.1643922,3,walking
1519421832509,-10.153821,-2.4654493,-2.8963046,3,walking
1519421832517,-9.560199,-1.9675722,-2.4367256,3,walking
1519421832524,-9.407005,-1.7856555,-2.1973617,3,walking
1519421832529,-9.138918,-1.622888,-1.9962958,3,walking
1519421832533,-8.947427,-1.4218222,-1.8143792,3,walking
1519421832538,-8.784659,-1.3452257,-1.709059,3,walking
1519421832542,-8.535721,-1.2494801,-1.5271424,3,walking
1519421832547,-8.478273,-1.1633091,-1.4409714,3,walking
1519421832556,-8.200611,-1.2686293,-1.6324625,3,walking
1519421832562,-8.095291,-1.3643749,-1.6707608,3,walking
1519421832568,-8.037844,-1.4122477,-1.79523,3,walking
1519421832577,-7.7123084,-1.4792696,-1.79523,3,walking
1519421832582,-7.5974135,-1.5367169,-1.8335283,3,walking
1519421832587,-7.482519,-1.5845897,-1.8335283,3,walking
1519421832597,-7.310177,-1.8814012,-1.7665064,3,walking
1519421832602,-7.2718787,-2.0058703,-1.6899099,3,walking
1519421832607,-7.1474094,-2.1590633,-1.6516117,3,walking
1519421832613,-7.042089,-2.3314054,-1.5941644,3,walking
1519421832618,-7.0133657,-2.408002,-1.5271424,3,walking
1519421832622,-6.8888965,-2.4845984,-1.5367169,3,walking
1519421832627,-6.7931504,-2.5994933,-1.5175679,3,walking
1519421832633,-6.7548523,-2.6186423,-1.5271424,3,walking
1519421832637,-6.6878304,-2.6569405,-1.5079932,3,walking
1519421832647,-6.5729356,-2.714388,-1.5367169,3,walking
1519421832651,-6.515488,-2.7048132,-1.5941644,3,walking
1519421832655,-6.4963393,-2.666515,-1.5941644,3,walking
1519421832662,-6.5059137,-2.5420458,-1.7186337,3,walking
1519421832667,-6.525063,-2.4558747,-1.7377827,3,walking
1519421832672,-6.5729356,-2.3888528,-1.8048047,3,walking
1519421832676,-6.6016593,-2.2835326,-1.8239537,3,walking
1519421832687,-6.8027253,-1.9196993,-1.8526775,3,walking
1519421832692,-6.831449,-1.8048047,-1.8048047,3,walking
1519421832697,-6.8888965,-1.709059,-1.7665064,3,walking
1519421832703,-7.0325146,-1.5845897,-1.6994845,3,walking
1519421832708,-7.12826,-1.5271424,-1.5750152,3,walking
1519421832713,-7.396348,-1.4601204,-1.4601204,3,walking
1519421832718,-7.501668,-1.469695,-1.469695,3,walking
1519421832723,-7.56869,-1.4888442,-1.3739494,3,walking
1519421832728,-7.654861,-1.5367169,-1.2973529,3,walking
1519421832732,-7.7506065,-1.5845897,-1.2111819,3,walking
1519421832737,-7.855927,-1.6803354,-1.0579889,3,walking
1519421832742,-7.894225,-1.7282082,-1.0005416,3,walking
1519421832748,-7.8846507,-1.7377827,-0.92394507,3,walking
1519421832753,-7.922949,-1.7186337,-0.8856468,3,walking
1519421832758,-7.9325233,-1.6899099,-0.90479594,3,walking
1519421832763,-7.9899707,-1.6420372,-0.9526688,3,walking
1519421832768,-7.9899707,-1.6420372,-0.9526688,3,walking
1519421832773,-7.9803963,-1.5750152,-1.0196906,3,walking
1519421832778,-7.961247,-1.5750152,-1.0388398,3,walking
1519421832783,-7.999545,-1.5558661,-1.0579889,3,walking
1519421832789,-7.999545,-1.5558661,-1.0579889,3,walking
1519421832794,-7.9420977,-1.5175679,-1.2207564,3,walking
1519421832799,-7.9133744,-1.4792696,-1.1920328,3,walking
1519421832804,-7.9133744,-1.4218222,-1.2207564,3,walking
1519421832812,-7.9325233,-1.3930986,-1.2207564,3,walking
1519421832818,-7.999545,-1.4313968,-1.2590547,3,walking
1519421832823,-7.999545,-1.4313968,-1.2590547,3,walking
1519421832828,-8.353804,-1.4313968,-1.2111819,3,walking
1519421832833,-8.66019,-1.4601204,-1.2016073,3,walking
1519421832839,-8.66019,-1.4601204,-1.2016073,3,walking
1519421832844,-9.014449,-1.5845897,-1.2399056,3,walking
1519421832848,-9.158067,-1.6420372,-1.2303311,3,walking
1519421832853,-9.339984,-1.6516117,-1.2111819,3,walking
1519421832857,-9.550624,-1.6516117,-1.1633091,3,walking
1519421832866,-10.058076,-1.6803354,-1.14416,3,walking
1519421832872,-10.278291,-1.7186337,-1.1345854,3,walking
1519421832877,-10.460207,-1.776081,-1.14416,3,walking
1519421832883,-10.795317,-1.8335283,-1.1250108,3,walking
1519421832888,-10.967659,-1.9005502,-1.1537346,3,walking
1519421832893,-11.26447,-1.9388485,-1.2590547,3,walking
1519421832898,-11.398514,-1.948423,-1.2877784,3,walking
1519421832903,-11.49426,-1.9579976,-1.2973529,3,walking
1519421832909,-11.561282,-1.9867213,-1.2973529,3,walking
1519421832914,-11.7049,-1.8909757,-1.2973529,3,walking
1519421832922,-11.752773,-1.7569319,-1.1824582,3,walking
1519421832928,-11.743198,-1.6324625,-1.1824582,3,walking
1519421832933,-11.628304,-1.3930986,-1.1920328,3,walking
1519421832938,-11.628304,-1.2399056,-1.2016073,3,walking
1519421832943,-11.455961,-1.0579889,-1.3452257,3,walking
1519421832948,-11.455961,-1.0579889,-1.3452257,3,walking
1519421832953,-11.341067,-0.9622433,-1.5367169,3,walking
1519421832958,-11.207023,-0.90479594,-1.6707608,3,walking
1519421832963,-11.111278,-0.85692316,-1.7856555,3,walking
1519421832968,-11.111278,-0.85692316,-1.7856555,3,walking
1519421832973,-10.536804,-0.92394507,-1.9579976,3,walking
1519421832978,-10.326163,-1.0196906,-2.0250196,3,walking
1519421832984,-10.163396,-1.1537346,-2.0728924,3,walking
1519421832988,-10.077225,-1.2207564,-2.2835326,3,walking
1519421832994,-10.642124,-1.1250108,-2.8101335,3,walking
1519421833001,-11.15915,-1.14416,-3.039923,3,walking
1519421833007,-12.020861,-1.4601204,-2.9154537,3,walking
1519421833012,-12.164479,-1.7473572,-2.513322,3,walking
1519421833019,-11.905966,-2.6186423,-1.709059,3,walking
1519421833025,-11.580431,-3.0973704,-1.2016073,3,walking
1519421833031,-11.025106,-4.016528,-0.42606795,3,walking
1519421833072,-10.622974,-3.9495063,-1.4601204,3,walking
1519421833081,-10.757019,-3.212265,-2.0633178,3,walking
1519421833089,-11.226172,-2.3026817,-3.1356685,3,walking
1519421833095,-11.446387,-2.0250196,-3.4420545,3,walking
1519421833102,-12.107032,-1.469695,-4.121848,3,walking
1519421833106,-12.470865,-1.1824582,-4.351638,3,walking
1519421833118,-13.284702,-0.8186249,-4.6388745,3,walking
1519421833122,-13.418746,-0.90479594,-4.5335546,3,walking
1519421833126,-13.504917,-0.98139244,-4.3803616,3,walking
1519421833169,-12.595334,-2.6856642,-2.2835326,3,walking
1519421833176,-12.087883,-2.8963046,-2.015445,3,walking
1519421833183,-11.647452,-2.8101335,-1.9675722,3,walking
1519421833191,-11.26447,-2.5516202,-1.9771467,3,walking
1519421833196,-11.082554,-2.3792782,-2.034594,3,walking
1519421833206,-10.460207,-2.0250196,-2.254809,3,walking
1519421833211,-10.345312,-1.8909757,-2.3697038,3,walking
1519421833216,-10.2016945,-1.7473572,-2.4367256,3,walking
1519421833225,-9.569773,-1.4409714,-2.5899186,3,walking
1519421833231,-9.263388,-1.3739494,-2.647366,3,walking
1519421833236,-9.033598,-1.3356512,-2.7431116,3,walking
1519421833242,-8.516571,-1.4792696,-2.8484318,3,walking
1519421833247,-8.2676325,-1.6324625,-2.9537518,3,walking
1519421833251,-8.085716,-1.7473572,-2.9537518,3,walking
1519421833257,-7.9708214,-1.7377827,-2.9920502,3,walking
1519421833261,-7.8367777,-1.4601204,-2.800559,3,walking
1519421833267,-7.6835847,-1.4409714,-2.6952388,3,walking
1519421833272,-7.511243,-1.4888442,-2.475024,3,walking
1519421833277,-7.2144313,-1.5654407,-2.2835326,3,walking
1519421833281,-7.003791,-1.5367169,-2.1782124,3,walking
1519421833286,-6.8410234,-1.5079932,-2.1207652,3,walking
1519421833295,-6.6495323,-1.8335283,-2.3888528,3,walking
1519421833301,-6.592085,-1.9675722,-2.3122563,3,walking
1519421833307,-6.4005938,-2.015445,-2.2739582,3,walking
1519421833312,-6.180379,-1.469695,-2.1590633,3,walking
1519421833317,-5.9218655,-1.2111819,-2.254809,3,walking
1519421833322,-5.873993,-0.9526688,-2.3984275,3,walking
1519421833327,-6.1420803,-0.8186249,-2.360129,3,walking
1519421833332,-6.47719,-0.78032666,-1.862252,3,walking
1519421833337,-6.410168,-0.78032666,-1.6611862,3,walking
1519421833343,-6.3431463,-0.71330476,-1.622888,3,walking
1519421833348,-6.2952733,-0.54096264,-1.7665064,3,walking
1519421833353,-6.391019,-0.6845811,-1.9005502,3,walking
1519421833358,-6.5059137,-0.8473486,-1.8909757,3,walking
1519421833363,-6.5059137,-0.8473486,-1.8909757,3,walking
1519421833371,-6.668681,-1.7377827,-1.8526775,3,walking
1519421833376,-6.668681,-1.8431029,-1.79523,3,walking
1519421833381,-6.8122997,-2.149489,-1.9196993,3,walking
1519421833386,-6.8601727,-2.3314054,-1.9101248,3,walking
1519421833391,-6.898471,-2.475024,-1.8526775,3,walking
1519421833397,-6.898471,-2.5707695,-1.7665064,3,walking
1519421833402,-6.975067,-2.4463003,-1.8526775,3,walking
1519421833407,-6.9942164,-2.3122563,-1.929274,3,walking
1519421833412,-7.1857076,-2.0441687,-2.015445,3,walking
1519421833417,-7.1857076,-2.0441687,-2.015445,3,walking
1519421833422,-7.2623043,-1.7856555,-2.0728924,3,walking
1519421833428,-7.3197513,-1.6516117,-2.0824668,3,walking
1519421833433,-7.3867736,-1.5079932,-2.1399143,3,walking
1519421833438,-7.482519,-1.4218222,-2.2835326,3,walking
1519421833443,-7.5399666,-1.4218222,-2.3314054,3,walking
1519421833448,-7.6069884,-1.4409714,-2.3505547,3,walking
1519421833453,-7.6069884,-1.4409714,-2.3505547,3,walking
1519421833461,-7.769756,-1.4888442,-2.2260852,3,walking
1519421833466,-7.788905,-1.5367169,-2.2069361,3,walking
1519421833471,-7.741032,-1.5941644,-2.0728924,3,walking
1519421833477,-7.721883,-1.5941644,-1.9962958,3,walking
1519421833481,-7.721883,-1.6420372,-1.9675722,3,walking
1519421833487,-7.693159,-1.6899099,-1.929274,3,walking
1519421833492,-7.6835847,-1.8143792,-1.9101248,3,walking
1519421833497,-7.664436,-1.8718265,-1.8814012,3,walking
1519421833502,-7.702734,-1.9388485,-1.9388485,3,walking
1519421833507,-7.6740103,-1.9675722,-1.948423,3,walking
1519421833513,-7.7123084,-1.9962958,-2.0250196,3,walking
1519421833517,-7.7793303,-2.034594,-2.0824668,3,walking
1519421833523,-7.8367777,-2.0537431,-2.2069361,3,walking
1519421833528,-8.056993,-2.1111906,-2.3314054,3,walking
1519421833533,-8.363379,-2.0920415,-2.5420458,3,walking
1519421833540,-8.526146,-2.1303396,-2.6377914,3,walking
1519421833546,-8.727212,-2.1399143,-2.6952388,3,walking
1519421833551,-9.100619,-2.1590633,-2.7622607,3,walking
1519421833556,-9.339984,-2.187787,-2.8101335,3,walking
1519421833565,-9.828286,-2.3505547,-2.8388572,3,walking
1519421833571,-9.952756,-2.3888528,-2.7909844,3,walking
1519421833576,-10.029352,-2.475024,-2.733537,3,walking
1519421833585,-10.153821,-2.5420458,-2.580344,3,walking
1519421833590,-10.153821,-2.513322,-2.5324712,3,walking
1519421833595,-10.172971,-2.4558747,-2.4558747,3,walking
1519421833602,-10.048501,-2.321831,-2.3314054,3,walking
1519421833606,-9.914457,-2.3026817,-2.2739582,3,walking
1519421833610,-9.885734,-2.254809,-2.2643836,3,walking
1519421833615,-9.85701,-2.1782124,-2.2835326,3,walking
1519421833621,-9.799562,-2.149489,-2.2835326,3,walking
1519421833626,-9.866585,-2.0920415,-2.3697038,3,walking
1519421833634,-9.914457,-2.0537431,-2.3888528,3,walking
1519421833640,-10.0868,-2.101616,-2.4558747,3,walking
1519421833645,-10.2016945,-2.1207652,-2.494173,3,walking
1519421833650,-10.316589,-2.187787,-2.494173,3,walking
1519421833655,-10.488931,-2.2739582,-2.4654493,3,walking
1519421833661,-10.785743,-2.4845984,-2.3122563,3,walking
1519421833665,-10.967659,-2.561195,-2.2452345,3,walking
1519421833675,-11.561282,-2.5516202,-2.2260852,3,walking
1519421833680,-11.953838,-2.3888528,-2.2835326,3,walking
1519421833686,-12.509163,-2.1973617,-2.4367256,3,walking
1519421833691,-13.935773,-1.6899099,-2.9824755,3,walking
1519421833711,-14.854931,-1.862252,-3.1643922,3,walking
1519421833715,-14.251733,-1.948423,-2.8484318,3,walking
1519421833724,-13.227255,-1.9867213,-2.2452345,3,walking
1519421833731,-12.327247,-1.7665064,-1.9962958,3,walking
1519421833752,-8.947427,-1.79523,-1.0292653,3,walking
1519421833758,-8.459125,-1.7186337,-0.90479594,3,walking
1519421833790,-10.986808,-1.469695,-2.867581,3,walking
1519421833796,-11.791071,-1.1920328,-2.5899186,3,walking
1519421833803,-12.758101,-0.78990126,-2.6856642,3,walking
1519421833817,-13.6676855,-0.8473486,-2.7622607,3,walking
1519421833821,-13.820878,-1.1633091,-2.7622607,3,walking
1519421833825,-13.715558,-1.2494801,-2.800559,3,walking
1519421833829,-13.34215,-1.3165021,-2.733537,3,walking
1519421833834,-12.949593,-1.3548003,-2.733537,3,walking
1519421833864,-10.479357,-0.90479594,-3.2218397,3,walking
1519421833870,-10.565528,-0.92394507,-3.6143966,3,walking
1519421833876,-10.584677,-1.0292653,-3.7388659,3,walking
1519421833892,-9.407005,-0.8281995,-3.2601378,3,walking
1519421833898,-9.244238,-0.751603,-3.2409887,3,walking
1519421833937,-6.8410234,-1.5750152,-2.5324712,3,walking
1519421833945,-6.47719,-1.5845897,-2.5899186,3,walking
1519421833952,-6.323997,-1.6037389,-2.6760898,3,walking
1519421833959,-6.1995277,-1.5367169,-2.8484318,3,walking
1519421833964,-5.998462,-1.4218222,-3.039923,3,walking
1519421833970,-5.941015,-1.3260766,-3.1452432,3,walking
1519421833974,-5.8644185,-1.2877784,-3.212265,3,walking
1519421833980,-5.82612,-1.2494801,-3.365458,3,walking
1519421833985,-5.873993,-1.2686293,-3.3750327,3,walking
1519421833989,-5.950589,-1.3356512,-3.4420545,3,walking
1519421833994,-6.027186,-1.4409714,-3.451629,3,walking
1519421834000,-6.2474008,-1.6899099,-3.4803526,3,walking
1519421834005,-6.3814445,-1.8143792,-3.4037561,3,walking
1519421834014,-6.5729356,-1.9388485,-3.2984362,3,walking
1519421834020,-6.821874,-2.0441687,-3.078221,3,walking
1519421834025,-6.975067,-2.1207652,-2.972901,3,walking
1519421834033,-7.243155,-2.2356598,-2.88673,3,walking
1519421834040,-7.5303917,-2.3984275,-2.752686,3,walking
1519421834045,-7.6452866,-2.4654493,-2.6282167,3,walking
1519421834049,-7.846352,-2.5420458,-2.408002,3,walking
1519421834055,-7.961247,-2.580344,-2.360129,3,walking
1519421834060,-8.00912,-2.6377914,-2.2739582,3,walking
1519421834065,-8.133589,-2.666515,-2.187787,3,walking
1519421834070,-8.248484,-2.6377914,-2.015445,3,walking
1519421834075,-8.277207,-2.6186423,-1.8909757,3,walking
1519421834079,-8.315506,-2.4654493,-1.8431029,3,walking
1519421834084,-8.315506,-2.34098,-1.7186337,3,walking
1519421834090,-8.439975,-1.9962958,-1.5750152,3,walking
1519421834095,-8.478273,-1.79523,-1.469695,3,walking
1519421834100,-8.392102,-1.4218222,-1.383524,3,walking
1519421834105,-8.392102,-1.4218222,-1.383524,3,walking
1519421834110,-8.34423,-1.0388398,-1.2973529,3,walking
1519421834115,-8.2676325,-0.8473486,-1.2590547,3,walking
1519421834120,-8.305931,-0.61755913,-1.14416,3,walking
1519421834125,-8.305931,-0.61755913,-1.14416,3,walking
1519421834130,-8.401677,-0.46436617,-1.1728836,3,walking
1519421834136,-8.401677,-0.42606795,-1.1154363,3,walking
1519421834140,-8.420826,-0.359046,-1.1345854,3,walking
1519421834144,-8.411251,-0.3111732,-1.1250108,3,walking
1519421834149,-8.535721,-0.2920241,-1.1824582,3,walking
1519421834154,-8.602742,-0.27287498,-1.2686293,3,walking
1519421834160,-8.861256,-0.28244954,-1.383524,3,walking
1519421834164,-8.909128,-0.32074776,-1.3739494,3,walking
1519421834169,-9.033598,-0.36862057,-1.4313968,3,walking
1519421834174,-9.071896,-0.47394073,-1.4505459,3,walking
1519421834180,-9.215514,-0.665432,-1.4888442,3,walking
1519421834185,-9.253813,-0.7994758,-1.4984187,3,walking
1519421834190,-9.272962,-1.0005416,-1.5462915,3,walking
1519421834195,-9.272962,-1.0005416,-1.5462915,3,walking
1519421834200,-9.253813,-1.2207564,-1.5558661,3,walking
1519421834205,-9.263388,-1.3452257,-1.5654407,3,walking
1519421834211,-9.339984,-1.5271424,-1.6420372,3,walking
1519421834216,-9.378282,-1.6133134,-1.6803354,3,walking
1519421834221,-9.41658,-1.6707608,-1.6707608,3,walking
1519421834226,-9.445304,-1.8239537,-1.6994845,3,walking
1519421834231,-9.531475,-1.8814012,-1.6611862,3,walking
1519421834236,-9.598496,-1.929274,-1.6133134,3,walking
1519421834241,-9.75169,-1.9579976,-1.4792696,3,walking
1519421834246,-9.876159,-2.034594,-1.469695,3,walking
1519421834252,-10.038927,-2.0250196,-1.4409714,3,walking
1519421834257,-10.326163,-1.9962958,-1.383524,3,walking
1519421834262,-10.469782,-2.0441687,-1.4218222,3,walking
1519421834267,-10.622974,-2.0728924,-1.4313968,3,walking
1519421834272,-10.900637,-2.1399143,-1.5367169,3,walking
1519421834277,-10.986808,-2.168638,-1.622888,3,walking
1519421834282,-11.072979,-2.2260852,-1.7282082,3,walking
1519421834293,-11.245321,-2.2356598,-2.1303396,3,walking
1519421834298,-11.302769,-2.2356598,-2.149489,3,walking
1519421834303,-11.302769,-2.254809,-2.3026817,3,walking
1519421834309,-11.321918,-2.2452345,-2.427151,3,walking
1519421834315,-11.26447,-2.2835326,-2.4654493,3,walking
1519421834320,-11.178299,-2.2260852,-2.5037475,3,walking
1519421834325,-11.1208515,-2.1973617,-2.5324712,3,walking
1519421834331,-10.986808,-2.149489,-2.5037475,3,walking
1519421834335,-10.766593,-2.0250196,-2.4175766,3,walking
1519421834341,-10.622974,-1.9579976,-2.4175766,3,walking
1519421834346,-10.498506,-1.948423,-2.427151,3,walking
1519421834351,-10.441058,-1.8718265,-2.3792782,3,walking
1519421834355,-10.670848,-1.79523,-2.5707695,3,walking
1519421834361,-11.015532,-1.7569319,-2.7718353,3,walking
1519421834366,-11.513409,-1.8239537,-2.9633265,3,walking
1519421834375,-13.016615,-2.4367256,-2.5324712,3,walking
1519421834380,-13.284702,-2.800559,-2.149489,3,walking
1519421834385,-13.399597,-3.193116,-1.7856555,3,walking
1519421834391,-13.437896,-3.6335456,-1.3356512,3,walking
1519421834427,-11.484685,-3.4324799,-1.9867213,3,walking
1519421834432,-11.341067,-3.193116,-2.2643836,3,walking
1519421834437,-11.254896,-2.9250283,-2.6377914,3,walking
1519421834442,-11.082554,-2.360129,-3.1069448,3,walking
1519421834447,-11.044255,-2.0058703,-3.2505634,3,walking
1519421834452,-11.092129,-1.3452257,-3.4420545,3,walking
1519421834458,-11.187874,-1.0292653,-3.5473747,3,walking
1519421834464,-11.207023,-0.7420284,-3.6526947,3,walking
1519421834469,-11.293194,-0.5218136,-3.6239712,3,walking
1519421834474,-11.513409,-0.26330042,-3.6143966,3,walking
1519421834479,-11.551707,-0.37819514,-3.4707782,3,walking
1519421834484,-11.676176,-0.5505372,-3.451629,3,walking
1519421834489,-11.848518,-0.93351966,-3.3175852,3,walking
1519421834495,-11.982562,-1.2207564,-3.2505634,3,walking
1519421834499,-12.2410755,-1.8335283,-3.0494976,3,walking
1519421834505,-12.2410755,-1.8335283,-3.0494976,3,walking
1519421834509,-12.595334,-2.3314054,-2.7718353,3,walking
1519421834514,-12.805975,-2.5420458,-2.647366,3,walking
1519421834519,-12.968742,-2.800559,-2.647366,3,walking
1519421834524,-12.882571,-2.819708,-2.7048132,3,walking
1519421834529,-12.69108,-2.800559,-2.7718353,3,walking
1519421834534,-12.557036,-2.6856642,-2.819708,3,walking
1519421834538,-12.183628,-2.1973617,-2.9633265,3,walking
1519421834543,-11.982562,-1.9101248,-3.0303483,3,walking
1519421834548,-11.771922,-1.6420372,-3.2218397,3,walking
1519421834553,-11.542132,-1.4313968,-3.2888615,3,walking
1519421834559,-11.15915,-1.4601204,-3.690993,3,walking
1519421834564,-11.149575,-1.5271424,-3.9782298,3,walking
1519421834573,-10.71872,-1.4888442,-4.389936,3,walking
1519421834579,-9.54105,-1.3739494,-4.5144053,3,walking
1519421834583,-9.196365,-1.2111819,-4.495256,3,walking
1519421834590,-9.196365,-1.1154363,-4.351638,3,walking
1519421834595,-9.445304,-1.3739494,-4.543129,3,walking
1519421834600,-9.41658,-1.709059,-4.73462,3,walking
1519421834605,-9.138918,-1.8718265,-4.648449,3,walking
1519421834609,-8.641041,-1.4122477,-4.045252,3,walking
1519421834613,-8.641041,-1.4122477,-4.045252,3,walking
1519421834619,-8.353804,-0.6845811,-4.169721,3,walking
1519421834624,-8.305931,-0.46436617,-4.351638,3,walking
1519421834628,-8.229335,-0.98139244,-4.08355,3,walking
1519421834633,-8.028269,-1.3452257,-3.997379,3,walking
1519421834638,-7.9708214,-1.5271424,-4.0261025,3,walking
1519421834644,-7.808054,-1.6324625,-3.9686553,3,walking
1519421834648,-7.3771987,-1.6133134,-3.8058877,3,walking
1519421834653,-7.243155,-1.5654407,-3.7675896,3,walking
1519421834657,-7.156984,-1.5079932,-3.6622694,3,walking
1519421834663,-7.02294,-1.5558661,-3.499502,3,walking
1519421834668,-6.9654927,-1.6420372,-3.2601378,3,walking
1519421834673,-7.042089,-1.6324625,-3.212265,3,walking
1519421834678,-7.042089,-1.622888,-3.126094,3,walking
1519421834683,-7.02294,-1.5941644,-2.9633265,3,walking
1519421834688,-7.089962,-1.6803354,-2.8580062,3,walking
1519421834693,-7.1474094,-1.8814012,-3.059072,3,walking
1519421834698,-7.2527294,-1.8718265,-3.078221,3,walking
1519421834703,-7.2623043,-1.8526775,-2.9346027,3,walking
1519421834708,-7.511243,-1.6133134,-2.9441774,3,walking
1519421834713,-7.587839,-1.4792696,-3.0686467,3,walking
1519421834718,-7.5591154,-1.469695,-3.0877957,3,walking
1519421834722,-7.482519,-1.5750152,-2.9633265,3,walking
1519421834728,-7.482519,-1.6707608,-2.9250283,3,walking
1519421834733,-7.4729443,-1.6899099,-2.88673,3,walking
1519421834739,-7.434646,-1.7377827,-2.752686,3,walking
1519421834744,-7.396348,-1.709059,-2.5899186,3,walking
1519421834752,-7.2240057,-1.8718265,-2.580344,3,walking
1519421834758,-7.156984,-2.015445,-2.513322,3,walking
1519421834763,-6.850598,-2.2260852,-2.3697038,3,walking
1519421834768,-6.7357035,-2.2643836,-2.3505547,3,walking
1519421834773,-6.611234,-2.3026817,-2.2835326,3,walking
1519421834778,-6.563361,-2.2835326,-2.2931073,3,walking
1519421834783,-6.525063,-2.2931073,-2.3314054,3,walking
1519421834788,-6.5729356,-2.3026817,-2.34098,3,walking
1519421834793,-6.5537868,-2.34098,-2.34098,3,walking
1519421834798,-6.5729356,-2.3314054,-2.321831,3,walking
1519421834803,-6.5346375,-2.3505547,-2.3122563,3,walking
1519421834808,-6.525063,-2.3505547,-2.2356598,3,walking
1519421834813,-6.525063,-2.34098,-2.2165108,3,walking
1519421834818,-6.6016593,-2.3888528,-2.101616,3,walking
1519421834823,-6.6495323,-2.4367256,-2.0058703,3,walking
1519421834828,-6.697405,-2.427151,-1.9101248,3,walking
1519421834832,-6.7261286,-2.4175766,-1.8431029,3,walking
1519421834837,-6.764427,-2.3888528,-1.776081,3,walking
1519421834842,-6.8410234,-2.3697038,-1.7186337,3,walking
1519421834848,-6.9942164,-2.2643836,-1.5367169,3,walking
1519421834853,-7.0612383,-2.187787,-1.4888442,3,walking
1519421834858,-7.12826,-2.0728924,-1.4792696,3,walking
1519421834863,-7.204857,-1.9579976,-1.3930986,3,walking
1519421834868,-7.396348,-1.7569319,-1.3643749,3,walking
1519421834874,-7.5303917,-1.6707608,-1.4218222,3,walking
1519421834878,-7.8176284,-1.5271424,-1.4601204,3,walking
1519421834884,-7.999545,-1.4313968,-1.4888442,3,walking
1519421834889,-8.171887,-1.383524,-1.4888442,3,walking
1519421834894,-8.506997,-1.3356512,-1.5367169,3,walking
1519421834899,-8.688913,-1.2973529,-1.622888,3,walking
1519421834904,-8.899554,-1.2782038,-1.6611862,3,walking
1519421834910,-9.31126,-1.2686293,-1.7473572,3,walking
1519421834915,-9.512326,-1.2973529,-1.7665064,3,walking
1519421834920,-9.713391,-1.3165021,-1.8143792,3,walking
1519421834925,-9.933606,-1.3930986,-1.7569319,3,walking
1519421834930,-10.287866,-1.5367169,-1.776081,3,walking
1519421834935,-10.469782,-1.6037389,-1.7569319,3,walking
1519421834940,-10.642124,-1.6611862,-1.709059,3,walking
1519421834945,-10.891063,-1.8048047,-1.6899099,3,walking
1519421834950,-10.958084,-1.8526775,-1.6324625,3,walking
1519421834955,-11.044255,-1.929274,-1.5654407,3,walking
1519421834963,-11.082554,-1.9771467,-1.4792696,3,walking
1519421834968,-11.072979,-2.0441687,-1.4122477,3,walking
1519421834973,-11.072979,-2.0537431,-1.3548003,3,walking
1519421834978,-11.025106,-2.101616,-1.2590547,3,walking
1519421834983,-11.005958,-2.1590633,-1.1633091,3,walking
1519421834988,-11.025106,-2.168638,-1.1250108,3,walking
1519421834994,-11.025106,-2.168638,-1.1250108,3,walking
1519421834999,-10.996383,-2.187787,-1.0484143,3,walking
1519421835004,-11.063405,-2.187787,-1.0005416,3,walking
1519421835009,-11.025106,-2.1590633,-0.9622433,3,walking
1519421835014,-11.015532,-2.149489,-1.0005416,3,walking
1519421835019,-11.05383,-2.1207652,-1.0101161,3,walking
1519421835024,-11.455961,-1.9101248,-1.1633091,3,walking
1519421835029,-11.896391,-1.709059,-1.3643749,3,walking
1519421835034,-12.46129,-1.5271424,-1.6037389,3,walking
1519421835040,-13.725132,-1.4505459,-2.015445,3,walking
1519421835047,-14.32833,-1.6707608,-2.2643836,3,walking
1519421835052,-14.261308,-1.8526775,-2.1590633,3,walking
1519421835058,-14.021944,-1.9196993,-2.0633178,3,walking
1519421835063,-13.753856,-1.9579976,-1.8143792,3,walking
1519421835098,-9.3878565,-2.6090677,0.4835153,3,walking
1519421835106,-9.091045,-2.8101335,0.37819514,3,walking
1519421835114,-8.918703,-3.2026904,-0.09095833,3,walking
1519421835122,-8.545295,-3.126094,-0.2920241,3,walking
1519421835128,-8.612317,-3.1548176,-0.6079846,3,walking
1519421835133,-9.052747,-3.2218397,-1.2207564,3,walking
1519421835138,-9.2825365,-3.0111992,-1.1154363,3,walking
1519421835142,-10.163396,-2.9154537,-1.1633091,3,walking
1519421835148,-10.565528,-2.7239625,-1.1250108,3,walking
1519421835153,-10.938935,-2.6760898,-1.2494801,3,walking
1519421835157,-11.714475,-2.561195,-1.1250108,3,walking
1519421835162,-12.068733,-2.5324712,-1.0675635,3,walking
1519421835168,-12.317672,-2.4845984,-1.0196906,3,walking
1519421835172,-12.499589,-2.494173,-1.0196906,3,walking
1519421835177,-12.911295,-2.321831,-1.1920328,3,walking
1519421835183,-12.930444,-2.2165108,-1.2303311,3,walking
1519421835187,-12.748528,-2.1207652,-1.5079932,3,walking
1519421835192,-12.748528,-2.1207652,-1.5079932,3,walking
1519421835197,-12.56661,-1.862252,-1.9196993,3,walking
1519421835203,-12.336822,-1.776081,-2.101616,3,walking
1519421835207,-12.0400095,-1.4888442,-2.3026817,3,walking
1519421835212,-11.819795,-1.4984187,-2.3888528,3,walking
1519421835218,-11.590006,-1.5175679,-2.427151,3,walking
1519421835223,-11.379365,-1.5367169,-2.360129,3,walking
1519421835228,-10.958084,-1.6994845,-2.2835326,3,walking
1519421835233,-10.833615,-1.7473572,-2.2356598,3,walking
1519421835238,-10.603826,-1.7665064,-2.1111906,3,walking
1519421835243,-10.603826,-1.7665064,-2.1111906,3,walking
1519421835248,-10.268716,-1.7569319,-1.9771467,3,walking
1519421835258,-9.885734,-1.8143792,-1.8814012,3,walking
1519421835262,-9.684668,-1.8335283,-1.8048047,3,walking
1519421835267,-9.2825365,-1.8718265,-1.7186337,3,walking
1519421835273,-9.138918,-1.8526775,-1.7473572,3,walking
1519421835277,-8.736787,-1.7665064,-1.6803354,3,walking
1519421835282,-8.736787,-1.7665064,-1.6803354,3,walking
1519421835287,-8.296356,-1.6516117,-1.7282082,3,walking
1519421835292,-8.152739,-1.6516117,-1.6803354,3,walking
1519421835297,-7.8176284,-1.6037389,-1.6516117,3,walking
1519421835303,-7.5974135,-1.6133134,-1.7377827,3,walking
1519421835308,-7.35805,-1.6803354,-1.709059,3,walking
1519421835313,-7.243155,-1.6516117,-1.7186337,3,walking
1519421835319,-7.12826,-1.6707608,-1.7473572,3,walking
1519421835323,-6.9271946,-1.709059,-1.8239537,3,walking
1519421835329,-6.764427,-1.776081,-1.8335283,3,walking
1519421835334,-6.678256,-1.8239537,-1.8814012,3,walking
1519421835339,-6.678256,-1.8814012,-1.948423,3,walking
1519421835344,-6.668681,-1.9675722,-2.0250196,3,walking
1519421835349,-6.630383,-2.0250196,-2.101616,3,walking
1519421835359,-6.592085,-2.1973617,-2.2165108,3,walking
1519421835365,-6.6208086,-2.254809,-2.2739582,3,walking
1519421835370,-6.630383,-2.321831,-2.2931073,3,walking
1519421835380,-6.6591067,-2.4558747,-2.4558747,3,walking
1519421835385,-6.639958,-2.5037475,-2.4845984,3,walking
1519421835390,-6.611234,-2.494173,-2.4558747,3,walking
1519421835395,-6.5825105,-2.5420458,-2.4175766,3,walking
1519421835401,-6.5825105,-2.5228968,-2.360129,3,walking
1519421835406,-6.6208086,-2.494173,-2.3314054,3,walking
1519421835411,-6.611234,-2.4558747,-2.34098,3,walking
1519421835416,-6.639958,-2.4654493,-2.2643836,3,walking
1519421835421,-6.639958,-2.4463003,-2.187787,3,walking
1519421835426,-6.630383,-2.4463003,-2.149489,3,walking
1519421835431,-6.7548523,-2.3505547,-2.0537431,3,walking
1519421835437,-6.8793216,-2.2452345,-1.9388485,3,walking
1519421835443,-6.9271946,-2.2165108,-1.8143792,3,walking
1519421835448,-7.003791,-2.1590633,-1.7473572,3,walking
1519421835453,-7.0612383,-2.101616,-1.6994845,3,walking
1519421835458,-7.195282,-1.9962958,-1.5367169,3,walking
1519421835463,-7.2335806,-1.948423,-1.5175679,3,walking
1519421835469,-7.4059224,-1.8239537,-1.4122477,3,walking
1519421835473,-7.4442205,-1.7569319,-1.3356512,3,walking
1519421835479,-7.5303917,-1.6994845,-1.3069274,3,walking
1519421835488,-7.693159,-1.6707608,-1.1824582,3,walking
1519421835492,-7.788905,-1.6611862,-1.2016073,3,walking
1519421835497,-7.894225,-1.6516117,-1.1345854,3,walking
1519421835502,-8.047418,-1.6420372,-1.0579889,3,walking
1519421835507,-8.11444,-1.6420372,-1.0292653,3,walking
1519421835512,-8.248484,-1.6420372,-1.0292653,3,walking
1519421835517,-8.363379,-1.5941644,-1.0484143,3,walking
1519421835522,-8.593168,-1.6516117,-1.0388398,3,walking
1519421835527,-8.889979,-1.6611862,-1.0771381,3,walking
1519421835532,-8.889979,-1.6611862,-1.0771381,3,walking
1519421835537,-9.138918,-1.6611862,-1.0579889,3,walking
1519421835543,-9.263388,-1.6324625,-1.1058618,3,walking
1519421835547,-9.62722,-1.6037389,-1.2016073,3,walking
1519421835552,-9.62722,-1.6037389,-1.2016073,3,walking
1519421835557,-9.933606,-1.5462915,-1.1824582,3,walking
1519421835562,-10.06765,-1.5271424,-1.1824582,3,walking
1519421835567,-10.182545,-1.4888442,-1.14416,3,walking
1519421835572,-10.259142,-1.4313968,-1.1537346,3,walking
1519421835577,-10.469782,-1.4218222,-0.99096704,3,walking
1519421835582,-10.498506,-1.4218222,-0.9622433,3,walking
1519421835587,-10.546378,-1.4505459,-0.91437054,3,walking
1519421835592,-10.584677,-1.469695,-0.7420284,3,walking
1519421835597,-10.603826,-1.5175679,-0.6271337,3,walking
1519421835602,-10.6134,-1.5845897,-0.512239,3,walking
1519421835607,-10.565528,-1.622888,-0.45479164,3,walking
1519421835612,-10.575102,-1.7377827,-0.40691882,3,walking
1519421835617,-10.575102,-1.7665064,-0.3877697,3,walking
1519421835622,-10.680422,-1.79523,-0.3877697,3,walking
1519421835626,-10.699572,-1.79523,-0.32074776,3,walking
1519421835632,-10.757019,-1.8526775,-0.3877697,3,walking
1519421835637,-10.862339,-1.8048047,-0.3398969,3,walking
1519421835642,-10.92936,-1.8239537,-0.39734426,3,walking
1519421835647,-11.025106,-1.8239537,-0.42606795,3,walking
1519421835652,-11.063405,-1.79523,-0.5218136,3,walking
1519421835657,-11.092129,-1.7282082,-0.63670826,3,walking
1519421835662,-11.168725,-1.709059,-0.69415563,3,walking
1519421835667,-11.235746,-1.622888,-0.8760723,3,walking
1519421835672,-11.168725,-1.5845897,-1.0101161,3,walking
1519421835677,-11.1208515,-1.5462915,-1.1154363,3,walking
1519421835682,-11.101703,-1.4984187,-1.3165021,3,walking
1519421835687,-11.044255,-1.4505459,-1.5271424,3,walking
1519421835692,-11.015532,-1.4026731,-1.6994845,3,walking
1519421835696,-11.072979,-1.3356512,-1.9101248,3,walking
1519421835701,-11.637878,-1.2303311,-2.5228968,3,walking
1519421835706,-12.135756,-1.1728836,-2.7431116,3,walking
1519421835713,-13.150659,-1.4505459,-2.7239625,3,walking
1519421835718,-13.409172,-1.7377827,-2.4845984,3,walking
1519421835722,-13.562365,-2.0728924,-2.149489,3,walking
1519421835727,-13.485768,-2.5037475,-1.709059,3,walking
1519421835731,-13.217681,-2.9250283,-1.4313968,3,walking
1519421835737,-12.748528,-3.5856729,-0.90479594,3,walking
1519421835742,-12.480439,-3.7867386,-0.76117754,3,walking
1519421835747,-12.279374,-3.8824842,-0.71330476,3,walking
1519421835752,-12.279374,-3.8824842,-0.71330476,3,walking
1519421835757,-11.886817,-3.8920588,-0.8856468,3,walking
1519421835762,-11.743198,-3.7963133,-1.0292653,3,walking
1519421835766,-11.561282,-3.604822,-1.2207564,3,walking
1519421835772,-11.408089,-3.4324799,-1.5750152,3,walking
1519421835778,-11.05383,-2.7622607,-2.2165108,3,walking
1519421835783,-11.005958,-2.4845984,-2.3984275,3,walking
1519421835787,-10.92936,-2.2260852,-2.580344,3,walking
1519421835797,-10.82404,-1.8335283,-2.7431116,3,walking
1519421835801,-10.728295,-1.6611862,-2.733537,3,walking
1519421835807,-10.536804,-1.4409714,-2.733537,3,walking
1519421835812,-10.460207,-1.4122477,-2.714388,3,walking
1519421835816,-10.383611,-1.383524,-2.666515,3,walking
1519421835821,-10.326163,-1.4409714,-2.580344,3,walking
1519421835827,-10.441058,-1.5175679,-2.5037475,3,walking
1519421835832,-10.498506,-1.5271424,-2.4367256,3,walking
1519421835836,-10.536804,-1.6037389,-2.2739582,3,walking
1519421835842,-10.536804,-1.6037389,-2.2739582,3,walking
1519421835847,-10.5080805,-1.7569319,-2.149489,3,walking
1519421835852,-10.546378,-1.9962958,-2.1303396,3,walking
1519421835857,-10.546378,-1.9962958,-2.1303396,3,walking
1519421835862,-10.546378,-1.9962958,-2.1303396,3,walking
1519421835867,-10.94851,-2.4845984,-2.0537431,3,walking
1519421835873,-11.130426,-2.5899186,-2.0728924,3,walking
1519421835878,-11.245321,-2.7239625,-2.0537431,3,walking
1519421835887,-11.503835,-2.972901,-2.0728924,3,walking
1519421835891,-11.542132,-3.0494976,-2.0920415,3,walking
1519421835896,-11.590006,-3.1835413,-2.168638,3,walking
1519421835902,-11.561282,-3.1643922,-2.2260852,3,walking
1519421835907,-11.513409,-2.9537518,-2.4558747,3,walking
1519421835913,-11.455961,-2.7814097,-2.5707695,3,walking
1519421835918,-11.1208515,-2.513322,-2.800559,3,walking
1519421835923,-11.025106,-2.427151,-2.88673,3,walking
1519421835929,-10.862339,-2.34098,-2.8580062,3,walking
1519421835938,-10.364462,-2.0920415,-2.9441774,3,walking
1519421835943,-10.2016945,-2.0633178,-2.9633265,3,walking
1519421835947,-10.038927,-1.9771467,-2.905879,3,walking
1519421835951,-10.038927,-1.9771467,-2.905879,3,walking
1519421835957,-9.617646,-1.8718265,-2.7048132,3,walking
1519421835962,-9.339984,-1.8909757,-2.6090677,3,walking
1519421835966,-8.985725,-1.9579976,-2.4175766,3,walking
1519421835971,-8.832532,-1.9771467,-2.3026817,3,walking
1519421835977,-8.602742,-1.929274,-1.9675722,3,walking
1519421835982,-8.382527,-1.9771467,-1.79523,3,walking
1519421835988,-8.21976,-1.9388485,-1.6707608,3,walking
1519421835993,-8.104865,-1.9101248,-1.5941644,3,walking
1519421835997,-8.018694,-1.8814012,-1.5462915,3,walking
1519421836002,-7.9803963,-1.9388485,-1.4984187,3,walking
1519421836007,-7.8655014,-2.1590633,-1.6324625,3,walking
1519421836012,-7.769756,-2.149489,-1.622888,3,walking
1519421836017,-7.616563,-2.1399143,-1.5654407,3,walking
1519421836022,-7.4442205,-2.0058703,-1.5941644,3,walking
1519421836028,-7.4920936,-1.9579976,-1.709059,3,walking
1519421836033,-7.46337,-1.9771467,-1.79523,3,walking
1519421836038,-7.501668,-1.9867213,-1.9005502,3,walking
1519421836048,-7.6261373,-1.9675722,-2.149489,3,walking
1519421836053,-7.5782647,-1.9771467,-2.149489,3,walking
1519421836059,-7.587839,-1.9771467,-2.1782124,3,walking
1519421836069,-7.616563,-1.9005502,-2.2069361,3,walking
1519421836079,-7.721883,-1.8239537,-2.149489,3,walking
1519421836084,-7.7506065,-1.8143792,-2.149489,3,walking
1519421836089,-7.741032,-1.8143792,-2.1973617,3,walking
1519421836094,-7.7601814,-1.8718265,-2.2260852,3,walking
1519421836099,-7.788905,-1.9388485,-2.2356598,3,walking
1519421836103,-7.7314577,-1.9675722,-2.2452345,3,walking
1519421836108,-7.693159,-1.9579976,-2.1973617,3,walking
1519421836112,-7.6835847,-1.929274,-2.187787,3,walking
1519421836118,-7.635712,-1.8526775,-2.168638,3,walking
1519421836122,-7.654861,-1.8431029,-2.187787,3,walking
1519421836128,-7.654861,-1.776081,-2.2165108,3,walking
1519421836138,-7.7314577,-1.79523,-2.3122563,3,walking
1519421836143,-7.702734,-1.79523,-2.3314054,3,walking
1519421836148,-7.741032,-1.79523,-2.3314054,3,walking
1519421836159,-7.56869,-1.9005502,-2.2356598,3,walking
1519421836164,-7.46337,-1.9005502,-2.168638,3,walking
1519421836169,-7.3867736,-1.9771467,-2.0633178,3,walking
1519421836175,-7.2910275,-2.015445,-2.034594,3,walking
1519421836180,-7.2527294,-2.0920415,-2.015445,3,walking
1519421836185,-7.1665583,-2.1303396,-1.9101248,3,walking
1519421836191,-7.0133657,-2.254809,-1.8335283,3,walking
1519421836196,-6.821874,-2.3314054,-1.7665064,3,walking
1519421836201,-6.821874,-2.3314054,-1.7665064,3,walking
1519421836206,-6.5729356,-2.427151,-1.6899099,3,walking
1519421836211,-6.486765,-2.4654493,-1.6516117,3,walking
1519421836216,-6.4293175,-2.513322,-1.622888,3,walking
1519421836223,-6.5729356,-2.513322,-1.6899099,3,walking
1519421836229,-6.7357035,-2.4845984,-1.6899099,3,walking
1519421836234,-6.850598,-2.475024,-1.6420372,3,walking
1519421836239,-7.042089,-2.4654493,-1.6994845,3,walking
1519421836244,-7.4154973,-2.475024,-1.6994845,3,walking
1519421836249,-7.6740103,-2.5037475,-1.6611862,3,walking
1519421836254,-7.9708214,-2.5324712,-1.6707608,3,walking
1519421836259,-8.506997,-2.6856642,-1.6324625,3,walking
1519421836264,-8.7750845,-2.7048132,-1.5462915,3,walking
1519421836269,-9.033598,-2.7814097,-1.4792696,3,walking
1519421836279,-9.636795,-2.7718353,-1.3452257,3,walking
1519421836284,-9.761265,-2.7431116,-1.2686293,3,walking
1519421836289,-9.96233,-2.7239625,-1.2590547,3,walking
1519421836294,-10.249567,-2.6186423,-1.2303311,3,walking
1519421836299,-10.278291,-2.561195,-1.2494801,3,walking
1519421836306,-10.354887,-2.4845984,-1.2590547,3,walking
1519421836313,-10.40276,-2.2260852,-1.2782038,3,walking
1519421836318,-10.431483,-2.101616,-1.3165021,3,walking
1519421836323,-10.441058,-2.015445,-1.3643749,3,walking
1519421836328,-10.450633,-1.9388485,-1.3452257,3,walking
1519421836334,-10.431483,-1.7665064,-1.3069274,3,walking
1519421836339,-10.469782,-1.6516117,-1.2877784,3,walking
1519421836344,-10.441058,-1.5941644,-1.2399056,3,walking
1519421836349,-10.441058,-1.5558661,-1.0675635,3,walking
1519421836354,-10.383611,-1.5654407,-0.8186249,3,walking
1519421836359,-10.354887,-1.5845897,-0.665432,3,walking
1519421836364,-10.278291,-1.6611862,-0.4164934,3,walking
1519421836369,-10.239992,-1.7665064,-0.26330042,3,walking
1519421836375,-10.239992,-1.8335283,-0.17712937,3,walking
1519421836380,-10.239992,-1.8909757,-0.10053288,3,walking
1519421836385,-10.364462,-1.8718265,-0.09095833,3,walking
1519421836390,-10.450633,-1.8718265,-0.2441513,3,walking
1519421836395,-10.785743,-1.7473572,-0.50266445,3,walking
1519421836400,-11.245321,-1.6516117,-0.83777404,3,walking
1519421836405,-12.576185,-1.4313968,-1.6611862,3,walking
1519421836411,-13.169807,-1.4313968,-1.9579976,3,walking
1519421836418,-13.591088,-1.7186337,-2.2452345,3,walking
1519421836428,-12.308098,-2.360129,-1.9005502,3,walking
1519421836433,-11.896391,-2.4558747,-1.8431029,3,walking
1519421836469,-8.6697645,-3.3367343,-1.1154363,3,walking
1519421836475,-8.095291,-3.3750327,-1.1058618,3,walking
1519421836480,-7.8272033,-3.3080106,-1.0962871,3,walking
1519421836485,-7.654861,-3.2218397,-1.0771381,3,walking
1519421836490,-7.482519,-3.0877957,-1.1058618,3,walking
1519421836495,-7.7123084,-2.6377914,-1.2111819,3,walking
1519421836499,-8.076141,-2.3888528,-1.383524,3,walking
1519421836508,-9.18679,-1.9771467,-1.5941644,3,walking
1519421836517,-11.379365,-1.7377827,-1.9101248,3,walking
1519421836524,-12.020861,-1.8048047,-1.9196993,3,walking
1519421836528,-12.5474615,-1.9101248,-1.9196993,3,walking
1519421836534,-13.437896,-2.0058703,-1.9579976,3,walking
1519421836575,-12.174053,-2.1590633,-2.3792782,3,walking
1519421836584,-11.628304,-2.1399143,-2.4175766,3,walking
1519421836592,-11.178299,-2.101616,-2.4175766,3,walking
1519421836597,-10.94851,-2.0633178,-2.3792782,3,walking
1519421836607,-10.153821,-2.015445,-2.034594,3,walking
1519421836612,-9.904882,-2.0250196,-1.8909757,3,walking
1519421836617,-9.675094,-2.0633178,-1.7282082,3,walking
1519421836624,-9.378282,-2.1207652,-1.5750152,3,walking
1519421836628,-9.18679,-2.1782124,-1.4792696,3,walking
1519421836633,-9.024023,-2.2643836,-1.4026731,3,walking
1519421836637,-8.947427,-2.321831,-1.3452257,3,walking
1519421836644,-8.631466,-2.4463003,-1.3643749,3,walking
1519421836649,-8.487848,-2.4845984,-1.2973529,3,walking
1519421836653,-8.32508,-2.580344,-1.3260766,3,walking
1519421836658,-8.133589,-2.752686,-1.2782038,3,walking
1519421836663,-8.047418,-2.800559,-1.2686293,3,walking
1519421836668,-7.9899707,-2.819708,-1.2494801,3,walking
1519421836677,-7.702734,-2.733537,-1.0962871,3,walking
1519421836683,-7.664436,-2.6569405,-1.1058618,3,walking
1519421836687,-7.5974135,-2.5899186,-1.0484143,3,walking
1519421836697,-7.4537954,-2.6377914,-1.0101161,3,walking
1519421836703,-7.4154973,-2.666515,-1.0005416,3,walking
1519421836707,-7.3197513,-2.6856642,-1.0005416,3,walking
1519421836714,-7.281453,-2.6952388,-0.99096704,3,walking
1519421836718,-7.204857,-2.6760898,-1.0292653,3,walking
1519421836727,-7.12826,-2.5899186,-1.0292653,3,walking
1519421836733,-7.003791,-2.5037475,-1.0771381,3,walking
1519421836738,-7.02294,-2.4367256,-1.0675635,3,walking
1519421836747,-6.975067,-2.187787,-1.0292653,3,walking
1519421836753,-6.975067,-2.1303396,-1.0962871,3,walking
1519421836758,-6.975067,-2.0824668,-1.0771381,3,walking
1519421836763,-6.984642,-2.0441687,-0.9718179,3,walking
1519421836768,-6.984642,-2.0537431,-0.9526688,3,walking
1519421836773,-7.02294,-2.034594,-0.8952214,3,walking
1519421836778,-7.0612383,-2.0633178,-0.85692316,3,walking
1519421836787,-7.204857,-2.0441687,-0.7228793,3,walking
1519421836792,-7.195282,-2.0728924,-0.69415563,3,walking
1519421836797,-7.243155,-2.101616,-0.6271337,3,walking
1519421836803,-7.4154973,-2.149489,-0.54096264,3,walking
1519421836808,-7.4729443,-2.187787,-0.5313881,3,walking
1519421836813,-7.5399666,-2.2452345,-0.47394073,3,walking
1519421836818,-7.587839,-2.2165108,-0.46436617,3,walking
1519421836824,-7.693159,-2.2165108,-0.42606795,3,walking
1519421836829,-7.721883,-2.2165108,-0.49308985,3,walking
1519421836834,-7.855927,-2.1303396,-0.47394073,3,walking
1519421836839,-7.875076,-2.0728924,-0.4835153,3,walking
1519421836843,-8.00912,-2.0728924,-0.49308985,3,walking
1519421836847,-8.133589,-2.034594,-0.5313881,3,walking
1519421836852,-8.315506,-1.9675722,-0.59841,3,walking
1519421836858,-8.372953,-1.9579976,-0.64628285,3,walking
1519421836863,-8.430401,-1.8814012,-0.69415563,3,walking
1519421836868,-8.55487,-1.8431029,-0.6845811,3,walking
1519421836873,-8.612317,-1.776081,-0.71330476,3,walking
1519421836879,-8.650616,-1.7377827,-0.7324539,3,walking
1519421836884,-8.736787,-1.709059,-0.76117754,3,walking
1519421836889,-8.794233,-1.6899099,-0.78032666,3,walking
1519421836894,-8.889979,-1.6611862,-0.92394507,3,walking
1519421836898,-8.947427,-1.6707608,-0.93351966,3,walking
1519421836907,-9.043172,-1.6611862,-1.0101161,3,walking
1519421836913,-9.215514,-1.7186337,-1.0292653,3,walking
1519421836917,-9.359133,-1.79523,-1.0484143,3,walking
1519421836922,-9.445304,-1.8048047,-1.1058618,3,walking
1519421836927,-9.761265,-1.8335283,-1.1058618,3,walking
1519421836933,-9.971905,-1.862252,-1.0771381,3,walking
1519421836938,-10.134672,-1.9388485,-1.1058618,3,walking
1519421836947,-10.680422,-2.149489,-1.1250108,3,walking
1519421836953,-10.881488,-2.2260852,-1.0962871,3,walking
1519421836957,-11.044255,-2.2931073,-1.0962871,3,walking
1519421836962,-11.360216,-2.475024,-1.14416,3,walking
1519421836967,-11.455961,-2.5420458,-1.1058618,3,walking
1519421836972,-11.561282,-2.5899186,-1.0675635,3,walking
1519421836978,-11.647452,-2.6377914,-1.0388398,3,walking
1519421836983,-11.570856,-2.666515,-1.0005416,3,walking
1519421836988,-11.513409,-2.6090677,-1.0484143,3,walking
1519421836993,-11.475111,-2.6186423,-1.0867126,3,walking
1519421836998,-11.360216,-2.580344,-1.1345854,3,walking
1519421837003,-11.216598,-2.408002,-1.2877784,3,walking
1519421837007,-11.140001,-2.3026817,-1.4026731,3,walking
1519421837012,-11.072979,-2.1973617,-1.4601204,3,walking
1519421837017,-11.005958,-2.0537431,-1.5271424,3,walking
1519421837023,-10.804892,-1.7377827,-1.6803354,3,walking
1519421837028,-10.776168,-1.6324625,-1.776081,3,walking
1519421837038,-10.565528,-1.4122477,-1.8526775,3,walking
1519421837042,-10.479357,-1.383524,-1.8526775,3,walking
1519421837048,-10.326163,-1.383524,-1.8526775,3,walking
1519421837053,-10.153821,-1.4313968,-1.8431029,3,walking
1519421837057,-10.211268,-1.4505459,-1.9388485,3,walking
1519421837062,-10.383611,-1.4313968,-2.149489,3,walking
1519421837066,-10.728295,-1.4792696,-2.4175766,3,walking
1519421837072,-11.312344,-1.5271424,-2.6186423,3,walking
1519421837075,-11.925115,-1.6803354,-2.5994933,3,walking
1519421837082,-12.710229,-2.1973617,-1.9101248,3,walking
1519421837087,-12.777251,-2.6569405,-1.4984187,3,walking
1519421837132,-11.082554,-3.5282254,-1.5941644,3,walking
1519421837141,-11.274045,-2.8484318,-2.34098,3,walking
1519421837149,-11.551707,-2.1782124,-2.9154537,3,walking
1519421837155,-11.551707,-2.1782124,-2.9154537,3,walking
1519421837162,-11.963413,-1.3069274,-3.6622694,3,walking
1519421837167,-12.001712,-1.0771381,-3.8729098,3,walking
1519421837172,-12.011286,-0.8186249,-3.997379,3,walking
1519421837177,-12.011286,-0.6271337,-4.0739756,3,walking
1519421837182,-11.666602,-0.5792609,-4.0356774,3,walking
1519421837187,-11.542132,-0.6750065,-3.9016335,3,walking
1519421837197,-11.484685,-0.8281995,-3.690993,3,walking
1519421837202,-11.4272375,-0.92394507,-3.518651,3,walking
1519421837208,-11.350641,-0.9718179,-3.3750327,3,walking
1519421837213,-11.034681,-1.2303311,-3.0973704,3,walking
1519421837217,-10.871913,-1.3930986,-3.0494976,3,walking
1519421837222,-10.776168,-1.5175679,-2.8388572,3,walking
1519421837227,-10.642124,-1.6516117,-2.6377914,3,walking
1519421837232,-10.364462,-1.948423,-2.254809,3,walking
1519421837237,-10.268716,-2.149489,-2.1782124,3,walking
1519421837242,-10.172971,-2.2643836,-2.0441687,3,walking
1519421837247,-10.077225,-2.4654493,-1.9101248,3,walking
1519421837252,-9.943181,-2.6760898,-1.8048047,3,walking
1519421837258,-9.847435,-2.7622607,-1.8814012,3,walking
1519421837263,-9.809137,-2.88673,-1.8718265,3,walking
1519421837268,-9.7899885,-2.972901,-1.948423,3,walking
1519421837273,-9.761265,-2.9537518,-2.0920415,3,walking
1519421837278,-9.665519,-2.905879,-2.2356598,3,walking
1519421837282,-9.550624,-2.8101335,-2.2643836,3,walking
1519421837287,-9.445304,-2.6856642,-2.3697038,3,walking
1519421837292,-9.129343,-2.4558747,-2.513322,3,walking
1519421837298,-9.004874,-2.3122563,-2.6186423,3,walking
1519421837303,-8.717637,-1.9675722,-2.666515,3,walking
1519421837308,-8.631466,-1.8239537,-2.6952388,3,walking
1519421837313,-8.516571,-1.6324625,-2.6760898,3,walking
1519421837318,-8.401677,-1.5462915,-2.6377914,3,walking
1519421837323,-8.171887,-1.5367169,-2.6952388,3,walking
1519421837328,-8.085716,-1.4888442,-2.6569405,3,walking
1519421837333,-8.018694,-1.2207564,-2.3984275,3,walking
1519421837339,-7.9708214,-1.1824582,-2.2643836,3,walking
1519421837344,-7.855927,-1.3548003,-2.427151,3,walking
1519421837349,-7.7984796,-1.4601204,-2.5324712,3,walking
1519421837354,-7.702734,-1.5750152,-2.4463003,3,walking
1519421837359,-7.5399666,-1.7665064,-2.408002,3,walking
1519421837364,-7.501668,-1.7665064,-2.3026817,3,walking
1519421837369,-7.4250717,-1.7282082,-2.360129,3,walking
1519421837375,-7.4250717,-1.7282082,-2.360129,3,walking
1519421837382,-7.3676243,-1.7665064,-2.3984275,3,walking
1519421837387,-7.3006024,-1.8718265,-2.3505547,3,walking
1519421837395,-7.2623043,-1.9675722,-2.4367256,3,walking
1519421837402,-7.281453,-1.8718265,-2.5994933,3,walking
1519421837407,-7.281453,-1.8431029,-2.6569405,3,walking
1519421837412,-7.3006024,-1.8526775,-2.6090677,3,walking
1519421837417,-7.204857,-1.9005502,-2.6090677,3,walking
1519421837422,-7.204857,-1.9388485,-2.6282167,3,walking
1519421837427,-7.1857076,-1.9388485,-2.6090677,3,walking
1519421837432,-7.137835,-1.9867213,-2.561195,3,walking
1519421837437,-7.137835,-1.948423,-2.5324712,3,walking
1519421837446,-7.0803876,-2.015445,-2.427151,3,walking
1519421837452,-7.003791,-1.9771467,-2.2643836,3,walking
1519421837457,-6.9463434,-1.9675722,-2.1973617,3,walking
1519421837461,-6.8793216,-1.9771467,-2.0537431,3,walking
1519421837466,-6.850598,-1.9771467,-1.9579976,3,walking
1519421837471,-6.764427,-1.9579976,-1.776081,3,walking
1519421837477,-6.7069798,-1.9005502,-1.6803354,3,walking
1519421837482,-6.7261286,-1.8335283,-1.5845897,3,walking
1519421837487,-6.7261286,-1.8335283,-1.5845897,3,walking
1519421837492,-6.745278,-1.8431029,-1.5558661,3,walking
1519421837497,-6.7261286,-1.8718265,-1.5941644,3,walking
1519421837501,-6.716554,-1.9005502,-1.5558661,3,walking
1519421837506,-6.764427,-1.8909757,-1.6133134,3,walking
1519421837512,-6.7357035,-1.9101248,-1.5558661,3,walking
1519421837518,-6.7357035,-1.948423,-1.5654407,3,walking
1519421837523,-6.7357035,-1.9675722,-1.5367169,3,walking
1519421837527,-6.7548523,-2.015445,-1.5462915,3,walking
1519421837533,-6.783576,-2.0058703,-1.5271424,3,walking
1519421837538,-6.783576,-2.034594,-1.4888442,3,walking
1519421837543,-6.8122997,-2.0824668,-1.4409714,3,walking
1519421837548,-6.821874,-2.1207652,-1.3930986,3,walking
1519421837553,-6.936769,-2.2165108,-1.3548003,3,walking
1519421837558,-6.984642,-2.254809,-1.3548003,3,walking
1519421837564,-7.137835,-2.2643836,-1.3452257,3,walking
1519421837568,-7.2527294,-2.2835326,-1.3930986,3,walking
1519421837574,-7.56869,-2.321831,-1.4313968,3,walking
1519421837578,-7.7793303,-2.2931073,-1.4601204,3,walking
1519421837584,-8.315506,-2.1973617,-1.5845897,3,walking
1519421837589,-8.564445,-2.1399143,-1.6707608,3,walking
1519421837594,-8.870831,-2.1207652,-1.6707608,3,walking
1519421837604,-9.780414,-2.034594,-1.8143792,3,walking
1519421837609,-10.058076,-2.0441687,-1.8335283,3,walking
1519421837614,-10.326163,-2.0441687,-1.9101248,3,walking
1519421837621,-10.661273,-1.948423,-1.9005502,3,walking
1519421837626,-10.747444,-1.9101248,-1.8909757,3,walking
1519421837631,-10.94851,-1.8048047,-1.9388485,3,walking
1519421837636,-11.025106,-1.7569319,-1.9101248,3,walking
1519421837641,-11.063405,-1.6899099,-1.9579976,3,walking
1519421837646,-11.05383,-1.6420372,-2.0441687,3,walking
1519421837652,-11.034681,-1.5079932,-2.0633178,3,walking
1519421837657,-10.986808,-1.3930986,-2.0920415,3,walking
1519421837661,-10.94851,-1.3260766,-2.1207652,3,walking
1519421837666,-10.852764,-1.2590547,-2.168638,3,walking
1519421837672,-10.737869,-1.1537346,-2.2069361,3,walking
1519421837676,-10.670848,-1.0867126,-2.1782124,3,walking
1519421837685,-10.584677,-1.0962871,-2.2165108,3,walking
1519421837691,-10.393186,-1.2303311,-2.1303396,3,walking
1519421837696,-10.354887,-1.3548003,-2.034594,3,walking
1519421837701,-10.230418,-1.6420372,-1.79523,3,walking
1519421837706,-10.182545,-1.8335283,-1.6516117,3,walking
1519421837711,-10.115523,-1.8909757,-1.5750152,3,walking
1519421837715,-10.0868,-1.9771467,-1.4505459,3,walking
1519421837721,-10.06765,-2.2739582,-1.3069274,3,walking
1519421837726,-10.144247,-2.3984275,-1.2494801,3,walking
1519421837731,-10.220843,-2.475024,-1.2303311,3,walking
1519421837736,-10.287866,-2.5516202,-1.1920328,3,walking
1519421837741,-10.412334,-2.561195,-1.3069274,3,walking
1519421837746,-11.187874,-2.2260852,-1.862252,3,walking
1519421837750,-11.905966,-1.9388485,-2.2835326,3,walking
1519421837755,-12.738953,-1.7186337,-2.714388,3,walking
1519421837783,-12.480439,-2.5994933,-2.2452345,3,walking
1519421837788,-12.011286,-2.5707695,-2.0633178,3,walking
1519421837793,-11.542132,-2.475024,-1.8431029,3,walking
1519421837824,-7.4729443,-2.9920502,-1.3739494,3,walking
1519421837832,-6.8122997,-2.6377914,-1.4984187,3,walking
1519421837837,-6.7261286,-2.561195,-1.6803354,3,walking
1519421837841,-6.9559183,-2.4845984,-1.9962958,3,walking
1519421837846,-7.434646,-2.187787,-2.149489,3,walking
1519421837851,-8.909128,-1.6037389,-2.494173,3,walking
1519421837855,-9.722966,-1.3452257,-2.6856642,3,walking
1519421837860,-10.565528,-1.2016073,-2.8771553,3,walking
1519421837866,-11.36979,-1.2207564,-2.9441774,3,walking
1519421837871,-11.36979,-1.2207564,-2.9441774,3,walking
1519421837875,-13.150659,-1.7856555,-2.714388,3,walking
1519421837919,-10.996383,-1.929274,-2.6569405,3,walking
1519421837927,-10.316589,-1.8143792,-2.7048132,3,walking
1519421837935,-10.06765,-1.7856555,-2.7622607,3,walking
1519421837942,-9.493176,-1.622888,-2.6856642,3,walking
1519421837950,-9.244238,-1.6133134,-2.580344,3,walking
1519421837956,-9.244238,-1.6133134,-2.580344,3,walking
1519421837960,-8.957002,-1.7377827,-2.5899186,3,walking
1519421837965,-8.813383,-1.79523,-2.5899186,3,walking
1519421837970,-8.717637,-1.8431029,-2.5899186,3,walking
1519421837975,-8.650616,-1.8909757,-2.5899186,3,walking
1519421837981,-8.516571,-1.9101248,-2.5899186,3,walking
1519421837985,-8.439975,-1.9005502,-2.6569405,3,walking
1519421837991,-8.372953,-1.8814012,-2.6377914,3,walking
1519421837996,-8.296356,-1.9005502,-2.6090677,3,walking
1519421838000,-8.210186,-1.862252,-2.7048132,3,walking
1519421838005,-8.171887,-1.862252,-2.6760898,3,walking
1519421838011,-7.9420977,-1.862252,-2.5324712,3,walking
1519421838016,-7.875076,-1.8431029,-2.4367256,3,walking
1519421838020,-7.7984796,-1.8143792,-2.321831,3,walking
1519421838025,-7.693159,-1.8143792,-2.3026817,3,walking
1519421838030,-7.5974135,-1.8335283,-2.2260852,3,walking
1519421838035,-7.46337,-1.7282082,-2.2165108,3,walking
1519421838040,-7.3771987,-1.6707608,-2.2452345,3,walking
1519421838045,-7.329326,-1.6324625,-2.2643836,3,walking
1519421838050,-7.2910275,-1.5558661,-2.2739582,3,walking
1519421838055,-7.2335806,-1.3739494,-2.3505547,3,walking
1519421838060,-7.156984,-1.2494801,-2.3792782,3,walking
1519421838065,-7.12826,-1.1728836,-2.4463003,3,walking
1519421838070,-7.12826,-0.99096704,-2.475024,3,walking
1519421838075,-7.137835,-0.8856468,-2.5420458,3,walking
1519421838080,-7.2623043,-0.8473486,-2.5707695,3,walking
1519421838085,-7.2623043,-0.8473486,-2.5707695,3,walking
1519421838090,-7.35805,-0.90479594,-2.6282167,3,walking
1519421838095,-7.4442205,-0.9430942,-2.561195,3,walking
1519421838100,-7.482519,-1.0579889,-2.4463003,3,walking
1519421838105,-7.501668,-1.1824582,-2.3888528,3,walking
1519421838110,-7.587839,-1.3260766,-2.3792782,3,walking
1519421838115,-7.654861,-1.4409714,-2.3314054,3,walking
1519421838120,-7.6835847,-1.5462915,-2.187787,3,walking
1519421838125,-7.788905,-1.7186337,-2.149489,3,walking
1519421838129,-7.8176284,-1.8048047,-2.0537431,3,walking
1519421838135,-7.7984796,-1.8239537,-1.948423,3,walking
1519421838140,-7.7984796,-1.8431029,-1.862252,3,walking
1519421838145,-7.6740103,-1.8239537,-1.7186337,3,walking
1519421838150,-7.587839,-1.7856555,-1.622888,3,walking
1519421838155,-7.6261373,-1.7377827,-1.5462915,3,walking
1519421838160,-7.5974135,-1.5941644,-1.4409714,3,walking
1519421838165,-7.5782647,-1.5367169,-1.4218222,3,walking
1519421838170,-7.6261373,-1.3452257,-1.4218222,3,walking
1519421838175,-7.6261373,-1.3452257,-1.4218222,3,walking
1519421838180,-7.721883,-1.2590547,-1.5271424,3,walking
1519421838185,-7.7123084,-1.2111819,-1.5462915,3,walking
1519421838190,-7.7984796,-0.9622433,-1.4792696,3,walking
1519421838195,-7.846352,-0.85692316,-1.4792696,3,walking
1519421838200,-7.8846507,-0.8090504,-1.4888442,3,walking
1519421838205,-7.9325233,-0.7994758,-1.4218222,3,walking
1519421838210,-8.133589,-0.7228793,-1.5271424,3,walking
1519421838214,-8.181462,-0.665432,-1.4792696,3,walking
1519421838219,-8.181462,-0.6079846,-1.5367169,3,walking
1519421838225,-8.1623125,-0.5505372,-1.5271424,3,walking
1519421838230,-8.181462,-0.5218136,-1.5558661,3,walking
1519421838235,-8.229335,-0.5218136,-1.5271424,3,walking
1519421838240,-8.286782,-0.56011176,-1.5271424,3,walking
1519421838246,-8.363379,-0.61755913,-1.6324625,3,walking
1519421838250,-8.5740185,-0.71330476,-1.6899099,3,walking
1519421838256,-8.66019,-0.70373017,-1.6803354,3,walking
1519421838261,-8.698488,-0.8186249,-1.6611862,3,walking
1519421838266,-8.698488,-0.8186249,-1.6611862,3,walking
1519421838271,-8.832532,-1.0005416,-1.6707608,3,walking
1519421838275,-8.985725,-1.0867126,-1.6803354,3,walking
1519421838280,-9.31126,-1.2016073,-1.6994845,3,walking
1519421838285,-9.474028,-1.2494801,-1.7377827,3,walking
1519421838290,-9.636795,-1.2686293,-1.7856555,3,walking
1519421838295,-9.828286,-1.3548003,-1.8143792,3,walking
1519421838299,-10.239992,-1.4601204,-1.862252,3,walking
1519421838305,-10.469782,-1.469695,-1.8909757,3,walking
1519421838310,-10.709146,-1.5462915,-1.9005502,3,walking
1519421838315,-10.938935,-1.622888,-1.929274,3,walking
1519421838320,-11.207023,-1.6516117,-1.929274,3,walking
1519421838325,-11.580431,-1.7665064,-1.8814012,3,walking
1519421838329,-11.743198,-1.8048047,-1.8526775,3,walking
1519421838334,-11.82937,-1.8526775,-1.8048047,3,walking
1519421838340,-11.858093,-1.9196993,-1.8048047,3,walking
1519421838344,-12.020861,-1.9867213,-1.8431029,3,walking
1519421838350,-12.097457,-2.0441687,-1.8718265,3,walking
1519421838354,-12.145329,-2.0920415,-1.9005502,3,walking
1519421838359,-12.174053,-2.0920415,-1.9962958,3,walking
1519421838365,-12.212352,-2.0728924,-2.0824668,3,walking
1519421838369,-12.145329,-2.0058703,-2.187787,3,walking
1519421838375,-12.097457,-1.9675722,-2.1973617,3,walking
1519421838380,-12.0400095,-1.8814012,-2.2165108,3,walking
1519421838385,-11.9346895,-1.8143792,-2.2931073,3,walking
1519421838389,-11.762347,-1.622888,-2.3984275,3,walking
1519421838394,-11.657027,-1.5367169,-2.4463003,3,walking
1519421838399,-11.685751,-1.4313968,-2.5994933,3,walking
1519421838405,-11.791071,-1.3165021,-2.800559,3,walking
1519421838410,-11.9346895,-1.2686293,-2.9346027,3,walking
1519421838415,-12.298523,-1.2973529,-2.9346027,3,walking
1519421838420,-12.384694,-1.5079932,-2.7239625,3,walking
1519421838424,-12.384694,-1.776081,-2.5228968,3,walking
1519421838429,-12.35597,-2.0824668,-2.2165108,3,walking
1519421838434,-12.193203,-2.752686,-1.7186337,3,walking
1519421838440,-12.107032,-2.9920502,-1.5367169,3,walking
1519421838445,-12.020861,-3.193116,-1.3548003,3,walking
1519421838449,-11.752773,-3.5090764,-1.2111819,3,walking
1519421838454,-11.676176,-3.5569491,-1.1824582,3,walking
1519421838460,-11.590006,-3.5760984,-1.2494801,3,walking
1519421838465,-11.522984,-3.4899273,-1.4026731,3,walking
1519421838470,-11.197449,-3.365458,-1.8814012,3,walking
1519421838475,-11.05383,-3.2026904,-2.1782124,3,walking
1519421838480,-10.852764,-3.0494976,-2.4845984,3,walking
1519421838485,-10.728295,-2.666515,-2.9824755,3,walking
1519421838490,-10.689997,-2.5037475,-3.3558834,3,walking
1519421838495,-10.651698,-2.2835326,-3.604822,3,walking
1519421838500,-10.689997,-2.0633178,-3.9590807,3,walking
1519421838505,-10.661273,-1.9388485,-4.0739756,3,walking
1519421838510,-10.584677,-1.8431029,-4.198445,3,walking
1519421838516,-10.575102,-1.79523,-4.198445,3,walking
1519421838521,-10.689997,-1.7186337,-4.169721,3,walking
1519421838526,-10.94851,-1.5175679,-3.997379,3,walking
1519421838531,-11.025106,-1.4313968,-3.8824842,3,walking
1519421838536,-11.111278,-1.3260766,-3.7388659,3,walking
1519421838541,-11.15915,-1.2590547,-3.5282254,3,walking
1519421838546,-11.101703,-1.1537346,-3.2984362,3,walking
1519421838552,-11.101703,-1.1154363,-3.1165195,3,walking
1519421838562,-11.044255,-1.2399056,-2.7239625,3,walking
1519421838567,-11.005958,-1.2973529,-2.6186423,3,walking
1519421838571,-11.025106,-1.4122477,-2.513322,3,walking
1519421838576,-11.063405,-1.4792696,-2.4558747,3,walking
1519421838580,-11.1208515,-1.6037389,-2.3697038,3,walking
1519421838584,-11.197449,-1.7569319,-2.2835326,3,walking
1519421838589,-11.28362,-1.8814012,-2.2835326,3,walking
1519421838594,-11.379365,-2.101616,-2.2931073,3,walking
1519421838600,-11.36979,-2.187787,-2.34098,3,walking
1519421838605,-11.36979,-2.2931073,-2.3697038,3,walking
1519421838610,-11.38894,-2.3505547,-2.561195,3,walking
1519421838615,-11.360216,-2.3792782,-2.6856642,3,walking
1519421838620,-11.321918,-2.3026817,-2.8101335,3,walking
1519421838625,-11.321918,-2.3026817,-2.8101335,3,walking
1519421838630,-11.044255,-2.2452345,-2.9346027,3,walking
1519421838639,-10.699572,-2.168638,-2.9824755,3,walking
1519421838644,-10.546378,-2.187787,-3.039923,3,walking
1519421838649,-10.287866,-2.2452345,-2.9920502,3,walking
1519421838654,-10.144247,-2.2643836,-3.0303483,3,walking
1519421838659,-9.98148,-2.3122563,-3.020774,3,walking
1519421838664,-9.809137,-2.2835326,-2.9920502,3,walking
1519421838669,-9.474028,-2.2452345,-2.8580062,3,walking
1519421838674,-9.301685,-2.2165108,-2.8101335,3,walking
1519421838679,-8.985725,-2.2165108,-2.6952388,3,walking
1519421838684,-8.851681,-2.2069361,-2.6569405,3,walking
1519421838689,-8.746361,-2.2069361,-2.6186423,3,walking
1519421838694,-8.583593,-2.2260852,-2.5899186,3,walking
1519421838699,-8.535721,-2.149489,-2.5037475,3,walking
1519421838704,-8.34423,-1.9005502,-2.321831,3,walking
1519421838709,-8.181462,-1.8143792,-2.2069361,3,walking
1519421838714,-8.076141,-1.8048047,-2.1590633,3,walking
1519421838719,-8.095291,-1.8239537,-2.101616,3,walking
1519421838724,-8.076141,-1.8048047,-2.101616,3,walking
1519421838729,-8.047418,-1.79523,-2.034594,3,walking
1519421838734,-7.961247,-1.8143792,-1.9867213,3,walking
1519421838739,-7.894225,-1.7569319,-1.948423,3,walking
1519421838744,-7.8846507,-1.7473572,-1.948423,3,walking
1519421838749,-7.8846507,-1.7377827,-1.9867213,3,walking
1519421838754,-7.8846507,-1.7377827,-1.9867213,3,walking
1519421838759,-7.9420977,-1.7665064,-2.0250196,3,walking
1519421838764,-7.9803963,-1.79523,-2.0633178,3,walking
1519421838769,-7.999545,-1.8143792,-2.0537431,3,walking
1519421838774,-8.056993,-1.79523,-2.1111906,3,walking
1519421838779,-8.076141,-1.8048047,-2.1111906,3,walking
1519421838785,-8.11444,-1.8048047,-2.1111906,3,walking
1519421838789,-8.21976,-1.79523,-2.1111906,3,walking
1519421838794,-8.23891,-1.862252,-2.149489,3,walking
1519421838799,-8.286782,-1.8431029,-2.187787,3,walking
1519421838804,-8.296356,-1.8814012,-2.1303396,3,walking
1519421838809,-8.32508,-1.79523,-2.1590633,3,walking
1519421838814,-8.34423,-1.8143792,-2.168638,3,walking
1519421838819,-8.23891,-1.79523,-2.2165108,3,walking
1519421838824,-8.23891,-1.79523,-2.2165108,3,walking
1519421838829,-8.076141,-1.8335283,-2.254809,3,walking
1519421838834,-7.999545,-1.862252,-2.2260852,3,walking
1519421838839,-7.894225,-1.8909757,-2.254809,3,walking
1519421838844,-7.808054,-1.8814012,-2.2931073,3,walking
1519421838849,-7.635712,-1.9388485,-2.34098,3,walking
1519421838855,-7.5399666,-2.0250196,-2.3984275,3,walking
1519421838860,-7.5303917,-2.0920415,-2.3697038,3,walking
1519421838865,-7.4920936,-2.1303396,-2.4367256,3,walking
1519421838869,-7.511243,-2.1782124,-2.4558747,3,walking
1519421838874,-7.511243,-2.187787,-2.4654493,3,walking
1519421838879,-7.5303917,-2.1590633,-2.494173,3,walking
1519421838884,-7.56869,-2.149489,-2.5228968,3,walking
1519421838889,-7.5782647,-2.149489,-2.475024,3,walking
1519421838895,-7.56869,-2.1590633,-2.4558747,3,walking
1519421838900,-7.6069884,-2.1111906,-2.3984275,3,walking
1519421838905,-7.5782647,-2.1207652,-2.360129,3,walking
1519421838910,-7.5399666,-2.1782124,-2.254809,3,walking
1519421838915,-7.5591154,-2.2643836,-2.254809,3,walking
1519421838921,-7.5782647,-2.3984275,-2.2165108,3,walking
1519421838925,-7.6261373,-2.4558747,-2.1303396,3,walking
1519421838930,-7.635712,-2.4845984,-2.0824668,3,walking
1519421838934,-7.635712,-2.4845984,-2.0824668,3,walking
1519421838939,-7.616563,-2.5228968,-1.9962958,3,walking
1519421838944,-7.6452866,-2.5324712,-1.929274,3,walking
1519421838949,-7.769756,-2.5037475,-1.9579976,3,walking
1519421838954,-7.769756,-2.5037475,-1.9579976,3,walking
1519421838959,-7.999545,-2.561195,-2.0537431,3,walking
1519421838964,-8.23891,-2.5707695,-2.1782124,3,walking
1519421838970,-8.32508,-2.5420458,-2.168638,3,walking
1519421838975,-8.4686985,-2.4845984,-2.254809,3,walking
1519421838979,-8.688913,-2.4175766,-2.34098,3,walking
1519421838985,-8.909128,-2.360129,-2.3792782,3,walking
1519421838989,-9.033598,-2.3026817,-2.427151,3,walking
1519421838999,-9.349558,-2.2260852,-2.5037475,3,walking
1519421839004,-9.349558,-2.2260852,-2.5037475,3,walking
1519421839010,-9.3878565,-2.1590633,-2.3122563,3,walking
1519421839015,-9.407005,-2.1207652,-2.187787,3,walking
1519421839019,-9.3878565,-2.0441687,-1.929274,3,walking
1519421839024,-9.3878565,-2.0441687,-1.929274,3,walking
1519421839028,-9.2825365,-2.1111906,-1.5367169,3,walking
1519421839034,-9.272962,-2.187787,-1.3643749,3,walking
1519421839039,-9.215514,-2.2069361,-1.1345854,3,walking
1519421839044,-9.215514,-2.2069361,-1.1345854,3,walking
1519421839049,-8.957002,-2.3792782,-0.56968635,3,walking
1519421839054,-8.822957,-2.4654493,-0.3111732,3,walking
1519421839059,-8.727212,-2.4463003,-0.13883112,3,walking
1519421839064,-8.784659,-2.475024,-0.023936402,3,walking
1519421839069,-8.784659,-2.5037475,0.062234644,3,walking
1519421839074,-8.803808,-2.5228968,0.10053288,3,walking
1519421839078,-8.813383,-2.513322,0.16755481,3,walking
1519421839084,-8.918703,-2.3505547,0.05266008,3,walking
1519421839089,-9.129343,-2.2356598,-0.062234644,3,walking
1519421839094,-9.483603,-2.0920415,-0.30159867,3,walking
1519421839099,-10.814466,-1.7473572,-1.1250108,3,walking
1519421839104,-11.551707,-1.709059,-1.5079932,3,walking
1519421839108,-12.212352,-1.6420372,-1.8335283,3,walking
1519421839113,-12.6527815,-1.6324625,-2.015445,3,walking
1519421839119,-12.882571,-1.6516117,-1.9675722,3,walking
1519421839124,-12.662356,-1.7377827,-1.8143792,3,walking
1519421839128,-12.0400095,-1.9196993,-1.4888442,3,walking
1519421839133,-12.0400095,-1.9196993,-1.4888442,3,walking
1519421839139,-11.216598,-1.9196993,-1.0005416,3,walking
1519421839145,-10.335738,-1.948423,-0.7228793,3,walking
1519421839150,-9.876159,-2.034594,-0.56011176,3,walking
1519421839155,-9.474028,-2.1399143,-0.44521707,3,walking
1519421839159,-8.55487,-2.3122563,-0.37819514,3,walking
1519421839165,-8.133589,-2.321831,-0.40691882,3,walking
1519421839169,-7.6835847,-2.3026817,-0.4164934,3,walking
1519421839174,-7.310177,-2.2643836,-0.46436617,3,walking
1519421839179,-6.9942164,-2.1399143,-0.39734426,3,walking
1519421839184,-6.850598,-1.9771467,-0.42606795,3,walking
1519421839189,-7.0708127,-1.6037389,-0.6558574,3,walking
1519421839194,-7.4729443,-1.4122477,-0.8186249,3,walking
1519421839199,-8.736787,-1.2111819,-1.2877784,3,walking
1519421839204,-8.736787,-1.2111819,-1.2877784,3,walking
1519421839209,-10.307014,-1.2877784,-1.709059,3,walking
1519421839214,-11.092129,-1.383524,-1.7569319,3,walking
1519421839219,-12.767676,-1.709059,-1.79523,3,walking
1519421839223,-12.767676,-1.709059,-1.79523,3,walking
1519421839229,-14.242159,-2.1782124,-1.8718265,3,walking
1519421839234,-14.797483,-2.4558747,-1.862252,3,walking
1519421839239,-15.534724,-2.819708,-1.8239537,3,walking
1519421839243,-15.678343,-2.905879,-1.776081,3,walking
1519421839249,-15.63047,-2.9537518,-1.7856555,3,walking
1519421839254,-15.3049345,-2.8484318,-1.7377827,3,walking
1519421839260,-15.027272,-2.6282167,-1.7186337,3,walking
1519421839264,-14.711312,-2.3984275,-1.709059,3,walking
1519421839269,-13.734707,-2.0058703,-1.8526775,3,walking
1519421839275,-13.34215,-1.8814012,-1.776081,3,walking
1519421839280,-12.949593,-1.7473572,-1.7665064,3,walking
1519421839285,-12.288948,-1.469695,-1.776081,3,walking
1519421839290,-11.886817,-1.3643749,-1.7186337,3,walking
1519421839295,-11.465536,-1.2494801,-1.6803354,3,walking
1519421839300,-11.025106,-1.1250108,-1.6420372,3,walking
1519421839304,-10.661273,-0.99096704,-1.6133134,3,walking
1519421839309,-10.096374,-0.7994758,-1.5079932,3,walking
1519421839314,-10.096374,-0.7994758,-1.5079932,3,walking
1519421839319,-9.378282,-0.8186249,-1.3930986,3,walking
1519421839324,-9.110194,-0.90479594,-1.3548003,3,walking
1519421839329,-8.889979,-1.0388398,-1.3069274,3,walking
1519421839334,-8.889979,-1.0388398,-1.3069274,3,walking
1519421839339,-8.23891,-1.622888,-1.2494801,3,walking
1519421839344,-8.23891,-1.622888,-1.2494801,3,walking
1519421839349,-7.961247,-2.1111906,-1.3356512,3,walking
1519421839354,-7.855927,-2.321831,-1.3260766,3,walking
1519421839359,-7.635712,-2.7048132,-1.4792696,3,walking
1519421839364,-7.396348,-2.9154537,-1.4313968,3,walking
1519421839369,-7.2144313,-2.9920502,-1.2399056,3,walking
1519421839374,-7.0708127,-3.0877957,-1.2207564,3,walking
1519421839380,-6.9942164,-3.5473747,-1.3452257,3,walking
1519421839385,-7.003791,-3.7675896,-1.3739494,3,walking
1519421839390,-7.195282,-3.997379,-1.2303311,3,walking
1519421839396,-7.0995364,-4.150572,-1.1728836,3,walking
1519421839401,-6.9942164,-4.2463174,-1.0867126,3,walking
1519421839411,-6.869747,-4.2654667,-0.8664977,3,walking
1519421839416,-6.9080453,-4.2558923,-0.83777404,3,walking
1519421839421,-6.936769,-4.169721,-0.8664977,3,walking
1519421839426,-6.9559183,-4.0644007,-1.0101161,3,walking
1519421839431,-7.003791,-3.997379,-1.1058618,3,walking
1519421839436,-7.089962,-3.825037,-1.1345854,3,walking
1519421839442,-7.1474094,-3.518651,-1.2782038,3,walking
1519421839447,-7.1474094,-3.4229054,-1.3165021,3,walking
1519421839452,-7.2144313,-3.2601378,-1.383524,3,walking
1519421839457,-7.3006024,-3.0973704,-1.3643749,3,walking
1519421839462,-7.549541,-2.819708,-1.4026731,3,walking
1519421839467,-7.6740103,-2.6760898,-1.3739494,3,walking
1519421839473,-7.769756,-2.561195,-1.3260766,3,walking
1519421839477,-7.9325233,-2.3792782,-1.3356512,3,walking
1519421839483,-8.248484,-2.101616,-1.2973529,3,walking
1519421839487,-8.315506,-2.0058703,-1.1537346,3,walking
1519421839493,-8.382527,-1.9196993,-1.0579889,3,walking
1519421839499,-8.4686985,-1.9196993,-0.7228793,3,walking
1519421839505,-8.487848,-1.9196993,-0.59841,3,walking
1519421839510,-8.4686985,-1.929274,-0.56011176,3,walking
1519421839520,-8.372953,-1.6994845,-0.3877697,3,walking
1519421839525,-8.353804,-1.5558661,-0.3877697,3,walking
1519421839530,-8.372953,-1.4601204,-0.40691882,3,walking
1519421839541,-8.439975,-1.1345854,-0.42606795,3,walking
1519421839551,-8.487848,-0.92394507,-0.40691882,3,walking
1519421839556,-8.612317,-0.91437054,-0.44521707,3,walking
1519421839561,-8.736787,-0.8856468,-0.4356425,3,walking
1519421839571,-8.937852,-1.0579889,-0.50266445,3,walking
1519421839576,-8.995299,-1.0867126,-0.45479164,3,walking
1519421839581,-9.062322,-1.1154363,-0.4835153,3,walking
1519421839586,-9.148493,-1.1920328,-0.49308985,3,walking
1519421839592,-9.196365,-1.2303311,-0.5313881,3,walking
1519421839597,-9.301685,-1.2590547,-0.61755913,3,walking
1519421839602,-9.41658,-1.3069274,-0.71330476,3,walking
1519421839607,-9.598496,-1.3165021,-0.9622433,3,walking
1519421839612,-9.722966,-1.3356512,-1.0101161,3,walking
1519421839617,-9.991054,-1.4792696,-1.1728836,3,walking
1519421839622,-9.991054,-1.4792696,-1.1728836,3,walking
1519421839627,-10.393186,-1.6707608,-1.2016073,3,walking
1519421839633,-10.584677,-1.7186337,-1.1058618,3,walking
1519421839638,-11.025106,-1.79523,-1.0196906,3,walking
1519421839643,-11.235746,-1.8143792,-0.9430942,3,walking
1519421839648,-11.455961,-1.8431029,-0.8473486,3,walking
1519421839654,-11.896391,-1.8718265,-0.751603,3,walking
1519421839659,-11.992137,-1.9101248,-0.70373017,3,walking
1519421839666,-12.231501,-2.1111906,-0.64628285,3,walking
1519421839671,-12.288948,-2.187787,-0.64628285,3,walking
1519421839676,-12.298523,-2.2643836,-0.6750065,3,walking
1519421839681,-12.260224,-2.2356598,-0.69415563,3,walking
1519421839685,-12.145329,-2.1973617,-0.7324539,3,walking
1519421839690,-12.020861,-2.1207652,-0.8281995,3,walking
1519421839700,-11.580431,-1.8143792,-1.0292653,3,walking
1519421839705,-11.36979,-1.6899099,-1.1345854,3,walking
1519421839710,-11.111278,-1.5654407,-1.2111819,3,walking
1519421839719,-10.651698,-1.1154363,-1.5271424,3,walking
1519421839725,-10.546378,-1.0101161,-1.6611862,3,walking
1519421839730,-10.632549,-0.8856468,-1.9196993,3,walking
1519421839736,-11.38894,-0.77075213,-2.5516202,3,walking
1519421839740,-12.001712,-0.8856468,-2.7622607,3,walking
1519421839750,-13.074062,-1.5845897,-2.6186423,3,walking
1519421839755,-13.562365,-2.494173,-2.0058703,3,walking
1519421839760,-13.533641,-2.972901,-1.6037389,3,walking
1519421839769,-13.198531,-4.1026993,-1.0484143,3,walking
1519421839775,-13.169807,-4.2654667,-1.0101161,3,walking
1519421839780,-13.141085,-4.4186597,-1.0388398,3,walking
1519421839791,-12.576185,-4.2271686,-1.3165021,3,walking
1519421839796,-12.327247,-3.997379,-1.6324625,3,walking
1519421839800,-12.049584,-3.758015,-1.9675722,3,walking
1519421839810,-11.446387,-3.078221,-3.0111992,3,walking
1519421839815,-11.302769,-2.819708,-3.3271596,3,walking
1519421839820,-11.197449,-2.5994933,-3.5378,3,walking
1519421839826,-11.005958,-2.2739582,-3.911208,3,walking
1519421839831,-11.005958,-2.149489,-4.0548263,3,walking
1519421839839,-11.168725,-2.149489,-4.2271686,3,walking
1519421839845,-11.551707,-2.2643836,-4.3133397,3,walking
1519421839850,-11.838944,-2.3026817,-4.3133397,3,walking
1519421839859,-12.403843,-2.5420458,-3.930357,3,walking
1519421839865,-12.5474615,-2.7239625,-3.825037,3,walking
1519421839870,-12.633633,-2.8963046,-3.6335456,3,walking
1519421839880,-12.968742,-3.193116,-3.126094,3,walking
1519421839885,-12.9591675,-3.384607,-3.0016246,3,walking
1519421839890,-12.911295,-3.5856729,-2.867581,3,walking
1519421839900,-12.8538475,-3.9207826,-2.5707695,3,walking
1519421839905,-12.786825,-3.9495063,-2.4654493,3,walking
1519421839910,-12.748528,-3.8346114,-2.321831,3,walking
1519421839916,-12.729378,-3.6239712,-2.2835326,3,walking
1519421839920,-12.700654,-3.518651,-2.3697038,3,walking
1519421839925,-12.67193,-3.4707782,-2.5228968,3,walking
1519421839931,-12.375119,-3.2697124,-2.714388,3,walking
1519421839935,-12.260224,-3.2409887,-2.8292825,3,walking
1519421839941,-12.107032,-3.1835413,-2.905879,3,walking
1519421839946,-11.819795,-3.1069448,-3.0494976,3,walking
1519421839950,-11.685751,-3.0016246,-3.059072,3,walking
1519421839955,-11.503835,-2.905879,-3.059072,3,walking
1519421839960,-11.302769,-2.8484318,-2.9537518,3,walking
1519421839970,-10.881488,-2.733537,-2.6760898,3,walking
1519421839975,-10.747444,-2.7622607,-2.6186423,3,walking
1519421839980,-10.632549,-2.7718353,-2.5994933,3,walking
1519421839990,-10.125097,-2.9250283,-2.5037475,3,walking
1519421839995,-9.924032,-2.9250283,-2.5037475,3,walking
1519421840000,-9.665519,-2.8580062,-2.3984275,3,walking
1519421840006,-9.244238,-2.819708,-2.321831,3,walking
1519421840011,-9.062322,-2.8580062,-2.3026817,3,walking
1519421840016,-8.66019,-2.9250283,-2.3505547,3,walking
1519421840021,-8.487848,-2.9920502,-2.3314054,3,walking
1519421840026,-8.258059,-3.0111992,-2.3888528,3,walking
1519421840032,-8.085716,-3.020774,-2.3888528,3,walking
1519421840036,-8.085716,-3.020774,-2.3888528,3,walking
1519421840042,-7.635712,-2.972901,-2.475024,3,walking
1519421840047,-7.501668,-3.0303483,-2.4654493,3,walking
1519421840052,-7.4059224,-3.0016246,-2.5228968,3,walking
1519421840057,-7.3006024,-2.9824755,-2.561195,3,walking
1519421840062,-7.2240057,-2.9537518,-2.5994933,3,walking
1519421840067,-7.1665583,-2.9537518,-2.6090677,3,walking
1519421840075,-7.1186857,-2.8292825,-2.647366,3,walking
1519421840080,-7.1474094,-2.8292825,-2.6186423,3,walking
1519421840085,-7.1665583,-2.819708,-2.6760898,3,walking
1519421840090,-7.2527294,-2.7814097,-2.6569405,3,walking
1519421840095,-7.348475,-2.7814097,-2.666515,3,walking
1519421840101,-7.396348,-2.733537,-2.6856642,3,walking
1519421840106,-7.482519,-2.7048132,-2.666515,3,walking
1519421840111,-7.482519,-2.7048132,-2.666515,3,walking
1519421840116,-7.5591154,-2.6856642,-2.6377914,3,walking
1519421840121,-7.6261373,-2.6569405,-2.6569405,3,walking
1519421840126,-7.6835847,-2.6760898,-2.7048132,3,walking
1519421840131,-7.6740103,-2.6377914,-2.7909844,3,walking
1519421840136,-7.721883,-2.6569405,-2.7814097,3,walking
1519421840142,-7.7506065,-2.6090677,-2.8484318,3,walking
1519421840147,-7.741032,-2.5899186,-2.9537518,3,walking
1519421840152,-7.721883,-2.5899186,-3.0111992,3,walking
1519421840157,-7.6835847,-2.580344,-3.020774,3,walking
1519421840164,-7.5399666,-2.5899186,-3.1643922,3,walking
1519421840169,-7.5399666,-2.5994933,-3.2218397,3,walking
1519421840175,-7.5208173,-2.6090677,-3.3080106,3,walking
1519421840180,-7.4537954,-2.6186423,-3.3558834,3,walking
1519421840185,-7.434646,-2.666515,-3.4899273,3,walking
1519421840190,-7.4537954,-2.6377914,-3.5378,3,walking
1519421840195,-7.4537954,-2.5899186,-3.5569491,3,walking
1519421840201,-7.4729443,-2.580344,-3.6335456,3,walking
1519421840205,-7.5782647,-2.494173,-3.7197168,3,walking
1519421840211,-7.654861,-2.475024,-3.7005677,3,walking
1519421840216,-7.922949,-2.3888528,-3.7484405,3,walking
1519421840221,-8.056993,-2.34098,-3.758015,3,walking
1519421840226,-8.229335,-2.2835326,-3.7867386,3,walking
1519421840231,-8.32508,-2.3026817,-3.671844,3,walking
1519421840236,-8.899554,-2.2260852,-3.7101421,3,walking
1519421840241,-9.091045,-2.2356598,-3.6431203,3,walking
1519421840246,-9.31126,-2.2356598,-3.6526947,3,walking
1519421840251,-9.54105,-2.2452345,-3.6239712,3,walking
1519421840255,-9.818711,-2.360129,-3.5952475,3,walking
1519421840259,-9.96233,-2.4463003,-3.499502,3,walking
1519421840264,-10.000628,-2.513322,-3.451629,3,walking
1519421840269,-10.06765,-2.6090677,-3.4324799,3,walking
1519421840275,-10.077225,-2.8101335,-3.2505634,3,walking
1519421840280,-10.105948,-2.8388572,-3.2409887,3,walking
1519421840285,-10.048501,-2.9250283,-3.1069448,3,walking
1519421840291,-10.029352,-2.9441774,-3.1165195,3,walking
1519421840295,-9.96233,-2.9633265,-2.9920502,3,walking
1519421840301,-9.991054,-2.867581,-3.039923,3,walking
1519421840305,-9.943181,-2.8292825,-2.9920502,3,walking
1519421840310,-10.038927,-2.714388,-3.0303483,3,walking
1519421840315,-10.058076,-2.666515,-3.039923,3,walking
1519421840320,-10.019777,-2.6569405,-3.059072,3,walking
1519421840328,-9.924032,-2.513322,-2.7909844,3,walking
1519421840334,-9.828286,-2.494173,-2.6377914,3,walking
1519421840339,-9.6942425,-2.4845984,-2.4367256,3,walking
1519421840348,-9.244238,-2.561195,-1.7186337,3,walking
1519421840354,-9.043172,-2.6569405,-1.4409714,3,walking
1519421840359,-8.9761505,-2.666515,-1.1633091,3,walking
1519421840365,-9.091045,-2.7239625,-0.69415563,3,walking
1519421840369,-9.339984,-2.6856642,-0.5505372,3,walking
1519421840378,-10.06765,-2.5994933,-0.512239,3,walking
1519421840385,-10.479357,-2.5037475,-0.37819514,3,walking
1519421840389,-10.441058,-2.5324712,-0.2920241,3,walking
1519421840399,-9.943181,-2.6282167,-0.0718092,3,walking
1519421840405,-9.29211,-2.5899186,0.14840569,3,walking
1519421840409,-8.947427,-2.5420458,0.2441513,3,walking
1519421840418,-7.741032,-2.3026817,0.37819514,3,walking
1519421840424,-7.329326,-2.1973617,0.34947145,3,walking
1519421840429,-6.9176197,-2.101616,0.36862057,3,walking
1519421840435,-6.2378263,-1.8814012,0.3111732,3,walking
1519421840440,-6.017611,-1.8143792,0.20585304,3,walking
1519421840445,-5.998462,-1.6707608,0.023936402,3,walking
1519421840450,-6.0080366,-1.5175679,-0.081383765,3,walking
1519421840455,-6.391019,-1.14416,-0.54096264,3,walking
1519421840460,-6.7069798,-0.8760723,-0.7420284,3,walking
1519421840465,-7.051664,-0.61755913,-1.0101161,3,walking
1519421840471,-7.4729443,-0.54096264,-1.2111819,3,walking
1519421840475,-8.535721,-0.5218136,-1.6516117,3,walking
1519421840480,-9.100619,-0.665432,-1.8526775,3,walking
1519421840486,-10.374036,-0.9622433,-1.9388485,3,walking
1519421840493,-11.063405,-1.0867126,-1.9962958,3,walking
1519421840499,-12.308098,-1.3260766,-2.034594,3,walking
1519421840508,-13.34215,-1.7665064,-1.9867213,3,walking
1519421840545,-13.552791,-3.231414,-0.98139244,3,walking
1519421840554,-13.265553,-3.1452432,-0.8664977,3,walking
1519421840562,-12.681505,-2.8292825,-0.8473486,3,walking
1519421840567,-12.384694,-2.5420458,-0.8090504,3,walking
1519421840571,-12.030436,-2.2643836,-0.69415563,3,walking
1519421840575,-11.743198,-2.0058703,-0.64628285,3,walking
1519421840581,-11.187874,-1.5175679,-0.49308985,3,walking
1519421840586,-10.92936,-1.2590547,-0.3877697,3,walking
1519421840590,-10.699572,-1.0388398,-0.3111732,3,walking
1519421840594,-10.441058,-0.78032666,-0.22500217,3,walking
1519421840599,-9.924032,-0.3398969,-0.20585304,3,walking
1519421840604,-9.770839,-0.25372586,-0.26330042,3,walking
1519421840609,-9.742115,-0.05266008,-0.33032233,3,walking
1519421840618,-9.301685,0.19627848,-0.17712937,3,walking
1519421840624,-8.947427,0.12925656,-0.2441513,3,walking
1519421840632,-8.851681,0.28244954,-0.25372586,3,walking
1519421840637,-8.746361,0.18670394,-0.25372586,3,walking
1519421840643,-8.516571,-0.023936402,-0.2441513,3,walking
1519421840648,-8.535721,-0.15798025,-0.2441513,3,walking
1519421840654,-8.822957,-0.56968635,-0.42606795,3,walking
1519421840659,-8.995299,-0.77075213,-0.49308985,3,walking
1519421840668,-9.052747,-1.2207564,-0.37819514,3,walking
1519421840674,-8.880404,-1.8048047,-0.47394073,3,walking
1519421840680,-8.985725,-1.9771467,-0.46436617,3,walking
1519421840685,-8.985725,-2.1590633,-0.37819514,3,walking
1519421840690,-8.957002,-2.3314054,-0.4356425,3,walking
1519421840696,-9.148493,-2.3697038,-0.512239,3,walking
1519421840700,-9.320834,-2.3122563,-0.6271337,3,walking
1519421840706,-9.483603,-1.9867213,-0.83777404,3,walking
1519421840711,-9.474028,-1.7473572,-0.90479594,3,walking
1519421840716,-9.445304,-1.3930986,-1.0005416,3,walking
1519421840720,-9.445304,-1.3930986,-1.0005416,3,walking
1519421840724,-9.330409,-1.2207564,-0.751603,3,walking
1519421840729,-9.196365,-1.2303311,-0.6079846,3,walking
1519421840734,-9.052747,-1.3548003,-0.47394073,3,walking
1519421840739,-8.918703,-1.5462915,-0.34947145,3,walking
1519421840744,-8.736787,-2.0058703,-0.110107444,3,walking
1519421840748,-8.679339,-2.2931073,-0.05266008,3,walking
1519421840753,-8.516571,-2.4558747,-0.00478728,3,walking
1519421840757,-8.32508,-2.5324712,0.15798025,3,walking
1519421840764,-8.076141,-2.6952388,0.15798025,3,walking
1519421840768,-7.9325233,-2.6377914,0.17712937,3,walking
1519421840777,-7.7314577,-2.4463003,0.09095833,3,walking
1519421840784,-7.654861,-2.149489,-0.043085523,3,walking
1519421840788,-7.6740103,-1.9579976,-0.11968201,3,walking
1519421840797,-7.7506065,-1.6803354,-0.26330042,3,walking
1519421840803,-7.9037995,-1.3643749,-0.42606795,3,walking
1519421840808,-8.085716,-1.1633091,-0.5792609,3,walking
1519421840813,-8.459125,-0.8856468,-0.8281995,3,walking
1519421840818,-8.650616,-0.77075213,-0.8281995,3,walking
1519421840823,-8.880404,-0.665432,-0.8760723,3,walking
1519421840827,-9.062322,-0.56011176,-0.85692316,3,walking
1519421840834,-9.378282,-0.34947145,-0.8281995,3,walking
1519421840838,-9.54105,-0.25372586,-0.85692316,3,walking
1519421840843,-9.732541,-0.19627848,-0.85692316,3,walking
1519421840847,-9.914457,-0.12925656,-0.83777404,3,walking
1519421840854,-10.163396,-0.15798025,-0.83777404,3,walking
1519421840858,-10.259142,-0.2441513,-0.8664977,3,walking
1519421840863,-10.278291,-0.33032233,-0.8281995,3,walking
1519421840868,-10.335738,-0.4356425,-0.8664977,3,walking
1519421840874,-10.374036,-0.56968635,-0.99096704,3,walking
1519421840879,-10.421909,-0.63670826,-0.9718179,3,walking
1519421840884,-10.469782,-0.8090504,-1.0675635,3,walking
1519421840889,-10.517654,-0.8760723,-1.0771381,3,walking
1519421840894,-10.555953,-0.9526688,-1.1250108,3,walking
1519421840899,-10.565528,-1.0579889,-1.1537346,3,walking
1519421840904,-10.565528,-1.2016073,-1.1633091,3,walking
1519421840908,-10.488931,-1.2782038,-1.0867126,3,walking
1519421840913,-10.517654,-1.3739494,-1.0771381,3,walking
1519421840919,-10.575102,-1.4792696,-1.0196906,3,walking
1519421840924,-10.795317,-1.7282082,-0.99096704,3,walking
1519421840929,-10.94851,-1.8718265,-0.9526688,3,walking
1519421840934,-11.101703,-2.015445,-0.9718179,3,walking
1519421840939,-11.274045,-2.1111906,-1.0005416,3,walking
1519421840944,-11.570856,-2.3697038,-0.98139244,3,walking
1519421840949,-11.714475,-2.4845984,-1.0101161,3,walking
1519421840954,-11.953838,-2.7239625,-1.0484143,3,walking
1519421840959,-11.953838,-2.7239625,-1.0484143,3,walking
1519421840964,-12.011286,-2.88673,-1.0579889,3,walking
1519421840968,-11.963413,-2.8771553,-1.0292653,3,walking
1519421840977,-11.618729,-2.7718353,-1.0388398,3,walking
1519421840983,-11.149575,-2.513322,-1.1345854,3,walking
1519421840988,-10.852764,-2.427151,-1.1728836,3,walking
1519421840994,-10.40276,-2.1973617,-1.4313968,3,walking
1519421840999,-10.2016945,-2.1111906,-1.6707608,3,walking
1519421841004,-10.058076,-1.9388485,-1.948423,3,walking
1519421841009,-10.163396,-1.8143792,-2.4367256,3,walking
1519421841014,-11.072979,-1.6994845,-3.2601378,3,walking
1519421841019,-11.59958,-1.9196993,-3.3941817,3,walking
1519421841029,-12.58576,-2.8771553,-3.1356685,3,walking
1519421841034,-12.892146,-3.9782298,-2.5899186,3,walking
1519421841039,-12.738953,-4.476107,-2.4463003,3,walking
1519421841044,-12.336822,-5.1271772,-2.1303396,3,walking
1519421841080,-9.8953085,-4.5622783,-3.365458,3,walking
1519421841085,-9.665519,-4.2941904,-3.4899273,3,walking
1519421841089,-9.531475,-4.045252,-3.7005677,3,walking
1519421841093,-9.41658,-3.7675896,-3.8824842,3,walking
1519421841098,-9.474028,-3.499502,-3.9686553,3,walking
1519421841103,-9.6942425,-2.9250283,-4.2558923,3,walking
1519421841107,-9.847435,-2.6186423,-4.3612123,3,walking
1519421841112,-10.115523,-2.3314054,-4.4090853,3,walking
1519421841117,-10.374036,-2.1207652,-4.3707867,3,walking
1519421841123,-10.622974,-1.9675722,-4.2941904,3,walking
1519421841128,-11.15915,-1.8143792,-3.997379,3,walking
1519421841133,-11.38894,-1.8718265,-3.825037,3,walking
1519421841137,-11.609155,-1.9867213,-3.5952475,3,walking
1519421841143,-11.800646,-2.168638,-3.4324799,3,walking
1519421841147,-12.279374,-2.733537,-2.8484318,3,walking
1519421841152,-12.518738,-3.039923,-2.5994933,3,walking
1519421841157,-12.748528,-3.4229054,-2.360129,3,walking
1519421841163,-13.083637,-4.275041,-1.8909757,3,walking
1519421841168,-13.169807,-4.6675982,-1.7282082,3,walking
1519421841173,-13.188957,-5.232497,-1.5558661,3,walking
1519421841178,-13.179382,-5.3569665,-1.6133134,3,walking
1519421841183,-13.150659,-5.309094,-1.8048047,3,walking
1519421841188,-13.074062,-5.1176023,-2.0537431,3,walking
1519421841193,-12.58576,-4.648449,-2.4367256,3,walking
1519421841198,-12.365545,-4.4090853,-2.647366,3,walking
1519421841202,-12.116607,-4.2271686,-2.752686,3,walking
1519421841207,-11.944264,-4.045252,-3.0111992,3,walking
1519421841213,-11.7336235,-3.604822,-3.2601378,3,walking
1519421841218,-11.647452,-3.365458,-3.365458,3,walking
1519421841223,-11.522984,-3.1548176,-3.4803526,3,walking
1519421841229,-11.446387,-2.9920502,-3.5090764,3,walking
1519421841234,-11.350641,-2.475024,-3.4803526,3,walking
1519421841239,-11.168725,-2.2739582,-3.5090764,3,walking
1519421841244,-10.766593,-1.862252,-3.4324799,3,walking
1519421841249,-10.594251,-1.6994845,-3.2505634,3,walking
1519421841255,-10.40276,-1.5558661,-3.0111992,3,walking
1519421841259,-10.2016945,-1.4409714,-2.8580062,3,walking
1519421841264,-9.847435,-1.2782038,-2.8963046,3,walking
1519421841268,-9.847435,-1.2782038,-2.8963046,3,walking
1519421841273,-9.2825365,-1.1824582,-2.8771553,3,walking
1519421841278,-9.043172,-1.1920328,-2.8580062,3,walking
1519421841283,-8.55487,-1.2782038,-2.7431116,3,walking
1519421841288,-8.334655,-1.3548003,-2.7431116,3,walking
1519421841293,-8.1623125,-1.4122477,-2.6282167,3,walking
1519421841299,-7.961247,-1.4601204,-2.5994933,3,walking
1519421841304,-7.5782647,-1.6037389,-2.5994933,3,walking
1519421841308,-7.434646,-1.6516117,-2.6090677,3,walking
1519421841314,-7.3771987,-1.8143792,-2.714388,3,walking
1519421841319,-7.3867736,-1.9005502,-2.7814097,3,walking
1519421841324,-7.434646,-2.034594,-2.8484318,3,walking
1519421841329,-7.46337,-2.0728924,-2.88673,3,walking
1519421841335,-7.587839,-2.2356598,-2.9441774,3,walking
1519421841339,-7.635712,-2.3314054,-2.9537518,3,walking
1519421841345,-7.7506065,-2.427151,-2.9346027,3,walking
1519421841350,-7.808054,-2.513322,-2.9154537,3,walking
1519421841355,-7.9133744,-2.5994933,-2.8963046,3,walking
1519421841365,-8.00912,-2.7718353,-2.7718353,3,walking
1519421841370,-8.056993,-2.8101335,-2.733537,3,walking
1519421841375,-8.085716,-2.800559,-2.7048132,3,walking
1519421841380,-8.037844,-2.8771553,-2.5707695,3,walking
1519421841386,-8.018694,-2.8771553,-2.5037475,3,walking
1519421841390,-8.076141,-2.8101335,-2.5516202,3,walking
1519421841396,-7.922949,-2.6569405,-2.5037475,3,walking
1519421841401,-7.922949,-2.647366,-2.5516202,3,walking
1519421841406,-7.8846507,-2.5899186,-2.5899186,3,walking
1519421841411,-7.788905,-2.6090677,-2.752686,3,walking
1519421841417,-7.721883,-2.647366,-2.8101335,3,walking
1519421841421,-7.616563,-2.580344,-2.9154537,3,walking
1519421841426,-7.5208173,-2.513322,-2.9633265,3,walking
1519421841432,-7.4729443,-2.4175766,-3.0973704,3,walking
1519421841438,-7.4920936,-2.3314054,-3.173967,3,walking
1519421841443,-7.4537954,-2.321831,-3.2888615,3,walking
1519421841448,-7.4537954,-2.321831,-3.2888615,3,walking
1519421841453,-7.4250717,-2.2931073,-3.2792869,3,walking
1519421841458,-7.4059224,-2.2739582,-3.193116,3,walking
1519421841463,-7.4059224,-2.2165108,-3.126094,3,walking
1519421841468,-7.4442205,-2.1973617,-3.1069448,3,walking
1519421841473,-7.501668,-2.1782124,-3.0494976,3,walking
1519421841478,-7.635712,-2.2165108,-3.0303483,3,walking
1519421841484,-7.7793303,-2.2165108,-3.0973704,3,walking
1519421841488,-7.875076,-2.2356598,-3.1165195,3,walking
1519421841494,-8.056993,-2.2643836,-3.1548176,3,walking
1519421841498,-8.056993,-2.2643836,-3.1548176,3,walking
1519421841503,-8.248484,-2.1973617,-3.193116,3,walking
1519421841507,-8.353804,-2.187787,-3.1548176,3,walking
1519421841511,-8.545295,-2.101616,-3.2601378,3,walking
1519421841516,-8.679339,-2.0728924,-3.2792869,3,walking
1519421841522,-8.870831,-2.034594,-3.2505634,3,walking
1519421841526,-9.225089,-1.9867213,-3.2505634,3,walking
1519421841532,-9.349558,-1.948423,-3.193116,3,walking
1519421841536,-9.41658,-1.9771467,-3.078221,3,walking
1519421841542,-9.598496,-1.9196993,-2.8580062,3,walking
1519421841546,-9.560199,-1.948423,-2.666515,3,walking
1519421841552,-9.512326,-1.9962958,-2.513322,3,walking
1519421841556,-9.550624,-1.9867213,-2.4367256,3,walking
1519421841562,-9.493176,-2.0537431,-2.1399143,3,walking
1519421841567,-9.445304,-2.0537431,-2.1111906,3,walking
1519421841572,-9.407005,-1.9962958,-2.0058703,3,walking
1519421841577,-9.339984,-1.929274,-2.0441687,3,walking
1519421841582,-9.31126,-1.862252,-2.034594,3,walking
1519421841587,-9.31126,-1.8526775,-2.149489,3,walking
1519421841592,-9.29211,-1.8048047,-2.187787,3,walking
1519421841596,-9.148493,-1.7665064,-2.2739582,3,walking
1519421841601,-9.148493,-1.7665064,-2.2739582,3,walking
1519421841606,-9.043172,-1.7856555,-2.1973617,3,walking
1519421841612,-8.966576,-1.79523,-1.9867213,3,walking
1519421841617,-8.880404,-1.776081,-1.7282082,3,walking
1519421841622,-8.794233,-1.776081,-1.6133134,3,walking
1519421841627,-8.688913,-1.8143792,-1.383524,3,walking
1519421841632,-8.4686985,-1.9101248,-0.8186249,3,walking
1519421841639,-8.535721,-2.0441687,-0.26330042,3,walking
1519421841644,-8.6697645,-2.1111906,-0.03351096,3,walking
1519421841654,-9.809137,-2.0920415,0.30159867,3,walking
1519421841659,-10.460207,-1.9771467,0.15798025,3,walking
1519421841664,-11.1208515,-1.9101248,0.014361841,3,walking
1519421841669,-11.676176,-1.9005502,-0.19627848,3,walking
1519421841677,-12.308098,-2.0824668,-0.47394073,3,walking
1519421841682,-12.221927,-2.360129,-0.7228793,3,walking
1519421841686,-11.838944,-2.4463003,-0.64628285,3,walking
1519421841735,-7.635712,-1.6324625,-0.8186249,3,walking
1519421841741,-7.721883,-1.3643749,-0.9718179,3,walking
1519421841745,-8.382527,-0.8473486,-1.2686293,3,walking
1519421841752,-9.560199,-0.4356425,-1.5941644,3,walking
1519421841756,-10.326163,-0.3111732,-1.6803354,3,walking
1519421841781,-14.558119,-1.5462915,-1.6516117,3,walking
1519421841786,-14.931527,-1.9196993,-1.5271424,3,walking
1519421841791,-15.170891,-2.254809,-1.3548003,3,walking
1519421841823,-13.294277,-2.7048132,-1.2207564,3,walking
1519421841831,-12.480439,-2.3314054,-1.3260766,3,walking
1519421841860,-10.316589,-0.7228793,-1.5367169,3,walking
1519421841865,-10.163396,-0.63670826,-1.383524,3,walking
1519421841869,-10.029352,-0.64628285,-1.2973529,3,walking
1519421841874,-9.75169,-0.6845811,-1.1345854,3,walking
1519421841890,-9.234664,-0.85692316,-1.0484143,3,walking
1519421841895,-9.119769,-0.8856468,-1.0771381,3,walking
1519421841900,-8.909128,-0.8760723,-1.2016073,3,walking
1519421841905,-8.765511,-0.7994758,-1.1154363,3,walking
1519421841910,-8.564445,-0.76117754,-1.0388398,3,walking
1519421841915,-8.459125,-0.76117754,-1.1058618,3,walking
1519421841924,-8.32508,-0.9718179,-1.2973529,3,walking
1519421841928,-7.9420977,-1.14416,-1.0101161,3,walking
1519421841933,-7.7793303,-1.3548003,-1.0867126,3,walking
1519421841937,-7.7793303,-1.3548003,-1.0867126,3,walking
1519421841942,-7.7601814,-1.7473572,-1.2782038,3,walking
1519421841946,-7.6261373,-1.9101248,-1.2686293,3,walking
1519421841951,-7.35805,-2.1207652,-1.2303311,3,walking
1519421841956,-7.195282,-2.2069361,-1.2016073,3,walking
1519421841961,-7.0708127,-2.3697038,-1.1920328,3,walking
1519421841967,-6.936769,-2.408002,-1.1154363,3,walking
1519421841972,-6.898471,-2.5994933,-1.14416,3,walking
1519421841977,-6.9176197,-2.7622607,-1.2016073,3,walking
1519421841981,-7.02294,-2.8101335,-1.2399056,3,walking
1519421841986,-7.003791,-2.88673,-1.2111819,3,walking
1519421841991,-6.936769,-2.88673,-1.14416,3,walking
1519421841996,-6.869747,-2.8484318,-1.2111819,3,walking
1519421842001,-6.869747,-2.8963046,-1.1824582,3,walking
1519421842006,-6.869747,-2.8963046,-1.1824582,3,walking
1519421842011,-6.936769,-3.039923,-1.14416,3,walking
1519421842016,-6.975067,-3.126094,-1.1633091,3,walking
1519421842021,-7.0995364,-3.2026904,-1.0867126,3,walking
1519421842026,-7.0995364,-3.2026904,-1.0867126,3,walking
1519421842031,-7.243155,-3.1643922,-1.1154363,3,walking
1519421842036,-7.3389006,-3.173967,-1.14416,3,walking
1519421842041,-7.482519,-3.039923,-1.0196906,3,walking
1519421842046,-7.482519,-3.039923,-1.0196906,3,walking
1519421842050,-7.5974135,-3.020774,-1.0675635,3,walking
1519421842053,-7.8655014,-2.800559,-1.0101161,3,walking
1519421842058,-7.961247,-2.714388,-1.0196906,3,walking
1519421842063,-8.104865,-2.6186423,-0.9718179,3,walking
1519421842068,-8.277207,-2.5420458,-0.85692316,3,walking
1519421842074,-8.372953,-2.513322,-0.8952214,3,walking
1519421842078,-8.526146,-2.561195,-0.92394507,3,walking
1519421842084,-8.583593,-2.5516202,-0.8090504,3,walking
1519421842088,-8.746361,-2.4558747,-0.6845811,3,walking
1519421842094,-8.794233,-2.4558747,-0.7420284,3,walking
1519421842104,-8.966576,-2.3888528,-0.7228793,3,walking
1519421842109,-8.995299,-2.34098,-0.6845811,3,walking
1519421842114,-8.995299,-2.254809,-0.69415563,3,walking
1519421842119,-9.024023,-2.1399143,-0.5792609,3,walking
1519421842124,-9.110194,-2.1207652,-0.56968635,3,walking
1519421842129,-9.167642,-2.0537431,-0.54096264,3,walking
1519421842135,-9.244238,-2.0058703,-0.56968635,3,walking
1519421842139,-9.378282,-1.9101248,-0.5218136,3,walking
1519421842145,-9.502751,-1.8239537,-0.5888355,3,walking
1519421842150,-9.5889225,-1.7473572,-0.5313881,3,walking
1519421842155,-9.675094,-1.6803354,-0.42606795,3,walking
1519421842160,-9.799562,-1.6324625,-0.4835153,3,walking
1519421842165,-9.904882,-1.6133134,-0.37819514,3,walking
1519421842170,-10.019777,-1.5845897,-0.37819514,3,walking
1519421842176,-10.19212,-1.6037389,-0.30159867,3,walking
1519421842181,-10.488931,-1.5654407,-0.20585304,3,walking
1519421842187,-10.498506,-1.6037389,-0.20585304,3,walking
1519421842193,-10.594251,-1.6324625,-0.081383765,3,walking
1519421842197,-10.852764,-1.7473572,-0.014361841,3,walking
1519421842203,-10.852764,-1.8239537,0.03351096,3,walking
1519421842207,-11.005958,-1.9005502,0.03351096,3,walking
1519421842213,-11.360216,-1.948423,-0.0718092,3,walking
1519421842218,-11.38894,-2.0058703,-0.11968201,3,walking
1519421842223,-11.580431,-2.1399143,-0.16755481,3,walking
1519421842233,-12.078308,-2.2739582,-0.3111732,3,walking
1519421842238,-12.269799,-2.3122563,-0.359046,3,walking
1519421842243,-12.422992,-2.3505547,-0.42606795,3,walking
1519421842248,-12.509163,-2.4463003,-0.49308985,3,walking
1519421842254,-12.509163,-2.4558747,-0.5313881,3,walking
1519421842258,-12.451715,-2.4463003,-0.56011176,3,walking
1519421842264,-12.221927,-2.408002,-0.70373017,3,walking
1519421842269,-12.097457,-2.3984275,-0.751603,3,walking
1519421842274,-11.972988,-2.3792782,-0.8952214,3,walking
1519421842281,-11.695326,-2.3026817,-1.0292653,3,walking
1519421842286,-11.484685,-2.2356598,-1.1345854,3,walking
1519421842291,-11.341067,-2.168638,-1.2016073,3,walking
1519421842297,-11.015532,-2.034594,-1.4026731,3,walking
1519421842302,-10.910212,-2.0058703,-1.5750152,3,walking
1519421842307,-10.938935,-1.8814012,-1.9579976,3,walking
1519421842312,-11.72405,-1.6516117,-2.800559,3,walking
1519421842323,-13.619812,-1.929274,-2.7909844,3,walking
1519421842330,-13.734707,-2.6952388,-1.6899099,3,walking
1519421842335,-13.734707,-2.6952388,-1.6899099,3,walking
1519421842341,-13.437896,-3.5952475,-0.8856468,3,walking
1519421842381,-10.431483,-3.451629,-1.2111819,3,walking
1519421842390,-9.971905,-2.666515,-1.6420372,3,walking
1519421842403,-9.770839,-1.5845897,-2.2165108,3,walking
1519421842411,-10.172971,-1.0101161,-2.5228968,3,walking
1519421842416,-10.431483,-0.751603,-2.5707695,3,walking
1519421842421,-11.111278,-0.46436617,-2.5324712,3,walking
1519421842426,-11.111278,-0.46436617,-2.5324712,3,walking
1519421842431,-11.762347,-0.4356425,-2.1590633,3,walking
1519421842452,-13.543216,-0.98139244,-1.6994845,3,walking
1519421842458,-13.8879,-1.1058618,-1.79523,3,walking
1519421842463,-14.136839,-1.2973529,-1.9771467,3,walking
1519421842467,-14.43365,-1.622888,-2.1782124,3,walking
1519421842472,-14.395351,-1.5654407,-2.1973617,3,walking
1519421842477,-14.337904,-1.4792696,-2.1782124,3,walking
1519421842481,-14.251733,-1.4409714,-2.2739582,3,walking
1519421842486,-14.213435,-1.3452257,-2.3505547,3,walking
1519421842490,-14.155988,-1.14416,-2.5899186,3,walking
1519421842495,-14.155988,-1.14416,-2.5899186,3,walking
1519421842500,-14.012369,-0.9718179,-2.8292825,3,walking
1519421842505,-13.954922,-0.9430942,-2.9537518,3,walking
1519421842510,-13.619812,-1.0005416,-3.1165195,3,walking
1519421842516,-13.619812,-1.0005416,-3.1165195,3,walking
1519421842521,-12.978316,-1.2207564,-3.1548176,3,walking
1519421842527,-12.738953,-1.3739494,-3.2601378,3,walking
1519421842532,-12.5474615,-1.6324625,-3.346309,3,walking
1519421842537,-12.126181,-1.9867213,-3.3750327,3,walking
1519421842543,-11.752773,-1.8909757,-3.231414,3,walking
1519421842547,-11.350641,-1.8239537,-3.0494976,3,walking
1519421842553,-10.996383,-1.7569319,-2.9346027,3,walking
1519421842558,-10.670848,-1.6420372,-2.6856642,3,walking
1519421842565,-10.575102,-1.7282082,-2.6282167,3,walking
1519421842570,-10.40276,-2.0058703,-2.513322,3,walking
1519421842576,-10.211268,-2.101616,-2.3888528,3,walking
1519421842581,-9.914457,-2.2165108,-2.2931073,3,walking
1519421842617,-7.9420977,-2.6569405,-2.2931073,3,walking
1519421842622,-7.769756,-2.494173,-2.2931073,3,walking
1519421842632,-7.4250717,-2.2835326,-2.5420458,3,walking
1519421842636,-7.396348,-2.34098,-2.6186423,3,walking
1519421842642,-7.310177,-2.3697038,-2.647366,3,walking
1519421842646,-7.2335806,-2.3697038,-2.6856642,3,walking
1519421842650,-7.137835,-2.3505547,-2.7048132,3,walking
1519421842655,-7.0612383,-2.321831,-2.7622607,3,walking
1519421842660,-7.0133657,-2.2356598,-2.867581,3,walking
1519421842666,-7.051664,-2.2356598,-2.88673,3,walking
1519421842671,-7.1857076,-2.2643836,-2.9537518,3,walking
1519421842676,-7.2527294,-2.2452345,-2.9346027,3,walking
1519421842681,-7.3006024,-2.2643836,-2.9920502,3,walking
1519421842686,-7.4250717,-2.3314054,-3.0303483,3,walking
1519421842691,-7.5303917,-2.3984275,-2.972901,3,walking
1519421842696,-7.6261373,-2.427151,-2.9920502,3,walking
1519421842702,-7.808054,-2.475024,-2.8963046,3,walking
1519421842707,-7.894225,-2.5228968,-2.905879,3,walking
1519421842712,-7.9899707,-2.4463003,-2.8771553,3,walking
1519421842722,-8.210186,-2.408002,-2.7814097,3,walking
1519421842727,-8.229335,-2.360129,-2.752686,3,walking
1519421842731,-8.248484,-2.2931073,-2.714388,3,walking
1519421842736,-8.229335,-2.2165108,-2.6760898,3,walking
1519421842740,-8.171887,-2.0920415,-2.6090677,3,walking
1519421842745,-8.143164,-1.9962958,-2.5994933,3,walking
1519421842750,-8.028269,-1.8431029,-2.5516202,3,walking
1519421842756,-7.999545,-1.79523,-2.5516202,3,walking
1519421842760,-7.894225,-1.776081,-2.5420458,3,walking
1519421842766,-7.7793303,-1.7473572,-2.475024,3,walking
1519421842771,-7.6069884,-1.5654407,-2.5707695,3,walking
1519421842775,-7.587839,-1.4601204,-2.475024,3,walking
1519421842780,-7.3389006,-1.3739494,-2.494173,3,walking
1519421842785,-7.3389006,-1.3739494,-2.494173,3,walking
1519421842791,-7.1857076,-1.2782038,-2.4845984,3,walking
1519421842795,-7.1665583,-1.2494801,-2.427151,3,walking
1519421842800,-7.137835,-1.2111819,-2.4654493,3,walking
1519421842805,-7.137835,-1.2111819,-2.4654493,3,walking
1519421842811,-7.089962,-1.1537346,-2.3984275,3,walking
1519421842815,-7.0803876,-1.1537346,-2.3888528,3,walking
1519421842820,-7.0612383,-1.2303311,-2.3314054,3,walking
1519421842825,-7.0325146,-1.2973529,-2.254809,3,walking
1519421842830,-6.975067,-1.3548003,-2.149489,3,walking
1519421842835,-6.9271946,-1.4601204,-2.0728924,3,walking
1519421842840,-6.8410234,-1.5845897,-2.0633178,3,walking
1519421842845,-6.8410234,-1.6420372,-2.034594,3,walking
1519421842850,-6.8122997,-1.7473572,-2.0250196,3,walking
1519421842855,-6.8601727,-1.8143792,-2.101616,3,walking
1519421842860,-7.003791,-1.8909757,-2.168638,3,walking
1519421842865,-7.0612383,-1.948423,-2.1782124,3,walking
1519421842870,-7.2335806,-2.0537431,-2.34098,3,walking
1519421842875,-7.2335806,-2.0537431,-2.34098,3,walking
1519421842881,-7.4250717,-2.0728924,-2.3792782,3,walking
1519421842885,-7.4537954,-2.1399143,-2.360129,3,walking
1519421842890,-7.4537954,-2.101616,-2.3314054,3,walking
1519421842895,-7.4537954,-2.101616,-2.3314054,3,walking
1519421842901,-7.3389006,-2.2643836,-1.9867213,3,walking
1519421842905,-7.3389006,-2.2643836,-1.9867213,3,walking
1519421842910,-7.176133,-2.4367256,-1.6899099,3,walking
1519421842915,-7.176133,-2.4367256,-1.6899099,3,walking
1519421842920,-6.869747,-2.6186423,-1.1633091,3,walking
1519421842925,-6.869747,-2.6186423,-1.1633091,3,walking
1519421842929,-6.783576,-2.6569405,-0.98139244,3,walking
1519421842936,-6.5729356,-2.7622607,-0.5792609,3,walking
1519421842941,-6.6495323,-2.8101335,-0.4356425,3,walking
1519421842945,-6.783576,-2.8292825,-0.39734426,3,walking
1519421842950,-7.0133657,-2.8484318,-0.33032233,3,walking
1519421842955,-7.1474094,-2.8771553,-0.27287498,3,walking
1519421842960,-7.243155,-2.8484318,-0.18670394,3,walking
1519421842965,-7.511243,-2.8101335,-0.16755481,3,walking
1519421842971,-8.286782,-2.4367256,-0.33032233,3,walking
1519421842975,-8.985725,-2.1303396,-0.56968635,3,walking
1519421842979,-9.904882,-1.8048047,-0.8952214,3,walking
1519421842986,-11.647452,-1.4122477,-1.5558661,3,walking
1519421842991,-12.710229,-1.3930986,-1.9101248,3,walking
1519421842996,-12.825124,-1.4984187,-1.9101248,3,walking
1519421843038,-10.977234,-1.8909757,-0.5888355,3,walking
1519421843046,-10.555953,-1.9101248,-0.49308985,3,walking
1519421843054,-10.450633,-1.8239537,-0.44521707,3,walking
1519421843061,-10.479357,-1.2877784,-0.78990126,3,walking
1519421843067,-10.728295,-1.0675635,-0.90479594,3,walking
1519421843072,-11.063405,-0.8473486,-1.0579889,3,walking
1519421843082,-12.786825,-0.36862057,-1.6803354,3,walking
1519421843089,-14.20386,-0.23457673,-2.015445,3,walking
1519421843093,-14.20386,-0.23457673,-2.015445,3,walking
1519421843098,-15.726215,-0.4164934,-2.4463003,3,walking
1519421843140,-15.879409,-1.0771381,-3.5952475,3,walking
1519421843147,-15.170891,-1.1824582,-3.844186,3,walking
1519421843155,-14.242159,-1.1728836,-3.758015,3,walking
1519421843165,-13.658111,-1.2111819,-3.6431203,3,walking
1519421843169,-12.777251,-1.2399056,-3.1643922,3,walking
1519421843174,-12.384694,-1.2303311,-2.867581,3,walking
1519421843178,-12.001712,-1.2782038,-2.6090677,3,walking
1519421843218,-10.144247,-1.8048047,-1.9771467,3,walking
1519421843222,-9.407005,-2.5994933,-2.561195,3,walking
1519421843230,-9.004874,-3.1835413,-3.0111992,3,walking
1519421843237,-8.765511,-3.2792869,-2.972901,3,walking
1519421843241,-8.363379,-3.1835413,-2.9633265,3,walking
1519421843247,-8.056993,-3.078221,-2.972901,3,walking
1519421843252,-7.664436,-2.9537518,-2.819708,3,walking
1519421843262,-7.051664,-2.8388572,-2.9154537,3,walking
1519421843267,-6.783576,-2.819708,-2.8580062,3,walking
1519421843272,-6.6878304,-2.9920502,-3.0877957,3,walking
1519421843281,-6.7261286,-3.1165195,-3.173967,3,walking
1519421843287,-6.6495323,-3.0973704,-3.1069448,3,walking
1519421843292,-6.5346375,-3.1356685,-3.193116,3,walking
1519421843297,-6.285699,-3.4420545,-3.3558834,3,walking
1519421843302,-6.285699,-3.5378,-3.3750327,3,walking
1519421843311,-6.132506,-3.5473747,-3.193116,3,walking
1519421843318,-5.979313,-3.2792869,-2.9154537,3,walking
1519421843323,-5.8644185,-3.2601378,-2.8580062,3,walking
1519421843332,-5.739949,-3.3941817,-2.733537,3,walking
1519421843337,-5.912291,-3.3941817,-2.7239625,3,walking
1519421843342,-6.065484,-3.4133308,-2.6377914,3,walking
1519421843347,-6.2091026,-3.451629,-2.3984275,3,walking
1519421843353,-6.1899533,-3.518651,-2.3122563,3,walking
1519421843357,-6.180379,-3.5952475,-2.3122563,3,walking
1519421843362,-6.2282515,-3.6814184,-2.2643836,3,walking
1519421843371,-6.256975,-3.690993,-2.1303396,3,walking
1519421843377,-6.2665496,-3.690993,-2.0633178,3,walking
1519421843383,-6.256975,-3.6143966,-2.0824668,3,walking
1519421843387,-6.304848,-3.5090764,-1.9579976,3,walking
1519421843393,-6.323997,-3.4324799,-1.9005502,3,walking
1519421843398,-6.4484663,-3.3558834,-1.6420372,3,walking
1519421843403,-6.4963393,-3.3271596,-1.5367169,3,walking
1519421843408,-6.5537868,-3.2409887,-1.4122477,3,walking
1519421843414,-6.639958,-3.173967,-1.3069274,3,walking
1519421843419,-6.7261286,-2.9346027,-1.1154363,3,walking
1519421843424,-6.764427,-2.800559,-1.0196906,3,walking
1519421843428,-6.8027253,-2.5707695,-0.83777404,3,walking
1519421843434,-6.8027253,-2.5707695,-0.83777404,3,walking
1519421843439,-6.898471,-2.4463003,-0.70373017,3,walking
1519421843444,-7.042089,-2.475024,-0.6079846,3,walking
1519421843449,-7.1857076,-2.5037475,-0.64628285,3,walking
1519421843456,-7.3006024,-2.4654493,-0.49308985,3,walking
1519421843462,-7.4729443,-2.4463003,-0.5792609,3,walking
1519421843467,-7.7123084,-2.4175766,-0.63670826,3,walking
1519421843472,-7.855927,-2.4463003,-0.63670826,3,walking
1519421843477,-8.478273,-2.4558747,-0.77075213,3,walking
1519421843483,-8.755936,-2.4558747,-0.8281995,3,walking
1519421843487,-8.957002,-2.494173,-0.8856468,3,walking
1519421843493,-9.368708,-2.4367256,-1.0579889,3,walking
1519421843497,-10.220843,-2.408002,-1.2303311,3,walking
1519421843503,-10.584677,-2.3984275,-1.2111819,3,walking
1519421843508,-11.513409,-2.5037475,-1.4218222,3,walking
1519421843513,-11.82937,-2.5324712,-1.3930986,3,walking
1519421843518,-12.097457,-2.5994933,-1.4409714,3,walking
1519421843526,-12.499589,-2.7909844,-1.4409714,3,walking
1519421843531,-12.738953,-2.9441774,-1.4313968,3,walking
1519421843536,-12.872996,-3.020774,-1.4505459,3,walking
1519421843578,-13.227255,-3.4803526,-1.7856555,3,walking
1519421843586,-12.949593,-3.0303483,-1.9196993,3,walking
1519421843594,-12.8538475,-2.88673,-1.9196993,3,walking
1519421843602,-12.490014,-2.408002,-2.0537431,3,walking
1519421843613,-12.174053,-1.8718265,-2.1207652,3,walking
1519421843620,-11.647452,-0.6845811,-2.513322,3,walking
1519421843629,-11.484685,0.13883112,-3.0686467,3,walking
1519421843636,-11.570856,0.4164934,-3.2505634,3,walking
1519421843640,-12.059159,0.5792609,-3.4899273,3,walking
1519421843646,-12.413418,0.5313881,-3.3750327,3,walking
1519421843651,-12.700654,0.4356425,-3.3175852,3,walking
1519421843657,-12.872996,-0.023936402,-2.9346027,3,walking
1519421843661,-12.872996,-0.359046,-2.7622607,3,walking
1519421843670,-12.58576,-1.1537346,-2.2069361,3,walking
1519421843677,-12.0400095,-2.0824668,-1.776081,3,walking
1519421843681,-11.72405,-2.5037475,-1.6611862,3,walking
1519421843691,-10.594251,-3.3750327,-1.9005502,3,walking
1519421843697,-10.239992,-3.4707782,-2.1782124,3,walking
1519421843702,-9.924032,-3.499502,-2.5037475,3,walking
1519421843707,-9.29211,-3.193116,-3.2601378,3,walking
1519421843713,-9.052747,-2.9441774,-3.6239712,3,walking
1519421843717,-8.889979,-2.6282167,-3.9782298,3,walking
1519421843723,-8.794233,-2.2165108,-4.342063,3,walking
1519421843728,-8.813383,-1.1154363,-5.0122824,3,walking
1519421843733,-9.004874,-0.4164934,-5.299519,3,walking
1519421843738,-9.62722,0.8760723,-5.988888,3,walking
1519421843742,-9.62722,0.8760723,-5.988888,3,walking
1519421843747,-10.40276,1.8718265,-6.4963393,3,walking
1519421843763,-11.819795,2.714388,-6.9942164,3,walking
1519421843768,-12.068733,2.6856642,-7.156984,3,walking
1519421843773,-12.260224,2.5324712,-7.176133,3,walking
1519421843777,-12.518738,2.254809,-7.204857,3,walking
1519421843781,-12.748528,2.015445,-7.2910275,3,walking
1519421843787,-13.035764,1.2686293,-7.2240057,3,walking
1519421843791,-13.083637,0.8952214,-7.2240057,3,walking
1519421843801,-12.528313,-0.10053288,-7.137835,3,walking
1519421843807,-12.308098,-0.36862057,-7.089962,3,walking
1519421843812,-12.097457,-0.5792609,-7.003791,3,walking
1519421843816,-11.657027,-0.83777404,-6.936769,3,walking
1519421843821,-11.455961,-0.8760723,-6.9463434,3,walking
1519421843826,-11.245321,-0.90479594,-6.936769,3,walking
1519421843830,-11.025106,-0.8473486,-6.7931504,3,walking
1519421843836,-10.709146,-0.8473486,-6.668681,3,walking
1519421843840,-10.479357,-0.76117754,-6.544212,3,walking
1519421843845,-10.316589,-0.61755913,-6.4197426,3,walking
1519421843850,-10.134672,-0.47394073,-6.3431463,3,walking
1519421843856,-10.019777,-0.03351096,-6.2761245,3,walking
1519421843861,-10.125097,0.13883112,-6.2378263,3,walking
1519421843870,-10.048501,0.0718092,-6.3622956,3,walking
1519421843876,-9.952756,0.3111732,-6.3527207,3,walking
1519421843881,-9.991054,0.78990126,-6.151655,3,walking
1519421843890,-9.5219,1.2590547,-6.0750585,3,walking
1519421843896,-9.119769,1.8048047,-5.38569,3,walking
1519421843901,-8.861256,1.8143792,-5.433563,3,walking
1519421843909,-8.583593,1.8431029,-5.8165455,3,walking
1519421843916,-8.353804,1.5941644,-6.0080366,3,walking
1519421843920,-8.191036,1.5079932,-6.132506,3,walking
1519421843926,-7.587839,1.5654407,-6.2091026,3,walking
1519421843931,-7.281453,1.6803354,-5.950589,3,walking
1519421843935,-7.176133,1.9771467,-5.759098,3,walking
1519421843941,-6.984642,2.3026817,-5.586756,3,walking
1519421843946,-6.5059137,2.8484318,-5.4239883,3,walking
1519421843952,-6.3814445,3.020774,-5.2707953,3,walking
1519421843957,-6.285699,3.020774,-5.0505805,3,walking
1519421843961,-6.094208,2.905879,-4.8782387,3,walking
1519421843966,-5.8548436,2.360129,-5.4048395,3,walking
1519421843971,-5.8548436,2.2260852,-5.4718614,3,walking
1519421843976,-6.1899533,2.5228968,-5.1176023,3,walking
1519421843981,-6.1899533,2.5228968,-5.1176023,3,walking
1519421843986,-6.6878304,2.6377914,-4.801642,3,walking
1519421843991,-6.8601727,2.5228968,-4.6388745,3,walking
1519421843996,-7.0612383,1.9579976,-4.3324885,3,walking
1519421844001,-7.089962,1.7569319,-4.342063,3,walking
1519421844006,-7.1091113,1.5079932,-4.3707867,3,walking
1519421844012,-7.0995364,1.2686293,-4.437809,3,walking
1519421844016,-7.243155,0.8952214,-4.5718527,3,walking
1519421844021,-7.3771987,0.76117754,-4.5239797,3,walking
1519421844025,-7.5303917,0.6845811,-4.495256,3,walking
1519421844030,-7.702734,0.70373017,-4.495256,3,walking
1519421844036,-7.8655014,1.0005416,-4.2558923,3,walking
1519421844041,-7.846352,1.0962871,-4.1601467,3,walking
1519421844045,-7.808054,1.0196906,-4.1026993,3,walking
1519421844049,-7.7123084,0.8856468,-4.045252,3,walking
1519421844056,-7.56869,0.512239,-4.045252,3,walking
1519421844061,-7.482519,0.36862057,-4.1409974,3,walking
1519421844069,-7.2910275,0.18670394,-4.1026993,3,walking
1519421844076,-7.0803876,-0.33032233,-4.342063,3,walking
1519421844080,-7.003791,-0.77075213,-4.5239797,3,walking
1519421844085,-6.9176197,-1.1728836,-4.5622783,3,walking
1519421844090,-6.8122997,-1.5367169,-4.6005764,3,walking
1519421844095,-6.831449,-1.5271424,-4.7058964,3,walking
1519421844101,-6.8601727,-1.6133134,-4.6771727,3,walking
1519421844105,-7.02294,-1.9101248,-4.5527034,3,walking
1519421844111,-7.0995364,-2.1303396,-4.437809,3,walking
1519421844115,-7.156984,-2.2643836,-4.351638,3,walking
1519421844119,-7.137835,-2.3314054,-4.3324885,3,walking
1519421844126,-7.051664,-2.34098,-4.322914,3,walking
1519421844132,-7.0612383,-2.3026817,-4.3612123,3,walking
1519421844137,-7.0325146,-2.2452345,-4.3803616,3,walking
1519421844142,-7.1474094,-2.2260852,-4.495256,3,walking
1519421844147,-7.195282,-2.2452345,-4.5910015,3,walking
1519421844152,-7.3676243,-2.254809,-4.6867476,3,walking
1519421844157,-7.587839,-2.3122563,-4.868664,3,walking
1519421844162,-7.693159,-2.4175766,-4.9835587,3,walking
1519421844168,-7.9133744,-2.5228968,-5.041006,3,walking
1519421844173,-8.056993,-2.6186423,-5.1176023,3,walking
1519421844178,-8.210186,-2.7048132,-5.021857,3,walking
1519421844183,-8.392102,-2.819708,-4.8973875,3,walking
1519421844188,-8.650616,-2.8771553,-4.772918,3,walking
1519421844193,-9.071896,-3.0303483,-4.428234,3,walking
1519421844198,-9.263388,-3.059072,-4.0548263,3,walking
1519421844203,-9.617646,-3.039923,-3.0016246,3,walking
1519421844208,-9.818711,-3.1452432,-2.6569405,3,walking
1519421844216,-9.991054,-3.5952475,-2.101616,3,walking
1519421844221,-9.971905,-3.690993,-1.6420372,3,walking
1519421844226,-10.105948,-3.758015,-1.4792696,3,walking
1519421844231,-10.268716,-3.7101421,-1.469695,3,walking
1519421844236,-10.536804,-3.6431203,-1.469695,3,walking
1519421844241,-10.536804,-3.7484405,-1.4313968,3,walking
1519421844246,-10.259142,-3.930357,-1.5845897,3,walking
1519421844252,-10.0868,-3.9782298,-1.8239537,3,walking
1519421844257,-9.952756,-4.0548263,-2.3122563,3,walking
1519421844262,-9.847435,-4.1122737,-2.9346027,3,walking
1519421844267,-9.703817,-4.389936,-4.169721,3,walking
1519421844277,-10.153821,-3.7292912,-4.8782387,3,walking
1519421844284,-10.354887,-3.3941817,-4.9069624,3,walking
1519421844289,-10.393186,-3.193116,-5.232497,3,walking
1519421844295,-10.421909,-3.3941817,-5.2899446,3,walking
1519421844300,-10.278291,-3.690993,-5.261221,3,walking
1519421844305,-10.038927,-4.351638,-5.0505805,3,walking
1519421844311,-9.952756,-4.466532,-4.6867476,3,walking
1519421844316,-9.952756,-4.476107,-4.169721,3,walking
1519421844321,-9.933606,-4.3612123,-3.690993,3,walking
1519421844326,-9.770839,-4.2080193,-2.9537518,3,walking
1519421844331,-9.64637,-4.236743,-2.647366,3,walking
1519421844336,-9.41658,-4.2941904,-2.1207652,3,walking
1519421844341,-9.41658,-4.2941904,-2.1207652,3,walking
1519421844346,-9.435729,-3.9686553,-1.9101248,3,walking
1519421844351,-9.560199,-3.690993,-1.7569319,3,walking
1519421844357,-9.713391,-3.1452432,-1.5558661,3,walking
1519421844361,-9.684668,-3.0494976,-1.4601204,3,walking
1519421844367,-9.703817,-3.020774,-1.4984187,3,walking
1519421844372,-9.713391,-3.0686467,-1.5941644,3,walking
1519421844377,-9.75169,-3.126094,-1.6899099,3,walking
1519421844382,-9.761265,-3.1548176,-1.7282082,3,walking
1519421844387,-9.828286,-3.126094,-1.7473572,3,walking
1519421844392,-9.75169,-2.88673,-1.8526775,3,walking
1519421844398,-9.617646,-2.733537,-1.8526775,3,walking
1519421844403,-9.483603,-2.4367256,-1.7282082,3,walking
1519421844408,-9.445304,-2.321831,-1.709059,3,walking
1519421844413,-9.41658,-2.149489,-1.6994845,3,walking
1519421844418,-9.41658,-1.8239537,-1.6037389,3,walking
1519421844424,-9.426155,-1.776081,-1.5462915,3,walking
1519421844430,-9.531475,-1.6420372,-1.5175679,3,walking
1519421844435,-9.474028,-1.5079932,-1.2303311,3,walking
1519421844440,-9.550624,-1.4122477,-1.2399056,3,walking
1519421844445,-9.799562,-1.1728836,-1.1250108,3,walking
1519421844450,-9.799562,-1.1728836,-1.1250108,3,walking
1519421844455,-10.096374,-0.98139244,-1.1154363,3,walking
1519421844461,-10.144247,-0.9622433,-1.0962871,3,walking
1519421844466,-10.354887,-0.8856468,-1.2303311,3,walking
1519421844471,-10.536804,-0.8856468,-1.4122477,3,walking
1519421844476,-10.642124,-0.90479594,-1.5750152,3,walking
1519421844481,-10.804892,-0.85692316,-1.8718265,3,walking
1519421844486,-10.881488,-0.8186249,-1.9771467,3,walking
1519421844491,-10.891063,-0.7228793,-2.0633178,3,walking
1519421844496,-10.967659,-0.63670826,-2.187787,3,walking
1519421844502,-10.94851,-0.59841,-2.360129,3,walking
1519421844507,-10.881488,-0.6845811,-2.5420458,3,walking
1519421844512,-10.910212,-0.83777404,-2.7431116,3,walking
1519421844517,-10.910212,-0.8281995,-2.867581,3,walking
1519421844522,-10.871913,-0.90479594,-3.1356685,3,walking
1519421844528,-10.670848,-1.1250108,-3.4899273,3,walking
1519421844533,-10.670848,-1.1250108,-3.4899273,3,walking
1519421844538,-10.642124,-1.2207564,-3.5473747,3,walking
1519421844548,-10.393186,-0.9430942,-3.5378,3,walking
1519421844554,-10.335738,-0.4164934,-3.2697124,3,walking
1519421844560,-10.335738,-0.4164934,-3.2697124,3,walking
1519421844565,-10.393186,-0.0718092,-3.2505634,3,walking
1519421844570,-10.527229,0.110107444,-2.8292825,3,walking
1519421844575,-10.757019,0.69415563,-1.8239537,3,walking
1519421844580,-10.469782,0.7994758,-2.0537431,3,walking
1519421844585,-10.766593,1.4026731,-1.4409714,3,walking
1519421844590,-10.536804,1.4313968,-1.9675722,3,walking
1519421844595,-10.594251,1.5558661,-1.9675722,3,walking
1519421844599,-10.642124,1.4601204,-1.8048047,3,walking
1519421844604,-10.603826,1.3260766,-1.9388485,3,walking
1519421844609,-10.488931,1.0388398,-2.2165108,3,walking
1519421844614,-10.259142,1.3260766,-1.8814012,3,walking
1519421844620,-10.115523,1.4601204,-1.709059,3,walking
1519421844625,-10.000628,1.1537346,-2.0250196,3,walking
1519421844630,-9.914457,0.8473486,-2.2260852,3,walking
1519421844635,-10.115523,0.8186249,-2.0537431,3,walking
1519421844640,-10.000628,0.70373017,-1.8526775,3,walking
1519421844645,-10.134672,1.5750152,-0.49308985,3,walking
1519421844650,-10.19212,1.4409714,-0.61755913,3,walking
1519421844655,-10.0868,1.2686293,-0.6845811,3,walking
1519421844660,-10.29744,1.1537346,-0.6558574,3,walking
1519421844665,-10.565528,0.359046,-0.6750065,3,walking
1519421844670,-10.661273,-0.05266008,-0.8664977,3,walking
1519421844675,-10.680422,-0.3398969,-0.9430942,3,walking
1519421844680,-10.632549,-0.6079846,-0.8186249,3,walking
1519421844686,-10.814466,-0.6271337,-0.8664977,3,walking
1519421844690,-11.015532,-0.6558574,-0.8856468,3,walking
1519421844695,-10.900637,-1.0005416,-0.8281995,3,walking
1519421844700,-10.776168,-1.3452257,-0.9718179,3,walking
1519421844706,-10.6134,-1.7377827,-1.3260766,3,walking
1519421844711,-10.5080805,-2.015445,-1.5654407,3,walking
1519421844716,-10.575102,-2.2835326,-1.7186337,3,walking
1519421844720,-10.728295,-2.321831,-1.709059,3,walking
1519421844726,-10.919786,-2.2739582,-1.6611862,3,walking
1519421844730,-10.804892,-2.1590633,-1.622888,3,walking
1519421844736,-10.737869,-2.015445,-1.5750152,3,walking
1519421844740,-10.814466,-1.8143792,-1.383524,3,walking
1519421844746,-10.938935,-1.5367169,-1.14416,3,walking
1519421844750,-11.130426,-1.1154363,-0.76117754,3,walking
1519421844756,-11.15915,-0.8760723,-0.6845811,3,walking
1519421844761,-11.130426,-0.70373017,-0.49308985,3,walking
1519421844765,-11.1208515,-0.61755913,-0.3398969,3,walking
1519421844770,-11.005958,-0.63670826,-0.12925656,3,walking
1519421844774,-10.536804,-1.0771381,0.0,3,walking
1519421844779,-10.125097,-1.4218222,-0.22500217,3,walking
1519421844783,-9.828286,-1.9675722,-0.3877697,3,walking
1519421844789,-9.445304,-2.7814097,-0.4835153,3,walking
1519421844794,-9.167642,-3.7292912,-0.6845811,3,walking
1519421844799,-8.583593,-5.806971,-0.99096704,3,walking
1519421844804,-8.459125,-6.458041,-1.2973529,3,walking
1519421844808,-8.32508,-6.8888965,-1.4409714,3,walking
1519421844814,-8.066567,-7.3006024,-1.5367169,3,walking
1519421844818,-7.8367777,-7.4250717,-1.4218222,3,walking
1519421844824,-7.8176284,-7.3676243,-1.2590547,3,walking
1519421844828,-7.788905,-7.35805,-0.8856468,3,walking
1519421844834,-7.434646,-7.348475,-0.15798025,3,walking
1519421844838,-7.2240057,-7.12826,0.18670394,3,walking
1519421844844,-6.9942164,-6.8027253,0.4164934,3,walking
1519421844848,-6.936769,-6.37187,0.63670826,3,walking
1519421844854,-6.898471,-5.5101595,0.751603,3,walking
1519421844858,-6.8888965,-5.2133484,0.90479594,3,walking
1519421844864,-6.764427,-4.993133,1.2111819,3,walking
1519421844868,-6.6591067,-4.9452605,1.3069274,3,walking
1519421844873,-6.515488,-4.926111,1.4792696,3,walking
1519421844879,-6.563361,-4.9069624,1.5845897,3,walking
1519421844884,-6.525063,-5.0984535,1.929274,3,walking
1519421844888,-6.6016593,-5.2707953,2.0058703,3,walking
1519421844893,-6.6016593,-5.481436,2.168638,3,walking
1519421844898,-6.639958,-5.586756,2.1111906,3,walking
1519421844904,-6.5059137,-5.835695,2.1782124,3,walking
1519421844908,-6.285699,-6.4293175,2.187787,3,walking
1519421844914,-6.2282515,-6.821874,2.015445,3,walking
1519421844919,-6.1229315,-7.2718787,2.0058703,3,walking
1519421844924,-6.017611,-8.191036,1.7473572,3,walking
1519421844928,-5.998462,-8.593168,1.622888,3,walking
1519421844934,-6.017611,-8.755936,1.5271424,3,walking
1519421844938,-6.113357,-8.755936,1.3930986,3,walking
1519421844943,-6.0750585,-8.411251,1.2973529,3,walking
1519421844948,-6.170804,-8.037844,1.2877784,3,walking
1519421844953,-6.113357,-7.204857,1.1920328,3,walking
1519421844959,-6.065484,-6.869747,1.2111819,3,walking
1519421844963,-5.9697385,-6.6878304,1.2111819,3,walking
1519421844969,-5.8931417,-6.544212,1.1345854,3,walking
1519421844974,-5.8165455,-6.4963393,1.1537346,3,walking
1519421844978,-5.605905,-6.4676156,1.2494801,3,walking
1519421844983,-5.4431376,-6.486765,1.4218222,3,walking
1519421844988,-5.3569665,-6.4676156,1.469695,3,walking
1519421844994,-5.1654754,-6.515488,1.6611862,3,walking
1519421844999,-5.108028,-6.525063,1.7186337,3,walking
1519421845004,-5.079304,-6.544212,1.7473572,3,walking
1519421845009,-5.079304,-6.544212,1.7473572,3,walking
1519421845014,-5.0505805,-6.5825105,1.7473572,3,walking
1519421845019,-5.06973,-6.5729356,1.6420372,3,walking
1519421845024,-5.0601554,-6.5729356,1.4122477,3,walking
1519421845029,-5.0601554,-6.5729356,1.4122477,3,walking
1519421845034,-4.954835,-6.6591067,1.1920328,3,walking
1519421845040,-4.8207912,-6.850598,1.0484143,3,walking
1519421845045,-4.811217,-6.936769,1.1345854,3,walking
1519421845050,-4.916537,-7.12826,1.1345854,3,walking
1519421845055,-4.926111,-7.195282,1.14416,3,walking
1519421845060,-4.801642,-7.204857,1.0962871,3,walking
1519421845065,-4.715471,-7.12826,1.1058618,3,walking
1519421845070,-4.5335546,-7.089962,0.98139244,3,walking
1519421845076,-4.3133397,-6.9463434,0.8186249,3,walking
1519421845080,-4.275041,-6.9942164,0.8090504,3,walking
1519421845086,-4.2463174,-6.9942164,0.78032666,3,walking
1519421845090,-4.236743,-7.195282,0.7420284,3,walking
1519421845095,-4.3612123,-7.2335806,0.7994758,3,walking
1519421845100,-4.3612123,-7.2335806,0.7994758,3,walking
1519421845104,-4.342063,-7.3867736,1.1824582,3,walking
1519421845108,-4.3324885,-7.511243,1.4601204,3,walking
1519421845113,-4.303765,-7.6261373,1.7569319,3,walking
1519421845118,-4.3133397,-7.7314577,2.0441687,3,walking
1519421845123,-4.169721,-8.076141,2.6090677,3,walking
1519421845128,-3.844186,-8.056993,2.561195,3,walking
1519421845133,-4.9739842,-8.00912,1.3356512,3,walking
1519421845138,-4.954835,-8.459125,3.0686467,3,walking
1519421845144,-4.342063,-8.181462,2.475024,3,walking
1519421845149,-4.6005764,-7.511243,2.1111906,3,walking
1519421845153,-4.926111,-6.8793216,1.469695,3,walking
1519421845158,-4.8973875,-7.0803876,2.3026817,3,walking
1519421845196,-5.021857,-7.7123084,-0.92394507,3,walking
1519421845204,-4.811217,-7.7793303,-0.3877697,3,walking
1519421845212,-4.619725,-7.8176284,-0.22500217,3,walking
1519421845217,-4.428234,-7.9420977,0.12925656,3,walking
1519421845221,-4.437809,-8.076141,0.34947145,3,walking
1519421845226,-4.5144053,-8.047418,0.5313881,3,walking
1519421845235,-4.811217,-7.999545,0.46436617,3,walking
1519421845239,-4.811217,-7.999545,0.46436617,3,walking
1519421845244,-5.108028,-8.248484,0.4835153,3,walking
1519421845248,-4.772918,-8.076141,1.2207564,3,walking
1519421845253,-4.6771727,-7.5974135,0.8664977,3,walking
1519421845258,-4.6293,-7.4729443,0.49308985,3,walking
1519421845263,-4.658024,-7.875076,0.28244954,3,walking
1519421845268,-4.9069624,-8.899554,0.023936402,3,walking
1519421845272,-4.9835587,-9.18679,-0.359046,3,walking
1519421845275,-5.194199,-9.339984,-0.49308985,3,walking
1519421845282,-5.194199,-9.397431,-0.59841,3,walking
1519421845286,-5.0314317,-9.407005,-0.8856468,3,walking
1519421845290,-4.887813,-9.502751,-1.0579889,3,walking
1519421845332,-2.7431116,-10.958084,1.2494801,3,walking
1519421845340,-2.8484318,-11.05383,1.5175679,3,walking
1519421845348,-2.8580062,-10.996383,1.8239537,3,walking
1519421845354,-2.9824755,-10.910212,1.862252,3,walking
1519421845359,-2.867581,-10.938935,1.8909757,3,walking
1519421845363,-2.9824755,-10.938935,1.8526775,3,walking
1519421845368,-3.078221,-10.92936,1.9101248,3,walking
1519421845372,-3.193116,-10.785743,2.0058703,3,walking
1519421845378,-3.1643922,-10.680422,2.1207652,3,walking
1519421845383,-3.2218397,-10.546378,2.1303396,3,walking
1519421845388,-3.2792869,-10.326163,1.9867213,3,walking
1519421845393,-3.5090764,-9.7899885,1.5654407,3,walking
1519421845398,-3.6239712,-9.426155,1.2877784,3,walking
1519421845403,-3.6526947,-9.071896,1.0579889,3,walking
1519421845408,-3.758015,-8.736787,0.7420284,3,walking
1519421845413,-4.0069537,-8.32508,-0.023936402,3,walking
1519421845418,-4.0356774,-8.353804,-0.46436617,3,walking
1519421845423,-4.2080193,-8.55487,-1.3548003,3,walking
1519421845427,-4.2080193,-8.55487,-1.3548003,3,walking
1519421845433,-4.3612123,-8.679339,-2.1590633,3,walking
1519421845438,-4.504831,-8.688913,-2.360129,3,walking
1519421845443,-4.658024,-8.516571,-2.5420458,3,walking
1519421845448,-4.648449,-8.34423,-2.4654493,3,walking
1519421845453,-4.696322,-8.181462,-2.408002,3,walking
1519421845458,-4.7058964,-8.066567,-2.254809,3,walking
1519421845463,-4.73462,-7.9899707,-1.9771467,3,walking
1519421845468,-4.6293,-8.181462,-1.2973529,3,walking
1519421845473,-4.619725,-8.334655,-0.8760723,3,walking
1519421845478,-4.648449,-8.55487,-0.512239,3,walking
1519421845483,-4.6771727,-9.0814705,-0.081383765,3,walking
1519421845488,-4.7250457,-9.234664,0.081383765,3,walking
1519421845494,-4.7250457,-9.158067,0.17712937,3,walking
1519421845499,-4.6867476,-8.985725,0.14840569,3,walking
1519421845504,-4.696322,-8.803808,-0.0718092,3,walking
1519421845509,-4.5718527,-8.736787,-0.27287498,3,walking
1519421845514,-4.456958,-8.803808,-0.44521707,3,walking
1519421845519,-4.456958,-8.803808,-0.44521707,3,walking
1519421845523,-4.1792955,-9.244238,-1.2303311,3,walking
1519421845528,-4.1792955,-9.397431,-1.5175679,3,walking
1519421845533,-4.045252,-9.655944,-2.3122563,3,walking
1519421845538,-3.9590807,-9.6942425,-2.580344,3,walking
1519421845543,-3.8729098,-9.54105,-2.752686,3,walking
1519421845548,-3.8633351,-9.2825365,-2.867581,3,walking
1519421845553,-3.7675896,-8.918703,-2.8292825,3,walking
1519421845558,-3.690993,-8.258059,-2.7718353,3,walking
1519421845563,-3.604822,-8.056993,-2.647366,3,walking
1519421845568,-3.604822,-7.894225,-2.5420458,3,walking
1519421845573,-3.5378,-7.7314577,-2.1973617,3,walking
1519421845578,-3.518651,-7.635712,-1.9867213,3,walking
1519421845583,-3.5856729,-7.56869,-1.8335283,3,walking
1519421845588,-3.671844,-7.56869,-1.6611862,3,walking
1519421845593,-3.8920588,-7.6069884,-1.2973529,3,walking
1519421845598,-3.9878044,-7.616563,-1.0962871,3,walking
1519421845603,-4.1026993,-7.5399666,-0.98139244,3,walking
1519421845608,-4.2271686,-7.5399666,-0.85692316,3,walking
1519421845614,-4.3995104,-7.6835847,-0.8186249,3,walking
1519421845619,-4.4856815,-7.6835847,-0.78032666,3,walking
1519421845624,-4.5718527,-7.7123084,-0.7994758,3,walking
1519421845634,-4.6293,-7.855927,-0.8473486,3,walking
1519421845638,-4.6388745,-7.9708214,-0.93351966,3,walking
1519421845643,-4.5718527,-8.104865,-1.1633091,3,walking
1519421845647,-4.495256,-8.229335,-1.2877784,3,walking
1519421845653,-4.543129,-8.353804,-1.4313968,3,walking
1519421845658,-4.5527034,-8.55487,-1.6037389,3,walking
1519421845663,-4.581427,-8.765511,-1.776081,3,walking
1519421845667,-4.6005764,-8.746361,-1.8048047,3,walking
1519421845673,-4.543129,-8.55487,-1.6516117,3,walking
1519421845678,-4.543129,-8.55487,-1.6516117,3,walking
1519421845683,-4.5144053,-8.21976,-1.5175679,3,walking
1519421845688,-4.5239797,-8.104865,-1.383524,3,walking
1519421845693,-4.4473834,-7.8846507,-1.2782038,3,walking
1519421845698,-4.4473834,-7.8846507,-1.2782038,3,walking
1519421845702,-4.4473834,-7.769756,-1.2494801,3,walking
1519421845708,-4.3707867,-7.7601814,-1.2686293,3,walking
1519421845713,-4.389936,-7.693159,-1.2207564,3,walking
1519421845717,-4.3995104,-7.7123084,-1.2016073,3,walking
1519421845723,-4.466532,-7.7314577,-1.14416,3,walking
1519421845728,-4.4856815,-7.8367777,-1.0101161,3,walking
1519421845733,-4.5527034,-7.922949,-0.98139244,3,walking
1519421845737,-4.658024,-8.018694,-0.85692316,3,walking
1519421845743,-4.7058964,-8.047418,-0.8952214,3,walking
1519421845747,-4.7537694,-8.152739,-0.8473486,3,walking
1519421845752,-4.849515,-8.23891,-0.8186249,3,walking
1519421845757,-4.8973875,-8.2676325,-0.76117754,3,walking
1519421845763,-4.9452605,-8.372953,-0.7420284,3,walking
1519421845768,-4.887813,-8.430401,-0.7228793,3,walking
1519421845773,-4.935686,-8.439975,-0.64628285,3,walking
1519421845778,-4.849515,-8.564445,-0.665432,3,walking
1519421845784,-4.916537,-8.564445,-0.6558574,3,walking
1519421845788,-4.868664,-8.612317,-0.54096264,3,walking
1519421845793,-4.8590894,-8.612317,-0.5218136,3,walking
1519421845797,-4.763344,-8.516571,-0.44521707,3,walking
1519421845802,-4.581427,-8.401677,-0.27287498,3,walking
1519421845808,-4.581427,-8.401677,-0.27287498,3,walking
1519421845813,-4.6293,-8.32508,-0.09095833,3,walking
1519421845818,-4.5335546,-8.382527,0.05266008,3,walking
1519421845823,-4.476107,-8.363379,0.10053288,3,walking
1519421845828,-4.476107,-8.363379,0.10053288,3,walking
1519421845833,-4.5144053,-8.171887,0.3111732,3,walking
1519421845837,-4.495256,-8.085716,0.28244954,3,walking
1519421845842,-4.495256,-8.028269,0.19627848,3,walking
1519421845847,-4.5718527,-8.095291,0.10053288,3,walking
1519421845853,-4.6388745,-8.152739,0.09095833,3,walking
1519421845857,-4.763344,-8.258059,-0.00478728,3,walking
1519421845862,-4.9069624,-8.372953,-0.12925656,3,walking
1519421845868,-4.9835587,-8.411251,-0.16755481,3,walking
1519421845872,-4.993133,-8.545295,-0.16755481,3,walking
1519421845877,-5.021857,-8.631466,-0.26330042,3,walking
1519421845882,-5.1367517,-8.966576,-0.44521707,3,walking
1519421845888,-5.194199,-9.062322,-0.54096264,3,walking
1519421845892,-5.232497,-9.110194,-0.61755913,3,walking
1519421845897,-5.146326,-9.158067,-0.70373017,3,walking
1519421845903,-5.1176023,-9.024023,-0.83777404,3,walking
1519421845907,-5.2420716,-8.899554,-0.8473486,3,walking
1519421845912,-5.3569665,-8.794233,-0.8760723,3,walking
1519421845917,-5.299519,-8.784659,-0.8473486,3,walking
1519421845923,-5.309094,-8.5740185,-0.8952214,3,walking
1519421845927,-5.347392,-8.44955,-0.9430942,3,walking
1519421845932,-5.261221,-8.286782,-0.8664977,3,walking
1519421845937,-5.2133484,-8.200611,-0.8186249,3,walking
1519421845942,-5.041006,-8.152739,-0.71330476,3,walking
1519421845947,-4.993133,-7.999545,-0.69415563,3,walking
1519421845952,-4.9452605,-7.7506065,-0.63670826,3,walking
1519421845958,-4.8973875,-7.721883,-0.6271337,3,walking
1519421845962,-4.782493,-7.549541,-0.5313881,3,walking
1519421845967,-4.782493,-7.549541,-0.5313881,3,walking
1519421845972,-4.619725,-7.3867736,-0.4164934,3,walking
1519421845977,-4.6293,-7.3006024,-0.37819514,3,walking
1519421845982,-4.610151,-7.195282,-0.25372586,3,walking
1519421845987,-4.6005764,-7.1091113,-0.19627848,3,walking
1519421845993,-4.437809,-7.0612383,-0.110107444,3,walking
1519421845998,-4.4090853,-7.042089,-0.110107444,3,walking
1519421846003,-4.3995104,-7.02294,-0.11968201,3,walking
1519421846013,-4.504831,-6.9463434,-0.18670394,3,walking
1519421846017,-4.5335546,-6.8793216,-0.2441513,3,walking
1519421846022,-4.476107,-6.783576,-0.36862057,3,walking
1519421846027,-4.437809,-6.7357035,-0.4164934,3,walking
1519421846032,-4.3612123,-6.6495323,-0.6558574,3,walking
1519421846038,-4.3612123,-6.6495323,-0.6558574,3,walking
1519421846043,-4.236743,-6.6208086,-0.751603,3,walking
1519421846048,-4.2654667,-6.630383,-0.90479594,3,walking
1519421846053,-4.2558923,-6.6208086,-1.0196906,3,walking
1519421846058,-4.2271686,-6.6495323,-1.0388398,3,walking
1519421846062,-4.1792955,-6.5825105,-1.1728836,3,walking
1519421846067,-4.1601467,-6.458041,-1.2111819,3,walking
1519421846072,-3.9495063,-6.180379,-1.2782038,3,walking
1519421846078,-3.9399316,-6.065484,-1.3069274,3,walking
1519421846083,-3.9782298,-6.151655,-1.5079932,3,walking
1519421846088,-4.0261025,-6.458041,-1.5367169,3,walking
1519421846094,-4.131423,-6.936769,-1.469695,3,walking
1519421846104,-4.772918,-8.191036,-1.3165021,3,walking
1519421846109,-4.8207912,-8.2676325,-1.2016073,3,walking
1519421846114,-4.811217,-8.1623125,-1.0292653,3,walking
1519421846119,-4.504831,-7.9516726,-0.44521707,3,walking
1519421846125,-4.4473834,-8.018694,-0.13883112,3,walking
1519421846135,-4.715471,-8.535721,0.59841,3,walking
1519421846139,-4.772918,-8.631466,0.70373017,3,walking
1519421846145,-4.772918,-8.736787,0.85692316,3,walking
1519421846155,-4.5335546,-8.621892,1.3548003,3,walking
1519421846160,-4.428234,-8.459125,1.4601204,3,walking
1519421846165,-4.3324885,-8.286782,1.5941644,3,walking
1519421846170,-4.169721,-7.9708214,1.6899099,3,walking
1519421846175,-4.1601467,-7.8176284,1.79523,3,walking
1519421846184,-4.2271686,-7.664436,1.9771467,3,walking
1519421846193,-4.476107,-7.2623043,2.0441687,3,walking
1519421846197,-4.476107,-7.2623043,2.0441687,3,walking
1519421846202,-4.581427,-7.02294,1.8718265,3,walking
1519421846207,-4.581427,-7.02294,1.8718265,3,walking
1519421846212,-4.8303657,-7.511243,1.5845897,3,walking
1519421846217,-4.8303657,-7.511243,1.5845897,3,walking
1519421846223,-5.376116,-8.4686985,1.2016073,3,walking
1519421846228,-5.806971,-9.091045,1.0005416,3,walking
1519421846234,-6.6878304,-10.172971,0.7324539,3,walking
1519421846244,-7.396348,-10.584677,0.16755481,3,walking
1519421846248,-7.6452866,-10.584677,-0.15798025,3,walking
1519421846253,-8.00912,-10.105948,-0.71330476,3,walking
1519421846257,-8.00912,-10.105948,-0.71330476,3,walking
1519421846263,-8.133589,-9.703817,-1.0388398,3,walking
1519421846269,-8.392102,-9.215514,-1.2877784,3,walking
1519421846274,-8.459125,-8.966576,-1.2399056,3,walking
1519421846287,-8.688913,-8.258059,-1.0962871,3,walking
1519421846291,-8.842107,-7.9708214,-1.0867126,3,walking
1519421846296,-8.832532,-7.721883,-0.90479594,3,walking
1519421846300,-8.937852,-7.1186857,-0.56968635,3,walking
1519421846305,-9.119769,-6.7740016,-0.34947145,3,walking
1519421846314,-9.225089,-5.8644185,0.5218136,3,walking
1519421846320,-9.253813,-5.653778,0.7228793,3,walking
1519421846325,-9.167642,-5.347392,1.0388398,3,walking
1519421846334,-9.6942425,-4.2080193,1.5558661,3,walking
1519421846340,-9.703817,-3.8346114,1.5654407,3,walking
1519421846344,-9.6942425,-3.499502,1.6420372,3,walking
1519421846355,-9.876159,-2.8101335,1.709059,3,walking
1519421846360,-10.144247,-2.5228968,1.6707608,3,walking
1519421846365,-10.249567,-2.3122563,1.7569319,3,walking
1519421846370,-10.278291,-1.79523,1.8909757,3,walking
1519421846375,-10.239992,-1.5079932,2.0537431,3,walking
1519421846380,-10.144247,-1.3739494,2.0250196,3,walking
1519421846385,-10.058076,-1.2494801,2.149489,3,walking
1519421846390,-9.703817,-1.4313968,2.1207652,3,walking
1519421846396,-9.454879,-1.622888,2.0633178,3,walking
1519421846401,-9.225089,-1.9388485,1.9867213,3,walking
1519421846406,-9.014449,-2.3792782,1.8814012,3,walking
1519421846411,-8.918703,-2.580344,1.7856555,3,walking
1519421846416,-8.746361,-2.7909844,1.6516117,3,walking
1519421846421,-8.44955,-3.193116,1.2973529,3,walking
1519421846430,-8.171887,-3.4803526,1.0196906,3,walking
1519421846435,-8.037844,-3.6239712,0.8281995,3,walking
1519421846440,-7.769756,-3.690993,0.61755913,3,walking
1519421846445,-7.741032,-3.6622694,0.47394073,3,walking
1519421846450,-7.7123084,-3.6143966,0.23457673,3,walking
1519421846456,-7.693159,-3.5378,0.20585304,3,walking
1519421846460,-7.6452866,-3.365458,0.023936402,3,walking
1519421846466,-7.7793303,-3.2888615,-0.03351096,3,walking
1519421846471,-7.875076,-3.212265,-0.10053288,3,walking
1519421846476,-7.9133744,-3.193116,-0.110107444,3,walking
1519421846480,-7.961247,-3.1452432,-0.20585304,3,walking
1519421846485,-8.047418,-3.126094,-0.2154276,3,walking
1519421846493,-8.229335,-3.1356685,-0.19627848,3,walking
1519421846500,-8.602742,-3.1452432,-0.30159867,3,walking
1519421846505,-8.727212,-3.1643922,-0.27287498,3,walking
1519421846509,-8.822957,-3.1548176,-0.2920241,3,walking
1519421846514,-9.033598,-3.1069448,-0.5888355,3,walking
1519421846520,-9.071896,-3.126094,-0.665432,3,walking
1519421846525,-9.18679,-3.020774,-0.5792609,3,walking
1519421846530,-9.368708,-2.8388572,-0.69415563,3,walking
1519421846535,-9.301685,-2.800559,-0.7228793,3,walking
1519421846540,-9.330409,-2.714388,-0.77075213,3,walking
1519421846544,-9.41658,-2.5516202,-0.7228793,3,walking
1519421846549,-9.502751,-1.9771467,-1.1537346,3,walking
1519421846554,-9.454879,-1.79523,-1.1728836,3,walking
1519421846559,-9.41658,-1.5941644,-1.2782038,3,walking
1519421846564,-9.445304,-1.383524,-1.3930986,3,walking
1519421846574,-9.655944,-1.1633091,-1.4601204,3,walking
1519421846579,-9.847435,-1.14416,-1.5271424,3,walking
1519421846585,-9.952756,-1.2303311,-1.6707608,3,walking
1519421846589,-10.163396,-1.5654407,-1.8048047,3,walking
1519421846595,-10.268716,-1.7282082,-1.7856555,3,walking
1519421846599,-10.335738,-1.948423,-1.8239537,3,walking
1519421846604,-10.326163,-2.3888528,-1.7665064,3,walking
1519421846609,-10.287866,-2.5324712,-1.709059,3,walking
1519421846615,-10.278291,-2.6377914,-1.6516117,3,walking
1519421846620,-10.2016945,-2.800559,-1.6611862,3,walking
1519421846625,-10.163396,-2.8292825,-1.6420372,3,walking
1519421846630,-10.144247,-2.867581,-1.6803354,3,walking
1519421846635,-10.077225,-2.867581,-1.7186337,3,walking
1519421846640,-10.000628,-2.8963046,-1.8335283,3,walking
1519421846645,-9.96233,-2.88673,-1.9101248,3,walking
1519421846650,-9.952756,-2.8292825,-1.9579976,3,walking
1519421846656,-9.952756,-2.8292825,-1.9579976,3,walking
1519421846661,-9.943181,-2.800559,-2.0537431,3,walking
1519421846669,-9.933606,-2.8101335,-2.0250196,3,walking
1519421846674,-9.943181,-2.8292825,-1.9867213,3,walking
1519421846680,-9.943181,-2.8484318,-1.8526775,3,walking
1519421846685,-9.96233,-2.8292825,-1.7282082,3,walking
1519421846690,-9.98148,-2.819708,-1.6899099,3,walking
1519421846696,-10.077225,-2.7814097,-1.5175679,3,walking
1519421846700,-10.144247,-2.7814097,-1.4218222,3,walking
1519421846706,-10.163396,-2.7909844,-1.2973529,3,walking
1519421846711,-10.249567,-2.7814097,-1.1824582,3,walking
1519421846719,-10.29744,-2.8101335,-1.1058618,3,walking
1519421846725,-10.326163,-2.7909844,-1.0675635,3,walking
1519421846729,-10.316589,-2.8292825,-0.8952214,3,walking
1519421846735,-10.326163,-2.800559,-0.8760723,3,walking
1519421846739,-10.29744,-2.8101335,-0.8281995,3,walking
1519421846745,-10.374036,-2.8101335,-0.8090504,3,walking
1519421846752,-10.326163,-2.8292825,-0.90479594,3,walking
1519421846758,-10.364462,-2.7718353,-1.0101161,3,walking
1519421846764,-10.354887,-2.7814097,-1.0292653,3,walking
1519421846769,-10.364462,-2.6952388,-1.1537346,3,walking
1519421846775,-10.345312,-2.6186423,-1.1728836,3,walking
1519421846779,-10.316589,-2.494173,-1.2111819,3,walking
1519421846784,-10.287866,-2.360129,-1.2303311,3,walking
1519421846789,-10.249567,-2.0537431,-1.2016073,3,walking
1519421846794,-10.211268,-1.8718265,-1.1633091,3,walking
1519421846803,-9.952756,-1.469695,-1.0196906,3,walking
1519421846809,-9.847435,-1.4026731,-0.9430942,3,walking
1519421846814,-9.761265,-1.3260766,-0.91437054,3,walking
1519421846823,-9.31126,-1.383524,-0.70373017,3,walking
1519421846828,-9.100619,-1.4792696,-0.64628285,3,walking
1519421846833,-8.937852,-1.5750152,-0.49308985,3,walking
1519421846843,-8.430401,-1.929274,-0.28244954,3,walking
1519421846848,-8.315506,-2.101616,-0.25372586,3,walking
1519421846854,-8.181462,-2.254809,-0.2441513,3,walking
1519421846859,-7.9516726,-2.752686,-0.18670394,3,walking
1519421846864,-7.9037995,-3.059072,-0.15798025,3,walking
1519421846868,-7.8272033,-3.384607,-0.19627848,3,walking
1519421846873,-7.855927,-3.777164,-0.20585304,3,walking
1519421846879,-7.846352,-4.4473834,-0.25372586,3,walking
1519421846883,-7.9037995,-4.7250457,-0.3111732,3,walking
1519421846893,-8.028269,-4.9739842,-0.42606795,3,walking
1519421846899,-8.21976,-4.811217,-0.50266445,3,walking
1519421846903,-8.296356,-4.658024,-0.49308985,3,walking
1519421846912,-8.411251,-4.322914,-0.34947145,3,walking
1519421846918,-8.631466,-4.0261025,-0.05266008,3,walking
1519421846923,-8.746361,-3.9207826,0.10053288,3,walking
1519421846932,-8.985725,-3.7101421,0.5218136,3,walking
1519421846938,-9.071896,-3.690993,0.56011176,3,walking
1519421846942,-9.091045,-3.7005677,0.5792609,3,walking
1519421846948,-9.043172,-3.4324799,0.8186249,3,walking
1519421846954,-9.138918,-3.3080106,0.78032666,3,walking
1519421846959,-9.339984,-3.365458,0.6271337,3,walking
1519421846964,-9.5889225,-3.384607,0.4835153,3,walking
1519421846968,-10.268716,-3.4612036,0.16755481,3,walking
1519421846973,-10.632549,-3.499502,-0.014361841,3,walking
1519421846982,-11.475111,-3.5665238,-0.49308985,3,walking
1519421846989,-12.56661,-3.777164,-0.8664977,3,walking
1519421846993,-13.083637,-4.0261025,-0.8856468,3,walking
1519421847002,-14.002794,-4.801642,-0.5505372,3,walking
1519421847041,-13.409172,-6.438892,0.9622433,3,walking
1519421847049,-13.13151,-5.845269,0.63670826,3,walking
1519421847057,-12.978316,-5.1846247,0.23457673,3,walking
1519421847064,-12.863422,-4.935686,0.14840569,3,walking
1519421847068,-12.738953,-4.7250457,0.014361841,3,walking
1519421847073,-12.56661,-4.5622783,-0.043085523,3,walking
1519421847078,-12.279374,-4.648449,-0.0718092,3,walking
1519421847083,-12.097457,-4.7920675,0.0,3,walking
1519421847092,-11.676176,-5.7016506,0.13883112,3,walking
1519421847098,-11.570856,-6.0750585,0.15798025,3,walking
1519421847103,-11.503835,-6.4293175,0.16755481,3,walking
1519421847112,-11.274045,-7.2718787,0.5888355,3,walking
1519421847118,-11.178299,-7.501668,0.751603,3,walking
1519421847123,-11.187874,-7.741032,0.9622433,3,walking
1519421847128,-11.38894,-8.066567,1.2877784,3,walking
1519421847133,-11.503835,-8.037844,1.5654407,3,walking
1519421847142,-11.647452,-7.7506065,1.9675722,3,walking
1519421847148,-11.752773,-7.281453,2.2835326,3,walking
1519421847154,-11.858093,-7.0133657,2.3888528,3,walking
1519421847161,-11.944264,-6.6878304,2.408002,3,walking
1519421847168,-12.001712,-6.5346375,2.321831,3,walking
1519421847174,-12.0400095,-6.678256,2.168638,3,walking
1519421847179,-12.231501,-6.9080453,1.6803354,3,walking
1519421847184,-12.212352,-6.7261286,1.6324625,3,walking
1519421847189,-12.107032,-6.47719,1.5558661,3,walking
1519421847195,-12.020861,-6.2952733,1.4792696,3,walking
1519421847200,-12.059159,-6.0463347,1.1824582,3,walking
1519421847205,-11.838944,-5.806971,1.5271424,3,walking
1519421847210,-11.657027,-5.5484576,1.9196993,3,walking
1519421847215,-11.551707,-5.108028,2.3122563,3,walking
1519421847220,-11.570856,-4.916537,2.5516202,3,walking
1519421847225,-11.38894,-4.8782387,2.9441774,3,walking
1519421847231,-11.178299,-4.7920675,3.059072,3,walking
1519421847238,-10.986808,-4.610151,3.346309,3,walking
1519421847244,-10.747444,-4.428234,3.4229054,3,walking
1519421847249,-10.594251,-4.2558923,3.6814184,3,walking
1519421847254,-10.326163,-4.1122737,3.825037,3,walking
1519421847259,-10.0868,-4.303765,3.8537605,3,walking
1519421847264,-9.904882,-4.495256,3.7197168,3,walking
1519421847269,-9.397431,-4.9835587,3.5378,3,walking
1519421847275,-9.18679,-5.146326,3.3750327,3,walking
1519421847280,-8.755936,-5.1176023,3.059072,3,walking
1519421847285,-8.755936,-5.1176023,3.059072,3,walking
1519421847290,-8.411251,-4.9739842,2.5994933,3,walking
1519421847295,-8.181462,-4.954835,2.494173,3,walking
1519421847300,-7.808054,-4.8782387,2.2739582,3,walking
1519421847305,-7.654861,-4.763344,2.168638,3,walking
1519421847310,-7.501668,-4.5622783,2.0920415,3,walking
1519421847317,-7.243155,-4.303765,2.3984275,3,walking
1519421847323,-7.0995364,-4.236743,2.5516202,3,walking
1519421847328,-6.8888965,-4.0548263,2.9346027,3,walking
1519421847334,-6.783576,-4.0644007,3.1452432,3,walking
1519421847339,-6.764427,-3.8729098,3.2601378,3,walking
1519421847344,-6.611234,-3.7197168,3.346309,3,walking
1519421847349,-6.2474008,-3.5090764,3.5952475,3,walking
1519421847354,-6.0080366,-3.5665238,3.7484405,3,walking
1519421847359,-5.797396,-3.7484405,4.0931244,3,walking
1519421847364,-5.7686725,-3.8729098,4.121848,3,walking
1519421847369,-5.7112255,-4.0739756,4.121848,3,walking
1519421847374,-5.7112255,-4.0739756,4.121848,3,walking
1519421847380,-5.5963306,-4.169721,4.1026993,3,walking
1519421847385,-5.538883,-4.1601467,4.131423,3,walking
1519421847390,-5.3952646,-4.0069537,4.0644007,3,walking
1519421847396,-5.347392,-3.9878044,4.045252,3,walking
1519421847401,-5.3186684,-3.7292912,3.911208,3,walking
1519421847407,-5.1654754,-3.5665238,3.8824842,3,walking
1519421847413,-5.021857,-3.3750327,3.8346114,3,walking
1519421847417,-4.7441945,-3.0494976,3.8920588,3,walking
1519421847423,-4.619725,-2.905879,3.930357,3,walking
1519421847427,-4.466532,-2.800559,4.0548263,3,walking
1519421847432,-4.351638,-2.6760898,4.121848,3,walking
1519421847438,-4.131423,-2.6090677,4.2175937,3,walking
1519421847442,-4.0261025,-2.580344,4.322914,3,walking
1519421847451,-3.777164,-2.6282167,4.5622783,3,walking
1519421847458,-3.5760984,-2.7048132,4.801642,3,walking
1519421847462,-3.4612036,-2.7909844,4.8590894,3,walking
1519421847471,-3.3080106,-2.800559,5.0122824,3,walking
1519421847477,-3.1548176,-2.800559,5.1367517,3,walking
1519421847482,-3.173967,-2.7239625,5.2037735,3,walking
1519421847488,-3.212265,-1.9962958,5.82612,3,walking
1519421847493,-3.173967,-1.3260766,5.7303743,3,walking
1519421847498,-3.2026904,-0.9430942,5.8644185,3,walking
1519421847503,-3.1165195,-0.8664977,5.988888,3,walking
1519421847508,-2.666515,-1.0771381,6.094208,3,walking
1519421847512,-2.6186423,-1.2016073,6.132506,3,walking
1519421847521,-2.733537,-1.2494801,6.0463347,3,walking
1519421847527,-2.580344,-1.383524,5.845269,3,walking
1519421847533,-2.561195,-1.4601204,5.7303743,3,walking
1519421847537,-2.4845984,-1.622888,5.787822,3,walking
1519421847541,-2.494173,-1.79523,5.8165455,3,walking
1519421847547,-2.321831,-1.9388485,6.0367603,3,walking
1519421847553,-2.3026817,-1.79523,6.1420803,3,walking
1519421847557,-2.2165108,-1.4218222,6.1229315,3,walking
1519421847563,-2.2165108,-1.4218222,6.1229315,3,walking
1519421847567,-1.9101248,-1.4792696,6.180379,3,walking
1519421847573,-1.776081,-1.6803354,6.3622956,3,walking
1519421847578,-1.6707608,-2.2452345,6.7548523,3,walking
1519421847583,-1.7377827,-2.427151,6.898471,3,walking
1519421847588,-1.8909757,-2.6760898,6.984642,3,walking
1519421847593,-1.929274,-2.7909844,7.0708127,3,walking
1519421847598,-2.1973617,-2.7048132,7.2527294,3,walking
1519421847603,-2.2643836,-2.6377914,7.4154973,3,walking
1519421847608,-2.3026817,-2.561195,7.5782647,3,walking
1519421847613,-2.3792782,-2.494173,7.6835847,3,walking
1519421847618,-2.5899186,-2.1303396,7.7314577,3,walking
1519421847625,-2.7239625,-2.034594,7.9325233,3,walking
1519421847630,-2.6186423,-1.776081,8.00912,3,walking
1519421847635,-2.5899186,-1.6420372,8.143164,3,walking
1519421847641,-2.6090677,-1.5558661,8.1623125,3,walking
1519421847646,-2.5420458,-1.5654407,8.191036,3,walking
1519421847652,-2.5037475,-1.5462915,8.191036,3,walking
1519421847657,-2.3122563,-1.5367169,8.095291,3,walking
1519421847663,-2.2643836,-1.5079932,8.143164,3,walking
1519421847668,-2.0728924,-1.6037389,8.296356,3,walking
1519421847673,-2.015445,-1.6133134,8.411251,3,walking
1519421847678,-2.015445,-1.6899099,8.487848,3,walking
1519421847683,-2.0250196,-1.8718265,8.717637,3,walking
1519421847688,-2.0728924,-2.034594,8.899554,3,walking
1519421847694,-2.0728924,-2.101616,8.995299,3,walking
1519421847699,-2.2069361,-2.1782124,9.215514,3,walking
1519421847704,-2.360129,-2.0633178,9.320834,3,walking
1519421847709,-2.4558747,-1.8909757,9.359133,3,walking
1519421847714,-2.5420458,-1.6611862,9.359133,3,walking
1519421847719,-2.6952388,-1.2111819,9.339984,3,walking
1519421847724,-2.6186423,-1.0867126,9.359133,3,walking
1519421847729,-2.7718353,-0.7420284,9.330409,3,walking
1519421847734,-2.800559,-0.6845811,9.359133,3,walking
1519421847740,-2.7718353,-0.665432,9.330409,3,walking
1519421847750,-2.8388572,-0.64628285,9.234664,3,walking
1519421847755,-2.8292825,-0.64628285,9.129343,3,walking
1519421847760,-2.7431116,-0.6845811,9.071896,3,walking
1519421847766,-2.6377914,-0.59841,9.071896,3,walking
1519421847772,-2.513322,-0.59841,9.148493,3,walking
1519421847777,-2.2356598,-0.5792609,9.20594,3,walking
1519421847783,-2.1303396,-0.6079846,9.349558,3,walking
1519421847787,-2.0728924,-0.6845811,9.550624,3,walking
1519421847793,-2.0728924,-0.78990126,9.742115,3,walking
1519421847798,-2.561195,-1.0771381,10.115523,3,walking
1519421847802,-2.7431116,-1.2590547,10.19212,3,walking
1519421847807,-3.039923,-1.5558661,10.287866,3,walking
1519421847813,-3.059072,-1.7282082,10.259142,3,walking
1519421847818,-3.0973704,-1.8814012,10.278291,3,walking
1519421847823,-3.1548176,-2.0250196,10.163396,3,walking
1519421847828,-3.365458,-2.0728924,9.85701,3,walking
1519421847832,-3.365458,-2.0728924,9.85701,3,walking
1519421847836,-3.3750327,-1.9771467,9.445304,3,walking
1519421847841,-3.4229054,-1.8526775,9.253813,3,walking
1519421847847,-3.365458,-1.6516117,8.937852,3,walking
1519421847851,-3.365458,-1.6516117,8.937852,3,walking
1519421847856,-3.2026904,-1.5750152,8.985725,3,walking
1519421847861,-3.126094,-1.5845897,9.071896,3,walking
1519421847867,-3.0303483,-1.6133134,9.2825365,3,walking
1519421847872,-3.0016246,-1.6611862,9.3878565,3,walking
1519421847876,-2.972901,-1.7377827,9.493176,3,walking
1519421847881,-2.9537518,-1.8335283,9.608071,3,walking
1519421847886,-2.9250283,-2.0441687,9.837861,3,walking
1519421847891,-2.8963046,-2.1303396,9.943181,3,walking
1519421847896,-4.150572,-1.2590547,8.602742,3,walking
1519421847900,-4.2175937,-1.2686293,9.943181,3,walking
1519421847910,-2.7909844,-1.4218222,10.40276,3,walking
1519421847915,-2.7048132,-1.6803354,10.421909,3,walking
1519421847920,-2.5707695,-2.1207652,10.517654,3,walking
1519421847926,-3.2697124,-2.187787,10.163396,3,walking
1519421847931,-3.4612036,-2.2260852,10.019777,3,walking
1519421847936,-3.758015,-2.1590633,9.866585,3,walking
1519421847941,-3.930357,-2.1399143,9.655944,3,walking
1519421847946,-3.911208,-2.1782124,9.454879,3,walking
1519421847961,-3.7197168,-1.79523,8.899554,3,walking
1519421847967,-3.604822,-1.6037389,8.813383,3,walking
1519421847972,-3.2409887,-1.2782038,8.736787,3,walking
1519421847978,-3.1165195,-1.0484143,8.765511,3,walking
1519421847983,-3.1452432,-0.71330476,8.803808,3,walking
1519421847987,-3.1835413,-0.4835153,8.765511,3,walking
1519421847991,-3.1452432,-0.36862057,8.765511,3,walking
1519421847996,-2.9633265,-0.4164934,8.842107,3,walking
1519421848001,-2.513322,-0.8090504,8.957002,3,walking
1519421848011,-2.3792782,-1.2973529,8.985725,3,walking
1519421848016,-2.34098,-1.5462915,8.966576,3,walking
1519421848020,-2.4463003,-1.9579976,8.889979,3,walking
1519421848026,-2.9154537,-1.9867213,8.258059,3,walking
1519421848031,-2.714388,-2.3792782,7.396348,3,walking
1519421848038,-3.0973704,-1.6803354,12.815549,3,walking
1519421848042,-1.1728836,-1.5462915,8.708063,3,walking
1519421848047,-3.2984362,-1.1345854,8.583593,3,walking
1519421848134,-2.6186423,-1.776081,8.612317,3,walking
1519421848139,-2.5707695,-1.6037389,8.5740185,3,walking
1519421848148,-2.360129,-1.3739494,8.602742,3,walking
1519421848153,-2.2356598,-1.1250108,8.526146,3,walking
1519421848157,-2.2356598,-1.1250108,8.526146,3,walking
1519421848160,-2.0633178,-0.98139244,8.4686985,3,walking
1519421848166,-2.0728924,-0.8760723,8.392102,3,walking
1519421848171,-2.0920415,-0.8952214,8.23891,3,walking
1519421848176,-2.0441687,-0.9430942,8.028269,3,walking
1519421848180,-2.0633178,-0.98139244,7.922949,3,walking
1519421848185,-2.0633178,-0.91437054,7.7793303,3,walking
1519421848190,-2.015445,-0.91437054,7.788905,3,walking
1519421848196,-1.948423,-0.8664977,7.8272033,3,walking
1519421848200,-1.8718265,-0.77075213,7.9420977,3,walking
1519421848206,-1.8335283,-0.76117754,7.9708214,3,walking
1519421848210,-1.8335283,-0.70373017,8.066567,3,walking
1519421848215,-1.7856555,-0.6271337,8.171887,3,walking
1519421848220,-1.862252,-0.6079846,8.286782,3,walking
1519421848225,-1.9005502,-0.6271337,8.34423,3,walking
1519421848230,-1.9579976,-0.665432,8.420826,3,walking
1519421848235,-2.0537431,-0.76117754,8.411251,3,walking
1519421848240,-2.101616,-0.7994758,8.439975,3,walking
1519421848245,-2.187787,-0.8186249,8.44955,3,walking
1519421848250,-2.2165108,-0.8760723,8.487848,3,walking
1519421848255,-2.2356598,-0.91437054,8.4686985,3,walking
1519421848260,-2.2739582,-0.8856468,8.439975,3,walking
1519421848265,-2.1590633,-0.8664977,8.420826,3,walking
1519421848270,-2.101616,-0.8952214,8.411251,3,walking
1519421848275,-2.0537431,-0.8664977,8.439975,3,walking
1519421848280,-1.9962958,-0.91437054,8.497422,3,walking
1519421848285,-1.9962958,-0.9622433,8.545295,3,walking
1519421848290,-1.9675722,-1.0579889,8.631466,3,walking
1519421848296,-1.9005502,-1.0005416,8.621892,3,walking
1519421848300,-1.8909757,-0.98139244,8.698488,3,walking
1519421848305,-1.8431029,-1.0005416,8.784659,3,walking
1519421848309,-1.8143792,-1.0388398,8.813383,3,walking
1519421848313,-1.7186337,-1.0196906,8.899554,3,walking
1519421848317,-1.6611862,-1.0292653,8.909128,3,walking
1519421848320,-1.6611862,-1.0292653,8.909128,3,walking
1519421848325,-1.6803354,-1.0005416,8.947427,3,walking
1519421848331,-1.6324625,-1.0196906,9.043172,3,walking
1519421848336,-1.6324625,-1.0771381,9.100619,3,walking
1519421848340,-1.5750152,-1.0292653,9.148493,3,walking
1519421848345,-1.6037389,-1.0867126,9.225089,3,walking
1519421848350,-1.6899099,-1.0484143,9.244238,3,walking
1519421848355,-1.6899099,-0.93351966,9.2825365,3,walking
1519421848360,-1.7186337,-0.8473486,9.272962,3,walking
1519421848365,-1.7665064,-0.751603,9.263388,3,walking
1519421848370,-1.6707608,-0.54096264,9.244238,3,walking
1519421848375,-1.4984187,-0.32074776,9.215514,3,walking
1519421848380,-1.5175679,-0.32074776,9.215514,3,walking
1519421848386,-1.5175679,-0.37819514,9.225089,3,walking
1519421848390,-1.5462915,-0.40691882,9.148493,3,walking
1519421848395,-1.6420372,-0.5505372,9.100619,3,walking
1519421848400,-1.7282082,-0.6079846,9.033598,3,walking
1519421848405,-1.7473572,-0.665432,8.9761505,3,walking
1519421848410,-1.7665064,-0.6558574,8.9761505,3,walking
1519421848415,-1.6803354,-0.665432,9.014449,3,walking
1519421848420,-1.6803354,-0.64628285,9.062322,3,walking
1519421848425,-1.6133134,-0.59841,9.091045,3,walking
1519421848430,-1.6707608,-0.56011176,9.100619,3,walking
1519421848435,-1.6037389,-0.5792609,9.158067,3,walking
1519421848440,-1.6707608,-0.5505372,9.177217,3,walking
1519421848445,-1.6803354,-0.512239,9.18679,3,walking
1519421848450,-1.6420372,-0.56968635,9.177217,3,walking
1519421848455,-1.6516117,-0.6079846,9.234664,3,walking
1519421848460,-1.6516117,-0.61755913,9.225089,3,walking
1519421848465,-1.6803354,-0.5792609,9.234664,3,walking
1519421848470,-1.6133134,-0.512239,9.225089,3,walking
1519421848476,-1.5558661,-0.44521707,9.2825365,3,walking
1519421848480,-1.5654407,-0.49308985,9.407005,3,walking
1519421848485,-1.6133134,-0.45479164,9.397431,3,walking
1519421848490,-1.622888,-0.50266445,9.435729,3,walking
1519421848495,-1.6324625,-0.56968635,9.502751,3,walking
1519421848500,-1.709059,-0.6079846,9.483603,3,walking
1519421848505,-1.8239537,-0.64628285,9.493176,3,walking
1519421848510,-1.8814012,-0.69415563,9.474028,3,walking
1519421848515,-1.9101248,-0.7420284,9.474028,3,walking
1519421848520,-1.9579976,-0.7228793,9.445304,3,walking
1519421848525,-1.9196993,-0.71330476,9.474028,3,walking
1519421848530,-1.9867213,-0.71330476,9.483603,3,walking
1519421848535,-1.9962958,-0.7324539,9.474028,3,walking
1519421848540,-2.0441687,-0.77075213,9.464453,3,walking
1519421848545,-2.0920415,-0.91437054,9.502751,3,walking
1519421848550,-2.1782124,-0.90479594,9.445304,3,walking
1519421848555,-2.1590633,-0.91437054,9.435729,3,walking
1519421848560,-2.1207652,-0.90479594,9.349558,3,walking
1519421848566,-2.1111906,-0.8952214,9.368708,3,walking
1519421848570,-2.0920415,-0.83777404,9.320834,3,walking
1519421848575,-2.1111906,-0.751603,9.29211,3,walking
1519421848580,-1.948423,-0.5792609,9.31126,3,walking
1519421848585,-1.8814012,-0.50266445,9.29211,3,walking
1519421848589,-1.79523,-0.47394073,9.263388,3,walking
1519421848595,-1.7377827,-0.359046,9.225089,3,walking
1519421848600,-1.5367169,-0.2154276,9.158067,3,walking
1519421848605,-1.4409714,-0.15798025,9.148493,3,walking
1519421848610,-1.3930986,-0.0718092,9.167642,3,walking
1519421848614,-1.2399056,0.023936402,9.110194,3,walking
1519421848620,-1.0292653,0.13883112,9.196365,3,walking
1519421848624,-0.8856468,0.19627848,9.2825365,3,walking
1519421848629,-0.8090504,0.27287498,9.320834,3,walking
1519421848635,-0.59841,0.28244954,9.608071,3,walking
1519421848640,-0.5313881,0.23457673,9.770839,3,walking
1519421848644,-0.64628285,0.16755481,10.19212,3,walking
1519421848650,-0.71330476,0.11968201,10.412334,3,walking
1519421848655,-0.8186249,0.023936402,10.6134,3,walking
1519421848660,-0.91437054,-0.20585304,10.747444,3,walking
1519421848665,-1.0484143,-0.4835153,10.900637,3,walking
1519421848670,-1.2016073,-1.0962871,11.015532,3,walking
1519421848675,-1.3643749,-1.4026731,11.044255,3,walking
1519421848680,-1.5175679,-1.7377827,11.034681,3,walking
1519421848684,-1.6324625,-1.9579976,10.996383,3,walking
1519421848689,-1.8143792,-2.254809,10.910212,3,walking
1519421848695,-1.8431029,-2.321831,10.919786,3,walking
1519421848700,-1.9005502,-2.2835326,10.910212,3,walking
1519421848705,-2.149489,-2.2931073,10.94851,3,walking
1519421848710,-2.2260852,-2.2452345,10.958084,3,walking
1519421848716,-2.34098,-2.1782124,10.881488,3,walking
1519421848721,-2.4558747,-2.187787,10.795317,3,walking
1519421848726,-2.5994933,-2.34098,10.680422,3,walking
1519421848731,-2.647366,-2.4558747,10.622974,3,walking
1519421848736,-2.6952388,-2.513322,10.546378,3,walking
1519421848740,-2.666515,-2.5994933,10.441058,3,walking
1519421848745,-2.6569405,-2.6569405,10.316589,3,walking
1519421848750,-2.6282167,-2.7048132,10.211268,3,walking
1519421848755,-2.580344,-2.6952388,10.077225,3,walking
1519421848760,-2.3888528,-2.647366,9.828286,3,walking
1519421848765,-2.2356598,-2.5516202,9.742115,3,walking
1519421848770,-2.101616,-2.4463003,9.617646,3,walking
1519421848774,-1.7377827,-2.187787,9.253813,3,walking
1519421848780,-1.5558661,-2.34098,7.204857,3,walking
1519421848784,-1.6707608,-2.2165108,8.765511,3,walking
1519421848790,-1.383524,-1.5941644,9.617646,3,walking
1519421848795,-0.512239,-1.1250108,9.196365,3,walking
1519421848810,-0.5888355,-0.90479594,8.880404,3,walking
1519421848815,-0.64628285,-1.1633091,8.899554,3,walking
1519421848820,-0.7228793,-1.2686293,8.794233,3,walking
1519421848824,-0.7228793,-1.3739494,8.755936,3,walking
1519421848829,-0.70373017,-1.4218222,8.794233,3,walking
1519421848835,-0.77075213,-1.4409714,8.928278,3,walking
1519421848839,-0.78032666,-1.4984187,8.947427,3,walking
1519421848844,-0.8281995,-1.5367169,9.024023,3,walking
1519421848849,-0.8664977,-1.5558661,9.014449,3,walking
1519421848855,-0.8473486,-1.5750152,9.004874,3,walking
1519421848859,-0.85692316,-1.5845897,8.985725,3,walking
1519421848864,-0.8760723,-1.5941644,8.966576,3,walking
1519421848869,-0.8856468,-1.6707608,8.851681,3,walking
1519421848875,-0.8952214,-1.7186337,8.803808,3,walking
1519421848879,-0.9718179,-1.7665064,8.755936,3,walking
1519421848884,-1.0196906,-1.9101248,8.708063,3,walking
1519421848890,-1.0675635,-1.9388485,8.641041,3,walking
1519421848894,-1.1345854,-1.9388485,8.679339,3,walking
1519421848899,-1.1154363,-2.0058703,8.698488,3,walking
1519421848904,-1.1728836,-2.0537431,8.755936,3,walking
1519421848909,-1.3356512,-2.149489,8.832532,3,walking
1519421848914,-1.4505459,-2.2643836,8.918703,3,walking
1519421848919,-1.5845897,-2.3792782,8.9761505,3,walking
1519421848925,-1.8431029,-2.647366,9.110194,3,walking
1519421848929,-2.0058703,-2.714388,9.158067,3,walking
1519421848934,-2.2356598,-2.8101335,9.177217,3,walking
1519421848939,-2.2643836,-2.7814097,9.129343,3,walking
1519421848945,-2.2452345,-2.7622607,9.071896,3,walking
1519421848949,-2.1973617,-2.6856642,9.024023,3,walking
1519421848954,-2.1973617,-2.580344,8.995299,3,walking
1519421848959,-2.0633178,-2.254809,8.822957,3,walking
1519421848964,-1.948423,-2.0633178,8.736787,3,walking
1519421848969,-1.8526775,-1.862252,8.641041,3,walking
1519421848974,-1.7377827,-1.7473572,8.612317,3,walking
1519421848980,-1.5750152,-1.4888442,8.497422,3,walking
1519421848984,-1.4984187,-1.3548003,8.459125,3,walking
1519421848989,-1.3930986,-1.2782038,8.430401,3,walking
1519421848994,-1.3548003,-1.2686293,8.44955,3,walking
1519421848999,-1.2016073,-1.14416,8.459125,3,walking
1519421849004,-1.2111819,-1.14416,8.459125,3,walking
1519421849009,-1.1345854,-1.0675635,8.478273,3,walking
1519421849014,-1.0005416,-0.9622433,8.506997,3,walking
1519421849019,-0.9430942,-0.91437054,8.4686985,3,walking
1519421849024,-0.8760723,-0.92394507,8.545295,3,walking
1519421849029,-0.8760723,-0.92394507,8.545295,3,walking
1519421849035,-0.83777404,-0.90479594,8.5740185,3,walking
1519421849039,-0.83777404,-0.90479594,8.545295,3,walking
1519421849044,-0.8664977,-0.9430942,8.602742,3,walking
1519421849049,-0.93351966,-0.99096704,8.650616,3,walking
1519421849055,-0.9430942,-1.0101161,8.641041,3,walking
1519421849059,-1.0484143,-1.0101161,8.688913,3,walking
1519421849064,-1.0771381,-1.0292653,8.736787,3,walking
1519421849070,-1.1537346,-1.1058618,8.813383,3,walking
1519421849074,-1.1728836,-1.14416,8.832532,3,walking
1519421849079,-1.2590547,-1.2399056,8.861256,3,walking
1519421849084,-1.3930986,-1.383524,8.889979,3,walking
1519421849089,-1.4505459,-1.4601204,8.909128,3,walking
1519421849094,-1.4888442,-1.4984187,8.880404,3,walking
1519421849099,-1.5175679,-1.5271424,8.909128,3,walking
1519421849104,-1.5367169,-1.5175679,8.957002,3,walking
1519421849109,-1.5462915,-1.4409714,8.9761505,3,walking
1519421849114,-1.5845897,-1.4218222,8.995299,3,walking
1519421849119,-1.5941644,-1.3930986,9.014449,3,walking
1519421849124,-1.5654407,-1.4218222,9.052747,3,walking
1519421849129,-1.6037389,-1.4218222,9.100619,3,walking
1519421849134,-1.622888,-1.3548003,9.091045,3,walking
1519421849139,-1.6420372,-1.2973529,9.177217,3,walking
1519421849145,-1.6611862,-1.2877784,9.18679,3,walking
1519421849155,-1.622888,-1.4122477,9.215514,3,walking
1519421849160,-1.6037389,-1.4984187,9.148493,3,walking
1519421849164,-1.6133134,-1.5271424,9.110194,3,walking
1519421849169,-1.622888,-1.4792696,9.052747,3,walking
1519421849174,-1.5079932,-1.5845897,9.014449,3,walking
1519421849180,-1.5079932,-1.5367169,8.899554,3,walking
1519421849184,-1.4409714,-1.5079932,8.909128,3,walking
1519421849189,-1.4218222,-1.4601204,8.803808,3,walking
1519421849194,-1.2877784,-1.4122477,8.803808,3,walking
1519421849199,-1.2494801,-1.3739494,8.7750845,3,walking
1519421849204,-1.1920328,-1.3165021,8.794233,3,walking
1519421849209,-1.1920328,-1.3165021,8.794233,3,walking
1519421849214,-1.1154363,-1.2494801,8.889979,3,walking
1519421849219,-1.0867126,-1.2016073,8.889979,3,walking
1519421849224,-1.0484143,-1.2016073,9.004874,3,walking
1519421849229,-1.0005416,-1.1250108,9.119769,3,walking
1519421849234,-0.9718179,-1.0579889,9.177217,3,walking
1519421849239,-0.9718179,-0.9622433,9.244238,3,walking
1519421849244,-0.9622433,-0.92394507,9.339984,3,walking
1519421849250,-0.91437054,-0.92394507,9.301685,3,walking
1519421849254,-0.8760723,-0.93351966,9.359133,3,walking
1519421849259,-0.8856468,-0.9430942,9.31126,3,walking
1519421849264,-0.93351966,-1.0867126,9.225089,3,walking
1519421849269,-0.93351966,-1.1824582,9.263388,3,walking
1519421849274,-1.0196906,-1.3452257,9.2825365,3,walking
1519421849279,-1.0196906,-1.3452257,9.2825365,3,walking
1519421849284,-1.0196906,-1.3452257,9.2825365,3,walking
1519421849289,-1.1058618,-1.4984187,9.215514,3,walking
1519421849294,-1.1154363,-1.5558661,9.272962,3,walking
1519421849299,-1.1345854,-1.5845897,9.244238,3,walking
1519421849305,-1.1633091,-1.6611862,9.272962,3,walking
1519421849309,-1.14416,-1.6133134,9.234664,3,walking
1519421849314,-1.1633091,-1.5941644,9.272962,3,walking
1519421849319,-1.1537346,-1.6037389,9.253813,3,walking
1519421849324,-1.1633091,-1.622888,9.330409,3,walking
1519421849329,-1.1345854,-1.6324625,9.3878565,3,walking
1519421849334,-1.1058618,-1.7377827,9.41658,3,walking
1519421849340,-1.1250108,-1.8335283,9.464453,3,walking
1519421849344,-1.0962871,-1.9196993,9.483603,3,walking
1519421849349,-1.14416,-1.9579976,9.531475,3,walking
1519421849354,-1.1250108,-2.034594,9.675094,3,walking
1519421849359,-1.14416,-2.1111906,9.818711,3,walking
1519421849364,-1.2207564,-2.0920415,10.000628,3,walking
1519421849369,-1.2207564,-2.0920415,10.000628,3,walking
1519421849374,-1.2111819,-2.0250196,10.144247,3,walking
1519421849379,-1.2399056,-1.929274,10.182545,3,walking
1519421849384,-1.383524,-1.7186337,10.144247,3,walking
1519421849389,-1.383524,-1.7186337,10.144247,3,walking
1519421849395,-1.2973529,-1.4122477,10.182545,3,walking
1519421849399,-1.2973529,-1.3930986,10.182545,3,walking
1519421849404,-1.3260766,-1.2399056,10.211268,3,walking
1519421849411,-1.4409714,-1.2686293,10.239992,3,walking
1519421849415,-1.5750152,-1.3165021,10.287866,3,walking
1519421849422,-1.6516117,-1.3643749,10.326163,3,walking
1519421849426,-1.7569319,-1.469695,10.383611,3,walking
1519421849432,-1.9101248,-1.6899099,10.5080805,3,walking
1519421849436,-2.015445,-1.7665064,10.536804,3,walking
1519421849446,-2.2165108,-1.929274,10.584677,3,walking
1519421849452,-2.3505547,-2.101616,10.527229,3,walking
1519421849456,-2.3888528,-2.1782124,10.536804,3,walking
1519421849466,-2.254809,-2.1399143,10.393186,3,walking
1519421849471,-2.1590633,-2.0441687,10.374036,3,walking
1519421849476,-2.0441687,-1.8814012,10.307014,3,walking
1519421849486,-1.5558661,-1.4984187,10.287866,3,walking
1519421849491,-1.4409714,-1.4505459,10.307014,3,walking
1519421849495,-1.4026731,-1.469695,10.354887,3,walking
1519421849505,-1.5175679,-1.8143792,10.5080805,3,walking
1519421849511,-1.6324625,-1.9771467,10.555953,3,walking
1519421849515,-1.6899099,-2.1111906,10.6134,3,walking
1519421849522,-1.8718265,-2.168638,10.776168,3,walking
1519421849527,-1.9388485,-2.1303396,10.804892,3,walking
1519421849535,-2.1399143,-2.101616,10.833615,3,walking
1519421849542,-2.3505547,-2.0728924,10.795317,3,walking
1519421849546,-2.494173,-2.0728924,10.699572,3,walking
1519421849555,-2.8388572,-2.168638,10.431483,3,walking
1519421849561,-2.9633265,-2.1590633,10.307014,3,walking
1519421849565,-3.0686467,-2.1973617,10.172971,3,walking
1519421849575,-3.2601378,-2.168638,9.828286,3,walking
1519421849581,-3.2888615,-2.0633178,9.636795,3,walking
1519421849585,-3.231414,-1.948423,9.560199,3,walking
1519421849595,-3.3367343,-1.5079932,9.119769,3,walking
1519421849601,-3.4803526,-1.3643749,8.937852,3,walking
1519421849606,-3.365458,-1.2494801,8.832532,3,walking
1519421849612,-3.2026904,-1.0579889,8.7750845,3,walking
1519421849616,-3.212265,-0.9430942,8.6697645,3,walking
1519421849625,-2.7622607,-1.1633091,8.6697645,3,walking
1519421849632,-2.1399143,-1.5462915,8.621892,3,walking
1519421849636,-2.2260852,-1.4505459,8.506997,3,walking
1519421849645,-2.1782124,-1.4026731,8.363379,3,walking
1519421849651,-1.7473572,-1.5271424,8.286782,3,walking
1519421849655,-1.79523,-1.4792696,8.277207,3,walking
1519421849665,-2.0920415,-1.4313968,8.181462,3,walking
1519421849671,-2.1207652,-1.2399056,8.133589,3,walking
1519421849675,-2.2356598,-1.1250108,8.124015,3,walking
1519421849685,-2.3792782,-0.9430942,8.085716,3,walking
1519421849691,-2.5228968,-0.78990126,8.028269,3,walking
1519421849695,-2.494173,-0.7420284,8.018694,3,walking
1519421849702,-2.5037475,-0.76117754,8.018694,3,walking
1519421849706,-2.5037475,-0.78990126,7.9803963,3,walking
1519421849714,-2.5228968,-1.0101161,8.018694,3,walking
1519421849722,-2.6090677,-1.2782038,8.066567,3,walking
1519421849726,-2.6186423,-1.3739494,8.11444,3,walking
1519421849735,-2.5994933,-1.4984187,8.248484,3,walking
1519421849741,-2.5324712,-1.4792696,8.363379,3,walking
1519421849745,-2.475024,-1.4792696,8.439975,3,walking
1519421849754,-2.4654493,-1.5175679,8.602742,3,walking
1519421849760,-2.513322,-1.5558661,8.688913,3,walking
1519421849765,-2.5324712,-1.5271424,8.688913,3,walking
1519421849774,-2.5516202,-1.5941644,8.7750845,3,walking
1519421849780,-2.5994933,-1.5367169,8.755936,3,walking
1519421849784,-2.6282167,-1.4122477,8.7750845,3,walking
1519421849791,-2.6282167,-1.2782038,8.7750845,3,walking
1519421849795,-2.580344,-1.2111819,8.755936,3,walking
1519421849800,-2.580344,-1.2111819,8.755936,3,walking
1519421849805,-2.6186423,-1.0771381,8.717637,3,walking
1519421849811,-2.561195,-0.9430942,8.612317,3,walking
1519421849816,-2.4845984,-0.90479594,8.602742,3,walking
1519421849825,-2.4654493,-0.77075213,8.55487,3,walking
1519421849831,-2.3888528,-0.665432,8.526146,3,walking
1519421849836,-2.3314054,-0.63670826,8.535721,3,walking
1519421849841,-2.1782124,-0.56011176,8.497422,3,walking
1519421849846,-2.1111906,-0.56968635,8.526146,3,walking
1519421849850,-2.1111906,-0.512239,8.506997,3,walking
1519421849855,-2.0920415,-0.5313881,8.535721,3,walking
1519421849865,-2.0441687,-0.54096264,8.55487,3,walking
1519421849870,-1.9771467,-0.54096264,8.593168,3,walking
1519421849875,-1.9579976,-0.50266445,8.583593,3,walking
1519421849881,-1.9579976,-0.50266445,8.708063,3,walking
1519421849885,-1.9771467,-0.49308985,8.746361,3,walking
1519421849890,-1.9771467,-0.49308985,8.746361,3,walking
1519421849894,-1.9771467,-0.49308985,8.755936,3,walking
1519421849901,-1.9388485,-0.5505372,8.679339,3,walking
1519421849905,-1.929274,-0.5505372,8.746361,3,walking
1519421849910,-1.929274,-0.5505372,8.746361,3,walking
1519421849914,-1.9005502,-0.5218136,8.746361,3,walking
1519421849921,-1.9962958,-0.56011176,8.7750845,3,walking
1519421849925,-1.9867213,-0.5792609,8.784659,3,walking
1519421849934,-2.0537431,-0.665432,8.784659,3,walking
1519421849941,-2.0633178,-0.70373017,8.832532,3,walking
1519421849945,-2.0633178,-0.69415563,8.832532,3,walking
1519421849954,-2.0537431,-0.69415563,8.985725,3,walking
1519421849960,-2.0441687,-0.63670826,8.985725,3,walking
1519421849965,-2.0728924,-0.5888355,9.052747,3,walking
1519421849971,-2.0537431,-0.4835153,9.091045,3,walking
1519421849975,-2.0441687,-0.46436617,9.100619,3,walking
1519421849980,-2.0537431,-0.45479164,9.0814705,3,walking
1519421849984,-2.034594,-0.42606795,9.062322,3,walking
1519421849991,-1.9962958,-0.44521707,9.043172,3,walking
1519421849996,-1.9867213,-0.47394073,9.033598,3,walking
1519421850005,-1.8718265,-0.45479164,8.995299,3,walking
1519421850010,-1.8239537,-0.46436617,9.014449,3,walking
1519421850016,-1.7665064,-0.47394073,8.985725,3,walking
1519421850020,-1.776081,-0.5505372,8.382527,3,walking
1519421850025,-2.015445,-0.6558574,7.0803876,3,walking
1519421850029,-2.015445,-0.6558574,7.0803876,3,walking
1519421850033,-1.2877784,-0.09095833,9.5889225,3,walking
1519421850039,-1.0484143,0.15798025,9.407005,3,walking
1519421850044,-1.2590547,-0.0718092,9.196365,3,walking
1519421850050,-1.709059,0.03351096,9.0814705,3,walking
1519421850090,-1.7856555,-0.2441513,9.0814705,3,walking
1519421850095,-1.7377827,-0.22500217,9.119769,3,walking
1519421850101,-1.6516117,-0.110107444,9.158067,3,walking
1519421850105,-1.6420372,-0.10053288,9.138918,3,walking
1519421850114,-1.6324625,-0.23457673,9.18679,3,walking
1519421850120,-1.7186337,-0.3111732,9.119769,3,walking
1519421850125,-1.7473572,-0.37819514,9.129343,3,walking
1519421850134,-1.8431029,-0.56968635,9.138918,3,walking
1519421850140,-1.948423,-0.751603,9.071896,3,walking
1519421850144,-2.0537431,-0.8473486,9.100619,3,walking
1519421850150,-2.1782124,-0.92394507,9.100619,3,walking
1519421850155,-2.2260852,-0.9622433,9.119769,3,walking
1519421850160,-2.2069361,-1.0388398,9.177217,3,walking
1519421850164,-2.2739582,-1.1345854,9.119769,3,walking
1519421850170,-2.4845984,-1.2303311,9.119769,3,walking
1519421850174,-2.580344,-1.2782038,9.20594,3,walking
1519421850180,-2.6186423,-1.2877784,9.234664,3,walking
1519421850184,-2.6856642,-1.3069274,9.339984,3,walking
1519421850190,-2.7909844,-1.3548003,9.454879,3,walking
1519421850194,-2.7622607,-1.3069274,9.579348,3,walking
1519421850199,-2.7622607,-1.3069274,9.579348,3,walking
1519421850204,-2.5994933,-1.2111819,9.655944,3,walking
1519421850210,-2.494173,-1.1058618,9.75169,3,walking
1519421850214,-2.4558747,-1.0196906,9.770839,3,walking
1519421850223,-2.2931073,-0.8664977,9.85701,3,walking
1519421850230,-2.187787,-0.77075213,9.924032,3,walking
1519421850234,-2.034594,-0.64628285,10.038927,3,walking
1519421850240,-1.8718265,-0.70373017,10.2016945,3,walking
1519421850245,-1.8239537,-0.6750065,10.345312,3,walking
1519421850249,-1.8048047,-0.77075213,10.364462,3,walking
1519421850254,-1.8048047,-0.8856468,10.393186,3,walking
1519421850260,-1.8814012,-1.14416,10.603826,3,walking
1519421850264,-1.9005502,-1.2973529,10.594251,3,walking
1519421850269,-1.9005502,-1.2973529,10.594251,3,walking
1519421850273,-2.0441687,-1.5462915,10.71872,3,walking
1519421850280,-2.0728924,-1.6516117,10.689997,3,walking
1519421850284,-2.0537431,-1.776081,10.737869,3,walking
1519421850289,-2.0537431,-1.776081,10.737869,3,walking
1519421850294,-2.168638,-1.8526775,10.814466,3,walking
1519421850300,-2.1973617,-1.948423,10.776168,3,walking
1519421850304,-2.34098,-2.0728924,10.766593,3,walking
1519421850309,-2.34098,-2.0728924,10.766593,3,walking
1519421850313,-2.4175766,-2.1303396,10.766593,3,walking
1519421850320,-2.427151,-2.1399143,10.814466,3,walking
1519421850324,-2.5037475,-2.187787,10.82404,3,walking
1519421850330,-2.5420458,-2.2260852,10.747444,3,walking
1519421850334,-2.5324712,-2.2835326,10.689997,3,walking
1519421850339,-2.513322,-2.3505547,10.6134,3,walking
1519421850343,-2.4845984,-2.3505547,10.527229,3,walking
1519421850350,-2.4367256,-2.3888528,10.354887,3,walking
1519421850354,-2.3697038,-2.427151,10.268716,3,walking
1519421850359,-2.3697038,-2.427151,10.268716,3,walking
1519421850363,-2.3697038,-2.427151,10.268716,3,walking
1519421850370,-2.0824668,-2.5516202,9.96233,3,walking
1519421850374,-2.0058703,-2.5516202,9.924032,3,walking
1519421850379,-2.0058703,-2.5516202,9.924032,3,walking
1519421850384,-1.8909757,-2.5228968,9.799562,3,walking
1519421850389,-1.7473572,-2.4845984,9.703817,3,walking
1519421850394,-1.7186337,-2.4463003,9.703817,3,walking
1519421850399,-1.6324625,-2.4175766,9.684668,3,walking
1519421850403,-1.5654407,-2.3505547,9.598496,3,walking
1519421850410,-1.5271424,-2.2931073,9.54105,3,walking
1519421850414,-1.4792696,-2.2643836,9.502751,3,walking
1519421850419,-1.4888442,-2.2452345,9.454879,3,walking
1519421850423,-1.4409714,-2.2165108,9.397431,3,walking
1519421850429,-1.3643749,-2.1111906,9.215514,3,walking
1519421850434,-1.2973529,-2.034594,9.138918,3,walking
1519421850440,-1.2590547,-1.9867213,8.966576,3,walking
1519421850444,-1.2590547,-1.9867213,8.899554,3,walking
1519421850449,-1.2590547,-2.0441687,8.755936,3,walking
1519421850453,-1.2494801,-2.1111906,8.66019,3,walking
1519421850460,-1.2590547,-2.187787,8.334655,3,walking
1519421850464,-1.2016073,-2.1782124,8.23891,3,walking
1519421850473,-1.1728836,-2.2069361,8.133589,3,walking
1519421850479,-1.14416,-2.2069361,8.133589,3,walking
1519421850483,-1.1345854,-2.2739582,8.037844,3,walking
1519421850489,-1.1537346,-2.2835326,8.028269,3,walking
1519421850493,-1.2111819,-2.2835326,8.037844,3,walking
1519421850500,-1.2111819,-2.3314054,8.124015,3,walking
1519421850504,-1.1920328,-2.360129,8.181462,3,walking
1519421850509,-1.1920328,-2.4558747,8.229335,3,walking
1519421850514,-1.3260766,-2.5516202,8.34423,3,walking
1519421850519,-1.3548003,-2.6090677,8.430401,3,walking
1519421850523,-1.4409714,-2.6282167,8.487848,3,walking
1519421850530,-1.5845897,-2.714388,8.564445,3,walking
1519421850534,-1.6133134,-2.7431116,8.650616,3,walking
1519421850538,-1.6133134,-2.7431116,8.650616,3,walking
1519421850543,-1.5845897,-2.8101335,8.803808,3,walking
1519421850549,-1.622888,-2.752686,8.899554,3,walking
1519421850554,-1.6516117,-2.7814097,8.928278,3,walking
1519421850558,-1.6420372,-2.7718353,8.957002,3,walking
1519421850563,-1.6803354,-2.7431116,8.995299,3,walking
1519421850569,-1.6516117,-2.6952388,9.052747,3,walking
1519421850573,-1.5845897,-2.6090677,9.043172,3,walking
1519421850578,-1.5654407,-2.580344,9.052747,3,walking
1519421850583,-1.5750152,-2.561195,9.033598,3,walking
1519421850589,-1.4505459,-2.475024,8.947427,3,walking
1519421850593,-1.4218222,-2.427151,8.918703,3,walking
1519421850599,-1.3356512,-2.408002,8.918703,3,walking
1519421850603,-1.2877784,-2.3697038,8.870831,3,walking
1519421850609,-1.1824582,-2.34098,8.851681,3,walking
1519421850613,-1.1345854,-2.2739582,8.822957,3,walking
1519421850619,-1.0196906,-2.168638,8.813383,3,walking
1519421850623,-0.9718179,-2.0824668,8.765511,3,walking
1519421850628,-0.9718179,-2.0824668,8.765511,3,walking
1519421850633,-0.9622433,-1.9867213,8.822957,3,walking
1519421850639,-0.91437054,-1.929274,8.842107,3,walking
1519421850643,-0.8760723,-1.8814012,8.813383,3,walking
1519421850648,-0.8760723,-1.8814012,8.813383,3,walking
1519421850653,-0.85692316,-1.7569319,8.861256,3,walking
1519421850659,-0.83777404,-1.6994845,8.870831,3,walking
1519421850664,-0.7420284,-1.5941644,8.957002,3,walking
1519421850669,-0.7324539,-1.5558661,8.928278,3,walking
1519421850674,-0.7420284,-1.5654407,8.957002,3,walking
1519421850679,-0.7324539,-1.6133134,8.918703,3,walking
1519421850683,-0.78032666,-1.6994845,8.909128,3,walking
1519421850689,-0.8090504,-1.8718265,8.889979,3,walking
1519421850694,-0.8090504,-1.8718265,8.889979,3,walking
1519421850699,-0.8664977,-1.9771467,8.880404,3,walking
1519421850703,-0.91437054,-2.1399143,8.899554,3,walking
1519421850709,-1.0867126,-2.2260852,8.918703,3,walking
1519421850714,-1.1537346,-2.2643836,8.880404,3,walking
1519421850718,-1.2303311,-2.2739582,8.880404,3,walking
1519421850723,-1.2303311,-2.2835326,8.880404,3,walking
1519421850729,-1.2782038,-2.2165108,8.909128,3,walking
1519421850734,-1.2590547,-2.1590633,9.062322,3,walking
1519421850738,-1.2590547,-2.1207652,9.091045,3,walking
1519421850743,-1.2494801,-2.0058703,9.167642,3,walking
1519421850749,-1.2782038,-2.0058703,9.177217,3,walking
1519421850753,-1.3930986,-2.0058703,9.225089,3,walking
1519421850758,-1.3739494,-2.0728924,9.18679,3,walking
1519421850763,-1.3930986,-2.1303396,9.225089,3,walking
1519421850769,-1.4122477,-2.149489,9.177217,3,walking
1519421850773,-1.4409714,-2.1782124,9.158067,3,walking
1519421850778,-1.4601204,-2.1782124,9.148493,3,walking
1519421850783,-1.3930986,-2.1207652,9.177217,3,walking
1519421850789,-1.2877784,-2.0633178,9.071896,3,walking
1519421850793,-1.2399056,-1.9962958,9.071896,3,walking
1519421850798,-1.1920328,-1.948423,9.091045,3,walking
1519421850803,-1.1728836,-1.8526775,9.062322,3,walking
1519421850808,-1.1058618,-1.8239537,8.985725,3,walking
1519421850813,-1.0771381,-1.6803354,8.9761505,3,walking
1519421850819,-1.0962871,-1.6899099,8.899554,3,walking
1519421850823,-1.1345854,-1.6516117,8.985725,3,walking
1519421850828,-1.1154363,-1.7282082,9.024023,3,walking
1519421850833,-1.1154363,-1.7473572,9.043172,3,walking
1519421850838,-1.1728836,-1.79523,9.167642,3,walking
1519421850843,-1.2207564,-1.6803354,9.244238,3,walking
1519421850848,-1.2590547,-1.6516117,9.253813,3,walking
1519421850853,-1.2686293,-1.6516117,9.253813,3,walking
1519421850859,-1.3165021,-1.5462915,9.29211,3,walking
1519421850863,-1.2494801,-1.4505459,9.397431,3,walking
1519421850868,-1.2973529,-1.4122477,9.435729,3,walking
1519421850873,-1.2782038,-1.3930986,9.426155,3,walking
1519421850879,-1.2590547,-1.2303311,9.464453,3,walking
1519421850883,-1.2399056,-1.14416,9.454879,3,walking
1519421850889,-1.1537346,-1.0579889,9.493176,3,walking
1519421850893,-1.1633091,-0.98139244,9.493176,3,walking
1519421850898,-1.1058618,-0.9718179,9.5889225,3,walking
1519421850902,-1.0962871,-0.98139244,9.62722,3,walking
1519421850908,-1.0771381,-0.9718179,9.5889225,3,walking
1519421850913,-0.99096704,-1.0484143,9.560199,3,walking
1519421850918,-1.0005416,-1.2590547,9.435729,3,walking
1519421850923,-1.0484143,-1.3165021,9.474028,3,walking
1519421850928,-1.1154363,-1.3356512,9.3878565,3,walking
1519421850933,-1.0005416,-1.3452257,9.426155,3,walking
1519421850938,-0.9622433,-1.3739494,9.464453,3,walking
1519421850943,-1.0196906,-1.3356512,9.483603,3,walking
1519421850948,-0.93351966,-1.3643749,9.531475,3,walking
1519421850953,-0.93351966,-1.3165021,9.483603,3,walking
1519421850957,-0.93351966,-1.3165021,9.483603,3,walking
1519421850962,-0.9718179,-1.3643749,9.464453,3,walking
1519421850968,-0.98139244,-1.4122477,9.454879,3,walking
1519421850973,-0.98139244,-1.383524,9.483603,3,walking
1519421850978,-0.92394507,-1.3643749,9.435729,3,walking
1519421850983,-0.9430942,-1.3165021,9.454879,3,walking
1519421850988,-0.93351966,-1.2016073,9.454879,3,walking
1519421850992,-0.8856468,-1.1824582,9.41658,3,walking
1519421850998,-0.8760723,-1.1345854,9.407005,3,walking
1519421851003,-0.8090504,-1.0675635,9.3878565,3,walking
1519421851008,-0.78032666,-1.0771381,9.330409,3,walking
1519421851013,-0.7324539,-1.0388398,9.29211,3,walking
1519421851018,-0.751603,-1.0292653,9.244238,3,walking
1519421851022,-0.70373017,-1.0867126,9.234664,3,walking
1519421851028,-0.69415563,-1.0962871,9.263388,3,walking
1519421851033,-0.6845811,-1.0484143,9.234664,3,walking
1519421851038,-0.6750065,-1.0867126,9.253813,3,walking
1519421851043,-0.70373017,-1.0867126,9.301685,3,walking
1519421851047,-0.6750065,-1.0675635,9.359133,3,walking
1519421851052,-0.6750065,-1.1058618,9.397431,3,walking
1519421851058,-0.63670826,-1.1345854,9.41658,3,walking
1519421851063,-0.70373017,-1.1824582,9.483603,3,walking
1519421851068,-0.751603,-1.2494801,9.512326,3,walking
1519421851072,-0.77075213,-1.2877784,9.531475,3,walking
1519421851078,-0.85692316,-1.3739494,9.617646,3,walking
1519421851082,-0.8760723,-1.4122477,9.617646,3,walking
1519421851088,-0.98139244,-1.4984187,9.665519,3,walking
1519421851092,-0.99096704,-1.5175679,9.636795,3,walking
1519421851098,-1.0962871,-1.5367169,9.655944,3,walking
1519421851103,-1.1250108,-1.5367169,9.64637,3,walking
1519421851108,-1.1345854,-1.4984187,9.598496,3,walking
1519421851112,-1.1154363,-1.4601204,9.608071,3,walking
1519421851117,-1.1250108,-1.3930986,9.579348,3,walking
1519421851123,-1.1250108,-1.383524,9.579348,3,walking
1519421851128,-1.1154363,-1.3260766,9.579348,3,walking
1519421851133,-1.1345854,-1.2016073,9.608071,3,walking
1519421851137,-1.0962871,-1.1058618,9.5889225,3,walking
1519421851142,-1.0867126,-1.0388398,9.560199,3,walking
1519421851148,-1.0579889,-0.9622433,9.608071,3,walking
1519421851153,-1.0005416,-0.85692316,9.608071,3,walking
1519421851158,-1.0101161,-0.8281995,9.636795,3,walking
1519421851162,-1.0579889,-0.78032666,9.636795,3,walking
1519421851168,-1.0579889,-0.8186249,9.608071,3,walking
1519421851172,-1.1058618,-0.8760723,9.6942425,3,walking
1519421851178,-1.0675635,-0.9430942,9.732541,3,walking
1519421851182,-1.14416,-1.0579889,9.7899885,3,walking
1519421851188,-1.2494801,-1.2399056,9.818711,3,walking
1519421851193,-1.3548003,-1.3548003,9.876159,3,walking
1519421851197,-1.4218222,-1.4888442,9.828286,3,walking
1519421851202,-1.5271424,-1.622888,9.828286,3,walking
1519421851207,-1.5558661,-1.6899099,9.780414,3,walking
1519421851213,-1.5175679,-1.7856555,9.770839,3,walking
1519421851218,-1.5271424,-1.8048047,9.761265,3,walking
1519421851222,-1.383524,-1.8048047,9.722966,3,walking
1519421851227,-1.3739494,-1.7856555,9.732541,3,walking
1519421851232,-1.3260766,-1.8335283,9.761265,3,walking
1519421851238,-1.2973529,-1.8526775,9.780414,3,walking
1519421851242,-1.3643749,-1.9196993,9.837861,3,walking
1519421851248,-1.4601204,-1.9388485,9.85701,3,walking
1519421851253,-1.4792696,-1.9579976,9.85701,3,walking
1519421851257,-1.5079932,-1.9675722,9.866585,3,walking
1519421851262,-1.5558661,-1.9101248,9.885734,3,walking
1519421851268,-1.6324625,-1.8526775,9.837861,3,walking
1519421851273,-1.6324625,-1.8526775,9.837861,3,walking
1519421851278,-1.6994845,-1.6611862,9.85701,3,walking
1519421851283,-1.7377827,-1.6133134,9.8953085,3,walking
1519421851287,-1.8048047,-1.5175679,9.809137,3,walking
1519421851292,-1.929274,-1.5271424,9.876159,3,walking
1519421851297,-1.6420372,-1.6899099,8.641041,3,walking
1519421851302,-3.1356685,-0.83777404,9.148493,3,walking
1519421851313,-1.7377827,-1.4792696,10.038927,3,walking
1519421851373,-2.0920415,-1.6516117,9.225089,3,walking
1519421851377,-2.0920415,-1.6324625,9.244238,3,walking
1519421851382,-2.0920415,-1.6324625,9.244238,3,walking
1519421851387,-2.254809,-1.622888,9.234664,3,walking
1519421851393,-2.254809,-1.6516117,9.263388,3,walking
1519421851397,-2.254809,-1.5941644,9.29211,3,walking
1519421851402,-2.3505547,-1.4218222,9.2825365,3,walking
1519421851407,-2.4367256,-1.3452257,9.31126,3,walking
1519421851412,-2.561195,-1.3452257,9.263388,3,walking
1519421851417,-2.6952388,-1.2686293,9.225089,3,walking
1519421851422,-2.714388,-1.2016073,9.215514,3,walking
1519421851427,-2.7239625,-1.1920328,9.244238,3,walking
1519421851432,-2.7909844,-1.1154363,9.234664,3,walking
1519421851437,-2.88673,-1.0388398,9.119769,3,walking
1519421851442,-2.8388572,-0.9718179,9.052747,3,walking
1519421851447,-2.7622607,-0.8664977,8.928278,3,walking
1519421851452,-2.9633265,-0.85692316,8.755936,3,walking
1519421851457,-3.2218397,-0.8186249,8.6697645,3,walking
1519421851463,-3.2601378,-0.7994758,8.459125,3,walking
1519421851467,-3.212265,-0.751603,8.44955,3,walking
1519421851472,-3.1452432,-0.78990126,8.516571,3,walking
1519421851477,-3.078221,-0.8856468,8.497422,3,walking
1519421851483,-3.0973704,-0.8952214,8.430401,3,walking
1519421851487,-3.0686467,-0.9526688,8.4686985,3,walking
1519421851492,-3.059072,-0.8856468,8.420826,3,walking
1519421851497,-3.059072,-0.8856468,8.420826,3,walking
1519421851502,-3.0686467,-0.9622433,8.372953,3,walking
1519421851507,-3.0686467,-1.0196906,8.478273,3,walking
1519421851512,-2.9633265,-1.2590547,8.535721,3,walking
1519421851518,-3.0016246,-1.2590547,8.545295,3,walking
1519421851522,-3.0111992,-1.3452257,8.593168,3,walking
1519421851527,-2.9441774,-1.4026731,8.679339,3,walking
1519421851532,-3.039923,-1.3643749,8.727212,3,walking
1519421851537,-3.0877957,-1.4026731,8.7750845,3,walking
1519421851542,-3.0973704,-1.3643749,8.794233,3,walking
1519421851547,-3.1069448,-1.2782038,8.842107,3,walking
1519421851553,-3.126094,-1.2016073,8.889979,3,walking
1519421851557,-3.1165195,-1.1633091,8.822957,3,walking
1519421851562,-3.0686467,-1.0867126,8.794233,3,walking
1519421851567,-3.039923,-0.9622433,8.727212,3,walking
1519421851572,-2.9920502,-0.93351966,8.708063,3,walking
1519421851577,-3.020774,-0.85692316,8.679339,3,walking
1519421851582,-3.059072,-0.8856468,8.55487,3,walking
1519421851587,-3.0111992,-0.90479594,8.55487,3,walking
1519421851592,-2.9920502,-0.8664977,8.4686985,3,walking
1519421851597,-3.0303483,-0.8856468,8.392102,3,walking
1519421851602,-3.0494976,-0.90479594,8.353804,3,walking
1519421851608,-3.0877957,-0.91437054,8.315506,3,walking
1519421851612,-3.039923,-0.92394507,8.32508,3,walking
1519421851617,-3.0494976,-0.8952214,8.34423,3,walking
1519421851622,-3.059072,-0.8760723,8.363379,3,walking
1519421851627,-3.0973704,-0.8856468,8.4686985,3,walking
1519421851632,-3.0494976,-0.90479594,8.497422,3,walking
1519421851637,-3.0016246,-0.8952214,8.602742,3,walking
1519421851643,-2.972901,-0.8760723,8.6697645,3,walking
1519421851647,-2.9154537,-0.85692316,8.688913,3,walking
1519421851652,-2.9250283,-0.8473486,8.813383,3,walking
1519421851657,-2.8580062,-0.8473486,8.957002,3,walking
1519421851662,-2.8580062,-0.85692316,9.043172,3,walking
1519421851667,-2.800559,-0.83777404,9.119769,3,walking
1519421851672,-2.8292825,-0.85692316,9.167642,3,walking
1519421851677,-2.8484318,-0.92394507,9.2825365,3,walking
1519421851682,-2.88673,-0.92394507,9.263388,3,walking
1519421851687,-2.8963046,-0.99096704,9.320834,3,walking
1519421851692,-2.905879,-0.98139244,9.244238,3,walking
1519421851698,-2.8963046,-0.98139244,9.196365,3,walking
1519421851702,-2.867581,-0.93351966,9.177217,3,walking
1519421851707,-2.8292825,-0.93351966,9.062322,3,walking
1519421851712,-2.7431116,-0.78032666,8.9761505,3,walking
1519421851717,-2.714388,-0.77075213,8.851681,3,walking
1519421851722,-2.647366,-0.7420284,8.803808,3,walking
1519421851727,-2.5899186,-0.64628285,8.717637,3,walking
1519421851733,-2.561195,-0.6271337,8.679339,3,walking
1519421851737,-2.5516202,-0.5888355,8.602742,3,walking
1519421851742,-2.5324712,-0.56011176,8.602742,3,walking
1519421851746,-2.494173,-0.54096264,8.593168,3,walking
1519421851752,-2.4175766,-0.49308985,8.564445,3,walking
1519421851757,-2.3888528,-0.50266445,8.602742,3,walking
1519421851762,-2.3888528,-0.50266445,8.602742,3,walking
1519421851767,-2.3697038,-0.54096264,8.6697645,3,walking
1519421851772,-2.3888528,-0.5313881,8.679339,3,walking
1519421851776,-2.408002,-0.56968635,8.717637,3,walking
1519421851782,-2.4558747,-0.6558574,8.717637,3,walking
1519421851787,-2.4654493,-0.71330476,8.813383,3,walking
1519421851792,-2.4845984,-0.751603,8.813383,3,walking
1519421851797,-2.561195,-0.90479594,8.803808,3,walking
1519421851802,-2.5899186,-0.93351966,8.842107,3,walking
1519421851807,-2.5994933,-0.9526688,8.889979,3,walking
1519421851812,-2.5994933,-0.98139244,8.918703,3,walking
1519421851817,-2.6090677,-1.0388398,9.014449,3,walking
1519421851823,-2.6377914,-1.0196906,8.995299,3,walking
1519421851827,-2.6282167,-1.0196906,9.071896,3,walking
1519421851832,-2.647366,-1.0005416,9.043172,3,walking
1519421851837,-2.6282167,-0.91437054,9.129343,3,walking
1519421851842,-2.6186423,-0.85692316,9.129343,3,walking
1519421851847,-2.6186423,-0.8186249,9.129343,3,walking
1519421851853,-2.6856642,-0.8281995,8.995299,3,walking
1519421851857,-2.6856642,-0.8473486,9.014449,3,walking
1519421851862,-2.6856642,-0.8090504,8.9761505,3,walking
1519421851866,-2.6377914,-0.83777404,8.918703,3,walking
1519421851871,-2.6377914,-0.83777404,8.918703,3,walking
1519421851877,-2.475024,-0.7228793,8.928278,3,walking
1519421851882,-2.4654493,-0.71330476,8.889979,3,walking
1519421851887,-2.4558747,-0.7228793,8.928278,3,walking
1519421851892,-2.360129,-0.8090504,8.918703,3,walking
1519421851897,-2.34098,-0.8473486,8.909128,3,walking
1519421851901,-2.321831,-0.8760723,8.909128,3,walking
1519421851907,-2.2260852,-0.8664977,8.822957,3,walking
1519421851913,-2.187787,-0.8473486,8.813383,3,walking
1519421851917,-2.101616,-0.751603,8.794233,3,walking
1519421851922,-2.101616,-0.751603,8.794233,3,walking
1519421851926,-2.0441687,-0.71330476,8.832532,3,walking
1519421851932,-2.015445,-0.50266445,8.870831,3,walking
1519421851937,-2.0058703,-0.46436617,8.889979,3,walking
1519421851942,-2.0058703,-0.46436617,8.889979,3,walking
1519421851947,-2.149489,-0.44521707,8.861256,3,walking
1519421851951,-2.187787,-0.45479164,8.851681,3,walking
1519421851956,-2.2165108,-0.5218136,8.861256,3,walking
1519421851961,-2.2165108,-0.5218136,8.861256,3,walking
1519421851967,-2.1782124,-0.49308985,8.832532,3,walking
1519421851972,-2.168638,-0.47394073,8.870831,3,walking
1519421851977,-2.3792782,-0.3111732,8.411251,3,walking
1519421851982,-2.015445,-0.014361841,8.947427,3,walking
1519421851987,-1.4313968,-0.25372586,8.889979,3,walking
1519421851992,-1.622888,-0.49308985,8.985725,3,walking
1519421851997,-2.2739582,-0.36862057,8.813383,3,walking
1519421852003,-2.0633178,-0.28244954,8.7750845,3,walking
1519421852007,-1.9675722,-0.45479164,9.110194,3,walking
1519421852011,-1.9675722,-0.45479164,9.110194,3,walking
1519421852016,-2.1399143,-0.512239,9.225089,3,walking
1519421852022,-2.1590633,-0.56011176,9.368708,3,walking
1519421852027,-2.3122563,-0.64628285,9.54105,3,walking
1519421852031,-2.3122563,-0.64628285,9.54105,3,walking
1519421852037,-2.3888528,-0.7324539,9.713391,3,walking
1519421852042,-2.4367256,-0.8090504,9.722966,3,walking
1519421852046,-2.5037475,-0.8760723,9.809137,3,walking
1519421852051,-2.5037475,-0.8760723,9.809137,3,walking
1519421852057,-2.561195,-0.7994758,9.818711,3,walking
1519421852062,-2.5899186,-0.751603,9.876159,3,walking
1519421852067,-2.6569405,-0.78032666,9.818711,3,walking
1519421852071,-2.8292825,-0.7994758,9.6942425,3,walking
1519421852077,-2.8771553,-0.78032666,9.655944,3,walking
1519421852081,-2.7718353,-0.70373017,9.62722,3,walking
1519421852087,-2.561195,-0.63670826,9.617646,3,walking
1519421852092,-2.6186423,-0.7324539,9.550624,3,walking
1519421852097,-2.6186423,-0.8760723,9.378282,3,walking
1519421852102,-2.6186423,-0.8760723,9.378282,3,walking
1519421852106,-2.6186423,-0.8760723,9.378282,3,walking
1519421852112,-2.6186423,-0.85692316,9.138918,3,walking
1519421852116,-2.561195,-0.7994758,9.091045,3,walking
1519421852121,-2.5037475,-0.7420284,9.0814705,3,walking
1519421852126,-2.580344,-0.50266445,9.043172,3,walking
1519421852132,-2.475024,-0.4356425,9.071896,3,walking
1519421852136,-2.3984275,-0.3877697,9.071896,3,walking
1519421852141,-2.3122563,-0.27287498,9.0814705,3,walking
1519421852147,-2.2931073,-0.2154276,9.158067,3,walking
1519421852151,-2.254809,-0.20585304,9.148493,3,walking
1519421852156,-2.1973617,-0.18670394,9.167642,3,walking
1519421852161,-2.0824668,-0.26330042,9.167642,3,walking
1519421852166,-1.9675722,-0.30159867,9.234664,3,walking
1519421852171,-1.8814012,-0.2920241,9.2825365,3,walking
1519421852176,-1.9101248,-0.2920241,9.320834,3,walking
1519421852182,-1.948423,-0.30159867,9.454879,3,walking
1519421852187,-1.9867213,-0.33032233,9.502751,3,walking
1519421852192,-2.0537431,-0.27287498,9.579348,3,walking
1519421852196,-2.101616,-0.30159867,9.655944,3,walking
1519421852202,-2.1399143,-0.4356425,9.847435,3,walking
1519421852206,-2.187787,-0.56968635,9.866585,3,walking
1519421852211,-2.2260852,-0.77075213,9.952756,3,walking
1519421852216,-2.321831,-1.1250108,10.048501,3,walking
1519421852221,-2.3984275,-1.2973529,10.096374,3,walking
1519421852226,-2.475024,-1.622888,10.0868,3,walking
1519421852231,-2.475024,-1.622888,10.0868,3,walking
1519421852237,-2.5707695,-1.8239537,10.077225,3,walking
1519421852241,-2.5707695,-1.929274,10.038927,3,walking
1519421852246,-2.580344,-2.0058703,10.010203,3,walking
1519421852251,-2.580344,-2.0250196,10.048501,3,walking
1519421852256,-2.5707695,-2.149489,10.029352,3,walking
1519421852261,-2.580344,-2.168638,10.000628,3,walking
1519421852266,-2.561195,-2.168638,10.010203,3,walking
1519421852271,-2.6282167,-2.1590633,9.96233,3,walking
1519421852277,-2.5516202,-2.1207652,10.010203,3,walking
1519421852281,-2.427151,-2.0824668,9.943181,3,walking
1519421852286,-2.321831,-2.0441687,9.885734,3,walking
1519421852292,-2.2835326,-1.9867213,9.837861,3,walking
1519421852296,-2.187787,-1.9771467,9.818711,3,walking
1519421852301,-2.1590633,-1.8814012,9.780414,3,walking
1519421852306,-2.0824668,-1.8048047,9.6942425,3,walking
1519421852312,-2.0250196,-1.7665064,9.675094,3,walking
1519421852316,-1.8718265,-1.7569319,9.703817,3,walking
1519421852321,-1.8718265,-1.7569319,9.703817,3,walking
1519421852327,-1.6994845,-1.6803354,9.722966,3,walking
1519421852331,-1.6516117,-1.7569319,9.703817,3,walking
1519421852336,-1.5941644,-1.8814012,9.742115,3,walking
1519421852341,-1.5750152,-1.9388485,9.713391,3,walking
1519421852346,-1.5845897,-2.0537431,9.828286,3,walking
1519421852351,-1.5558661,-2.101616,9.876159,3,walking
1519421852356,-1.5558661,-2.2260852,9.971905,3,walking
1519421852361,-1.5558661,-2.2260852,9.971905,3,walking
1519421852366,-1.5271424,-2.2452345,10.029352,3,walking
1519421852371,-1.5271424,-2.2643836,10.06765,3,walking
1519421852376,-1.5654407,-2.3984275,10.105948,3,walking
1519421852384,-1.6707608,-2.4367256,10.0868,3,walking
1519421852388,-1.6707608,-2.4463003,10.000628,3,walking
1519421852397,-1.6899099,-2.4367256,9.8953085,3,walking
1519421852404,-1.622888,-2.427151,9.713391,3,walking
1519421852408,-1.6133134,-2.4367256,9.617646,3,walking
1519421852418,-1.383524,-2.2835326,9.20594,3,walking
1519421852424,-1.2494801,-2.2643836,9.091045,3,walking
1519421852428,-1.2111819,-2.2165108,8.957002,3,walking
1519421852438,-0.85692316,-2.0633178,8.6697645,3,walking
1519421852444,-0.70373017,-2.0058703,8.650616,3,walking
1519421852448,-0.5218136,-1.9867213,8.612317,3,walking
1519421852457,-0.3111732,-2.015445,8.612317,3,walking
1519421852464,-0.043085523,-2.149489,8.6697645,3,walking
1519421852468,-0.00478728,-2.187787,8.688913,3,walking
1519421852474,-0.05266008,-2.2452345,8.765511,3,walking
1519421852478,-0.16755481,-2.2931073,8.851681,3,walking
1519421852487,-0.32074776,-2.3505547,8.985725,3,walking
1519421852494,-0.3877697,-2.408002,9.091045,3,walking
1519421852498,-0.4356425,-2.4463003,9.167642,3,walking
1519421852507,-0.6558574,-2.5420458,9.158067,3,walking
1519421852513,-0.8090504,-2.6186423,9.129343,3,walking
1519421852518,-0.9430942,-2.6569405,9.119769,3,walking
1519421852527,-1.2016073,-2.7431116,8.947427,3,walking
1519421852533,-1.2590547,-2.7814097,8.918703,3,walking
1519421852537,-1.2973529,-2.7814097,8.928278,3,walking
1519421852548,-1.3548003,-2.714388,8.784659,3,walking
1519421852553,-1.3739494,-2.6856642,8.746361,3,walking
1519421852557,-1.3643749,-2.6377914,8.746361,3,walking
1519421852564,-1.3548003,-2.4845984,8.727212,3,walking
1519421852568,-1.3739494,-2.427151,8.66019,3,walking
1519421852577,-1.1920328,-2.254809,8.612317,3,walking
1519421852584,-1.1154363,-2.1207652,8.583593,3,walking
1519421852588,-1.0292653,-2.1207652,8.55487,3,walking
1519421852598,-0.85692316,-2.0250196,8.564445,3,walking
1519421852603,-0.8090504,-1.9962958,8.5740185,3,walking
1519421852607,-0.8090504,-1.9101248,8.55487,3,walking
1519421852617,-0.7420284,-1.7665064,8.621892,3,walking
1519421852624,-0.71330476,-1.7856555,8.641041,3,walking
1519421852627,-0.7228793,-1.7473572,8.641041,3,walking
1519421852637,-0.6750065,-1.8048047,8.755936,3,walking
1519421852643,-0.70373017,-1.8143792,8.7750845,3,walking
1519421852648,-0.6845811,-1.8526775,8.822957,3,walking
1519421852654,-0.6750065,-1.8909757,8.880404,3,walking
1519421852658,-0.6558574,-1.8814012,8.909128,3,walking
1519421852667,-0.6750065,-1.8909757,8.928278,3,walking
1519421852674,-0.7420284,-1.8718265,8.995299,3,walking
1519421852678,-0.7228793,-1.8526775,9.014449,3,walking
1519421852687,-0.78990126,-1.9005502,9.052747,3,walking
1519421852693,-0.7994758,-1.8431029,9.052747,3,walking
1519421852697,-0.83777404,-1.8431029,9.062322,3,walking
1519421852703,-0.90479594,-1.8239537,9.119769,3,walking
1519421852707,-0.91437054,-1.7856555,9.100619,3,walking
1519421852713,-0.93351966,-1.776081,9.138918,3,walking
1519421852717,-0.93351966,-1.7282082,9.148493,3,walking
1519421852727,-0.99096704,-1.709059,9.129343,3,walking
1519421852733,-1.0101161,-1.7569319,9.177217,3,walking
1519421852736,-1.0675635,-1.7282082,9.20594,3,walking
1519421852744,-1.0962871,-1.7569319,9.167642,3,walking
1519421852748,-1.1058618,-1.7665064,9.158067,3,walking
1519421852753,-1.1537346,-1.776081,9.177217,3,walking
1519421852757,-1.1537346,-1.8143792,9.196365,3,walking
1519421852763,-1.1728836,-1.862252,9.20594,3,walking
1519421852768,-1.1633091,-1.862252,9.215514,3,walking
1519421852777,-1.1345854,-1.862252,9.196365,3,walking
1519421852783,-1.1345854,-1.8143792,9.196365,3,walking
1519421852787,-1.1154363,-1.8431029,9.196365,3,walking
1519421852797,-1.1058618,-1.8431029,9.225089,3,walking
1519421852803,-1.0771381,-1.7473572,9.18679,3,walking
1519421852807,-1.0101161,-1.7377827,9.18679,3,walking
1519421852817,-0.93351966,-1.6707608,9.148493,3,walking
1519421852823,-0.92394507,-1.6324625,9.129343,3,walking
1519421852827,-0.91437054,-1.6324625,9.119769,3,walking
1519421852834,-0.90479594,-1.5462915,9.100619,3,walking
1519421852838,-0.8952214,-1.5558661,9.138918,3,walking
1519421852843,-0.8856468,-1.5079932,9.0814705,3,walking
1519421852846,-0.8952214,-1.4792696,9.071896,3,walking
1519421852853,-0.8664977,-1.4505459,9.024023,3,walking
1519421852857,-0.8760723,-1.4409714,9.043172,3,walking
1519421852867,-0.8473486,-1.4792696,9.033598,3,walking
1519421852873,-0.8952214,-1.5271424,9.100619,3,walking
1519421852877,-0.92394507,-1.5558661,9.18679,3,walking
1519421852886,-0.92394507,-1.5845897,9.18679,3,walking
1519421852893,-0.91437054,-1.5750152,9.253813,3,walking
1519421852897,-0.8856468,-1.5750152,9.263388,3,walking
1519421852907,-0.85692316,-1.5750152,9.339984,3,walking
1519421852912,-0.8281995,-1.5750152,9.339984,3,walking
1519421852916,-0.8186249,-1.5654407,9.397431,3,walking
1519421852923,-0.78032666,-1.5845897,9.397431,3,walking
1519421852927,-0.76117754,-1.5845897,9.426155,3,walking
1519421852932,-0.78990126,-1.5750152,9.512326,3,walking
1519421852937,-0.76117754,-1.6133134,9.512326,3,walking
1519421852943,-0.77075213,-1.6037389,9.512326,3,walking
1519421852947,-0.8473486,-1.5941644,9.550624,3,walking
1519421852956,-0.8186249,-1.622888,9.62722,3,walking
1519421852963,-0.8952214,-1.5941644,9.569773,3,walking
1519421852967,-0.8952214,-1.5750152,9.62722,3,walking
1519421852976,-0.8760723,-1.5462915,9.617646,3,walking
1519421852982,-0.8952214,-1.5271424,9.5219,3,walking
1519421852987,-0.85692316,-1.5079932,9.5219,3,walking
1519421852996,-0.83777404,-1.4984187,9.512326,3,walking
1519421853002,-0.8856468,-1.5750152,9.474028,3,walking
1519421853006,-0.85692316,-1.5750152,9.550624,3,walking
1519421853013,-0.8760723,-1.4984187,9.531475,3,walking
1519421853017,-0.8760723,-1.5271424,9.579348,3,walking
1519421853022,-0.8473486,-1.5175679,9.62722,3,walking
1519421853026,-0.8760723,-1.4984187,9.675094,3,walking
1519421853033,-0.92394507,-1.5271424,9.7899885,3,walking
1519421853037,-0.9526688,-1.5367169,9.876159,3,walking
1519421853042,-0.9718179,-1.622888,9.914457,3,walking
1519421853046,-1.0484143,-1.5941644,9.952756,3,walking
1519421853053,-1.14416,-1.6707608,9.98148,3,walking
1519421853056,-1.14416,-1.6899099,10.010203,3,walking
1519421853062,-1.1633091,-1.622888,10.06765,3,walking
1519421853066,-1.1824582,-1.5845897,10.096374,3,walking
1519421853072,-1.2399056,-1.4792696,10.163396,3,walking
1519421853076,-1.2494801,-1.4313968,10.220843,3,walking
1519421853086,-1.3739494,-1.3548003,10.230418,3,walking
1519421853092,-1.5079932,-1.4601204,10.2016945,3,walking
1519421853096,-1.5750152,-1.5367169,10.19212,3,walking
1519421853103,-1.7282082,-1.6707608,10.172971,3,walking
1519421853107,-1.8431029,-1.6899099,10.125097,3,walking
1519421853112,-1.8431029,-1.7473572,10.0868,3,walking
1519421853116,-1.9196993,-1.7856555,10.06765,3,walking
1519421853123,-1.9962958,-1.8335283,10.029352,3,walking
1519421853127,-1.9579976,-1.8143792,9.991054,3,walking
1519421853132,-1.9962958,-1.7569319,10.038927,3,walking
1519421853136,-1.9771467,-1.7665064,10.077225,3,walking
1519421853143,-1.8814012,-1.7473572,10.2016945,3,walking
1519421853146,-1.9005502,-1.7569319,10.2016945,3,walking
1519421853152,-1.8814012,-1.8239537,10.278291,3,walking
1519421853156,-1.948423,-1.9388485,10.345312,3,walking
1519421853162,-2.0058703,-2.187787,10.40276,3,walking
1519421853167,-2.0250196,-2.2931073,10.40276,3,walking
1519421853176,-1.9771467,-2.408002,10.307014,3,walking
1519421853182,-1.9675722,-2.5037475,10.259142,3,walking
1519421853186,-1.9196993,-2.513322,10.2016945,3,walking
1519421853193,-1.8718265,-2.408002,10.163396,3,walking
1519421853197,-1.8335283,-2.3792782,10.115523,3,walking
1519421853202,-1.8431029,-2.2835326,10.153821,3,walking
1519421853206,-1.8526775,-2.2643836,10.153821,3,walking
1519421853212,-1.9675722,-2.2069361,10.125097,3,walking
1519421853216,-2.0058703,-2.2069361,10.077225,3,walking
1519421853221,-2.0537431,-2.2260852,10.010203,3,walking
1519421853227,-2.1399143,-2.254809,9.96233,3,walking
1519421853233,-2.2931073,-2.2931073,9.828286,3,walking
1519421853237,-2.321831,-2.321831,9.732541,3,walking
1519421853246,-2.4175766,-2.254809,9.5219,3,walking
1519421853252,-2.475024,-2.168638,9.301685,3,walking
1519421853257,-2.5228968,-2.0920415,9.177217,3,walking
1519421853266,-2.513322,-1.9101248,8.880404,3,walking
1519421853272,-2.5516202,-1.8526775,8.755936,3,walking
1519421853276,-2.5420458,-1.8431029,8.621892,3,walking
1519421853282,-2.475024,-1.7665064,8.420826,3,walking
1519421853286,-2.3792782,-1.7665064,8.353804,3,walking
1519421853292,-2.3505547,-1.7186337,8.32508,3,walking
1519421853296,-2.3314054,-1.7377827,8.277207,3,walking
1519421853302,-2.2260852,-1.7665064,8.200611,3,walking
1519421853306,-2.2069361,-1.7856555,8.21976,3,walking
1519421853311,-2.187787,-1.8048047,8.152739,3,walking
1519421853316,-2.1303396,-1.862252,8.171887,3,walking
1519421853322,-2.0824668,-1.9101248,8.305931,3,walking
1519421853326,-2.0920415,-1.9005502,8.334655,3,walking
1519421853331,-2.0920415,-1.9005502,8.334655,3,walking
1519421853336,-2.0633178,-1.8909757,8.44955,3,walking
1519421853342,-2.0441687,-1.929274,8.545295,3,walking
1519421853347,-2.015445,-1.948423,8.545295,3,walking
1519421853355,-2.1111906,-2.015445,8.641041,3,walking
1519421853362,-2.187787,-2.0920415,8.641041,3,walking
1519421853366,-2.2069361,-2.1111906,8.650616,3,walking
1519421853372,-2.254809,-2.1399143,8.631466,3,walking
1519421853376,-2.2739582,-2.1590633,8.621892,3,walking
1519421853381,-2.2739582,-2.1590633,8.621892,3,walking
1519421853385,-2.3314054,-2.187787,8.66019,3,walking
1519421853392,-2.3984275,-2.2260852,8.688913,3,walking
1519421853397,-2.427151,-2.2260852,8.650616,3,walking
1519421853401,-2.427151,-2.2260852,8.650616,3,walking
1519421853406,-2.4463003,-2.2356598,8.679339,3,walking
1519421853412,-2.4654493,-2.2260852,8.641041,3,walking
1519421853416,-2.4845984,-2.2643836,8.650616,3,walking
1519421853425,-2.5037475,-2.2356598,8.631466,3,walking
1519421853432,-2.494173,-2.187787,8.679339,3,walking
1519421853436,-2.513322,-2.168638,8.736787,3,walking
1519421853446,-2.513322,-2.149489,8.7750845,3,walking
1519421853452,-2.561195,-2.1207652,8.842107,3,walking
1519421853456,-2.561195,-2.1207652,8.889979,3,walking
1519421853462,-2.6282167,-2.149489,8.9761505,3,walking
1519421853466,-2.666515,-2.1590633,9.033598,3,walking
1519421853471,-2.6856642,-2.168638,9.014449,3,walking
1519421853475,-2.714388,-2.1973617,9.071896,3,walking
1519421853482,-2.714388,-2.2452345,9.071896,3,walking
1519421853486,-2.733537,-2.254809,9.091045,3,walking
1519421853491,-2.733537,-2.254809,9.091045,3,walking
1519421853496,-2.733537,-2.2165108,9.0814705,3,walking
1519421853502,-2.666515,-2.1207652,9.0814705,3,walking
1519421853506,-2.6856642,-2.0250196,9.033598,3,walking
1519421853511,-2.6282167,-1.9675722,9.033598,3,walking
1519421853515,-2.6186423,-1.8814012,9.014449,3,walking
1519421853522,-2.561195,-1.8239537,8.947427,3,walking
1519421853526,-2.4845984,-1.6994845,8.909128,3,walking
1519421853531,-2.4367256,-1.6420372,8.851681,3,walking
1519421853535,-2.3888528,-1.5750152,8.832532,3,walking
1519421853541,-2.2931073,-1.4409714,8.746361,3,walking
1519421853546,-2.2069361,-1.4122477,8.727212,3,walking
1519421853551,-2.1399143,-1.2686293,8.755936,3,walking
1519421853556,-2.1111906,-1.1920328,8.765511,3,walking
1519421853561,-2.1303396,-1.2111819,8.784659,3,walking
1519421853565,-2.0250196,-1.2111819,8.784659,3,walking
1519421853572,-1.9771467,-1.0675635,8.765511,3,walking
1519421853576,-2.0058703,-1.0771381,8.784659,3,walking
1519421853581,-2.0058703,-1.0771381,8.784659,3,walking
1519421853586,-2.0058703,-1.1250108,8.822957,3,walking
1519421853592,-2.0633178,-1.1537346,8.822957,3,walking
1519421853596,-2.0728924,-1.1824582,8.842107,3,walking
1519421853601,-2.0920415,-1.1728836,8.861256,3,walking
1519421853605,-2.101616,-1.2016073,8.832532,3,walking
1519421853611,-2.149489,-1.2016073,8.928278,3,walking
1519421853615,-2.1973617,-1.1728836,8.918703,3,walking
1519421853621,-2.2260852,-1.1920328,8.899554,3,walking
1519421853626,-2.2356598,-1.1824582,8.966576,3,walking
1519421853632,-2.321831,-1.1728836,9.014449,3,walking
1519421853636,-2.3122563,-1.14416,9.043172,3,walking
1519421853641,-2.360129,-1.1250108,9.071896,3,walking
1519421853645,-2.360129,-1.1250108,9.071896,3,walking
1519421853651,-2.3314054,-1.14416,9.110194,3,walking
1519421853655,-2.34098,-1.1728836,9.18679,3,walking
1519421853661,-2.3697038,-1.2399056,9.177217,3,walking
1519421853666,-2.360129,-1.3165021,9.196365,3,walking
1519421853670,-2.360129,-1.3165021,9.196365,3,walking
1519421853676,-2.3888528,-1.3356512,9.263388,3,walking
1519421853681,-2.3984275,-1.3548003,9.263388,3,walking
1519421853685,-2.34098,-1.3069274,9.263388,3,walking
1519421853690,-2.360129,-1.3260766,9.253813,3,walking
1519421853695,-2.3697038,-1.3356512,9.2825365,3,walking
1519421853701,-2.3314054,-1.3165021,9.272962,3,walking
1519421853705,-2.321831,-1.2973529,9.234664,3,walking
1519421853710,-2.321831,-1.2973529,9.234664,3,walking
1519421853715,-2.3314054,-1.3356512,9.263388,3,walking
1519421853721,-2.3026817,-1.3356512,9.234664,3,walking
1519421853726,-2.2643836,-1.3165021,9.215514,3,walking
1519421853731,-2.2931073,-1.2782038,9.225089,3,walking
1519421853735,-2.3026817,-1.2590547,9.234664,3,walking
1519421853741,-2.2931073,-1.2111819,9.225089,3,walking
1519421853745,-2.254809,-1.14416,9.167642,3,walking
1519421853751,-2.2452345,-1.1345854,9.167642,3,walking
1519421853755,-2.2452345,-1.0771381,9.119769,3,walking
1519421853760,-2.2452345,-1.0771381,9.119769,3,walking
1519421853766,-2.1973617,-0.98139244,9.177217,3,walking
1519421853771,-2.2069361,-0.9430942,9.138918,3,walking
1519421853775,-2.168638,-0.93351966,9.110194,3,walking
1519421853780,-2.187787,-0.8952214,9.119769,3,walking
1519421853785,-2.168638,-0.90479594,9.110194,3,walking
1519421853791,-2.1782124,-0.8952214,9.100619,3,walking
1519421853795,-2.1303396,-0.8186249,9.091045,3,walking
1519421853800,-2.1111906,-0.8090504,9.043172,3,walking
1519421853805,-2.1207652,-0.77075213,9.052747,3,walking
1519421853811,-2.1399143,-0.78032666,9.043172,3,walking
1519421853815,-2.1590633,-0.78990126,9.052747,3,walking
1519421853821,-2.1303396,-0.8090504,9.071896,3,walking
1519421853825,-2.1973617,-0.8664977,9.052747,3,walking
1519421853831,-2.2739582,-0.92394507,9.043172,3,walking
1519421853835,-2.2931073,-0.91437054,9.052747,3,walking
1519421853841,-2.3026817,-0.9526688,9.033598,3,walking
1519421853845,-2.3122563,-0.90479594,9.052747,3,walking
1519421853850,-2.360129,-0.93351966,9.062322,3,walking
1519421853855,-2.3505547,-0.93351966,9.043172,3,walking
1519421853861,-2.408002,-0.9430942,9.043172,3,walking
1519421853865,-2.475024,-0.9622433,9.091045,3,walking
1519421853870,-2.475024,-0.9622433,9.091045,3,walking
1519421853875,-2.4558747,-1.0005416,9.0814705,3,walking
1519421853881,-2.4845984,-0.98139244,9.0814705,3,walking
1519421853885,-2.4463003,-0.9526688,9.0814705,3,walking
1519421853890,-2.4463003,-0.9526688,9.0814705,3,walking
1519421853895,-2.4175766,-0.91437054,9.071896,3,walking
1519421853901,-2.4175766,-0.91437054,9.0814705,3,walking
1519421853905,-2.408002,-0.85692316,9.071896,3,walking
1519421853911,-2.360129,-0.8473486,9.062322,3,walking
1519421853915,-2.360129,-0.8473486,9.062322,3,walking
1519421853921,-2.3026817,-0.77075213,9.091045,3,walking
1519421853925,-2.2643836,-0.7420284,9.071896,3,walking
1519421853931,-2.3122563,-0.751603,9.052747,3,walking
1519421853936,-2.2643836,-0.7420284,9.100619,3,walking
1519421853941,-2.2931073,-0.76117754,9.100619,3,walking
1519421853946,-2.2643836,-0.77075213,9.119769,3,walking
1519421853951,-2.254809,-0.751603,9.177217,3,walking
1519421853956,-2.2165108,-0.7228793,9.196365,3,walking
1519421853965,-2.2165108,-0.6845811,9.29211,3,walking
1519421853970,-2.187787,-0.63670826,9.339984,3,walking
1519421853975,-2.1303396,-0.56968635,9.445304,3,walking
1519421853979,-2.1303396,-0.56968635,9.445304,3,walking
1519421853985,-2.1207652,-0.56968635,9.502751,3,walking
1519421853990,-2.1303396,-0.6558574,9.636795,3,walking
1519421853994,-2.1111906,-0.71330476,9.6942425,3,walking
1519421854000,-2.1111906,-0.7324539,9.703817,3,walking
1519421854005,-2.1399143,-0.8281995,9.732541,3,walking
1519421854010,-2.2165108,-0.8664977,9.866585,3,walking
1519421854014,-2.2165108,-0.9526688,9.62722,3,walking
1519421854020,-2.3505547,-1.14416,9.828286,3,walking
1519421854025,-2.187787,-1.3548003,9.119769,3,walking
1519421854030,-2.187787,-1.3548003,9.119769,3,walking
1519421854035,-2.3697038,-0.91437054,9.914457,3,walking
1519421854040,-1.9005502,-1.0292653,9.780414,3,walking
1519421854044,-2.2260852,-1.0867126,9.579348,3,walking
1519421854050,-2.2260852,-1.0867126,9.579348,3,walking
1519421854055,-2.0920415,-0.9718179,9.339984,3,walking
1519421854060,-2.0824668,-1.0292653,9.263388,3,walking
1519421854064,-2.0920415,-1.0962871,9.272962,3,walking
1519421854069,-2.0537431,-1.1058618,9.253813,3,walking
1519421854075,-2.034594,-1.0675635,9.234664,3,walking
1519421854081,-1.9771467,-0.9430942,9.244238,3,walking
1519421854085,-1.929274,-0.93351966,9.20594,3,walking
1519421854090,-1.862252,-0.91437054,9.29211,3,walking
1519421854094,-1.8239537,-0.8473486,9.20594,3,walking
1519421854100,-1.7856555,-0.8090504,9.043172,3,walking
1519421854105,-1.7377827,-0.78032666,9.100619,3,walking
1519421854110,-1.6803354,-0.7324539,9.062322,3,walking
1519421854115,-1.6516117,-0.7420284,9.014449,3,walking
1519421854120,-1.6133134,-0.77075213,9.033598,3,walking
1519421854124,-1.5654407,-0.83777404,9.062322,3,walking
1519421854130,-1.6324625,-0.92394507,8.985725,3,walking
1519421854134,-1.6420372,-1.1250108,8.957002,3,walking
1519421854140,-1.6420372,-1.1250108,8.957002,3,walking
1519421854145,-1.6420372,-1.1345854,8.966576,3,walking
1519421854150,-1.6037389,-1.1633091,8.957002,3,walking
1519421854154,-1.6516117,-1.2016073,8.937852,3,walking
1519421854160,-1.6803354,-1.2782038,8.957002,3,walking
1519421854164,-1.7186337,-1.2877784,8.928278,3,walking
1519421854170,-1.7569319,-1.2782038,8.985725,3,walking
1519421854175,-1.79523,-1.3548003,9.052747,3,walking
1519421854180,-1.862252,-1.3260766,9.033598,3,walking
1519421854185,-1.9005502,-1.3452257,9.119769,3,walking
1519421854190,-1.9579976,-1.3548003,9.177217,3,walking
1519421854194,-2.0058703,-1.3356512,9.301685,3,walking
1519421854200,-1.9867213,-1.3165021,9.272962,3,walking
1519421854205,-1.9771467,-1.3260766,9.339984,3,walking
1519421854210,-1.9867213,-1.3739494,9.320834,3,walking
1519421854214,-1.9962958,-1.3739494,9.330409,3,walking
1519421854220,-1.9962958,-1.4409714,9.330409,3,walking
1519421854224,-1.9579976,-1.4888442,9.349558,3,walking
1519421854229,-1.948423,-1.5367169,9.339984,3,walking
1519421854235,-1.9675722,-1.5750152,9.320834,3,walking
1519421854240,-1.9675722,-1.6133134,9.330409,3,walking
1519421854244,-1.948423,-1.6133134,9.2825365,3,walking
1519421854249,-1.9005502,-1.6324625,9.2825365,3,walking
1519421854254,-1.8335283,-1.5175679,9.234664,3,walking
1519421854260,-1.7569319,-1.3739494,9.253813,3,walking
1519421854264,-1.6899099,-1.3452257,9.263388,3,walking
1519421854270,-1.6899099,-1.3930986,9.263388,3,walking
1519421854274,-1.6516117,-1.4026731,9.177217,3,walking
1519421854280,-1.6994845,-1.4601204,9.177217,3,walking
1519421854284,-1.7377827,-1.4984187,9.071896,3,walking
1519421854290,-1.6994845,-1.469695,9.100619,3,walking
1519421854294,-1.7282082,-1.4313968,9.071896,3,walking
1519421854300,-1.776081,-1.3739494,9.129343,3,walking
1519421854305,-1.7377827,-1.3548003,9.138918,3,walking
1519421854310,-1.7377827,-1.3165021,9.18679,3,walking
1519421854314,-1.6994845,-1.2207564,9.272962,3,walking
1519421854319,-1.6994845,-1.2207564,9.272962,3,walking
1519421854325,-1.6516117,-1.1920328,9.263388,3,walking
1519421854330,-1.6324625,-1.2016073,9.234664,3,walking
1519421854334,-1.5941644,-1.2590547,9.244238,3,walking
1519421854339,-1.5654407,-1.2399056,9.177217,3,walking
1519421854344,-1.5654407,-1.2399056,9.18679,3,walking
1519421854350,-1.5750152,-1.2494801,9.177217,3,walking
1519421854354,-1.5175679,-1.2399056,9.196365,3,walking
1519421854360,-1.4792696,-1.2111819,9.148493,3,walking
1519421854364,-1.4601204,-1.1824582,9.148493,3,walking
1519421854370,-1.469695,-1.1920328,9.18679,3,walking
1519421854374,-1.4313968,-1.2016073,9.148493,3,walking
1519421854380,-1.469695,-1.2016073,9.18679,3,walking
1519421854384,-1.4792696,-1.2207564,9.167642,3,walking
1519421854390,-1.5367169,-1.3069274,9.20594,3,walking
1519421854395,-1.5175679,-1.3165021,9.225089,3,walking
1519421854400,-1.5654407,-1.3356512,9.234664,3,walking
1519421854404,-1.5654407,-1.3069274,9.263388,3,walking
1519421854409,-1.5654407,-1.3069274,9.263388,3,walking
1519421854415,-1.5845897,-1.3069274,9.253813,3,walking
1519421854420,-1.5558661,-1.2877784,9.225089,3,walking
1519421854424,-1.5750152,-1.3165021,9.215514,3,walking
1519421854429,-1.5367169,-1.2686293,9.225089,3,walking
1519421854434,-1.5079932,-1.2782038,9.244238,3,walking
1519421854439,-1.5175679,-1.2303311,9.225089,3,walking
1519421854444,-1.4888442,-1.2207564,9.215514,3,walking
1519421854450,-1.4601204,-1.2590547,9.215514,3,walking
1519421854454,-1.469695,-1.2590547,9.263388,3,walking
1519421854460,-1.4601204,-1.3069274,9.225089,3,walking
1519421854464,-1.4601204,-1.3452257,9.29211,3,walking
1519421854469,-1.4409714,-1.3548003,9.225089,3,walking
1519421854475,-1.4218222,-1.3739494,9.215514,3,walking
1519421854480,-1.4792696,-1.3930986,9.244238,3,walking
1519421854484,-1.469695,-1.3930986,9.234664,3,walking
1519421854490,-1.469695,-1.383524,9.253813,3,walking
1519421854495,-1.469695,-1.383524,9.253813,3,walking
1519421854499,-1.4792696,-1.4122477,9.272962,3,walking
1519421854505,-1.4984187,-1.4218222,9.29211,3,walking
1519421854510,-1.4984187,-1.4122477,9.2825365,3,walking
1519421854515,-1.5271424,-1.4026731,9.263388,3,walking
1519421854519,-1.5175679,-1.4026731,9.29211,3,walking
1519421854524,-1.5079932,-1.3739494,9.234664,3,walking
1519421854529,-1.4888442,-1.3548003,9.272962,3,walking
1519421854535,-1.4888442,-1.3165021,9.253813,3,walking
1519421854540,-1.5079932,-1.3643749,9.215514,3,walking
1519421854546,-1.5079932,-1.3643749,9.215514,3,walking
1519421854550,-1.4792696,-1.2877784,9.244238,3,walking
1519421854555,-1.4888442,-1.2973529,9.215514,3,walking
1519421854559,-1.5079932,-1.2494801,9.177217,3,walking
1519421854564,-1.4984187,-1.2686293,9.148493,3,walking
1519421854569,-1.4313968,-1.0867126,8.66019,3,walking
1519421854574,-1.4505459,-1.1824582,8.909128,3,walking
1519421854579,-1.1920328,-0.99096704,9.368708,3,walking
1519421854584,-1.1920328,-0.99096704,9.368708,3,walking
1519421854589,-1.1537346,-1.0771381,9.20594,3,walking
1519421854595,-1.5271424,-1.1824582,9.033598,3,walking
1519421854599,-1.4409714,-1.2111819,9.033598,3,walking
1519421854604,-1.3356512,-1.3548003,9.071896,3,walking
1519421854609,-1.3260766,-1.4218222,9.0814705,3,walking
1519421854614,-1.3739494,-1.4505459,9.071896,3,walking
1519421854619,-1.3930986,-1.3643749,9.148493,3,walking
1519421854624,-1.3356512,-1.2877784,9.234664,3,walking
1519421854630,-1.383524,-1.2877784,9.2825365,3,walking
1519421854634,-1.4026731,-1.3260766,9.29211,3,walking
1519421854639,-1.4409714,-1.3452257,9.272962,3,walking
1519421854644,-1.4601204,-1.3930986,9.301685,3,walking
1519421854649,-1.4505459,-1.4026731,9.320834,3,walking
1519421854654,-1.4792696,-1.4505459,9.339984,3,walking
1519421854659,-1.469695,-1.469695,9.368708,3,walking
1519421854664,-1.4409714,-1.4984187,9.41658,3,walking
1519421854669,-1.4601204,-1.4792696,9.435729,3,walking
1519421854674,-1.4313968,-1.5271424,9.3878565,3,walking
1519421854679,-1.4313968,-1.4792696,9.359133,3,walking
1519421854685,-1.4313968,-1.4792696,9.397431,3,walking
1519421854689,-1.4409714,-1.5271424,9.41658,3,walking
1519421854694,-1.4792696,-1.5367169,9.368708,3,walking
1519421854699,-1.4792696,-1.5271424,9.397431,3,walking
1519421854704,-1.4984187,-1.5367169,9.368708,3,walking
1519421854709,-1.469695,-1.5367169,9.3878565,3,walking
1519421854714,-1.4888442,-1.5750152,9.378282,3,walking
1519421854720,-1.5079932,-1.622888,9.378282,3,walking
1519421854724,-1.5367169,-1.6803354,9.378282,3,walking
1519421854729,-1.4888442,-1.6994845,9.330409,3,walking
1519421854734,-1.4984187,-1.7377827,9.359133,3,walking
1519421854739,-1.5175679,-1.7473572,9.2825365,3,walking
1519421854744,-1.4888442,-1.7282082,9.320834,3,walking
1519421854749,-1.5462915,-1.6420372,9.359133,3,walking
1519421854754,-1.5367169,-1.6133134,9.3878565,3,walking
1519421854759,-1.5845897,-1.622888,9.41658,3,walking
1519421854764,-1.5845897,-1.5941644,9.426155,3,walking
1519421854769,-1.6037389,-1.5462915,9.407005,3,walking
1519421854774,-1.5941644,-1.4984187,9.378282,3,walking
1519421854779,-1.5558661,-1.4601204,9.359133,3,walking
1519421854784,-1.5271424,-1.3643749,9.320834,3,walking
1519421854789,-1.4888442,-1.3356512,9.330409,3,walking
1519421854794,-1.4505459,-1.2973529,9.31126,3,walking
1519421854799,-1.4601204,-1.3165021,9.320834,3,walking
1519421854804,-1.469695,-1.4026731,9.244238,3,walking
1519421854809,-1.4409714,-1.3930986,9.225089,3,walking
1519421854814,-1.4601204,-1.4505459,9.225089,3,walking
1519421854819,-1.4505459,-1.4505459,9.301685,3,walking
1519421854824,-1.4122477,-1.4122477,9.301685,3,walking
1519421854829,-1.5079932,-1.3930986,9.339984,3,walking
1519421854834,-1.4313968,-1.4026731,9.368708,3,walking
1519421854839,-1.4984187,-1.3930986,9.41658,3,walking
1519421854844,-1.4601204,-1.4313968,9.407005,3,walking
1519421854849,-1.5175679,-1.4313968,9.3878565,3,walking
1519421854854,-1.5079932,-1.4409714,9.426155,3,walking
1519421854859,-1.4792696,-1.469695,9.368708,3,walking
1519421854864,-1.4984187,-1.5175679,9.3878565,3,walking
1519421854869,-1.4888442,-1.5175679,9.368708,3,walking
1519421854874,-1.4888442,-1.5367169,9.31126,3,walking
1519421854879,-1.4984187,-1.5558661,9.339984,3,walking
1519421854884,-1.5079932,-1.5175679,9.320834,3,walking
1519421854889,-1.4888442,-1.5175679,9.301685,3,walking
1519421854894,-1.5175679,-1.4984187,9.359133,3,walking
1519421854899,-1.469695,-1.4792696,9.349558,3,walking
1519421854904,-1.4984187,-1.4984187,9.378282,3,walking
1519421854909,-1.4984187,-1.4888442,9.349558,3,walking
1519421854914,-1.5271424,-1.5175679,9.339984,3,walking
1519421854919,-1.4984187,-1.5175679,9.320834,3,walking
1519421854924,-1.5271424,-1.5175679,9.320834,3,walking
1519421854929,-1.4984187,-1.5367169,9.301685,3,walking
1519421854934,-1.4984187,-1.5558661,9.272962,3,walking
1519421854939,-1.5367169,-1.5367169,9.263388,3,walking
1519421854944,-1.5558661,-1.5750152,9.177217,3,walking
1519421854949,-1.5271424,-1.622888,9.177217,3,walking
1519421854954,-1.469695,-1.5558661,9.215514,3,walking
1519421854959,-1.4409714,-1.5367169,9.215514,3,walking
1519421854964,-1.4888442,-1.5462915,9.234664,3,walking
1519421854969,-1.4888442,-1.5654407,9.215514,3,walking
1519421854974,-1.469695,-1.5941644,9.234664,3,walking
1519421854979,-1.4601204,-1.5845897,9.225089,3,walking
1519421854984,-1.469695,-1.6133134,9.301685,3,walking
1519421854990,-1.4984187,-1.5750152,9.359133,3,walking
1519421854994,-1.4601204,-1.6133134,9.320834,3,walking
1519421854998,-1.4888442,-1.6707608,9.31126,3,walking
1519421855004,-1.5367169,-1.6803354,9.349558,3,walking
1519421855009,-1.5175679,-1.6707608,9.330409,3,walking
1519421855014,-1.5558661,-1.709059,9.330409,3,walking
1519421855019,-1.5271424,-1.709059,9.320834,3,walking
1519421855024,-1.5175679,-1.7186337,9.31126,3,walking
1519421855029,-1.5367169,-1.7473572,9.320834,3,walking
1519421855034,-1.5271424,-1.6994845,9.31126,3,walking
1519421855039,-1.5175679,-1.6803354,9.272962,3,walking
1519421855044,-1.4888442,-1.6516117,9.2825365,3,walking
1519421855049,-1.4792696,-1.6133134,9.263388,3,walking
1519421855054,-1.4792696,-1.6133134,9.263388,3,walking
1519421855059,-1.4409714,-1.5654407,9.20594,3,walking
1519421855064,-1.4792696,-1.5367169,9.263388,3,walking
1519421855070,-1.3930986,-1.5271424,9.272962,3,walking
1519421855075,-1.4313968,-1.5079932,9.339984,3,walking
1519421855079,-1.4313968,-1.5654407,9.29211,3,walking
1519421855084,-1.4409714,-1.5845897,9.263388,3,walking
1519421855088,-1.4409714,-1.5750152,9.29211,3,walking
1519421855094,-1.4409714,-1.5845897,9.31126,3,walking
1519421855099,-1.4505459,-1.5941644,9.272962,3,walking
1519421855104,-1.5079932,-1.5845897,9.320834,3,walking
1519421855108,-1.469695,-1.5558661,9.29211,3,walking
1519421855113,-1.4313968,-1.5462915,9.301685,3,walking
1519421855119,-1.4026731,-1.5271424,9.234664,3,walking
1519421855124,-1.4409714,-1.5462915,9.29211,3,walking
1519421855129,-1.4122477,-1.5271424,9.301685,3,walking
1519421855134,-1.4026731,-1.5271424,9.301685,3,walking
1519421855139,-1.4026731,-1.5367169,9.263388,3,walking
1519421855144,-1.4026731,-1.5367169,9.263388,3,walking
1519421855148,-1.4122477,-1.5654407,9.263388,3,walking
1519421855154,-1.4409714,-1.5750152,9.215514,3,walking
1519421855159,-1.4409714,-1.5845897,9.225089,3,walking
1519421855164,-1.4409714,-1.5845897,9.225089,3,walking
1519421855169,-1.469695,-1.6037389,9.167642,3,walking
1519421855174,-1.5079932,-1.6516117,9.167642,3,walking
1519421855178,-1.5079932,-1.622888,9.158067,3,walking
1519421855184,-1.4984187,-1.5750152,9.20594,3,walking
1519421855189,-1.469695,-1.5367169,9.18679,3,walking
1519421855194,-1.4888442,-1.5079932,9.18679,3,walking
1519421855199,-1.4313968,-1.4888442,9.253813,3,walking
1519421855204,-1.3930986,-1.4313968,9.29211,3,walking
1519421855209,-1.3643749,-1.4409714,9.301685,3,walking
1519421855214,-1.3739494,-1.4792696,9.349558,3,walking
1519421855219,-1.3165021,-1.4792696,9.263388,3,walking
1519421855224,-1.3643749,-1.4984187,9.359133,3,walking
1519421855229,-1.4505459,-1.5079932,9.225089,3,walking
1519421855233,-1.4505459,-1.5079932,9.225089,3,walking
1519421855238,-1.4409714,-1.4984187,9.244238,3,walking
1519421855244,-1.469695,-1.4601204,9.253813,3,walking
1519421855249,-1.469695,-1.4601204,9.244238,3,walking
1519421855254,-1.469695,-1.4601204,9.244238,3,walking
1519421855260,-1.5079932,-1.4026731,9.253813,3,walking
1519421855264,-1.4984187,-1.4218222,9.253813,3,walking
1519421855269,-1.4888442,-1.4218222,9.31126,3,walking
1519421855274,-1.4888442,-1.4601204,9.320834,3,walking
1519421855279,-1.4505459,-1.4888442,9.31126,3,walking
1519421855284,-1.4984187,-1.5079932,9.349558,3,walking
1519421855289,-1.4601204,-1.5367169,9.378282,3,walking
1519421855293,-1.4888442,-1.5367169,9.41658,3,walking
1519421855299,-1.4792696,-1.5367169,9.397431,3,walking
1519421855303,-1.5367169,-1.5367169,9.349558,3,walking
1519421855309,-1.5271424,-1.4792696,9.301685,3,walking
1519421855314,-1.5079932,-1.4313968,9.31126,3,walking
1519421855318,-1.4122477,-1.3260766,9.339984,3,walking
1519421855324,-1.4122477,-1.3260766,9.339984,3,walking
1519421855328,-1.4122477,-1.2973529,9.31126,3,walking
1519421855334,-1.383524,-1.3643749,9.2825365,3,walking
1519421855339,-1.4218222,-1.3643749,9.263388,3,walking
1519421855344,-1.4218222,-1.3643749,9.263388,3,walking
1519421855349,-1.4122477,-1.3739494,9.263388,3,walking
1519421855355,-1.4026731,-1.383524,9.320834,3,walking
1519421855359,-1.4505459,-1.383524,9.339984,3,walking
1519421855364,-1.4218222,-1.3930986,9.368708,3,walking
1519421855369,-1.4218222,-1.3930986,9.41658,3,walking
1519421855374,-1.4505459,-1.4218222,9.378282,3,walking
1519421855378,-1.4601204,-1.469695,9.407005,3,walking
1519421855383,-1.5079932,-1.4984187,9.445304,3,walking
1519421855388,-1.4792696,-1.4984187,9.3878565,3,walking
1519421855394,-1.4792696,-1.4984187,9.3878565,3,walking
1519421855399,-1.4888442,-1.4505459,9.368708,3,walking
1519421855404,-1.4505459,-1.4313968,9.378282,3,walking
1519421855408,-1.4409714,-1.3739494,9.320834,3,walking
1519421855413,-1.4409714,-1.3739494,9.320834,3,walking
1519421855418,-1.4505459,-1.2973529,9.272962,3,walking
1519421855424,-1.4409714,-1.2590547,9.2825365,3,walking
1519421855429,-1.4409714,-1.2111819,9.29211,3,walking
1519421855433,-1.4984187,-1.2111819,9.301685,3,walking
1519421855439,-1.5271424,-1.2399056,9.263388,3,walking
1519421855445,-1.6516117,-1.2782038,9.110194,3,walking
1519421855450,-1.5750152,-1.2877784,9.100619,3,walking
1519421855460,-1.4218222,-1.3165021,9.18679,3,walking
1519421855465,-1.4505459,-1.3069274,9.167642,3,walking
1519421855470,-1.4792696,-1.2782038,9.119769,3,walking
1519421855474,-1.4218222,-1.3069274,9.062322,3,walking
1519421855478,-1.4026731,-1.4409714,9.100619,3,walking
1519421855484,-1.4026731,-1.4409714,9.100619,3,walking
1519421855488,-1.4122477,-1.4601204,9.138918,3,walking
1519421855494,-1.3643749,-1.4409714,9.20594,3,walking
1519421855498,-1.4026731,-1.4026731,9.225089,3,walking
1519421855503,-1.4122477,-1.4026731,9.272962,3,walking
1519421855508,-1.469695,-1.4505459,9.368708,3,walking
1519421855513,-1.4601204,-1.4792696,9.359133,3,walking
1519421855518,-1.4122477,-1.4505459,9.426155,3,walking
1519421855523,-1.4122477,-1.4505459,9.426155,3,walking
1519421855529,-1.4505459,-1.4792696,9.502751,3,walking
1519421855534,-1.4601204,-1.5271424,9.493176,3,walking
1519421855538,-1.4409714,-1.469695,9.5219,3,walking
1519421855543,-1.4409714,-1.4792696,9.5219,3,walking
1519421855549,-1.4409714,-1.4218222,9.569773,3,walking
1519421855553,-1.4313968,-1.4409714,9.531475,3,walking
1519421855559,-1.469695,-1.4601204,9.454879,3,walking
1519421855563,-1.5271424,-1.5175679,9.435729,3,walking
1519421855568,-1.5462915,-1.6516117,9.464453,3,walking
1519421855573,-1.4888442,-1.6037389,9.426155,3,walking
1519421855578,-1.4026731,-1.5175679,9.320834,3,walking
1519421855584,-1.3356512,-1.469695,9.349558,3,walking
1519421855588,-1.6803354,-1.2111819,9.234664,3,walking
1519421855593,-1.6803354,-1.2111819,9.234664,3,walking
1519421855598,-1.4888442,-1.2399056,9.196365,3,walking
1519421855603,-1.5079932,-1.1824582,9.091045,3,walking
1519421855608,-1.5175679,-1.1345854,9.004874,3,walking
1519421855613,-1.5175679,-1.1345854,9.004874,3,walking
1519421855619,-1.2590547,-1.2494801,9.014449,3,walking
1519421855623,-1.1345854,-1.3260766,9.0814705,3,walking
1519421855628,-1.1250108,-1.2973529,8.995299,3,walking
1519421855633,-1.2016073,-1.3165021,8.995299,3,walking
1519421855638,-1.1250108,-1.3260766,9.100619,3,walking
